2008.08.04 21:00:00.141,1.0481,1.04845,3.50,3.60
2008.08.04 21:00:00.394,1.0482,1.04845,1.00,3.60
2008.08.04 21:00:00.523,1.0481,1.04845,2.70,3.60
2008.08.04 21:00:14.086,1.0481,1.0484,2.70,3.60
2008.08.04 21:00:15.254,1.04795,1.0483,2.70,3.60
2008.08.04 21:00:16.659,1.048,1.0483,2.70,3.60
2008.08.04 21:00:16.873,1.048,1.04835,2.70,3.60
2008.08.04 21:00:23.441,1.04785,1.04835,1.00,1.00
2008.08.04 21:01:38.673,1.0479,1.04835,16.20,1.60
2008.08.04 21:01:38.841,1.048,1.04835,1.00,1.60
2008.08.04 21:01:38.945,1.048,1.0484,1.00,1.60
2008.08.04 21:01:42.034,1.04795,1.0484,1.00,1.60
2008.08.04 21:02:01.030,1.04805,1.04845,1.00,1.60
2008.08.04 21:02:02.551,1.04805,1.04855,1.00,2.50
2008.08.04 21:02:47.815,1.048,1.04855,1.00,1.60
2008.08.04 21:02:49.647,1.048,1.04855,16.70,1.60
2008.08.04 21:03:18.892,1.0481,1.04855,1.00,1.60
2008.08.04 21:03:28.750,1.04815,1.04855,1.00,1.60
2008.08.04 21:04:08.045,1.04815,1.0486,1.00,1.00
2008.08.04 21:04:08.423,1.0483,1.0486,3.60,1.00
2008.08.04 21:04:49.801,1.0483,1.0486,3.60,1.60
2008.08.04 21:04:50.261,1.0483,1.0486,1.00,1.60
2008.08.04 21:04:50.490,1.0482,1.0486,3.60,1.60
2008.08.04 21:05:12.980,1.0482,1.0486,3.60,2.50
2008.08.04 21:05:13.125,1.0482,1.04855,3.60,1.00
2008.08.04 21:05:33.956,1.0482,1.04865,3.60,5.80
2008.08.04 21:06:02.822,1.0482,1.04865,3.60,4.80
2008.08.04 21:06:18.366,1.0482,1.0486,3.60,1.60
2008.08.04 21:07:30.081,1.0482,1.0486,4.30,1.60
2008.08.04 21:07:34.663,1.0483,1.0486,3.60,1.60
2008.08.04 21:07:34.752,1.0483,1.0487,3.60,1.60
2008.08.04 21:07:37.163,1.0485,1.0487,3.60,1.60
2008.08.04 21:07:37.784,1.0485,1.0487,3.60,1.00
2008.08.04 21:07:39.262,1.0484,1.0487,3.60,1.00
2008.08.04 21:07:51.698,1.0484,1.0488,3.60,2.50
2008.08.04 21:07:52.308,1.0485,1.0488,1.00,2.50
2008.08.04 21:08:00.062,1.0484,1.0488,3.60,2.50
2008.08.04 21:08:02.980,1.0484,1.0487,3.60,1.00
2008.08.04 21:08:03.950,1.0484,1.0488,3.60,2.50
2008.08.04 21:08:04.380,1.0485,1.0488,1.00,2.50
2008.08.04 21:08:13.323,1.0484,1.0488,3.60,2.50
2008.08.04 21:08:15.083,1.0484,1.0488,1.00,2.50
2008.08.04 21:08:15.274,1.0484,1.0487,1.00,1.60
2008.08.04 21:08:15.463,1.0483,1.0487,3.60,1.60
2008.08.04 21:08:43.731,1.0483,1.0487,3.60,2.50
2008.08.04 21:08:44.170,1.0484,1.0487,1.00,2.50
2008.08.04 21:08:44.267,1.0484,1.0487,3.60,2.50
2008.08.04 21:08:47.225,1.0484,1.0487,3.60,1.00
2008.08.04 21:08:49.205,1.0484,1.0488,3.60,2.50
2008.08.04 21:08:56.959,1.0484,1.04875,3.60,1.60
2008.08.04 21:09:06.231,1.0485,1.04875,3.60,1.60
2008.08.04 21:09:06.420,1.0485,1.04885,3.60,2.50
2008.08.04 21:09:34.104,1.0485,1.04885,1.00,2.50
2008.08.04 21:09:34.323,1.0485,1.0488,1.00,1.60
2008.08.04 21:09:34.424,1.0484,1.0488,3.60,1.60
2008.08.04 21:09:57.067,1.0484,1.0488,3.60,2.50
2008.08.04 21:10:12.774,1.0485,1.0488,3.60,2.50
2008.08.04 21:10:45.335,1.0485,1.0488,1.00,2.50
2008.08.04 21:10:45.493,1.0484,1.0488,11.30,2.50
2008.08.04 21:10:45.739,1.0484,1.0486,11.30,3.20
2008.08.04 21:10:45.867,1.0484,1.0486,1.00,3.20
2008.08.04 21:11:01.109,1.0484,1.0486,3.60,3.20
2008.08.04 21:11:01.343,1.0484,1.04865,3.60,1.00
2008.08.04 21:11:16.047,1.0484,1.0487,3.60,2.50
2008.08.04 21:11:23.838,1.0483,1.04865,11.30,3.70
2008.08.04 21:11:24.101,1.0483,1.04865,1.00,3.70
2008.08.04 21:11:24.625,1.0483,1.0486,1.00,2.10
2008.08.04 21:11:33.093,1.0483,1.0486,1.00,3.10
2008.08.04 21:11:42.413,1.0483,1.0486,1.00,4.10
2008.08.04 21:11:43.543,1.0483,1.0486,1.00,5.20
2008.08.04 21:11:53.532,1.0483,1.04865,1.00,5.80
2008.08.04 21:11:53.712,1.0482,1.04865,3.60,7.40
2008.08.04 21:11:53.892,1.0482,1.04855,3.60,1.00
2008.08.04 21:12:45.871,1.0483,1.04855,1.00,1.00
2008.08.04 21:12:46.018,1.0483,1.04855,3.60,1.00
2008.08.04 21:12:46.360,1.0483,1.0486,3.60,2.50
2008.08.04 21:12:46.677,1.0483,1.0486,1.00,2.50
2008.08.04 21:12:47.057,1.0482,1.0486,3.60,2.50
2008.08.04 21:12:49.427,1.0483,1.0486,1.00,2.50
2008.08.04 21:12:49.537,1.0483,1.0486,3.60,2.50
2008.08.04 21:12:49.639,1.0483,1.04855,3.60,1.00
2008.08.04 21:12:51.289,1.0483,1.0486,3.60,2.50
2008.08.04 21:12:51.557,1.0482,1.0486,3.60,2.50
2008.08.04 21:12:58.844,1.0483,1.0486,3.60,2.50
2008.08.04 21:12:59.496,1.0483,1.04855,3.60,1.00
2008.08.04 21:13:02.467,1.0483,1.0486,3.60,2.50
2008.08.04 21:13:18.502,1.0483,1.04855,3.60,1.00
2008.08.04 21:13:38.061,1.0483,1.04865,3.60,2.50
2008.08.04 21:14:52.010,1.0483,1.0487,3.60,2.50
2008.08.04 21:14:52.506,1.0484,1.0487,3.60,2.50
2008.08.04 21:15:13.001,1.0484,1.0486,3.60,1.00
2008.08.04 21:15:28.594,1.0484,1.0487,3.60,2.50
2008.08.04 21:15:52.990,1.0484,1.0486,3.60,1.00
2008.08.04 21:15:56.731,1.0484,1.0487,3.60,2.50
2008.08.04 21:16:16.644,1.0484,1.0486,3.60,1.00
2008.08.04 21:16:17.060,1.0484,1.0486,3.60,1.40
2008.08.04 21:16:43.985,1.0483,1.0486,3.60,1.40
2008.08.04 21:16:49.008,1.0484,1.0486,1.00,1.40
2008.08.04 21:16:49.240,1.0484,1.0486,3.60,1.40
2008.08.04 21:16:52.112,1.0484,1.0486,1.00,1.40
2008.08.04 21:16:52.190,1.0483,1.0486,3.60,1.40
2008.08.04 21:16:54.510,1.0483,1.0485,3.60,1.00
2008.08.04 21:16:58.986,1.0483,1.0485,3.60,5.20
2008.08.04 21:17:54.801,1.0483,1.0485,3.60,4.70
2008.08.04 21:18:33.711,1.0482,1.0485,3.60,4.70
2008.08.04 21:18:46.215,1.0483,1.0485,3.60,4.70
2008.08.04 21:19:03.721,1.0483,1.04845,3.60,4.70
2008.08.04 21:19:04.377,1.0483,1.04845,1.00,4.70
2008.08.04 21:19:04.559,1.0482,1.04845,3.60,4.70
2008.08.04 21:19:06.967,1.0482,1.0485,3.60,4.70
2008.08.04 21:19:11.187,1.0482,1.04845,3.60,4.70
2008.08.04 21:19:12.996,1.0482,1.0486,3.60,7.20
2008.08.04 21:19:13.028,1.0482,1.0486,3.90,7.80
2008.08.04 21:19:13.059,1.0482,1.0486,3.90,6.20
2008.08.04 21:19:13.283,1.0483,1.0486,1.00,6.20
2008.08.04 21:19:38.155,1.0483,1.0486,3.60,5.20
2008.08.04 21:19:49.723,1.0483,1.0485,3.60,1.00
2008.08.04 21:19:50.055,1.0483,1.0485,11.30,1.00
2008.08.04 21:19:50.209,1.0483,1.0485,10.80,1.00
2008.08.04 21:19:50.358,1.0482,1.0485,3.60,1.00
2008.08.04 21:19:58.830,1.0482,1.0486,3.90,6.20
2008.08.04 21:19:59.456,1.0483,1.0486,3.60,6.20
2008.08.04 21:20:25.842,1.0482,1.0485,3.90,2.70
2008.08.04 21:20:26.161,1.0482,1.0484,3.30,1.00
2008.08.04 21:20:26.479,1.0482,1.0484,3.30,1.00
2008.08.04 21:20:59.392,1.0482,1.0484,2.20,1.00
2008.08.04 21:20:59.621,1.0482,1.0484,3.30,1.00
2008.08.04 21:21:27.732,1.0482,1.0484,3.20,1.00
2008.08.04 21:21:58.633,1.0482,1.0484,2.10,1.00
2008.08.04 21:21:58.842,1.0482,1.0484,3.20,1.00
2008.08.04 21:22:29.081,1.0482,1.0484,3.20,1.00
2008.08.04 21:22:29.109,1.0482,1.04855,3.70,4.70
2008.08.04 21:22:29.341,1.0483,1.04855,3.60,4.70
2008.08.04 21:23:23.567,1.0483,1.0485,3.60,1.00
2008.08.04 21:23:26.663,1.0483,1.0485,12.40,1.00
2008.08.04 21:23:26.897,1.0483,1.0485,1.00,1.00
2008.08.04 21:24:23.997,1.0483,1.04855,1.00,4.70
2008.08.04 21:24:25.138,1.0483,1.04865,1.00,2.50
2008.08.04 21:24:47.806,1.0483,1.04855,1.00,4.70
2008.08.04 21:24:58.075,1.0482,1.04855,3.60,4.70
2008.08.04 21:25:03.999,1.0482,1.04855,3.60,5.60
2008.08.04 21:25:04.212,1.0482,1.04855,3.60,4.70
2008.08.04 21:25:04.284,1.0483,1.04855,3.60,4.70
2008.08.04 21:25:33.308,1.0483,1.04855,12.90,4.70
2008.08.04 21:25:33.461,1.0483,1.04855,12.40,4.70
2008.08.04 21:25:33.621,1.0483,1.04855,1.00,4.70
2008.08.04 21:25:36.012,1.0483,1.0486,1.00,5.20
2008.08.04 21:25:48.483,1.0483,1.0486,3.90,5.20
2008.08.04 21:25:49.497,1.0483,1.0485,12.90,1.00
2008.08.04 21:25:49.774,1.0483,1.0485,12.40,1.00
2008.08.04 21:25:50.053,1.0483,1.0485,1.00,1.00
2008.08.04 21:25:50.898,1.0483,1.0486,1.00,5.20
2008.08.04 21:25:51.035,1.0483,1.0486,3.90,5.20
2008.08.04 21:25:56.649,1.0483,1.0485,3.60,1.00
2008.08.04 21:26:15.986,1.0483,1.0485,12.40,1.00
2008.08.04 21:26:16.136,1.0483,1.0485,12.40,1.00
2008.08.04 21:26:16.426,1.0483,1.0485,1.00,1.00
2008.08.04 21:26:17.266,1.0482,1.0485,3.90,1.00
2008.08.04 21:26:26.820,1.0484,1.0485,1.00,1.00
2008.08.04 21:26:27.125,1.0485,1.0486,3.60,1.40
2008.08.04 21:26:27.328,1.0485,1.0486,3.60,1.00
2008.08.04 21:26:27.526,1.0485,1.0486,15.20,1.00
2008.08.04 21:26:27.952,1.0484,1.0486,3.60,1.00
2008.08.04 21:26:28.065,1.0484,1.0485,12.40,1.00
2008.08.04 21:26:28.193,1.0484,1.0485,10.80,1.00
2008.08.04 21:26:28.322,1.0483,1.0485,3.60,1.00
2008.08.04 21:26:30.352,1.0483,1.0485,12.40,1.00
2008.08.04 21:26:30.611,1.0483,1.0485,12.90,1.00
2008.08.04 21:26:30.742,1.0483,1.0485,12.40,1.00
2008.08.04 21:26:30.871,1.0483,1.0485,1.00,1.00
2008.08.04 21:27:05.976,1.0483,1.0485,3.60,1.00
2008.08.04 21:27:27.109,1.0483,1.0485,12.90,1.00
2008.08.04 21:27:27.318,1.0483,1.0485,12.40,1.00
2008.08.04 21:27:27.528,1.0483,1.0485,1.00,1.00
2008.08.04 21:27:28.918,1.0483,1.04855,1.00,4.70
2008.08.04 21:28:24.017,1.0483,1.04865,1.00,2.50
2008.08.04 21:28:43.192,1.0483,1.0486,1.70,1.40
2008.08.04 21:28:43.467,1.0483,1.0486,1.70,1.00
2008.08.04 21:28:43.581,1.0483,1.0486,12.50,1.00
2008.08.04 21:28:43.801,1.0483,1.0485,11.30,1.00
2008.08.04 21:28:44.156,1.0483,1.0485,1.00,1.00
2008.08.04 21:29:21.878,1.0483,1.0486,1.00,5.20
2008.08.04 21:29:26.061,1.0483,1.0486,1.70,5.20
2008.08.04 21:29:29.461,1.0483,1.0486,3.90,5.20
2008.08.04 21:29:32.549,1.0484,1.0486,3.60,5.20
2008.08.04 21:29:36.728,1.0483,1.0486,3.90,5.20
2008.08.04 21:29:56.614,1.0484,1.0486,1.00,5.20
2008.08.04 21:29:56.823,1.0483,1.0486,3.90,5.20
2008.08.04 21:30:17.008,1.0483,1.0485,3.60,1.00
2008.08.04 21:31:19.324,1.0483,1.04855,3.60,4.70
2008.08.04 21:32:05.992,1.0483,1.04865,3.60,1.60
2008.08.04 21:32:25.364,1.0483,1.04855,3.60,4.70
2008.08.04 21:33:14.757,1.0483,1.0485,3.60,1.00
2008.08.04 21:33:25.815,1.0483,1.0486,3.90,5.20
2008.08.04 21:34:26.243,1.0483,1.04865,3.60,6.30
2008.08.04 21:34:46.422,1.0483,1.04865,3.60,1.60
2008.08.04 21:34:51.159,1.0483,1.04865,4.30,1.60
2008.08.04 21:34:57.051,1.04835,1.04865,1.00,1.60
2008.08.04 21:35:02.668,1.0484,1.0487,1.00,11.30
2008.08.04 21:35:02.880,1.0484,1.0487,3.90,11.30
2008.08.04 21:35:03.069,1.0484,1.0487,3.90,1.00
2008.08.04 21:35:09.650,1.0484,1.0487,8.30,1.00
2008.08.04 21:35:10.729,1.0484,1.0487,3.90,1.00
2008.08.04 21:35:20.687,1.0485,1.04875,1.00,1.60
2008.08.04 21:35:21.147,1.0485,1.04875,4.70,1.60
2008.08.04 21:35:24.207,1.0485,1.04875,1.00,1.60
2008.08.04 21:35:24.944,1.0485,1.04875,10.90,1.60
2008.08.04 21:35:25.033,1.0485,1.0488,10.90,5.20
2008.08.04 21:35:25.126,1.0485,1.0488,12.50,5.20
2008.08.04 21:35:25.214,1.0485,1.0488,3.90,5.20
2008.08.04 21:35:26.711,1.0485,1.0488,3.90,1.00
2008.08.04 21:35:27.502,1.0485,1.0488,1.20,1.00
2008.08.04 21:35:55.424,1.0485,1.0488,1.20,5.20
2008.08.04 21:35:59.364,1.0485,1.0488,1.20,1.00
2008.08.04 21:36:01.246,1.0485,1.0488,3.90,1.00
2008.08.04 21:36:03.625,1.0485,1.0488,3.90,5.20
2008.08.04 21:36:21.513,1.0485,1.0488,3.60,4.70
2008.08.04 21:36:30.208,1.0485,1.0488,3.60,5.20
2008.08.04 21:36:35.486,1.0485,1.0488,3.60,1.00
2008.08.04 21:36:37.007,1.0485,1.0488,3.60,5.20
2008.08.04 21:36:42.520,1.0485,1.0487,3.60,3.20
2008.08.04 21:36:42.932,1.0484,1.0487,3.60,3.70
2008.08.04 21:36:43.215,1.0484,1.0487,1.60,3.70
2008.08.04 21:36:43.496,1.0483,1.0487,9.00,3.70
2008.08.04 21:37:00.890,1.0484,1.0487,1.00,3.70
2008.08.04 21:37:04.854,1.04845,1.0487,1.00,3.70
2008.08.04 21:37:04.999,1.0484,1.0487,1.80,3.70
2008.08.04 21:37:05.056,1.0484,1.0487,1.20,3.70
2008.08.04 21:37:05.208,1.0484,1.0487,2.20,3.70
2008.08.04 21:37:06.648,1.0484,1.0487,4.00,3.70
2008.08.04 21:37:59.744,1.0484,1.0487,2.90,3.70
2008.08.04 21:38:01.576,1.04845,1.04875,1.00,4.80
2008.08.04 21:38:05.162,1.0483,1.04875,8.70,4.80
2008.08.04 21:38:05.393,1.0483,1.04875,8.70,9.50
2008.08.04 21:38:06.844,1.04845,1.04875,1.00,9.50
2008.08.04 21:38:07.033,1.04845,1.04875,1.00,4.80
2008.08.04 21:39:03.660,1.0483,1.04875,8.70,4.80
2008.08.04 21:39:08.500,1.0483,1.04875,4.30,4.80
2008.08.04 21:39:13.586,1.0483,1.04875,8.70,9.50
2008.08.04 21:39:26.093,1.0483,1.04875,8.70,4.80
2008.08.04 21:39:39.031,1.0483,1.04875,8.70,2.70
2008.08.04 21:39:48.475,1.0483,1.04875,8.70,1.60
2008.08.04 21:39:48.670,1.0485,1.0488,1.00,6.20
2008.08.04 21:39:48.763,1.0485,1.0488,3.90,6.20
2008.08.04 21:39:48.930,1.0485,1.0488,3.90,11.30
2008.08.04 21:39:49.226,1.0486,1.0488,1.00,1.00
2008.08.04 21:39:49.400,1.0485,1.0488,3.90,1.00
2008.08.04 21:39:59.677,1.0485,1.0487,3.60,1.00
2008.08.04 21:39:59.788,1.0485,1.0487,12.40,1.60
2008.08.04 21:39:59.957,1.0485,1.0487,11.80,1.60
2008.08.04 21:40:00.127,1.0484,1.0487,4.40,1.60
2008.08.04 21:40:00.295,1.0484,1.0487,4.00,1.60
2008.08.04 21:40:00.956,1.0484,1.0487,2.90,1.60
2008.08.04 21:40:02.052,1.0484,1.0487,4.00,1.60
2008.08.04 21:40:03.925,1.0484,1.0487,3.30,1.60
2008.08.04 21:40:04.065,1.0484,1.0487,1.20,1.60
2008.08.04 21:40:04.207,1.0483,1.0486,9.00,1.00
2008.08.04 21:40:04.615,1.0484,1.0487,1.00,1.60
2008.08.04 21:40:04.756,1.0484,1.0487,4.70,1.60
2008.08.04 21:40:04.907,1.0485,1.0487,3.60,1.00
2008.08.04 21:40:05.966,1.0485,1.0488,3.90,1.00
2008.08.04 21:40:33.173,1.0485,1.0488,8.30,1.00
2008.08.04 21:40:33.758,1.0486,1.0488,4.40,1.00
2008.08.04 21:40:34.938,1.0485,1.0488,8.30,1.00
2008.08.04 21:40:35.105,1.0485,1.0488,9.00,1.00
2008.08.04 21:40:35.845,1.0486,1.0489,1.00,2.10
2008.08.04 21:40:44.203,1.0485,1.0488,4.40,1.00
2008.08.04 21:40:44.814,1.0486,1.0489,1.00,2.10
2008.08.04 21:41:03.875,1.0485,1.0488,5.20,1.00
2008.08.04 21:41:04.106,1.0485,1.0488,5.20,1.60
2008.08.04 21:41:04.332,1.0485,1.0488,4.70,1.60
2008.08.04 21:41:04.838,1.0485,1.0488,1.20,1.60
2008.08.04 21:41:21.199,1.0485,1.0487,1.00,1.00
2008.08.04 21:41:51.458,1.0485,1.0488,1.20,1.60
2008.08.04 21:42:01.447,1.0485,1.0488,2.80,1.60
2008.08.04 21:42:02.054,1.0485,1.0488,2.20,1.60
2008.08.04 21:42:02.368,1.0485,1.0488,2.80,1.60
2008.08.04 21:42:12.851,1.0486,1.04885,1.00,2.70
2008.08.04 21:42:15.386,1.0487,1.04895,1.00,12.40
2008.08.04 21:42:15.524,1.0487,1.04895,1.00,1.60
2008.08.04 21:42:16.603,1.0487,1.0489,1.00,1.60
2008.08.04 21:42:16.845,1.0487,1.049,1.00,2.10
2008.08.04 21:42:18.625,1.0487,1.04895,1.00,1.60
2008.08.04 21:42:25.781,1.0486,1.0489,1.70,5.20
2008.08.04 21:42:25.902,1.0486,1.0489,1.00,6.80
2008.08.04 21:42:26.141,1.0486,1.0488,1.00,1.00
2008.08.04 21:42:27.925,1.0486,1.0489,1.00,2.10
2008.08.04 21:42:28.081,1.0487,1.0489,1.00,1.60
2008.08.04 21:42:28.562,1.04865,1.0488,4.40,1.00
2008.08.04 21:42:28.811,1.04865,1.0487,4.40,2.10
2008.08.04 21:42:29.232,1.04865,1.0487,4.40,2.70
2008.08.04 21:42:29.422,1.0484,1.0487,1.70,1.00
2008.08.04 21:42:29.612,1.0485,1.0488,1.00,6.80
2008.08.04 21:42:29.803,1.0485,1.0488,1.00,2.10
2008.08.04 21:42:30.172,1.0485,1.0488,4.70,2.10
2008.08.04 21:42:30.750,1.0485,1.0488,3.90,1.00
2008.08.04 21:42:30.981,1.0485,1.0488,8.30,1.00
2008.08.04 21:42:33.740,1.0485,1.0488,4.70,1.00
2008.08.04 21:42:33.965,1.0485,1.0488,12.50,1.00
2008.08.04 21:42:34.130,1.0485,1.0488,1.70,1.00
2008.08.04 21:42:49.615,1.0485,1.0488,1.20,1.00
2008.08.04 21:42:51.755,1.0485,1.0488,1.70,1.00
2008.08.04 21:42:53.736,1.0486,1.04885,1.00,1.60
2008.08.04 21:42:56.380,1.0485,1.0488,4.70,1.00
2008.08.04 21:42:56.852,1.0485,1.0488,1.20,1.00
2008.08.04 21:42:59.253,1.0486,1.04885,1.00,1.60
2008.08.04 21:43:05.482,1.0486,1.0489,1.00,2.10
2008.08.04 21:43:08.592,1.0486,1.04885,1.00,1.60
2008.08.04 21:43:11.597,1.0486,1.0489,1.00,2.10
2008.08.04 21:43:38.025,1.0487,1.04895,1.00,4.80
2008.08.04 21:43:38.235,1.0487,1.04895,1.00,1.60
2008.08.04 21:43:41.524,1.0486,1.0489,4.70,1.00
2008.08.04 21:43:41.742,1.0486,1.0489,4.70,3.70
2008.08.04 21:43:41.964,1.0486,1.0489,1.00,3.70
2008.08.04 21:44:23.460,1.0485,1.0488,9.00,1.00
2008.08.04 21:44:24.104,1.0485,1.0488,8.30,1.00
2008.08.04 21:44:26.234,1.0485,1.0488,4.70,1.00
2008.08.04 21:44:40.745,1.0486,1.04885,1.00,1.60
2008.08.04 21:44:45.750,1.0485,1.0488,4.70,1.00
2008.08.04 21:44:58.707,1.0485,1.0488,8.30,1.00
2008.08.04 21:45:02.005,1.0486,1.0489,1.00,2.10
2008.08.04 21:45:05.098,1.0485,1.0488,8.30,1.00
2008.08.04 21:45:05.228,1.0485,1.0488,9.00,1.00
2008.08.04 21:45:05.356,1.0485,1.0488,4.70,1.00
2008.08.04 21:45:05.812,1.0485,1.0488,4.70,1.00
2008.08.04 21:45:06.919,1.0485,1.0488,1.20,1.00
2008.08.04 21:45:15.449,1.0485,1.0488,1.70,1.00
2008.08.04 21:45:20.880,1.0485,1.0488,1.20,1.00
2008.08.04 21:45:22.839,1.0485,1.0488,1.00,1.00
2008.08.04 21:45:28.819,1.0485,1.0488,4.70,1.00
2008.08.04 21:45:40.838,1.0486,1.04885,1.00,1.60
2008.08.04 21:45:43.096,1.0485,1.0488,4.70,1.00
2008.08.04 21:45:46.562,1.0485,1.0488,5.20,1.00
2008.08.04 21:45:47.112,1.0485,1.0488,4.70,1.00
2008.08.04 21:46:01.421,1.0485,1.0488,1.00,1.00
2008.08.04 21:46:02.188,1.0485,1.0488,1.00,5.20
2008.08.04 21:46:04.201,1.0485,1.0488,1.00,1.00
2008.08.04 21:46:04.764,1.0485,1.0488,4.70,1.00
2008.08.04 21:46:07.070,1.0486,1.04885,1.00,1.60
2008.08.04 21:46:12.008,1.0485,1.0488,4.70,1.00
2008.08.04 21:46:40.690,1.0485,1.0488,1.00,1.00
2008.08.04 21:46:48.977,1.0485,1.0488,4.70,1.00
2008.08.04 21:47:12.125,1.0485,1.04885,4.40,1.60
2008.08.04 21:47:25.899,1.04855,1.04885,4.40,1.60
2008.08.04 21:47:55.474,1.0485,1.04885,5.10,1.60
2008.08.04 21:47:56.077,1.0485,1.04885,4.40,1.60
2008.08.04 21:48:05.218,1.0485,1.04885,5.10,1.60
2008.08.04 21:48:05.418,1.04855,1.04885,4.40,1.60
2008.08.04 21:48:11.247,1.0485,1.04885,4.40,1.60
2008.08.04 21:48:24.522,1.04855,1.04885,4.40,1.60
2008.08.04 21:48:26.555,1.0486,1.04885,1.00,1.60
2008.08.04 21:48:38.498,1.0485,1.0488,4.70,1.00
2008.08.04 21:49:06.405,1.0485,1.0488,1.20,1.00
2008.08.04 21:49:07.984,1.0485,1.0488,4.70,1.00
2008.08.04 21:49:24.102,1.0485,1.0488,4.70,1.40
2008.08.04 21:49:24.522,1.0485,1.0488,4.70,16.70
2008.08.04 21:49:24.930,1.0484,1.0487,12.50,1.40
2008.08.04 21:49:25.200,1.0484,1.0487,12.50,5.20
2008.08.04 21:49:32.267,1.0484,1.0487,12.50,1.00
2008.08.04 21:49:34.126,1.0484,1.0487,4.70,1.00
2008.08.04 21:49:34.419,1.0485,1.0487,4.40,1.00
2008.08.04 21:49:43.083,1.0484,1.0487,4.70,1.00
2008.08.04 21:49:45.769,1.0485,1.0487,1.00,1.00
2008.08.04 21:49:45.875,1.0485,1.0488,1.00,1.00
2008.08.04 21:49:46.198,1.0485,1.0488,1.00,5.20
2008.08.04 21:49:46.305,1.0485,1.0488,1.70,5.20
2008.08.04 21:49:54.822,1.0485,1.0487,1.60,1.00
2008.08.04 21:49:55.084,1.0484,1.0487,14.10,1.00
2008.08.04 21:50:12.137,1.0484,1.0487,14.10,5.20
2008.08.04 21:50:12.606,1.0484,1.0487,14.10,1.00
2008.08.04 21:50:21.538,1.0484,1.0487,13.60,1.00
2008.08.04 21:50:21.739,1.0484,1.0487,13.60,1.60
2008.08.04 21:50:21.849,1.0484,1.0487,2.80,1.60
2008.08.04 21:50:26.431,1.0484,1.0487,2.20,1.60
2008.08.04 21:50:27.072,1.0484,1.0487,2.80,1.60
2008.08.04 21:50:47.749,1.0484,1.0487,2.80,2.10
2008.08.04 21:50:48.139,1.0484,1.0487,2.80,1.60
2008.08.04 21:50:57.438,1.0484,1.04875,2.70,7.40
2008.08.04 21:50:58.206,1.0484,1.04875,3.60,7.40
2008.08.04 21:50:58.267,1.0484,1.0487,3.60,5.80
2008.08.04 21:50:58.298,1.0485,1.0487,1.00,4.70
2008.08.04 21:50:58.396,1.0485,1.0488,1.00,6.30
2008.08.04 21:51:01.603,1.0485,1.0488,1.00,6.30
2008.08.04 21:51:01.755,1.0485,1.04875,1.00,4.70
2008.08.04 21:51:01.838,1.0485,1.0488,1.70,5.20
2008.08.04 21:51:02.026,1.0485,1.0488,13.60,5.20
2008.08.04 21:51:02.111,1.0485,1.0488,13.60,1.00
2008.08.04 21:51:02.916,1.0485,1.0488,14.10,1.00
2008.08.04 21:51:13.580,1.0485,1.0488,13.60,1.00
2008.08.04 21:51:13.935,1.0485,1.0488,13.60,5.20
2008.08.04 21:51:14.226,1.0485,1.0488,2.80,1.60
2008.08.04 21:51:14.512,1.0485,1.0488,2.80,2.10
2008.08.04 21:51:17.220,1.0485,1.0488,1.00,2.10
2008.08.04 21:51:17.257,1.0484,1.0487,8.30,1.00
2008.08.04 21:51:17.285,1.0484,1.0487,4.70,1.00
2008.08.04 21:51:17.433,1.0484,1.0487,4.70,5.90
2008.08.04 21:51:17.464,1.0484,1.0487,12.00,5.90
2008.08.04 21:51:17.644,1.0484,1.0487,1.20,5.90
2008.08.04 21:51:17.684,1.0484,1.0487,1.00,5.90
2008.08.04 21:51:18.222,1.0484,1.0487,1.00,6.80
2008.08.04 21:51:19.933,1.0484,1.0487,1.00,5.90
2008.08.04 21:51:20.167,1.0484,1.0487,1.20,1.00
2008.08.04 21:51:20.381,1.0484,1.0487,12.50,1.00
2008.08.04 21:51:21.249,1.0484,1.0487,14.10,1.00
2008.08.04 21:51:46.015,1.0484,1.0487,13.00,1.00
2008.08.04 21:51:46.844,1.0484,1.0487,14.10,1.00
2008.08.04 21:51:48.078,1.0484,1.0487,13.60,2.10
2008.08.04 21:51:48.215,1.0484,1.0487,13.60,6.80
2008.08.04 21:51:48.347,1.0484,1.0487,1.00,6.80
2008.08.04 21:51:48.604,1.0484,1.0486,1.00,4.70
2008.08.04 21:51:49.526,1.0483,1.0486,12.00,5.20
2008.08.04 21:51:49.815,1.0483,1.0486,1.00,5.20
2008.08.04 21:51:51.070,1.0484,1.0486,1.00,4.70
2008.08.04 21:51:51.286,1.0484,1.0487,1.00,6.80
2008.08.04 21:51:51.496,1.0484,1.0487,1.00,6.80
2008.08.04 21:51:52.884,1.0484,1.0486,1.00,1.00
2008.08.04 21:51:53.155,1.0483,1.0486,13.60,1.60
2008.08.04 21:51:53.394,1.0483,1.0486,2.80,1.60
2008.08.04 21:52:43.422,1.0483,1.0485,2.70,1.00
2008.08.04 21:52:43.643,1.0482,1.0485,4.70,1.00
2008.08.04 21:52:44.223,1.0482,1.0485,1.70,1.00
2008.08.04 21:52:44.649,1.0482,1.0485,1.70,5.20
2008.08.04 21:52:45.964,1.0482,1.0485,1.00,1.00
2008.08.04 21:52:46.192,1.0482,1.0485,12.50,1.00
2008.08.04 21:52:47.507,1.0482,1.0485,14.10,1.00
2008.08.04 21:52:47.932,1.0482,1.0485,14.10,5.20
2008.08.04 21:52:47.977,1.0482,1.0485,13.60,5.20
2008.08.04 21:52:48.201,1.0482,1.0485,13.60,1.60
2008.08.04 21:52:48.347,1.0482,1.0485,2.80,1.60
2008.08.04 21:52:50.230,1.0482,1.0485,3.30,1.00
2008.08.04 21:52:50.422,1.0482,1.0485,14.10,1.00
2008.08.04 21:52:55.486,1.0483,1.0485,1.00,1.00
2008.08.04 21:52:55.680,1.0483,1.0485,1.60,1.00
2008.08.04 21:52:55.879,1.0483,1.0485,12.40,1.00
2008.08.04 21:52:58.209,1.0483,1.0486,12.50,5.20
2008.08.04 21:52:58.548,1.0483,1.0486,1.00,5.20
2008.08.04 21:53:00.544,1.0484,1.04855,1.20,4.70
2008.08.04 21:53:00.866,1.0484,1.0487,1.20,2.10
2008.08.04 21:53:02.117,1.0484,1.0487,2.20,2.10
2008.08.04 21:53:02.447,1.0484,1.0487,2.80,2.10
2008.08.04 21:53:12.623,1.0484,1.0486,2.70,1.00
2008.08.04 21:53:12.816,1.0483,1.0486,4.70,1.00
2008.08.04 21:53:13.012,1.0483,1.0486,14.10,1.00
2008.08.04 21:53:13.056,1.0483,1.0486,12.50,1.00
2008.08.04 21:53:13.094,1.0483,1.0486,12.50,2.10
2008.08.04 21:53:13.285,1.0483,1.0486,1.70,2.10
2008.08.04 21:53:13.651,1.0483,1.0486,1.70,6.80
2008.08.04 21:53:14.866,1.0482,1.0485,12.50,1.00
2008.08.04 21:53:15.175,1.0482,1.0485,1.00,1.00
2008.08.04 21:53:15.464,1.0482,1.0485,1.00,1.00
2008.08.04 21:53:16.917,1.0482,1.0485,1.70,1.00
2008.08.04 21:53:17.474,1.0483,1.0486,1.00,2.10
2008.08.04 21:53:17.634,1.0483,1.0486,1.70,2.10
2008.08.04 21:53:17.794,1.0483,1.0486,1.20,2.10
2008.08.04 21:53:18.742,1.0483,1.0486,2.20,2.10
2008.08.04 21:53:19.043,1.0483,1.0486,2.80,2.10
2008.08.04 21:53:19.682,1.0483,1.0486,2.80,1.60
2008.08.04 21:53:22.664,1.0483,1.0485,1.00,1.00
2008.08.04 21:53:22.874,1.0482,1.0485,4.70,1.00
2008.08.04 21:53:23.453,1.0482,1.0485,5.20,1.00
2008.08.04 21:53:23.823,1.0482,1.0485,1.00,1.00
2008.08.04 21:53:24.809,1.0482,1.0485,15.20,1.00
2008.08.04 21:53:25.032,1.0482,1.0485,26.00,1.00
2008.08.04 21:53:26.082,1.0482,1.0485,25.50,1.00
2008.08.04 21:53:26.242,1.0482,1.0485,1.00,1.00
2008.08.04 21:53:26.551,1.0482,1.0485,1.00,1.00
2008.08.04 21:53:27.684,1.0482,1.0485,1.70,1.00
2008.08.04 21:53:28.099,1.0482,1.0485,2.20,1.00
2008.08.04 21:53:28.131,1.0482,1.0485,2.80,1.00
2008.08.04 21:53:28.307,1.0482,1.0485,13.60,1.00
2008.08.04 21:53:29.661,1.0482,1.0485,14.10,1.00
2008.08.04 21:53:30.032,1.0482,1.0485,13.60,5.20
2008.08.04 21:53:30.221,1.0482,1.0485,13.60,1.60
2008.08.04 21:53:30.411,1.0482,1.0485,2.80,1.60
2008.08.04 21:53:33.130,1.0482,1.0485,3.30,5.20
2008.08.04 21:53:33.591,1.0482,1.0485,14.10,1.00
2008.08.04 21:53:44.875,1.0483,1.0486,1.00,5.20
2008.08.04 21:53:45.248,1.0483,1.0486,2.20,1.60
2008.08.04 21:53:46.242,1.0484,1.0486,1.00,5.20
2008.08.04 21:53:46.368,1.0484,1.0486,1.00,1.00
2008.08.04 21:53:48.207,1.0483,1.0486,15.20,1.00
2008.08.04 21:53:56.071,1.0483,1.0486,14.70,1.00
2008.08.04 21:53:56.285,1.0483,1.0486,12.50,1.00
2008.08.04 21:53:56.404,1.0483,1.0486,12.50,5.20
2008.08.04 21:53:56.514,1.0483,1.0486,1.00,5.20
2008.08.04 21:53:56.778,1.0483,1.0485,1.00,4.70
2008.08.04 21:53:57.601,1.0482,1.0485,12.50,5.20
2008.08.04 21:53:58.163,1.0482,1.0485,12.50,1.00
2008.08.04 21:54:02.774,1.0483,1.0486,1.00,5.20
2008.08.04 21:54:03.104,1.0483,1.0486,1.00,5.20
2008.08.04 21:54:03.520,1.0483,1.0485,1.00,1.00
2008.08.04 21:54:06.553,1.0482,1.0485,3.90,1.60
2008.08.04 21:54:06.652,1.0482,1.0485,13.60,1.60
2008.08.04 21:54:06.885,1.0482,1.0485,2.80,1.60
2008.08.04 21:54:56.550,1.0482,1.0485,2.20,1.60
2008.08.04 21:54:57.633,1.0482,1.0485,2.80,1.60
2008.08.04 21:55:04.624,1.0482,1.0485,2.70,5.80
2008.08.04 21:55:24.368,1.0482,1.0485,2.70,4.70
2008.08.04 21:55:24.674,1.0482,1.04855,3.20,4.70
2008.08.04 21:55:24.842,1.0482,1.04855,14.00,4.70
2008.08.04 21:55:40.424,1.0482,1.04855,18.40,4.70
2008.08.04 21:55:42.234,1.0482,1.04855,14.00,4.70
2008.08.04 21:55:57.911,1.0482,1.04855,13.50,4.70
2008.08.04 21:55:58.055,1.0482,1.04855,14.00,4.70
2008.08.04 21:56:05.699,1.0482,1.04855,18.40,4.70
2008.08.04 21:56:20.638,1.0482,1.04855,14.00,4.70
2008.08.04 21:56:29.417,1.0482,1.0486,14.00,6.30
2008.08.04 21:56:33.306,1.0482,1.0486,13.50,6.30
2008.08.04 21:56:33.455,1.0482,1.0485,13.50,4.70
2008.08.04 21:56:33.605,1.0482,1.0485,2.70,5.80
2008.08.04 21:56:50.416,1.0482,1.0485,3.20,4.70
2008.08.04 21:56:50.778,1.0482,1.0485,14.00,4.70
2008.08.04 21:56:50.949,1.0482,1.0486,14.00,6.30
2008.08.04 21:56:57.818,1.0482,1.0486,13.50,6.30
2008.08.04 21:56:58.100,1.0482,1.0486,14.00,6.30
2008.08.04 21:57:01.621,1.0482,1.0485,14.10,1.00
2008.08.04 21:57:19.389,1.0483,1.0485,1.00,1.00
2008.08.04 21:57:19.756,1.0483,1.0486,1.20,2.70
2008.08.04 21:57:20.569,1.0483,1.0486,1.70,2.70
2008.08.04 21:57:20.876,1.0483,1.0486,2.80,2.70
2008.08.04 21:57:27.867,1.0483,1.0486,1.20,2.70
2008.08.04 21:57:28.135,1.0482,1.0485,12.50,1.00
2008.08.04 21:57:28.404,1.0482,1.0485,10.90,1.00
2008.08.04 21:57:28.675,1.0482,1.0485,1.30,1.00
2008.08.04 21:57:29.846,1.0482,1.0485,1.70,1.00
2008.08.04 21:57:30.953,1.0482,1.0485,2.80,1.00
2008.08.04 21:57:31.224,1.0482,1.0485,13.60,1.00
2008.08.04 21:57:32.839,1.0482,1.0485,13.00,1.00
2008.08.04 21:57:33.125,1.0482,1.0485,13.60,1.00
2008.08.04 21:57:33.532,1.0482,1.0485,14.10,1.00
2008.08.04 21:57:36.588,1.0482,1.0485,13.60,1.00
2008.08.04 21:57:37.022,1.0482,1.0485,2.80,1.60
2008.08.04 21:57:47.239,1.0482,1.0485,3.30,1.00
2008.08.04 21:57:47.618,1.0482,1.0485,14.10,1.00
2008.08.04 21:57:49.958,1.0483,1.0486,1.00,5.20
2008.08.04 21:57:50.289,1.0483,1.0486,1.20,5.20
2008.08.04 21:57:50.408,1.0483,1.0486,1.20,2.70
2008.08.04 21:57:51.629,1.0483,1.0486,2.20,2.70
2008.08.04 21:57:52.008,1.0483,1.0486,2.80,2.70
2008.08.04 21:58:01.993,1.0483,1.0486,2.80,1.60
2008.08.04 21:58:17.314,1.0483,1.0485,2.70,1.00
2008.08.04 21:58:17.642,1.0483,1.0485,1.60,1.00
2008.08.04 21:58:19.337,1.0483,1.0485,2.70,1.00
2008.08.04 21:58:20.850,1.0483,1.0486,2.80,5.20
2008.08.04 21:58:21.021,1.0483,1.0486,2.80,2.70
2008.08.04 21:58:21.350,1.0483,1.0486,3.90,2.70
2008.08.04 21:58:28.228,1.0483,1.0486,3.30,2.70
2008.08.04 21:58:30.278,1.0483,1.0486,3.90,2.70
2008.08.04 21:58:30.722,1.0482,1.0485,14.80,1.00
2008.08.04 21:58:30.898,1.0482,1.0485,13.00,1.60
2008.08.04 21:58:31.068,1.0482,1.0485,2.20,1.60
2008.08.04 21:58:31.337,1.0482,1.0485,2.20,5.20
2008.08.04 21:58:33.307,1.0482,1.0485,1.20,5.20
2008.08.04 21:58:38.247,1.0482,1.0485,2.20,5.20
2008.08.04 21:58:38.375,1.0482,1.0485,2.20,1.60
2008.08.04 21:59:25.056,1.0484,1.0485,1.00,4.70
2008.08.04 21:59:25.325,1.04845,1.0485,1.00,4.70
2008.08.04 21:59:25.593,1.04845,1.0486,1.00,1.00
2008.08.04 21:59:26.756,1.0484,1.0487,15.30,1.40
2008.08.04 21:59:26.924,1.0485,1.0487,1.00,1.40
2008.08.04 21:59:27.234,1.0485,1.0487,1.00,1.00
2008.08.04 21:59:27.547,1.0484,1.0487,13.00,1.00
2008.08.04 21:59:27.706,1.0484,1.0487,12.00,1.00
2008.08.04 21:59:28.165,1.0484,1.0486,1.00,4.70
2008.08.04 21:59:28.785,1.0484,1.04855,1.00,4.70
2008.08.04 21:59:33.091,1.0484,1.0487,10.90,5.20
2008.08.04 21:59:33.327,1.0484,1.0487,12.00,5.20
2008.08.04 21:59:34.253,1.0484,1.0487,13.00,5.20
2008.08.04 21:59:36.637,1.0484,1.0486,12.90,1.00
2008.08.04 21:59:41.430,1.0484,1.0487,13.00,5.20
2008.08.04 21:59:41.622,1.0484,1.0486,11.80,5.20
2008.08.04 21:59:41.908,1.0483,1.0486,12.00,5.20
2008.08.04 21:59:42.181,1.0483,1.0485,1.20,4.70
2008.08.04 21:59:45.773,1.0483,1.0485,13.00,4.70
2008.08.04 21:59:46.000,1.0483,1.0486,13.00,5.20
