2012.01.30 02:00:00.117,0.91457,0.91469,1.13,1.50
2012.01.30 02:00:00.888,0.91459,0.91474,1.13,1.50
2012.01.30 02:00:01.076,0.91459,0.91476,1.34,2.25
2012.01.30 02:00:01.264,0.91462,0.91476,1.13,1.50
2012.01.30 02:00:01.404,0.91463,0.91479,2.25,2.25
2012.01.30 02:00:01.561,0.91463,0.91479,2.25,2.25
2012.01.30 02:00:01.916,0.91463,0.91479,2.25,1.50
2012.01.30 02:00:02.315,0.91464,0.91482,2.25,2.25
2012.01.30 02:00:02.565,0.91464,0.91482,2.25,2.25
2012.01.30 02:00:03.077,0.91464,0.91482,2.25,2.25
2012.01.30 02:00:03.145,0.91462,0.9148,2.25,2.25
2012.01.30 02:00:03.464,0.91461,0.91477,2.46,2.25
2012.01.30 02:00:03.722,0.91461,0.91477,2.25,2.25
2012.01.30 02:00:06.385,0.91461,0.91477,1.50,2.36
2012.01.30 02:00:06.460,0.91457,0.91473,1.71,2.25
2012.01.30 02:00:06.537,0.91457,0.91473,1.50,2.25
2012.01.30 02:00:06.984,0.91456,0.9147,1.50,2.25
2012.01.30 02:00:07.185,0.91453,0.9147,1.13,2.25
2012.01.30 02:00:07.569,0.91451,0.91467,2.63,1.50
2012.01.30 02:00:08.083,0.9145,0.91466,2.63,1.50
2012.01.30 02:00:08.837,0.9145,0.91466,2.63,1.50
2012.01.30 02:00:09.326,0.91453,0.91469,2.25,2.25
2012.01.30 02:00:09.396,0.91453,0.91469,2.25,2.25
2012.01.30 02:00:13.843,0.91453,0.9147,1.13,2.25
2012.01.30 02:00:14.395,0.91453,0.9147,1.13,2.25
2012.01.30 02:00:17.639,0.91452,0.91468,1.50,1.13
2012.01.30 02:00:17.724,0.9145,0.91466,1.71,1.50
2012.01.30 02:00:17.869,0.91446,0.91458,1.05,1.50
2012.01.30 02:00:17.948,0.91443,0.91458,1.41,2.25
2012.01.30 02:00:18.085,0.91443,0.91459,1.11,2.25
2012.01.30 02:00:18.405,0.91441,0.91459,2.61,1.50
2012.01.30 02:00:20.159,0.91442,0.91459,1.50,1.50
2012.01.30 02:00:20.544,0.91445,0.91461,2.25,1.50
2012.01.30 02:00:21.101,0.91446,0.91462,2.25,1.50
2012.01.30 02:00:21.193,0.91446,0.91462,2.25,1.50
2012.01.30 02:00:21.722,0.91447,0.91463,2.25,2.25
2012.01.30 02:00:23.476,0.91445,0.91463,2.25,3.00
2012.01.30 02:00:25.996,0.91447,0.91465,2.25,2.55
2012.01.30 02:00:26.266,0.91445,0.91461,2.25,2.25
2012.01.30 02:00:29.413,0.91445,0.91461,2.25,1.50
2012.01.30 02:00:30.238,0.91445,0.91461,2.25,1.50
2012.01.30 02:00:33.692,0.91448,0.91464,2.25,2.55
2012.01.30 02:00:34.002,0.91446,0.91462,2.25,1.50
2012.01.30 02:00:34.568,0.91446,0.91462,2.25,1.50
2012.01.30 02:00:35.574,0.91446,0.91462,2.25,1.50
2012.01.30 02:00:37.732,0.91446,0.91462,2.25,1.50
2012.01.30 02:00:40.052,0.91446,0.91462,2.25,2.25
2012.01.30 02:00:40.125,0.91448,0.91464,1.50,2.55
2012.01.30 02:00:40.513,0.91447,0.91465,2.25,2.55
2012.01.30 02:00:40.656,0.91448,0.91466,2.63,2.91
2012.01.30 02:00:43.326,0.91448,0.91464,2.25,1.50
2012.01.30 02:00:43.632,0.91449,0.91465,1.50,2.25
2012.01.30 02:00:44.482,0.91449,0.91465,2.25,2.25
2012.01.30 02:00:45.043,0.91449,0.91465,2.25,2.25
2012.01.30 02:00:45.571,0.91449,0.91465,2.25,2.25
2012.01.30 02:00:46.071,0.91449,0.91465,2.25,2.25
2012.01.30 02:00:46.331,0.91449,0.91465,2.25,2.25
2012.01.30 02:00:46.694,0.91449,0.91465,2.25,2.25
2012.01.30 02:00:47.287,0.91449,0.91465,2.25,2.25
2012.01.30 02:00:48.270,0.91448,0.91465,1.13,2.25
2012.01.30 02:00:48.781,0.91445,0.91463,2.63,1.50
2012.01.30 02:00:48.972,0.91445,0.91463,2.63,1.50
2012.01.30 02:00:49.513,0.91445,0.91463,2.25,2.25
2012.01.30 02:00:50.100,0.91444,0.91461,1.13,1.50
2012.01.30 02:00:50.252,0.91447,0.91463,1.13,1.50
2012.01.30 02:00:50.399,0.9145,0.91464,1.13,2.25
2012.01.30 02:00:50.808,0.91457,0.91475,1.50,2.25
2012.01.30 02:00:50.896,0.91457,0.91475,3.00,2.25
2012.01.30 02:00:51.037,0.91464,0.91482,1.50,2.25
2012.01.30 02:00:51.106,0.91464,0.91482,3.00,2.25
2012.01.30 02:00:51.468,0.91465,0.91483,2.25,2.25
2012.01.30 02:00:52.955,0.91465,0.91481,2.25,1.50
2012.01.30 02:00:53.471,0.91465,0.91483,2.25,2.25
2012.01.30 02:00:58.212,0.91465,0.91483,3.00,1.50
2012.01.30 02:00:58.774,0.91465,0.91483,3.00,1.50
2012.01.30 02:00:59.298,0.91465,0.91483,3.00,1.50
2012.01.30 02:00:59.400,0.91468,0.91486,2.25,2.25
2012.01.30 02:00:59.736,0.91468,0.91486,2.25,1.50
2012.01.30 02:01:00.052,0.91468,0.91484,1.50,1.50
2012.01.30 02:01:01.268,0.91466,0.91484,2.25,1.50
2012.01.30 02:01:02.717,0.91466,0.91484,2.25,2.25
2012.01.30 02:01:09.957,0.91468,0.91484,2.25,1.50
2012.01.30 02:01:10.467,0.91469,0.91485,2.25,2.25
2012.01.30 02:01:31.396,0.91469,0.91485,2.25,2.25
2012.01.30 02:01:37.287,0.91469,0.91485,3.00,2.25
2012.01.30 02:01:37.783,0.91469,0.91485,1.50,2.25
2012.01.30 02:01:37.915,0.91469,0.91485,1.50,2.25
2012.01.30 02:01:38.314,0.91467,0.91485,1.50,2.25
2012.01.30 02:01:38.821,0.91465,0.91481,1.50,2.25
2012.01.30 02:01:39.074,0.91465,0.91481,1.50,1.50
2012.01.30 02:01:40.044,0.91464,0.91481,1.50,1.50
2012.01.30 02:01:40.686,0.91464,0.91481,1.50,1.50
2012.01.30 02:01:41.231,0.91464,0.91481,1.50,1.50
2012.01.30 02:01:42.222,0.91464,0.91481,1.50,1.50
2012.01.30 02:01:43.023,0.91464,0.91481,1.50,1.50
2012.01.30 02:01:43.572,0.91464,0.91481,1.50,1.50
2012.01.30 02:01:44.125,0.91464,0.91481,1.50,1.50
2012.01.30 02:01:44.705,0.91466,0.91481,1.50,1.50
2012.01.30 02:01:45.682,0.91466,0.91481,1.50,1.50
2012.01.30 02:01:47.056,0.91466,0.91482,3.00,1.50
2012.01.30 02:01:47.583,0.91466,0.91483,1.50,1.50
2012.01.30 02:01:49.434,0.91466,0.91483,1.50,1.50
2012.01.30 02:01:50.372,0.91466,0.91483,1.71,1.50
2012.01.30 02:01:50.563,0.91468,0.91484,2.25,1.50
2012.01.30 02:01:51.112,0.91468,0.91484,2.25,1.50
2012.01.30 02:01:51.433,0.9147,0.91484,1.50,1.50
2012.01.30 02:01:52.078,0.9147,0.91484,1.50,1.50
2012.01.30 02:01:52.606,0.9147,0.91483,1.50,1.50
2012.01.30 02:01:53.125,0.9147,0.91484,1.50,1.50
2012.01.30 02:01:54.304,0.9147,0.91484,1.50,1.50
2012.01.30 02:01:54.376,0.91472,0.91489,2.25,1.50
2012.01.30 02:01:54.714,0.91475,0.91492,1.50,1.50
2012.01.30 02:01:58.454,0.91475,0.9149,1.50,1.50
2012.01.30 02:01:59.503,0.91475,0.91492,1.50,1.50
2012.01.30 02:02:00.693,0.91475,0.91492,1.50,1.50
2012.01.30 02:02:00.884,0.91475,0.91489,1.50,1.50
2012.01.30 02:02:02.653,0.91475,0.91492,1.50,2.25
2012.01.30 02:02:07.178,0.91475,0.91492,1.50,2.25
2012.01.30 02:02:07.422,0.91476,0.91492,2.25,2.25
2012.01.30 02:02:10.721,0.91475,0.91492,1.50,2.25
2012.01.30 02:02:11.337,0.91475,0.91492,1.50,2.25
2012.01.30 02:02:14.493,0.91476,0.91492,2.25,1.50
2012.01.30 02:02:15.321,0.91476,0.91492,2.25,2.25
2012.01.30 02:02:15.839,0.91476,0.91492,2.25,2.25
2012.01.30 02:02:15.912,0.91476,0.91492,2.25,2.25
2012.01.30 02:02:16.513,0.91475,0.91492,1.50,2.25
2012.01.30 02:02:17.302,0.91475,0.91492,1.50,2.25
2012.01.30 02:02:18.241,0.91475,0.9149,1.50,1.50
2012.01.30 02:02:32.084,0.91475,0.91492,1.50,2.25
2012.01.30 02:02:32.845,0.91475,0.91492,1.50,1.50
2012.01.30 02:02:33.407,0.91475,0.91492,1.50,1.50
2012.01.30 02:02:33.913,0.91475,0.91491,3.00,1.50
2012.01.30 02:02:35.045,0.91475,0.91491,3.00,2.25
2012.01.30 02:02:35.303,0.91475,0.9149,1.50,1.50
2012.01.30 02:02:36.978,0.91476,0.9149,1.50,1.50
2012.01.30 02:02:38.229,0.91474,0.9149,3.00,1.50
2012.01.30 02:02:40.748,0.91475,0.91493,2.25,2.25
2012.01.30 02:02:41.496,0.91474,0.91492,3.00,1.50
2012.01.30 02:02:42.226,0.91474,0.91492,3.38,1.50
2012.01.30 02:02:45.275,0.91474,0.91492,3.00,1.50
2012.01.30 02:02:47.186,0.91476,0.91492,2.25,1.50
2012.01.30 02:02:53.093,0.91476,0.91492,2.25,1.50
2012.01.30 02:03:18.406,0.91478,0.91494,2.25,2.25
2012.01.30 02:03:23.994,0.91477,0.91493,2.25,2.25
2012.01.30 02:03:24.328,0.91477,0.91493,2.25,2.25
2012.01.30 02:03:28.284,0.91477,0.91493,2.25,2.25
2012.01.30 02:03:30.815,0.91477,0.91493,1.50,2.25
2012.01.30 02:03:31.363,0.91477,0.91493,2.25,2.25
2012.01.30 02:03:31.573,0.91477,0.91493,2.25,2.25
2012.01.30 02:03:31.912,0.91477,0.91493,2.25,2.25
2012.01.30 02:03:33.913,0.91477,0.91493,2.25,2.25
2012.01.30 02:03:34.516,0.91477,0.91493,2.25,2.25
2012.01.30 02:03:35.188,0.91477,0.91493,2.25,2.25
2012.01.30 02:03:36.760,0.91477,0.91493,2.25,2.25
2012.01.30 02:03:37.302,0.91477,0.91493,2.25,2.25
2012.01.30 02:03:37.850,0.91477,0.91493,2.25,2.25
2012.01.30 02:03:38.401,0.91477,0.91493,2.25,2.25
2012.01.30 02:03:38.911,0.91477,0.91493,2.25,2.25
2012.01.30 02:03:39.520,0.91477,0.91493,2.25,2.25
2012.01.30 02:03:44.670,0.91477,0.91493,2.25,2.25
2012.01.30 02:03:45.191,0.91477,0.91493,2.25,2.25
2012.01.30 02:03:45.263,0.91477,0.91493,2.25,2.25
2012.01.30 02:03:45.811,0.91477,0.91493,2.25,2.25
2012.01.30 02:03:46.361,0.91477,0.91493,2.25,2.25
2012.01.30 02:03:46.551,0.91477,0.91493,2.25,2.25
2012.01.30 02:03:46.952,0.91477,0.91493,2.25,2.25
2012.01.30 02:03:47.501,0.91477,0.91493,2.25,2.25
2012.01.30 02:03:48.213,0.91477,0.91493,2.25,2.25
2012.01.30 02:03:49.871,0.91477,0.91493,2.25,2.25
2012.01.30 02:03:50.484,0.91478,0.91494,2.25,2.25
2012.01.30 02:03:52.784,0.91478,0.91493,1.50,1.35
2012.01.30 02:03:53.224,0.91472,0.9149,2.40,3.00
2012.01.30 02:03:53.753,0.91472,0.9149,2.40,3.00
2012.01.30 02:03:55.454,0.91471,0.91489,3.15,2.25
2012.01.30 02:03:55.857,0.91471,0.91486,1.50,2.25
2012.01.30 02:03:59.011,0.9147,0.91486,2.25,2.25
2012.01.30 02:04:07.017,0.91467,0.91483,3.00,1.50
2012.01.30 02:04:07.230,0.91467,0.91485,2.25,2.25
2012.01.30 02:04:07.494,0.91467,0.91483,2.25,1.50
2012.01.30 02:04:08.054,0.91468,0.91484,2.25,1.50
2012.01.30 02:04:09.384,0.91467,0.91485,2.25,2.25
2012.01.30 02:04:09.852,0.91467,0.91483,2.25,1.50
2012.01.30 02:04:12.957,0.91468,0.91484,2.25,1.50
2012.01.30 02:04:13.662,0.9147,0.91486,2.25,2.25
2012.01.30 02:04:14.164,0.91468,0.91484,2.25,1.50
2012.01.30 02:04:14.714,0.91467,0.91483,2.25,1.50
2012.01.30 02:04:16.517,0.91468,0.91484,2.25,1.50
2012.01.30 02:04:18.195,0.91467,0.91485,2.25,2.25
2012.01.30 02:04:19.113,0.91466,0.91484,2.25,1.50
2012.01.30 02:04:22.212,0.91467,0.91485,2.25,2.25
2012.01.30 02:04:23.224,0.91467,0.91483,2.25,1.50
2012.01.30 02:04:23.833,0.91465,0.91482,1.50,1.50
2012.01.30 02:04:23.907,0.91465,0.91483,3.00,2.25
2012.01.30 02:04:24.403,0.91465,0.91481,3.00,1.50
2012.01.30 02:04:25.033,0.91466,0.91482,2.25,1.50
2012.01.30 02:04:34.343,0.91468,0.91484,2.25,2.25
2012.01.30 02:04:40.352,0.91467,0.91485,2.25,2.25
2012.01.30 02:04:40.907,0.91467,0.91483,2.25,1.50
2012.01.30 02:04:41.094,0.91467,0.91485,2.25,2.25
2012.01.30 02:04:41.773,0.91467,0.91485,2.25,2.25
2012.01.30 02:04:45.782,0.91466,0.91484,2.25,1.50
2012.01.30 02:04:46.327,0.91467,0.91485,2.25,2.25
2012.01.30 02:04:50.253,0.91466,0.91484,2.25,1.50
2012.01.30 02:04:52.076,0.91467,0.91485,2.25,2.25
2012.01.30 02:04:52.144,0.91467,0.91483,2.25,1.50
2012.01.30 02:04:56.005,0.91467,0.91485,2.25,2.25
2012.01.30 02:04:56.144,0.91467,0.91483,2.25,1.50
2012.01.30 02:05:00.491,0.91467,0.91485,2.25,2.25
2012.01.30 02:05:16.831,0.91467,0.91485,2.25,2.25
2012.01.30 02:05:17.331,0.91468,0.91484,2.25,1.50
2012.01.30 02:05:17.881,0.91468,0.91484,2.25,2.25
2012.01.30 02:05:17.953,0.91468,0.91484,2.25,2.25
2012.01.30 02:05:18.502,0.91468,0.91484,2.25,1.50
2012.01.30 02:05:19.372,0.91466,0.91484,2.25,2.25
2012.01.30 02:05:28.952,0.91467,0.91483,2.25,1.50
2012.01.30 02:05:30.332,0.91468,0.91484,2.25,2.25
2012.01.30 02:05:30.899,0.91466,0.91484,2.25,2.25
2012.01.30 02:05:31.802,0.91467,0.91485,2.25,2.25
2012.01.30 02:05:32.113,0.91466,0.91484,2.25,2.25
2012.01.30 02:05:32.664,0.91467,0.91485,2.25,2.25
2012.01.30 02:05:33.461,0.91468,0.91484,2.25,1.50
2012.01.30 02:05:36.601,0.91468,0.91484,2.25,1.50
2012.01.30 02:05:38.953,0.91468,0.91484,2.46,1.50
2012.01.30 02:05:39.082,0.91471,0.91488,2.03,2.25
2012.01.30 02:05:39.344,0.91477,0.91493,1.50,2.25
2012.01.30 02:05:39.696,0.91483,0.91498,2.25,1.43
2012.01.30 02:05:39.954,0.91481,0.91498,1.50,1.05
2012.01.30 02:05:40.471,0.91482,0.91498,1.50,1.05
2012.01.30 02:05:42.232,0.91481,0.91499,1.50,2.85
2012.01.30 02:05:43.114,0.91482,0.91499,1.50,1.35
2012.01.30 02:05:43.910,0.91481,0.91499,1.50,2.85
2012.01.30 02:05:46.227,0.91481,0.91499,1.50,2.85
2012.01.30 02:05:47.363,0.91481,0.91499,1.50,2.85
2012.01.30 02:05:49.847,0.91481,0.91499,1.50,2.85
2012.01.30 02:05:50.415,0.9148,0.91496,1.50,2.25
2012.01.30 02:05:50.487,0.91481,0.91497,1.50,2.25
2012.01.30 02:05:53.866,0.91481,0.91497,1.50,2.25
2012.01.30 02:05:54.411,0.91481,0.91497,1.50,2.25
2012.01.30 02:05:58.806,0.91481,0.91497,2.25,2.25
2012.01.30 02:05:59.331,0.91482,0.91499,1.50,1.35
2012.01.30 02:05:59.408,0.91484,0.91499,1.50,1.35
2012.01.30 02:05:59.957,0.91487,0.91504,1.50,1.50
2012.01.30 02:06:00.345,0.9149,0.91506,1.50,3.30
2012.01.30 02:06:00.625,0.91489,0.91505,1.50,2.25
2012.01.30 02:06:00.834,0.9149,0.91506,1.58,3.00
2012.01.30 02:06:01.547,0.91488,0.91504,1.50,2.25
2012.01.30 02:06:01.914,0.91488,0.91504,1.50,2.25
2012.01.30 02:06:02.266,0.91486,0.91502,2.25,2.25
2012.01.30 02:06:03.386,0.9149,0.91506,1.50,3.00
2012.01.30 02:06:03.656,0.9149,0.91506,2.25,2.25
2012.01.30 02:06:03.844,0.9149,0.91506,2.25,2.25
2012.01.30 02:06:04.628,0.9149,0.91506,2.25,2.25
2012.01.30 02:06:05.073,0.91487,0.91503,3.00,1.50
2012.01.30 02:06:05.396,0.91488,0.91506,2.25,2.25
2012.01.30 02:06:05.851,0.9148,0.91496,3.21,1.50
2012.01.30 02:06:06.070,0.9148,0.91496,3.00,2.25
2012.01.30 02:06:06.434,0.91481,0.91499,2.25,2.25
2012.01.30 02:06:06.510,0.91481,0.91499,3.00,2.25
2012.01.30 02:06:06.656,0.9148,0.91496,3.00,1.50
2012.01.30 02:06:06.730,0.91481,0.91499,2.25,2.25
2012.01.30 02:06:07.273,0.91484,0.915,2.25,2.25
2012.01.30 02:06:08.714,0.91485,0.91501,2.25,2.25
2012.01.30 02:06:09.668,0.91485,0.91501,2.25,2.25
2012.01.30 02:06:10.203,0.91483,0.91501,2.25,2.25
2012.01.30 02:06:12.770,0.9149,0.91506,2.25,1.50
2012.01.30 02:06:13.325,0.91492,0.91508,2.25,2.25
2012.01.30 02:06:13.749,0.91489,0.91507,2.25,2.25
2012.01.30 02:06:14.264,0.91489,0.91505,2.25,2.25
2012.01.30 02:06:15.063,0.91489,0.91507,2.25,2.25
2012.01.30 02:06:15.562,0.91489,0.91507,2.25,2.25
2012.01.30 02:06:18.543,0.91492,0.91508,2.25,1.50
2012.01.30 02:06:20.084,0.91492,0.91508,2.25,2.25
2012.01.30 02:06:20.975,0.91492,0.91508,2.25,1.50
2012.01.30 02:06:21.526,0.91491,0.91509,2.25,1.50
2012.01.30 02:06:22.726,0.91491,0.91509,2.25,2.25
2012.01.30 02:06:25.364,0.91491,0.91509,2.25,1.50
2012.01.30 02:06:25.987,0.91495,0.91511,2.25,2.25
2012.01.30 02:06:49.614,0.91493,0.91511,2.25,2.25
2012.01.30 02:07:02.575,0.91492,0.9151,2.25,2.25
2012.01.30 02:07:04.156,0.91494,0.9151,2.25,2.25
2012.01.30 02:07:04.296,0.91494,0.9151,2.25,2.25
2012.01.30 02:07:14.602,0.91495,0.91511,2.25,2.25
2012.01.30 02:07:14.913,0.91495,0.91511,2.25,2.25
2012.01.30 02:07:15.276,0.91495,0.91511,2.25,1.50
2012.01.30 02:07:17.389,0.91495,0.91511,2.25,1.50
2012.01.30 02:07:17.936,0.91493,0.91511,3.00,1.50
2012.01.30 02:07:19.633,0.91495,0.91511,2.25,1.50
2012.01.30 02:07:20.444,0.91495,0.91511,2.25,1.50
2012.01.30 02:07:20.764,0.91493,0.91509,3.00,1.50
2012.01.30 02:07:21.563,0.91493,0.91509,3.00,1.50
2012.01.30 02:07:22.085,0.91493,0.91509,3.00,1.50
2012.01.30 02:07:24.900,0.91493,0.91508,1.50,1.50
2012.01.30 02:07:25.395,0.91492,0.91508,2.25,1.50
2012.01.30 02:07:25.980,0.91493,0.91509,2.25,1.50
2012.01.30 02:07:31.065,0.91492,0.9151,2.25,1.50
2012.01.30 02:07:32.561,0.91492,0.9151,2.25,1.50
2012.01.30 02:07:37.926,0.91492,0.9151,2.25,1.50
2012.01.30 02:07:37.996,0.91492,0.91508,2.25,1.50
2012.01.30 02:07:38.245,0.91492,0.9151,2.25,1.50
2012.01.30 02:07:38.803,0.91491,0.91509,3.00,1.50
2012.01.30 02:07:43.474,0.91491,0.91509,2.25,1.50
2012.01.30 02:07:43.544,0.91491,0.91509,2.25,1.50
2012.01.30 02:07:48.152,0.91492,0.91508,2.25,1.50
2012.01.30 02:07:48.545,0.91493,0.91509,2.25,1.50
2012.01.30 02:07:48.853,0.91492,0.91508,2.25,1.50
2012.01.30 02:07:48.984,0.91492,0.91508,2.25,1.50
2012.01.30 02:07:50.486,0.91492,0.91508,2.25,1.50
2012.01.30 02:07:51.268,0.91492,0.91508,2.25,1.50
2012.01.30 02:07:52.242,0.91492,0.91508,2.25,1.50
2012.01.30 02:07:52.761,0.91492,0.91508,2.25,1.50
2012.01.30 02:07:53.262,0.91492,0.91508,2.25,1.50
2012.01.30 02:07:53.573,0.91492,0.91508,2.25,1.50
2012.01.30 02:07:54.168,0.91492,0.91508,2.25,1.50
2012.01.30 02:07:58.176,0.91492,0.91508,2.25,1.50
2012.01.30 02:07:58.544,0.91492,0.91508,2.25,1.50
2012.01.30 02:07:59.832,0.91492,0.9151,2.25,1.50
2012.01.30 02:08:00.343,0.91491,0.91509,2.25,1.50
2012.01.30 02:08:01.930,0.91492,0.91508,2.25,1.50
2012.01.30 02:08:02.433,0.91492,0.91508,2.25,1.50
2012.01.30 02:08:03.298,0.91492,0.9151,2.25,1.50
2012.01.30 02:08:05.233,0.91492,0.9151,2.25,1.50
2012.01.30 02:08:08.174,0.91492,0.9151,2.25,1.50
2012.01.30 02:08:08.512,0.91492,0.9151,2.25,1.50
2012.01.30 02:08:13.898,0.91496,0.91512,2.25,2.25
2012.01.30 02:08:16.514,0.91491,0.91509,3.00,1.50
2012.01.30 02:08:16.583,0.91493,0.91509,2.25,1.50
2012.01.30 02:08:16.724,0.91495,0.91513,2.25,2.25
2012.01.30 02:08:19.611,0.91495,0.91513,2.25,2.25
2012.01.30 02:08:22.736,0.91495,0.91513,2.25,2.25
2012.01.30 02:08:26.683,0.91492,0.91508,2.25,1.50
2012.01.30 02:08:26.813,0.91495,0.91511,2.25,1.50
2012.01.30 02:08:26.943,0.91495,0.91511,2.25,1.50
2012.01.30 02:08:28.393,0.91494,0.9151,2.25,1.50
2012.01.30 02:08:29.062,0.91494,0.9151,2.25,1.50
2012.01.30 02:08:29.149,0.91497,0.91515,2.25,2.63
2012.01.30 02:08:29.215,0.91494,0.91512,2.25,1.50
2012.01.30 02:08:29.286,0.91494,0.91512,2.25,1.50
2012.01.30 02:08:29.703,0.91494,0.91512,2.25,2.25
2012.01.30 02:08:36.422,0.91492,0.91508,2.25,1.50
2012.01.30 02:08:36.736,0.91495,0.91511,2.25,2.25
2012.01.30 02:08:37.584,0.91495,0.91511,2.25,1.50
2012.01.30 02:08:38.295,0.91495,0.91511,2.25,2.25
2012.01.30 02:08:38.856,0.91495,0.91511,2.25,1.50
2012.01.30 02:08:44.101,0.91495,0.91511,2.25,1.50
2012.01.30 02:08:44.654,0.91494,0.91512,2.25,2.25
2012.01.30 02:08:44.724,0.91492,0.91508,2.25,1.50
2012.01.30 02:08:44.914,0.91495,0.91511,2.25,1.50
2012.01.30 02:08:45.047,0.91492,0.91508,2.25,1.50
2012.01.30 02:08:45.114,0.91492,0.9151,2.25,1.50
2012.01.30 02:08:45.242,0.91492,0.9151,2.25,2.25
2012.01.30 02:08:45.432,0.91495,0.91513,2.25,1.50
2012.01.30 02:08:46.894,0.91495,0.91513,2.25,2.25
2012.01.30 02:08:46.966,0.91491,0.91509,3.00,1.50
2012.01.30 02:08:47.156,0.91493,0.91511,2.25,2.25
2012.01.30 02:08:47.292,0.91495,0.91511,2.25,1.50
2012.01.30 02:08:47.996,0.91494,0.9151,2.25,1.50
2012.01.30 02:08:48.531,0.91494,0.9151,2.25,1.50
2012.01.30 02:08:48.604,0.91494,0.91512,2.25,1.50
2012.01.30 02:08:49.584,0.91493,0.91511,2.25,1.50
2012.01.30 02:08:50.767,0.91492,0.91508,2.25,1.50
2012.01.30 02:08:51.011,0.91492,0.91508,2.25,1.50
2012.01.30 02:08:51.081,0.91492,0.91508,2.25,1.50
2012.01.30 02:08:51.276,0.91495,0.91511,2.25,1.50
2012.01.30 02:08:54.222,0.91494,0.9151,2.25,1.50
2012.01.30 02:08:54.893,0.91495,0.91511,2.25,1.50
2012.01.30 02:08:58.919,0.91491,0.91509,3.00,1.50
2012.01.30 02:08:59.047,0.91491,0.91509,3.00,1.50
2012.01.30 02:09:00.821,0.9149,0.91507,1.50,1.50
2012.01.30 02:09:00.954,0.91492,0.9151,2.25,1.50
2012.01.30 02:09:01.142,0.91492,0.91508,2.25,1.50
2012.01.30 02:09:01.954,0.91492,0.91508,2.25,1.50
2012.01.30 02:09:02.023,0.91492,0.9151,2.25,1.50
2012.01.30 02:09:02.213,0.91492,0.9151,2.25,1.50
2012.01.30 02:09:02.523,0.91492,0.91508,2.25,1.50
2012.01.30 02:09:02.832,0.91492,0.91508,2.25,1.50
2012.01.30 02:09:02.905,0.91492,0.91508,2.25,1.50
2012.01.30 02:09:02.974,0.91492,0.91508,1.50,2.25
2012.01.30 02:09:03.687,0.91491,0.91509,1.50,2.25
2012.01.30 02:09:04.197,0.9149,0.91506,1.50,2.25
2012.01.30 02:09:04.973,0.91489,0.91507,2.25,2.25
2012.01.30 02:09:05.526,0.91488,0.91506,3.00,2.25
2012.01.30 02:09:06.085,0.91489,0.91505,1.50,2.25
2012.01.30 02:09:10.733,0.9149,0.91506,1.50,2.25
2012.01.30 02:09:11.757,0.9149,0.91507,1.50,1.88
2012.01.30 02:09:12.008,0.91486,0.91504,2.25,2.25
2012.01.30 02:09:12.135,0.91488,0.91504,1.50,2.25
2012.01.30 02:09:12.726,0.91488,0.91504,1.50,2.25
2012.01.30 02:09:13.032,0.91488,0.91504,1.50,2.25
2012.01.30 02:09:13.353,0.91488,0.91504,1.50,2.25
2012.01.30 02:09:13.853,0.91488,0.91504,1.50,2.25
2012.01.30 02:09:14.413,0.91488,0.91504,1.50,2.25
2012.01.30 02:09:14.558,0.91488,0.91504,1.50,2.25
2012.01.30 02:09:15.105,0.91488,0.91504,1.50,2.25
2012.01.30 02:09:15.862,0.91488,0.91504,1.50,2.25
2012.01.30 02:09:16.852,0.91488,0.91504,2.25,2.25
2012.01.30 02:09:17.284,0.9149,0.91508,2.25,2.25
2012.01.30 02:09:17.844,0.91491,0.91509,2.25,2.25
2012.01.30 02:09:18.162,0.91494,0.9151,2.25,2.25
2012.01.30 02:09:18.235,0.91494,0.9151,2.25,2.25
2012.01.30 02:09:19.192,0.91492,0.91508,2.25,2.25
2012.01.30 02:09:19.452,0.91492,0.91508,2.25,2.25
2012.01.30 02:09:22.883,0.91492,0.91508,1.50,2.25
2012.01.30 02:09:23.637,0.91492,0.91508,1.50,2.25
2012.01.30 02:09:23.955,0.91492,0.91508,1.50,2.25
2012.01.30 02:09:24.595,0.91492,0.91508,1.50,2.25
2012.01.30 02:09:26.062,0.91492,0.91508,1.50,2.25
2012.01.30 02:09:28.045,0.91492,0.91508,1.50,2.25
2012.01.30 02:09:28.596,0.91492,0.91508,2.25,2.25
2012.01.30 02:09:29.825,0.91492,0.91508,3.00,2.25
2012.01.30 02:09:31.995,0.91492,0.91508,3.21,2.25
2012.01.30 02:09:32.512,0.91493,0.91508,1.71,2.25
2012.01.30 02:09:34.435,0.91493,0.91505,1.71,1.50
2012.01.30 02:09:34.693,0.91489,0.91503,3.96,1.50
2012.01.30 02:09:35.887,0.91491,0.91509,3.21,2.25
2012.01.30 02:09:57.905,0.91493,0.91509,1.50,2.25
2012.01.30 02:09:58.527,0.91492,0.91508,3.00,2.25
2012.01.30 02:10:00.144,0.91493,0.91509,1.50,2.25
2012.01.30 02:10:00.692,0.91492,0.91509,1.50,2.25
2012.01.30 02:10:14.143,0.9149,0.91506,1.13,2.25
2012.01.30 02:10:27.474,0.91491,0.91506,1.34,2.25
2012.01.30 02:10:27.604,0.91492,0.91508,1.88,2.25
2012.01.30 02:10:28.247,0.91491,0.91509,2.46,2.25
2012.01.30 02:10:29.087,0.91492,0.9151,1.50,2.25
2012.01.30 02:10:29.614,0.91491,0.91509,2.25,2.25
2012.01.30 02:10:33.813,0.91492,0.91508,1.50,2.25
2012.01.30 02:10:37.753,0.91492,0.91508,1.50,2.25
2012.01.30 02:10:38.910,0.91492,0.91508,1.50,2.25
2012.01.30 02:10:39.762,0.91492,0.91508,1.50,2.25
2012.01.30 02:10:40.313,0.91492,0.91508,2.25,2.25
2012.01.30 02:10:42.272,0.91493,0.91509,1.50,2.25
2012.01.30 02:10:43.632,0.91492,0.91508,2.25,2.25
2012.01.30 02:10:43.940,0.91494,0.9151,1.50,2.25
2012.01.30 02:10:44.773,0.91492,0.91508,2.25,2.25
2012.01.30 02:10:45.324,0.91493,0.91509,1.50,2.25
2012.01.30 02:10:48.476,0.91491,0.91509,3.00,2.25
2012.01.30 02:10:48.794,0.91491,0.91509,3.00,2.25
2012.01.30 02:10:48.983,0.91492,0.9151,2.25,2.25
2012.01.30 02:10:49.542,0.91492,0.9151,2.25,2.25
2012.01.30 02:10:50.011,0.91495,0.91511,1.50,2.25
2012.01.30 02:10:52.823,0.91492,0.9151,2.25,2.25
2012.01.30 02:10:53.024,0.91495,0.91511,1.50,2.25
2012.01.30 02:10:53.388,0.91493,0.91511,1.50,2.25
2012.01.30 02:10:53.633,0.91495,0.91511,1.50,2.25
2012.01.30 02:10:53.703,0.91493,0.91511,1.50,2.25
2012.01.30 02:10:58.945,0.91495,0.91511,1.50,2.25
2012.01.30 02:10:59.074,0.91493,0.91511,2.25,2.25
2012.01.30 02:10:59.726,0.91495,0.91511,1.50,2.25
2012.01.30 02:11:00.244,0.91495,0.91511,1.50,2.25
2012.01.30 02:11:01.456,0.91493,0.91511,2.84,2.25
2012.01.30 02:11:19.423,0.91495,0.91511,1.50,2.25
2012.01.30 02:11:20.935,0.91495,0.91512,1.13,2.25
2012.01.30 02:11:21.009,0.91496,0.91512,1.28,2.25
2012.01.30 02:11:21.416,0.91497,0.91515,2.84,2.25
2012.01.30 02:11:21.757,0.91499,0.91515,1.34,2.25
2012.01.30 02:11:23.345,0.91499,0.91517,2.84,2.85
2012.01.30 02:11:24.466,0.91499,0.91517,1.88,2.85
2012.01.30 02:11:25.444,0.91499,0.91515,2.63,2.25
2012.01.30 02:11:27.393,0.91499,0.91515,2.25,2.25
2012.01.30 02:11:27.924,0.91499,0.91515,2.63,2.25
2012.01.30 02:11:28.235,0.91499,0.91515,2.63,2.25
2012.01.30 02:11:28.809,0.91499,0.91515,2.84,2.25
2012.01.30 02:11:29.145,0.915,0.91517,1.34,2.25
2012.01.30 02:11:29.484,0.91508,0.91522,1.50,1.50
2012.01.30 02:11:29.696,0.91508,0.9152,1.50,1.50
2012.01.30 02:11:29.768,0.91508,0.91522,1.50,1.50
2012.01.30 02:11:30.270,0.91508,0.91522,1.50,1.50
2012.01.30 02:11:30.560,0.91509,0.91526,1.50,2.25
2012.01.30 02:11:30.707,0.91509,0.91526,1.50,2.25
2012.01.30 02:11:31.727,0.91509,0.91527,3.00,2.25
2012.01.30 02:11:32.234,0.91514,0.91527,1.50,2.25
2012.01.30 02:11:33.275,0.91515,0.91528,1.50,2.25
2012.01.30 02:11:33.922,0.91514,0.9153,2.25,2.25
2012.01.30 02:11:34.298,0.91517,0.9153,1.50,1.50
2012.01.30 02:11:34.366,0.91517,0.91533,3.00,2.25
2012.01.30 02:11:34.668,0.9152,0.91533,1.50,1.50
2012.01.30 02:11:34.734,0.9152,0.91533,1.50,1.50
2012.01.30 02:11:34.984,0.9152,0.91533,1.50,1.50
2012.01.30 02:11:36.128,0.9152,0.91537,1.50,2.25
2012.01.30 02:11:36.838,0.91522,0.91536,1.50,2.25
2012.01.30 02:11:37.148,0.91523,0.91537,1.88,2.25
2012.01.30 02:11:38.336,0.91524,0.91538,1.50,2.25
2012.01.30 02:11:38.536,0.91524,0.91538,1.50,1.50
2012.01.30 02:11:38.784,0.91524,0.91538,1.50,1.50
2012.01.30 02:11:39.345,0.91524,0.91539,1.50,1.50
2012.01.30 02:11:39.865,0.91524,0.91541,1.50,2.25
2012.01.30 02:11:40.184,0.91524,0.91541,1.50,1.50
2012.01.30 02:11:40.449,0.91524,0.91541,1.50,1.50
2012.01.30 02:11:40.574,0.91524,0.91538,1.50,1.50
2012.01.30 02:11:41.363,0.91524,0.91538,1.50,1.50
2012.01.30 02:11:41.674,0.91529,0.91538,1.50,1.50
2012.01.30 02:11:42.514,0.91528,0.91541,1.50,1.50
2012.01.30 02:11:42.647,0.91528,0.91541,1.50,1.50
2012.01.30 02:11:43.121,0.91529,0.91542,1.50,1.50
2012.01.30 02:11:43.446,0.91528,0.9154,1.50,1.50
2012.01.30 02:11:44.068,0.91528,0.9154,1.50,1.50
2012.01.30 02:11:44.253,0.91528,0.91542,1.50,1.50
2012.01.30 02:11:45.367,0.91528,0.91541,1.50,1.50
2012.01.30 02:11:45.883,0.91528,0.91541,1.50,1.50
2012.01.30 02:11:46.352,0.91529,0.91541,3.00,1.50
2012.01.30 02:11:46.430,0.91532,0.91544,1.71,1.50
2012.01.30 02:11:47.358,0.91532,0.91543,1.50,1.50
2012.01.30 02:11:47.483,0.91529,0.91543,1.34,1.50
2012.01.30 02:11:48.035,0.9153,0.91542,1.34,1.50
2012.01.30 02:11:48.285,0.91531,0.91544,1.34,1.50
2012.01.30 02:11:49.296,0.9153,0.91543,1.34,1.50
2012.01.30 02:11:49.426,0.91522,0.91534,1.50,2.25
2012.01.30 02:11:49.559,0.91517,0.91534,1.50,2.25
2012.01.30 02:11:49.807,0.91516,0.91532,3.00,1.50
2012.01.30 02:11:50.116,0.91518,0.91536,2.25,2.25
2012.01.30 02:11:50.379,0.9152,0.91536,1.50,2.25
2012.01.30 02:11:50.577,0.9152,0.91536,1.71,1.50
2012.01.30 02:11:50.644,0.91523,0.91541,2.25,2.25
2012.01.30 02:11:52.330,0.91523,0.91541,2.25,2.55
2012.01.30 02:11:52.623,0.91521,0.91537,1.50,2.25
2012.01.30 02:11:52.940,0.91519,0.91536,1.50,2.25
2012.01.30 02:11:53.910,0.9152,0.91536,1.50,2.25
2012.01.30 02:11:54.414,0.91518,0.91534,2.25,2.25
2012.01.30 02:11:55.144,0.91518,0.91534,2.25,1.50
2012.01.30 02:11:55.288,0.9152,0.91536,2.25,1.50
2012.01.30 02:11:55.793,0.91519,0.91535,3.21,1.50
2012.01.30 02:11:56.296,0.91518,0.91534,2.25,2.25
2012.01.30 02:11:56.427,0.91518,0.91534,2.25,2.25
2012.01.30 02:11:56.940,0.91518,0.91534,2.25,2.25
2012.01.30 02:11:57.156,0.91516,0.91532,2.25,2.25
2012.01.30 02:11:57.997,0.91516,0.91534,2.25,2.25
2012.01.30 02:11:58.388,0.91518,0.91536,2.25,2.25
2012.01.30 02:11:58.930,0.91518,0.91536,3.00,2.25
2012.01.30 02:11:59.268,0.9152,0.91536,2.25,2.25
2012.01.30 02:12:01.189,0.9152,0.91536,2.25,2.25
2012.01.30 02:12:05.992,0.91522,0.91538,2.25,2.25
2012.01.30 02:12:06.314,0.91522,0.91538,1.50,2.25
2012.01.30 02:12:06.825,0.91521,0.91539,2.25,2.25
2012.01.30 02:12:10.017,0.91522,0.91538,1.50,2.25
2012.01.30 02:12:12.556,0.9152,0.91538,2.25,2.25
2012.01.30 02:12:13.044,0.91521,0.91537,2.25,2.25
2012.01.30 02:12:13.176,0.91521,0.91537,1.50,2.25
2012.01.30 02:12:13.755,0.91522,0.91538,1.50,2.25
2012.01.30 02:12:13.825,0.9152,0.91538,2.25,2.25
2012.01.30 02:12:14.376,0.9152,0.91538,2.25,2.25
2012.01.30 02:12:23.389,0.91524,0.91539,1.50,2.25
2012.01.30 02:12:23.683,0.9153,0.9154,1.50,1.50
2012.01.30 02:12:23.762,0.9153,0.91546,1.50,2.25
2012.01.30 02:12:24.190,0.9153,0.91545,1.50,2.25
2012.01.30 02:12:24.742,0.91532,0.91545,1.50,1.50
2012.01.30 02:12:26.904,0.91532,0.91547,1.50,2.25
2012.01.30 02:12:27.563,0.91532,0.91547,1.50,2.25
2012.01.30 02:12:33.285,0.91531,0.91547,1.71,2.25
2012.01.30 02:12:34.544,0.9153,0.91548,3.96,2.25
2012.01.30 02:12:35.204,0.9153,0.91548,3.96,2.25
2012.01.30 02:12:35.753,0.9153,0.91548,3.21,2.25
2012.01.30 02:12:36.065,0.91529,0.91545,2.46,2.25
2012.01.30 02:12:36.133,0.9153,0.91545,1.71,2.25
2012.01.30 02:12:36.445,0.9153,0.91545,1.71,2.25
2012.01.30 02:12:37.002,0.9153,0.91545,1.71,2.25
2012.01.30 02:12:37.493,0.9153,0.91545,1.71,2.25
2012.01.30 02:12:37.863,0.9153,0.91547,1.71,2.25
2012.01.30 02:12:38.608,0.9153,0.91547,1.71,2.25
2012.01.30 02:12:39.193,0.9153,0.91547,1.71,2.25
2012.01.30 02:12:39.815,0.9153,0.91547,1.71,2.25
2012.01.30 02:12:40.334,0.9153,0.91545,1.71,2.25
2012.01.30 02:12:40.895,0.91529,0.91547,3.21,2.25
2012.01.30 02:12:49.803,0.91531,0.91544,1.71,2.25
2012.01.30 02:12:50.098,0.91529,0.91547,2.46,2.25
2012.01.30 02:12:50.587,0.91529,0.91547,3.96,2.25
2012.01.30 02:12:51.138,0.91529,0.91547,2.46,2.25
2012.01.30 02:12:51.526,0.91527,0.91545,3.21,2.25
2012.01.30 02:12:51.655,0.91527,0.91545,3.21,2.25
2012.01.30 02:12:52.000,0.91527,0.91545,3.21,2.25
2012.01.30 02:12:52.646,0.91528,0.91546,3.21,2.25
2012.01.30 02:12:53.203,0.91527,0.91545,3.21,2.25
2012.01.30 02:12:53.525,0.91527,0.91545,3.21,2.25
2012.01.30 02:12:53.594,0.91527,0.91545,3.21,2.25
2012.01.30 02:12:54.156,0.91527,0.91545,2.46,2.25
2012.01.30 02:12:54.732,0.91527,0.91545,2.46,2.25
2012.01.30 02:12:55.713,0.91527,0.91545,2.46,2.25
2012.01.30 02:12:56.290,0.91527,0.91545,2.46,2.25
2012.01.30 02:12:58.243,0.91527,0.91545,2.46,2.25
2012.01.30 02:12:58.771,0.91527,0.91545,2.46,2.25
2012.01.30 02:13:01.907,0.91526,0.91544,2.84,2.25
2012.01.30 02:13:02.585,0.91526,0.91543,1.13,2.25
2012.01.30 02:13:03.105,0.91526,0.91544,2.63,2.25
2012.01.30 02:13:04.704,0.91526,0.91544,2.99,2.25
2012.01.30 02:13:05.274,0.91527,0.91543,1.50,2.25
2012.01.30 02:13:12.594,0.91528,0.91546,1.50,2.25
2012.01.30 02:13:13.062,0.91525,0.91541,1.50,2.25
2012.01.30 02:13:13.204,0.91522,0.91539,1.64,2.25
2012.01.30 02:13:13.725,0.91523,0.91541,1.50,2.25
2012.01.30 02:13:14.496,0.91522,0.91538,1.64,2.25
2012.01.30 02:13:15.060,0.91522,0.91538,1.50,2.25
2012.01.30 02:13:22.133,0.9152,0.91538,2.25,2.25
2012.01.30 02:13:22.778,0.91521,0.91539,1.50,2.25
2012.01.30 02:13:23.320,0.9152,0.91538,2.25,2.25
2012.01.30 02:13:24.685,0.91522,0.91538,1.50,2.25
2012.01.30 02:13:25.053,0.9152,0.91538,2.25,2.25
2012.01.30 02:13:27.453,0.91522,0.91538,1.50,2.25
2012.01.30 02:13:29.353,0.9152,0.91538,1.50,2.25
2012.01.30 02:13:31.153,0.91522,0.91538,1.50,2.25
2012.01.30 02:13:32.179,0.91521,0.91537,1.50,2.25
2012.01.30 02:13:34.757,0.9152,0.91538,1.50,2.25
2012.01.30 02:13:35.259,0.91521,0.91539,1.50,2.25
2012.01.30 02:13:45.465,0.91521,0.91539,1.50,2.25
2012.01.30 02:13:45.783,0.91524,0.9154,1.50,2.25
2012.01.30 02:13:50.715,0.91522,0.91538,1.50,2.25
2012.01.30 02:13:53.249,0.91522,0.91538,1.50,2.25
2012.01.30 02:13:53.460,0.9152,0.91538,1.50,2.25
2012.01.30 02:13:53.728,0.91517,0.9153,1.50,1.50
2012.01.30 02:13:53.866,0.91518,0.91532,1.50,1.50
2012.01.30 02:13:54.064,0.91516,0.91532,1.50,2.25
2012.01.30 02:13:54.205,0.91514,0.9153,1.50,2.25
2012.01.30 02:13:54.334,0.91514,0.9153,1.50,2.25
2012.01.30 02:13:54.866,0.91514,0.91532,1.50,3.00
2012.01.30 02:13:55.368,0.9151,0.91528,2.25,2.25
2012.01.30 02:13:55.494,0.9151,0.91528,2.25,2.25
2012.01.30 02:14:02.371,0.91512,0.91528,1.50,2.25
2012.01.30 02:14:02.527,0.91513,0.91531,2.25,2.25
2012.01.30 02:14:02.848,0.91517,0.91533,1.50,2.25
2012.01.30 02:14:02.981,0.91517,0.91533,1.50,2.25
2012.01.30 02:14:03.230,0.91519,0.91534,1.50,1.35
2012.01.30 02:14:03.381,0.91519,0.91537,2.25,2.25
2012.01.30 02:14:03.528,0.91522,0.91538,1.50,2.25
2012.01.30 02:14:03.858,0.91521,0.91539,2.25,2.25
2012.01.30 02:14:05.335,0.91522,0.91538,1.50,2.25
2012.01.30 02:14:07.908,0.91522,0.91538,1.50,2.25
2012.01.30 02:14:13.921,0.91522,0.91538,1.50,2.25
2012.01.30 02:14:14.926,0.91522,0.91538,2.25,2.25
2012.01.30 02:14:15.318,0.91522,0.91538,2.25,2.25
2012.01.30 02:14:16.480,0.91519,0.91534,1.13,2.25
2012.01.30 02:14:17.027,0.91522,0.91538,1.50,2.25
2012.01.30 02:14:17.462,0.9152,0.91538,3.38,2.25
2012.01.30 02:14:18.036,0.91521,0.91537,2.25,2.25
2012.01.30 02:14:19.714,0.91521,0.91537,1.50,2.25
2012.01.30 02:14:26.399,0.91518,0.91534,1.88,2.25
2012.01.30 02:14:26.837,0.91519,0.91535,3.00,2.25
2012.01.30 02:14:33.470,0.9152,0.91536,1.50,2.25
2012.01.30 02:14:33.807,0.91516,0.91533,1.13,2.25
2012.01.30 02:14:34.122,0.91515,0.91533,3.38,2.25
2012.01.30 02:14:34.585,0.91515,0.91533,1.88,2.25
2012.01.30 02:14:35.112,0.91514,0.91531,1.13,2.25
2012.01.30 02:14:40.157,0.91515,0.91531,1.13,2.25
2012.01.30 02:14:40.417,0.91513,0.91529,1.13,2.25
2012.01.30 02:14:40.984,0.91513,0.91529,1.13,2.25
2012.01.30 02:14:41.778,0.91513,0.91529,1.13,2.25
2012.01.30 02:14:42.868,0.91513,0.91527,1.13,2.25
2012.01.30 02:14:43.070,0.91511,0.91527,3.00,2.25
2012.01.30 02:14:43.685,0.91512,0.91528,2.25,2.25
2012.01.30 02:14:44.317,0.91512,0.91527,1.13,2.25
2012.01.30 02:14:44.836,0.91509,0.91525,3.38,2.25
2012.01.30 02:14:45.275,0.91509,0.91526,1.50,2.25
2012.01.30 02:14:45.467,0.91509,0.91526,1.50,2.25
2012.01.30 02:14:45.804,0.91509,0.91526,1.50,2.25
2012.01.30 02:14:46.057,0.9151,0.91526,2.25,2.25
2012.01.30 02:14:46.303,0.9151,0.91526,2.25,2.25
2012.01.30 02:14:46.866,0.9151,0.91526,3.00,2.25
2012.01.30 02:14:47.565,0.9151,0.91526,2.25,2.25
2012.01.30 02:14:47.768,0.9151,0.91526,2.25,2.25
2012.01.30 02:14:48.865,0.9151,0.91526,2.25,2.25
2012.01.30 02:14:49.376,0.9151,0.91526,1.50,2.25
2012.01.30 02:14:49.646,0.91512,0.91528,1.50,2.25
2012.01.30 02:14:49.777,0.91512,0.91528,2.25,2.25
2012.01.30 02:14:51.806,0.91511,0.91527,2.25,2.25
2012.01.30 02:14:54.087,0.91511,0.91529,3.00,2.25
2012.01.30 02:14:54.794,0.91511,0.91529,2.25,2.25
2012.01.30 02:14:55.354,0.91511,0.91529,3.00,2.25
2012.01.30 02:14:56.163,0.91511,0.91529,2.25,2.25
2012.01.30 02:14:56.748,0.91511,0.91529,2.25,2.25
2012.01.30 02:14:57.284,0.91511,0.91529,3.00,2.25
2012.01.30 02:14:58.133,0.91511,0.91529,2.25,2.25
2012.01.30 02:14:58.307,0.91511,0.91529,2.25,2.25
2012.01.30 02:14:59.063,0.91511,0.91529,2.25,2.25
2012.01.30 02:14:59.613,0.91511,0.91529,2.25,2.25
2012.01.30 02:15:00.143,0.91511,0.91529,2.25,2.25
2012.01.30 02:15:00.942,0.91511,0.91529,2.25,2.25
2012.01.30 02:15:01.133,0.91511,0.91529,2.25,2.25
2012.01.30 02:15:01.673,0.91511,0.91529,3.00,2.25
2012.01.30 02:15:05.966,0.91511,0.91529,2.25,2.25
2012.01.30 02:15:08.223,0.9151,0.91528,3.75,2.25
2012.01.30 02:15:17.887,0.91512,0.91528,1.50,2.25
2012.01.30 02:15:20.110,0.91511,0.91527,2.25,2.25
2012.01.30 02:15:20.625,0.91512,0.91528,1.50,2.25
2012.01.30 02:15:21.274,0.91511,0.91529,2.25,2.25
2012.01.30 02:15:26.782,0.9151,0.91528,2.25,2.25
2012.01.30 02:15:40.665,0.91511,0.91529,2.25,2.25
2012.01.30 02:15:40.808,0.91513,0.91531,2.25,2.25
2012.01.30 02:15:41.133,0.91513,0.91531,2.25,2.25
2012.01.30 02:15:41.263,0.91513,0.91531,2.25,2.25
2012.01.30 02:15:41.897,0.91513,0.91531,2.25,2.25
2012.01.30 02:15:42.454,0.91513,0.91531,3.00,2.25
2012.01.30 02:15:42.656,0.91513,0.91531,3.00,2.25
2012.01.30 02:15:43.297,0.91514,0.91532,1.50,2.25
2012.01.30 02:15:43.854,0.91514,0.9153,2.25,2.25
2012.01.30 02:15:48.021,0.91513,0.91531,3.38,2.25
2012.01.30 02:15:48.928,0.91513,0.91531,3.00,2.25
2012.01.30 02:15:49.485,0.91513,0.91531,2.25,2.25
2012.01.30 02:15:49.695,0.91515,0.91531,1.50,2.25
2012.01.30 02:15:50.204,0.91513,0.91531,3.00,2.25
2012.01.30 02:15:50.737,0.91513,0.91531,2.25,2.25
2012.01.30 02:15:50.999,0.91511,0.91529,1.50,2.25
2012.01.30 02:15:53.973,0.91511,0.91529,1.50,2.25
2012.01.30 02:15:59.462,0.91511,0.91529,3.38,2.25
2012.01.30 02:16:14.242,0.91511,0.91529,1.50,2.25
2012.01.30 02:16:14.786,0.91509,0.91525,2.25,2.25
2012.01.30 02:16:15.135,0.91509,0.91525,1.50,2.25
2012.01.30 02:16:15.209,0.91505,0.91523,2.25,2.25
2012.01.30 02:16:15.648,0.91505,0.91523,1.50,2.25
2012.01.30 02:16:15.717,0.91503,0.91519,1.50,2.25
2012.01.30 02:16:16.244,0.91502,0.9152,2.25,2.25
2012.01.30 02:16:16.445,0.915,0.91518,1.50,2.25
2012.01.30 02:16:16.965,0.915,0.91518,2.25,2.25
2012.01.30 02:16:18.874,0.915,0.91518,1.50,2.25
2012.01.30 02:16:19.383,0.915,0.91518,2.25,2.25
2012.01.30 02:16:25.533,0.915,0.91518,2.25,2.25
2012.01.30 02:16:25.888,0.91504,0.9152,1.50,2.25
2012.01.30 02:16:30.714,0.91504,0.9152,1.50,2.25
2012.01.30 02:16:32.305,0.915,0.91516,2.63,1.50
2012.01.30 02:16:34.276,0.915,0.91516,2.63,1.50
2012.01.30 02:16:36.026,0.915,0.91516,2.63,1.50
2012.01.30 02:16:36.101,0.91502,0.91518,1.50,2.25
2012.01.30 02:16:36.436,0.91498,0.91514,3.00,2.25
2012.01.30 02:16:36.766,0.91498,0.91514,1.50,2.25
2012.01.30 02:16:37.317,0.91496,0.91512,3.38,2.25
2012.01.30 02:16:37.853,0.91496,0.91512,2.63,2.25
2012.01.30 02:16:38.367,0.91496,0.91512,2.63,2.25
2012.01.30 02:16:38.694,0.915,0.91516,1.50,2.25
2012.01.30 02:16:38.902,0.915,0.91516,2.63,2.25
2012.01.30 02:16:39.414,0.91501,0.91519,2.63,2.25
2012.01.30 02:16:40.170,0.91501,0.91516,1.13,1.50
2012.01.30 02:16:40.776,0.91502,0.91518,1.50,2.25
2012.01.30 02:16:49.105,0.915,0.91517,1.88,2.25
2012.01.30 02:16:50.736,0.91502,0.91518,1.50,2.25
2012.01.30 02:16:54.215,0.91503,0.91519,1.50,2.25
2012.01.30 02:16:54.779,0.91502,0.91518,1.50,2.25
2012.01.30 02:16:55.377,0.91502,0.91518,1.50,2.25
2012.01.30 02:17:03.751,0.915,0.91517,1.50,2.25
2012.01.30 02:17:04.216,0.91499,0.91517,2.25,2.25
2012.01.30 02:17:11.852,0.91498,0.91516,3.38,2.25
2012.01.30 02:17:12.947,0.91498,0.91516,2.25,2.25
2012.01.30 02:17:15.344,0.91496,0.91514,2.25,2.25
2012.01.30 02:17:15.658,0.91494,0.9151,2.25,1.50
2012.01.30 02:17:16.398,0.91491,0.91509,2.55,1.50
2012.01.30 02:17:16.586,0.91492,0.9151,2.25,2.25
2012.01.30 02:17:16.839,0.91491,0.91509,2.55,2.25
2012.01.30 02:17:17.276,0.91491,0.91506,1.05,1.50
2012.01.30 02:17:17.605,0.91489,0.91505,2.25,2.25
2012.01.30 02:17:18.169,0.91489,0.91505,2.25,2.25
2012.01.30 02:17:18.487,0.91489,0.91505,2.25,1.50
2012.01.30 02:17:19.025,0.91489,0.91507,2.25,2.25
2012.01.30 02:17:22.625,0.91491,0.91509,1.50,2.25
2012.01.30 02:17:23.423,0.9149,0.91506,2.25,2.25
2012.01.30 02:17:24.296,0.9149,0.91506,3.21,1.50
2012.01.30 02:17:24.798,0.91492,0.91508,2.25,2.25
2012.01.30 02:17:27.569,0.91494,0.91512,2.25,2.25
2012.01.30 02:17:36.130,0.91493,0.91509,2.25,2.25
2012.01.30 02:17:39.256,0.91493,0.91509,2.25,2.25
2012.01.30 02:17:39.765,0.91495,0.91511,1.50,2.25
2012.01.30 02:17:40.305,0.91494,0.9151,1.50,2.25
2012.01.30 02:17:43.537,0.91494,0.9151,1.50,2.25
2012.01.30 02:17:43.605,0.91491,0.91509,2.25,2.25
2012.01.30 02:17:43.675,0.91493,0.91509,1.50,2.25
2012.01.30 02:17:43.903,0.91493,0.91509,1.50,2.25
2012.01.30 02:17:44.453,0.91492,0.91508,2.25,2.25
2012.01.30 02:17:44.954,0.91493,0.91509,1.50,2.25
2012.01.30 02:17:49.627,0.91492,0.91508,2.25,2.25
2012.01.30 02:17:54.363,0.91492,0.91508,1.50,2.25
2012.01.30 02:17:54.645,0.91489,0.91507,2.25,2.25
2012.01.30 02:17:55.161,0.91491,0.91509,1.50,2.25
2012.01.30 02:17:57.860,0.91493,0.91509,1.50,2.25
2012.01.30 02:17:58.414,0.91491,0.91509,3.00,2.25
2012.01.30 02:17:58.953,0.91491,0.91509,2.25,2.25
2012.01.30 02:18:00.474,0.91491,0.91509,3.00,2.25
2012.01.30 02:18:00.786,0.91493,0.91511,2.25,2.25
2012.01.30 02:18:01.733,0.91495,0.91511,1.50,2.25
2012.01.30 02:18:02.268,0.91494,0.9151,2.25,2.25
2012.01.30 02:18:03.325,0.91493,0.91509,1.50,2.25
2012.01.30 02:18:03.654,0.91493,0.91509,1.50,2.25
2012.01.30 02:18:03.844,0.91486,0.91504,2.46,2.25
2012.01.30 02:18:04.214,0.91486,0.91504,2.40,2.25
2012.01.30 02:18:06.215,0.91486,0.91504,3.15,2.25
2012.01.30 02:18:06.285,0.91488,0.91504,2.25,2.25
2012.01.30 02:18:06.793,0.91488,0.91504,2.25,2.25
2012.01.30 02:18:07.355,0.91488,0.91504,2.25,2.25
2012.01.30 02:18:07.604,0.91491,0.91507,1.50,2.25
2012.01.30 02:18:08.163,0.91492,0.9151,2.25,2.25
2012.01.30 02:18:09.974,0.91493,0.91509,1.50,2.25
2012.01.30 02:18:10.624,0.91493,0.91509,1.50,2.25
2012.01.30 02:18:10.874,0.91491,0.91509,1.50,2.25
2012.01.30 02:18:13.143,0.91491,0.91509,2.25,2.25
2012.01.30 02:18:14.338,0.91493,0.91509,1.50,2.25
2012.01.30 02:18:14.988,0.91491,0.91507,2.25,2.25
2012.01.30 02:18:15.535,0.91488,0.91506,3.00,2.25
2012.01.30 02:18:17.717,0.9149,0.91506,2.25,2.25
2012.01.30 02:18:18.264,0.9149,0.91506,3.00,2.25
2012.01.30 02:18:18.693,0.9149,0.91506,3.00,2.25
2012.01.30 02:18:19.214,0.9149,0.91506,3.00,2.25
2012.01.30 02:18:19.732,0.9149,0.91506,3.00,2.25
2012.01.30 02:18:19.802,0.9149,0.91506,3.00,2.25
2012.01.30 02:18:24.848,0.91492,0.91508,1.50,2.25
2012.01.30 02:18:31.166,0.91494,0.91512,1.50,2.25
2012.01.30 02:18:31.473,0.91497,0.91513,1.50,2.25
2012.01.30 02:18:33.535,0.91495,0.91511,2.25,2.25
2012.01.30 02:18:36.776,0.91497,0.91513,1.50,2.25
2012.01.30 02:18:37.313,0.91497,0.91513,1.50,2.25
2012.01.30 02:18:39.056,0.91498,0.91514,1.50,2.25
2012.01.30 02:18:39.665,0.91498,0.91514,1.50,2.25
2012.01.30 02:18:40.737,0.915,0.91516,1.50,2.25
2012.01.30 02:18:40.865,0.91494,0.91512,3.00,2.25
2012.01.30 02:18:40.935,0.91493,0.91509,2.25,2.25
2012.01.30 02:18:41.076,0.91491,0.91509,1.65,2.25
2012.01.30 02:18:41.208,0.91491,0.91509,2.40,2.25
2012.01.30 02:18:41.352,0.91492,0.9151,1.88,2.25
2012.01.30 02:18:41.427,0.91495,0.91513,2.25,2.25
2012.01.30 02:18:41.640,0.91497,0.91515,2.40,2.25
2012.01.30 02:18:41.996,0.915,0.91516,1.50,2.25
2012.01.30 02:18:42.548,0.91499,0.91515,2.46,2.25
2012.01.30 02:18:42.866,0.91504,0.91522,1.50,2.25
2012.01.30 02:18:43.000,0.91504,0.91522,1.50,2.25
2012.01.30 02:18:45.339,0.91505,0.91521,1.50,2.25
2012.01.30 02:18:45.599,0.91507,0.91523,1.50,2.25
2012.01.30 02:18:45.670,0.91507,0.91523,1.50,2.25
2012.01.30 02:18:45.795,0.9151,0.91525,1.50,1.13
2012.01.30 02:18:46.310,0.9151,0.91528,1.50,2.63
2012.01.30 02:18:47.990,0.9151,0.91528,1.50,2.25
2012.01.30 02:18:49.029,0.9151,0.91528,1.50,2.25
2012.01.30 02:18:50.514,0.91504,0.91524,1.88,1.35
2012.01.30 02:18:50.587,0.91503,0.91518,2.25,2.25
2012.01.30 02:18:50.775,0.91502,0.91518,1.50,2.25
2012.01.30 02:18:50.919,0.915,0.91516,2.25,2.25
2012.01.30 02:18:51.664,0.91498,0.91516,2.46,2.25
2012.01.30 02:18:54.147,0.915,0.91516,2.25,2.25
2012.01.30 02:18:54.335,0.91504,0.91522,1.50,2.25
2012.01.30 02:18:54.525,0.91504,0.91522,1.50,2.25
2012.01.30 02:18:55.383,0.91506,0.91524,1.50,3.00
2012.01.30 02:18:55.935,0.91506,0.91524,1.50,2.25
2012.01.30 02:19:02.245,0.91506,0.91524,1.50,2.25
2012.01.30 02:19:02.377,0.91508,0.91526,1.50,2.25
2012.01.30 02:19:02.950,0.91508,0.91526,1.50,2.25
2012.01.30 02:19:03.273,0.91507,0.91523,1.50,2.25
2012.01.30 02:19:03.795,0.91507,0.91523,1.50,2.25
2012.01.30 02:19:04.434,0.91507,0.91523,1.50,2.25
2012.01.30 02:19:05.044,0.91505,0.91523,2.25,2.25
2012.01.30 02:19:05.234,0.91505,0.91523,2.25,2.25
2012.01.30 02:19:08.004,0.91505,0.91523,2.25,2.25
2012.01.30 02:19:12.554,0.91507,0.91523,1.50,2.25
2012.01.30 02:19:13.174,0.91505,0.91523,2.25,2.25
2012.01.30 02:19:15.025,0.91507,0.91523,1.50,2.25
2012.01.30 02:19:17.901,0.91505,0.91523,2.25,2.25
2012.01.30 02:19:19.294,0.91506,0.91522,1.50,2.25
2012.01.30 02:19:19.896,0.91507,0.91523,1.50,2.25
2012.01.30 02:19:22.627,0.91506,0.91522,1.50,2.25
2012.01.30 02:19:27.142,0.91507,0.91523,1.50,2.25
2012.01.30 02:19:33.165,0.91508,0.91526,1.50,2.25
2012.01.30 02:19:37.103,0.91505,0.91522,1.50,2.25
2012.01.30 02:19:37.618,0.91505,0.91521,3.00,2.25
2012.01.30 02:19:38.126,0.91506,0.91524,1.50,2.25
2012.01.30 02:19:38.674,0.91505,0.91523,3.00,2.25
2012.01.30 02:19:41.045,0.91505,0.91523,3.00,2.25
2012.01.30 02:19:41.444,0.91507,0.91525,2.25,2.25
2012.01.30 02:19:46.384,0.91507,0.91521,2.25,1.50
2012.01.30 02:19:46.600,0.91507,0.91521,2.25,3.00
2012.01.30 02:19:46.684,0.91498,0.91524,3.00,1.50
2012.01.30 02:19:46.757,0.91498,0.91524,4.50,1.50
2012.01.30 02:19:46.897,0.91496,0.91525,1.49,3.00
2012.01.30 02:19:46.967,0.915,0.91512,1.71,1.50
2012.01.30 02:19:47.037,0.915,0.91516,3.21,2.25
2012.01.30 02:19:47.165,0.915,0.91516,3.21,1.50
2012.01.30 02:19:47.537,0.915,0.91518,3.38,2.25
2012.01.30 02:19:47.668,0.915,0.91518,3.38,2.25
2012.01.30 02:19:49.866,0.915,0.91518,3.38,2.25
2012.01.30 02:19:50.378,0.915,0.91518,2.46,2.25
2012.01.30 02:19:50.445,0.915,0.91518,2.46,2.25
2012.01.30 02:19:51.924,0.915,0.91516,1.50,1.50
2012.01.30 02:19:52.485,0.91498,0.91516,2.25,2.25
2012.01.30 02:19:55.477,0.91496,0.91511,1.34,1.50
2012.01.30 02:19:56.598,0.91496,0.9151,1.34,1.50
2012.01.30 02:19:57.116,0.91496,0.9151,1.34,1.50
2012.01.30 02:19:57.315,0.91494,0.91509,1.80,1.50
2012.01.30 02:19:57.838,0.91492,0.91509,1.28,2.25
2012.01.30 02:19:58.199,0.91491,0.91507,1.05,1.50
2012.01.30 02:19:58.328,0.9149,0.91505,1.05,2.25
2012.01.30 02:19:58.836,0.9149,0.91505,1.05,2.25
2012.01.30 02:19:59.385,0.91489,0.91506,1.05,2.25
2012.01.30 02:20:00.978,0.91484,0.91499,1.80,2.25
2012.01.30 02:20:01.044,0.91482,0.91498,3.00,2.25
2012.01.30 02:20:01.175,0.91482,0.91498,2.25,2.25
2012.01.30 02:20:01.686,0.91482,0.915,3.00,2.25
2012.01.30 02:20:01.893,0.91482,0.915,3.00,2.25
2012.01.30 02:20:02.166,0.91482,0.915,3.00,2.25
2012.01.30 02:20:03.516,0.91482,0.91499,1.50,1.50
2012.01.30 02:20:03.825,0.91482,0.91496,1.50,1.50
2012.01.30 02:20:04.145,0.91482,0.91497,1.50,1.50
2012.01.30 02:20:05.235,0.91479,0.91497,3.00,1.50
2012.01.30 02:20:05.305,0.91483,0.91499,2.25,1.50
2012.01.30 02:20:05.494,0.91483,0.91499,2.25,1.50
2012.01.30 02:20:06.065,0.91482,0.91498,2.46,1.50
2012.01.30 02:20:06.768,0.91482,0.915,2.46,2.25
2012.01.30 02:20:06.953,0.91482,0.915,2.46,1.50
2012.01.30 02:20:07.514,0.91482,0.91498,2.25,1.50
2012.01.30 02:20:08.778,0.91482,0.915,2.63,1.50
2012.01.30 02:20:17.809,0.91489,0.91504,3.00,1.13
2012.01.30 02:20:18.053,0.91489,0.91505,4.50,2.25
2012.01.30 02:20:18.197,0.91488,0.91501,1.13,1.50
2012.01.30 02:20:18.269,0.91489,0.91504,1.11,1.50
2012.01.30 02:20:18.340,0.91492,0.91504,1.50,1.50
2012.01.30 02:20:18.669,0.91492,0.91514,1.50,2.25
2012.01.30 02:20:18.998,0.91491,0.91503,1.50,1.50
2012.01.30 02:20:19.447,0.91492,0.91505,1.50,1.50
2012.01.30 02:20:23.336,0.91492,0.91505,1.50,1.50
2012.01.30 02:20:23.884,0.91492,0.91504,1.50,1.50
2012.01.30 02:20:24.447,0.91491,0.91503,1.50,1.50
2012.01.30 02:20:26.014,0.91489,0.91503,1.50,1.50
2012.01.30 02:20:27.064,0.91489,0.91503,1.65,1.50
2012.01.30 02:20:27.135,0.91489,0.91501,1.65,1.50
2012.01.30 02:20:27.683,0.91489,0.91502,1.65,1.50
2012.01.30 02:20:28.526,0.91489,0.91505,3.15,1.50
2012.01.30 02:20:28.726,0.91489,0.91503,1.65,1.50
2012.01.30 02:20:28.869,0.9149,0.91506,1.50,1.50
2012.01.30 02:20:28.936,0.9149,0.91504,1.50,1.50
2012.01.30 02:20:29.438,0.9149,0.91505,1.50,1.50
2012.01.30 02:20:30.004,0.9149,0.91503,1.50,1.50
2012.01.30 02:20:30.194,0.9149,0.91505,1.50,1.50
2012.01.30 02:20:30.780,0.9149,0.91504,1.50,1.50
2012.01.30 02:20:31.363,0.9149,0.91505,1.50,1.50
2012.01.30 02:20:32.304,0.9149,0.91505,1.50,1.50
2012.01.30 02:20:32.662,0.9149,0.91504,1.50,1.50
2012.01.30 02:20:34.751,0.91489,0.91504,1.50,1.50
2012.01.30 02:20:35.274,0.91489,0.91504,1.50,1.50
2012.01.30 02:20:35.841,0.91489,0.91504,1.50,1.50
2012.01.30 02:20:36.395,0.91489,0.91504,1.50,1.50
2012.01.30 02:20:37.963,0.9149,0.91504,1.50,1.50
2012.01.30 02:20:38.523,0.9149,0.91505,1.50,1.50
2012.01.30 02:20:39.654,0.91488,0.91504,1.49,1.50
2012.01.30 02:20:39.785,0.91488,0.91502,1.13,1.50
2012.01.30 02:20:42.795,0.91484,0.91502,3.38,1.50
2012.01.30 02:20:43.487,0.91483,0.91499,2.55,1.50
2012.01.30 02:20:43.561,0.91483,0.91499,2.55,1.50
2012.01.30 02:20:43.769,0.91483,0.91497,1.05,1.50
2012.01.30 02:20:44.305,0.9148,0.91498,2.40,1.50
2012.01.30 02:20:44.625,0.9148,0.91496,2.40,1.50
2012.01.30 02:20:45.284,0.9148,0.91496,2.40,1.50
2012.01.30 02:20:45.808,0.91481,0.91497,2.25,1.50
2012.01.30 02:20:46.210,0.91482,0.915,2.25,1.50
2012.01.30 02:20:46.337,0.9148,0.91498,2.25,1.50
2012.01.30 02:20:46.821,0.91482,0.91498,2.25,1.50
2012.01.30 02:20:47.369,0.9148,0.91496,2.61,1.50
2012.01.30 02:20:48.092,0.9148,0.91498,2.61,1.50
2012.01.30 02:20:48.654,0.9148,0.91498,2.46,1.50
2012.01.30 02:20:49.024,0.9148,0.91496,2.46,1.50
2012.01.30 02:20:49.567,0.9148,0.91496,2.25,1.50
2012.01.30 02:20:49.698,0.9148,0.91498,2.25,1.50
2012.01.30 02:20:50.245,0.91479,0.91497,2.25,1.50
2012.01.30 02:20:51.026,0.9148,0.91498,2.25,1.50
2012.01.30 02:20:51.805,0.91479,0.91497,2.25,1.50
2012.01.30 02:20:53.295,0.91481,0.91497,2.25,1.50
2012.01.30 02:20:53.603,0.91481,0.91497,2.25,1.50
2012.01.30 02:20:53.854,0.91483,0.91499,2.25,1.50
2012.01.30 02:20:57.670,0.91482,0.91498,1.50,1.50
2012.01.30 02:20:59.304,0.91482,0.91498,1.50,1.50
2012.01.30 02:21:01.346,0.91482,0.91498,1.50,1.50
2012.01.30 02:21:01.514,0.91482,0.91498,1.50,1.50
2012.01.30 02:21:03.334,0.91482,0.91498,1.50,1.50
2012.01.30 02:21:05.424,0.91485,0.91498,1.50,1.50
2012.01.30 02:21:06.807,0.91485,0.91498,1.50,1.50
2012.01.30 02:21:07.368,0.9148,0.91497,1.50,1.50
2012.01.30 02:21:07.576,0.9148,0.91497,1.50,1.50
2012.01.30 02:21:08.697,0.9148,0.91498,4.11,1.50
2012.01.30 02:21:08.767,0.91483,0.91501,2.63,1.50
2012.01.30 02:21:08.955,0.91483,0.91501,2.25,1.50
2012.01.30 02:21:09.276,0.91483,0.91501,2.25,1.50
2012.01.30 02:21:13.683,0.91482,0.91498,3.21,1.50
2012.01.30 02:21:14.690,0.91485,0.91502,1.88,1.50
2012.01.30 02:21:15.017,0.91486,0.91502,2.25,1.50
2012.01.30 02:21:15.530,0.91488,0.91504,2.25,1.50
2012.01.30 02:21:15.599,0.91486,0.91504,2.63,1.50
2012.01.30 02:21:16.124,0.91487,0.91504,1.13,1.50
2012.01.30 02:21:16.747,0.91486,0.91504,2.63,1.50
2012.01.30 02:21:17.348,0.91487,0.91505,2.25,1.50
2012.01.30 02:21:17.995,0.91486,0.91504,2.25,1.50
2012.01.30 02:21:22.324,0.91487,0.91503,2.25,1.50
2012.01.30 02:21:26.454,0.91487,0.91503,2.25,1.50
2012.01.30 02:21:27.108,0.91485,0.91501,2.25,1.50
2012.01.30 02:21:27.430,0.91484,0.91502,2.25,1.50
2012.01.30 02:21:27.637,0.91485,0.91501,2.25,1.50
2012.01.30 02:21:27.959,0.91485,0.91501,2.25,1.50
2012.01.30 02:21:28.484,0.91484,0.91502,2.25,1.50
2012.01.30 02:21:29.043,0.91487,0.91503,2.25,1.50
2012.01.30 02:21:29.564,0.91487,0.91503,2.25,1.50
2012.01.30 02:21:29.708,0.91487,0.91503,2.25,1.50
2012.01.30 02:21:29.778,0.91487,0.91505,2.25,1.50
2012.01.30 02:21:29.850,0.91483,0.915,1.50,1.50
2012.01.30 02:21:29.975,0.91482,0.915,2.25,1.50
2012.01.30 02:21:30.524,0.91482,0.915,2.25,1.50
2012.01.30 02:21:35.684,0.91482,0.915,2.25,1.50
2012.01.30 02:21:35.874,0.91482,0.915,2.25,1.50
2012.01.30 02:21:36.423,0.91482,0.915,2.25,1.50
2012.01.30 02:21:36.975,0.91482,0.915,2.25,1.50
2012.01.30 02:21:37.677,0.91482,0.915,2.25,1.50
2012.01.30 02:21:41.328,0.91482,0.91498,2.25,1.50
2012.01.30 02:21:41.395,0.91482,0.91498,2.25,2.25
2012.01.30 02:21:41.904,0.9148,0.91496,2.25,1.50
2012.01.30 02:21:42.584,0.91479,0.91497,2.25,3.75
2012.01.30 02:21:42.776,0.91478,0.91494,2.25,1.50
2012.01.30 02:21:45.307,0.9148,0.91496,2.25,1.50
2012.01.30 02:21:48.607,0.91478,0.91494,2.25,1.50
2012.01.30 02:21:49.004,0.91479,0.91497,2.25,2.25
2012.01.30 02:21:49.505,0.9148,0.91498,3.00,1.50
2012.01.30 02:21:52.677,0.9148,0.91496,3.00,1.50
2012.01.30 02:21:52.937,0.9148,0.91496,2.25,1.50
2012.01.30 02:21:53.696,0.91481,0.91497,2.25,1.50
2012.01.30 02:21:54.427,0.9148,0.91498,2.25,1.88
2012.01.30 02:21:54.735,0.9148,0.91496,2.25,1.50
2012.01.30 02:21:56.261,0.91481,0.91497,2.25,1.50
2012.01.30 02:21:56.808,0.9148,0.91496,2.25,1.50
2012.01.30 02:21:57.117,0.9148,0.91498,2.25,1.50
2012.01.30 02:21:58.545,0.91479,0.91497,2.25,1.50
2012.01.30 02:21:59.234,0.9148,0.91496,2.25,1.50
2012.01.30 02:21:59.366,0.9148,0.91498,2.25,1.50
2012.01.30 02:21:59.788,0.9148,0.91496,2.25,1.50
2012.01.30 02:22:00.116,0.9148,0.91498,2.25,1.50
2012.01.30 02:22:00.495,0.9148,0.91496,2.25,1.50
2012.01.30 02:22:00.975,0.9148,0.91498,2.25,1.50
2012.01.30 02:22:01.534,0.91479,0.91497,2.25,1.50
2012.01.30 02:22:03.997,0.9148,0.91498,2.25,1.50
2012.01.30 02:22:04.525,0.91483,0.91499,2.25,1.50
2012.01.30 02:22:07.615,0.91483,0.91499,2.25,1.50
2012.01.30 02:22:07.691,0.91484,0.91502,2.25,1.50
2012.01.30 02:22:15.017,0.91484,0.91502,2.25,1.50
2012.01.30 02:22:15.211,0.91483,0.91499,2.25,1.50
2012.01.30 02:22:16.267,0.91483,0.91499,2.25,1.50
2012.01.30 02:22:16.798,0.91483,0.91499,2.25,1.50
2012.01.30 02:22:20.158,0.91481,0.91497,2.25,1.50
2012.01.30 02:22:20.663,0.91481,0.91497,2.25,1.50
2012.01.30 02:22:21.185,0.91481,0.91497,2.25,1.50
2012.01.30 02:22:21.726,0.91481,0.91497,2.25,1.50
2012.01.30 02:22:22.064,0.91481,0.91497,2.25,1.50
2012.01.30 02:22:22.583,0.91481,0.91497,2.25,1.50
2012.01.30 02:22:23.156,0.91483,0.91499,2.25,1.50
2012.01.30 02:22:26.876,0.91482,0.91498,2.25,1.50
2012.01.30 02:22:30.137,0.91481,0.91497,2.25,1.50
2012.01.30 02:22:30.698,0.91483,0.91499,2.25,1.50
2012.01.30 02:22:31.039,0.91484,0.91502,2.25,2.63
2012.01.30 02:22:31.546,0.91484,0.91502,2.25,2.63
2012.01.30 02:22:32.078,0.91484,0.91501,2.25,1.13
2012.01.30 02:22:32.586,0.91482,0.915,2.25,1.50
2012.01.30 02:22:35.245,0.91485,0.91501,2.25,2.25
2012.01.30 02:22:35.748,0.91483,0.91499,2.25,1.50
2012.01.30 02:22:35.937,0.91484,0.91502,2.25,1.50
2012.01.30 02:22:36.904,0.91484,0.91502,2.25,1.50
2012.01.30 02:22:37.312,0.91483,0.91499,2.25,1.50
2012.01.30 02:22:37.647,0.91484,0.91502,2.25,1.88
2012.01.30 02:22:38.156,0.91484,0.91502,2.25,2.63
2012.01.30 02:22:38.714,0.91484,0.91502,2.25,2.25
2012.01.30 02:22:40.584,0.91484,0.91502,2.25,2.63
2012.01.30 02:22:41.092,0.91484,0.91502,2.25,1.88
2012.01.30 02:22:41.742,0.91484,0.91501,2.25,1.13
2012.01.30 02:22:42.101,0.91482,0.915,2.25,1.50
2012.01.30 02:22:42.448,0.91484,0.91502,2.25,1.88
2012.01.30 02:22:42.966,0.91484,0.91502,2.25,2.63
2012.01.30 02:22:43.518,0.91484,0.91502,2.25,2.63
2012.01.30 02:22:44.145,0.91482,0.915,2.25,1.88
2012.01.30 02:22:44.694,0.91482,0.915,2.25,1.88
2012.01.30 02:22:45.186,0.91485,0.91501,2.25,2.25
2012.01.30 02:22:45.378,0.91485,0.91501,2.25,1.50
2012.01.30 02:22:45.576,0.91485,0.91501,2.25,1.50
2012.01.30 02:22:46.111,0.91485,0.91501,2.25,2.63
2012.01.30 02:22:46.672,0.91482,0.915,2.25,1.88
2012.01.30 02:22:47.206,0.91482,0.915,2.25,1.50
2012.01.30 02:22:47.747,0.91485,0.91501,2.25,2.63
2012.01.30 02:22:48.087,0.91481,0.91499,2.25,1.50
2012.01.30 02:22:48.426,0.91479,0.91497,2.25,1.50
2012.01.30 02:22:48.968,0.91479,0.91497,2.25,1.50
2012.01.30 02:22:50.430,0.91479,0.91497,2.25,1.50
2012.01.30 02:22:53.214,0.91479,0.91497,2.25,1.50
2012.01.30 02:22:54.275,0.9148,0.91498,2.25,1.50
2012.01.30 02:22:59.885,0.91483,0.91499,2.25,1.50
2012.01.30 02:23:00.403,0.91482,0.91498,2.25,1.50
2012.01.30 02:23:00.750,0.91476,0.91494,2.25,1.50
2012.01.30 02:23:00.998,0.91479,0.91497,2.25,2.25
2012.01.30 02:23:01.504,0.9148,0.91498,2.25,1.50
2012.01.30 02:23:01.938,0.9148,0.91498,2.25,1.50
2012.01.30 02:23:05.004,0.9148,0.91498,2.25,1.50
2012.01.30 02:23:05.647,0.9148,0.91496,2.25,1.50
2012.01.30 02:23:06.195,0.9148,0.91496,2.25,1.50
2012.01.30 02:23:08.897,0.91481,0.91497,2.25,1.50
2012.01.30 02:23:09.237,0.91478,0.91496,2.25,2.25
2012.01.30 02:23:09.564,0.91478,0.91496,2.25,1.50
2012.01.30 02:23:10.373,0.91478,0.91496,2.25,1.50
2012.01.30 02:23:11.909,0.91481,0.91497,2.25,1.50
2012.01.30 02:23:12.283,0.91483,0.91499,2.25,1.50
2012.01.30 02:23:18.708,0.91482,0.915,2.25,1.50
2012.01.30 02:23:19.277,0.91482,0.915,2.25,1.50
2012.01.30 02:23:19.938,0.91482,0.915,2.25,1.50
2012.01.30 02:23:20.486,0.91482,0.915,2.25,1.50
2012.01.30 02:23:32.107,0.91482,0.915,2.25,2.25
2012.01.30 02:23:32.179,0.91482,0.91498,2.25,1.50
2012.01.30 02:23:32.725,0.91483,0.91499,2.25,1.50
2012.01.30 02:23:37.038,0.91483,0.91499,2.25,1.50
2012.01.30 02:23:40.627,0.91482,0.91498,2.25,1.50
2012.01.30 02:23:58.383,0.91482,0.915,2.25,2.25
2012.01.30 02:24:10.414,0.91482,0.915,2.25,2.25
2012.01.30 02:24:14.155,0.91481,0.91499,2.25,2.25
2012.01.30 02:24:14.704,0.91479,0.91497,2.25,1.50
2012.01.30 02:24:15.254,0.91481,0.91497,2.25,2.25
2012.01.30 02:24:17.534,0.91477,0.91493,2.25,1.50
2012.01.30 02:24:18.041,0.91478,0.91494,2.25,1.50
2012.01.30 02:24:19.616,0.9148,0.91497,1.50,1.50
2012.01.30 02:24:20.124,0.9148,0.91496,2.25,1.50
2012.01.30 02:24:20.315,0.91478,0.91494,2.25,1.50
2012.01.30 02:24:22.999,0.91478,0.91494,2.25,1.50
2012.01.30 02:24:33.305,0.91478,0.91494,2.25,2.25
2012.01.30 02:24:36.725,0.91477,0.91493,2.25,2.25
2012.01.30 02:24:36.977,0.91477,0.91493,1.50,2.25
2012.01.30 02:24:37.535,0.91476,0.91492,2.25,2.25
2012.01.30 02:24:39.954,0.91476,0.91492,1.50,2.25
2012.01.30 02:24:49.697,0.91478,0.91494,1.50,2.25
2012.01.30 02:24:49.771,0.9148,0.91496,1.50,2.63
2012.01.30 02:24:50.039,0.91483,0.91499,1.50,2.25
2012.01.30 02:24:50.564,0.91484,0.91502,1.50,2.25
2012.01.30 02:24:50.818,0.91484,0.91502,2.25,2.25
2012.01.30 02:24:50.890,0.91485,0.91503,2.25,2.25
2012.01.30 02:24:51.538,0.91488,0.91504,1.50,2.25
2012.01.30 02:24:52.049,0.91486,0.91504,2.25,2.25
2012.01.30 02:24:52.678,0.91484,0.91502,2.25,2.25
2012.01.30 02:24:53.734,0.91484,0.91502,2.25,2.25
2012.01.30 02:24:56.405,0.91484,0.91502,1.50,2.25
2012.01.30 02:24:57.034,0.91483,0.91499,1.50,2.25
2012.01.30 02:25:00.258,0.91483,0.91499,2.25,2.25
2012.01.30 02:25:00.468,0.9148,0.91496,2.25,1.50
2012.01.30 02:25:00.538,0.9148,0.91496,2.25,2.25
2012.01.30 02:25:08.601,0.9148,0.91498,2.25,2.25
2012.01.30 02:25:11.297,0.91481,0.91499,1.50,2.25
2012.01.30 02:25:11.372,0.91481,0.91499,2.25,2.25
2012.01.30 02:25:11.768,0.91486,0.91502,1.50,2.25
2012.01.30 02:25:12.109,0.91488,0.91504,2.25,2.25
2012.01.30 02:25:12.373,0.91489,0.91505,2.25,2.25
2012.01.30 02:25:18.425,0.9149,0.91506,1.50,2.25
2012.01.30 02:25:21.106,0.91489,0.91505,2.25,2.25
2012.01.30 02:25:23.359,0.91489,0.91507,1.50,2.25
2012.01.30 02:25:23.865,0.91486,0.91504,2.25,2.25
2012.01.30 02:25:25.295,0.91485,0.91501,2.25,1.50
2012.01.30 02:25:25.558,0.91485,0.91501,2.25,2.25
2012.01.30 02:25:26.539,0.91482,0.915,2.25,2.25
2012.01.30 02:25:26.801,0.91482,0.915,2.25,2.25
2012.01.30 02:25:28.335,0.91481,0.91496,1.50,1.50
2012.01.30 02:25:28.658,0.91478,0.91494,2.25,1.50
2012.01.30 02:25:29.857,0.9148,0.91496,2.25,1.50
2012.01.30 02:25:32.135,0.9148,0.91496,2.25,2.25
2012.01.30 02:25:41.917,0.91481,0.91497,2.25,2.25
2012.01.30 02:25:58.477,0.91479,0.91497,2.25,2.25
2012.01.30 02:26:09.026,0.91481,0.91497,2.25,2.25
2012.01.30 02:27:09.059,0.91474,0.91501,2.18,1.50
2012.01.30 02:27:13.814,0.91478,0.91494,1.50,2.25
2012.01.30 02:27:14.366,0.91477,0.91493,2.25,2.25
2012.01.30 02:27:14.878,0.91477,0.91493,1.50,2.25
2012.01.30 02:27:15.125,0.91477,0.91495,2.25,2.25
2012.01.30 02:27:15.677,0.91477,0.91495,2.25,2.25
2012.01.30 02:27:15.985,0.91477,0.91495,2.25,2.25
2012.01.30 02:27:16.118,0.91477,0.91495,2.25,2.25
2012.01.30 02:27:16.668,0.91477,0.91495,2.25,2.25
2012.01.30 02:27:17.518,0.91477,0.91493,2.25,1.50
2012.01.30 02:27:17.646,0.91477,0.91495,2.25,2.25
2012.01.30 02:27:18.956,0.91477,0.91493,2.25,2.25
2012.01.30 02:27:19.646,0.91477,0.91493,1.50,2.25
2012.01.30 02:27:30.175,0.91475,0.91493,2.25,2.25
2012.01.30 02:27:31.505,0.91475,0.91491,2.25,1.50
2012.01.30 02:27:32.055,0.91475,0.91493,2.25,2.25
2012.01.30 02:27:33.447,0.91475,0.91493,2.25,2.25
2012.01.30 02:27:37.328,0.91474,0.91489,1.05,1.50
2012.01.30 02:27:39.438,0.91473,0.9149,1.05,2.25
2012.01.30 02:27:41.455,0.91473,0.9149,1.05,2.25
2012.01.30 02:27:42.747,0.91473,0.9149,1.05,2.25
2012.01.30 02:27:53.636,0.91473,0.9149,1.05,2.25
2012.01.30 02:27:54.790,0.91476,0.91492,2.25,1.50
2012.01.30 02:27:56.500,0.91476,0.91492,2.25,1.50
2012.01.30 02:27:57.445,0.91476,0.91492,2.25,1.50
2012.01.30 02:27:58.705,0.91476,0.91492,2.25,1.50
2012.01.30 02:27:58.834,0.91476,0.91492,2.25,1.50
2012.01.30 02:27:59.337,0.91475,0.91491,2.25,1.50
2012.01.30 02:28:07.148,0.91476,0.91492,2.25,1.50
2012.01.30 02:28:07.759,0.91475,0.91491,2.25,1.50
2012.01.30 02:28:11.277,0.91475,0.91491,2.25,1.50
2012.01.30 02:28:28.587,0.91475,0.91491,2.25,1.50
2012.01.30 02:28:30.996,0.91475,0.91491,2.25,1.50
2012.01.30 02:28:32.567,0.91475,0.91493,2.25,1.50
2012.01.30 02:28:40.574,0.91474,0.91492,2.25,1.50
2012.01.30 02:28:45.656,0.91476,0.91492,2.25,1.50
2012.01.30 02:28:47.978,0.91476,0.91492,2.25,1.50
2012.01.30 02:28:53.430,0.91478,0.91494,2.25,1.50
2012.01.30 02:28:53.567,0.91479,0.91497,2.40,2.25
2012.01.30 02:28:53.829,0.9148,0.91496,2.25,1.50
2012.01.30 02:28:54.336,0.9148,0.91496,2.25,1.50
2012.01.30 02:28:55.520,0.9148,0.91496,2.25,1.50
2012.01.30 02:28:56.789,0.9148,0.91496,2.25,1.50
2012.01.30 02:28:56.917,0.9148,0.91498,2.25,1.50
2012.01.30 02:28:57.465,0.9148,0.91496,2.25,1.50
2012.01.30 02:28:57.607,0.9148,0.91498,2.25,1.50
2012.01.30 02:28:57.805,0.9148,0.91496,2.25,1.50
2012.01.30 02:28:57.938,0.9148,0.91498,2.25,1.50
2012.01.30 02:28:59.284,0.9148,0.91498,2.25,1.50
2012.01.30 02:28:59.700,0.91486,0.91504,2.25,1.50
2012.01.30 02:29:00.255,0.91487,0.91503,2.25,1.50
2012.01.30 02:29:18.075,0.91488,0.91504,2.25,1.50
2012.01.30 02:29:18.326,0.91488,0.91504,2.25,1.50
2012.01.30 02:29:20.916,0.91489,0.91507,2.25,1.50
2012.01.30 02:29:21.537,0.91489,0.91507,2.25,1.50
2012.01.30 02:29:21.789,0.91489,0.91507,2.25,1.50
2012.01.30 02:29:22.545,0.91488,0.91506,2.25,1.50
2012.01.30 02:29:23.068,0.91489,0.91505,2.25,1.50
2012.01.30 02:29:28.835,0.91489,0.91507,2.25,1.50
2012.01.30 02:29:29.946,0.91489,0.91507,2.25,1.50
2012.01.30 02:29:30.221,0.91491,0.91509,2.25,1.50
2012.01.30 02:29:30.670,0.91491,0.91509,2.25,2.25
2012.01.30 02:29:30.987,0.91491,0.91509,2.25,2.25
2012.01.30 02:29:31.189,0.91491,0.91509,2.25,2.25
2012.01.30 02:29:32.150,0.91489,0.91507,1.50,2.25
2012.01.30 02:29:34.618,0.91489,0.91507,1.50,2.25
2012.01.30 02:29:34.876,0.91489,0.91507,1.50,2.25
2012.01.30 02:29:54.413,0.91489,0.91507,3.00,2.25
2012.01.30 02:29:59.661,0.91489,0.91507,3.00,2.25
2012.01.30 02:30:00.634,0.91491,0.91509,1.50,2.25
2012.01.30 02:30:01.935,0.91491,0.91509,2.25,2.25
2012.01.30 02:30:23.274,0.91492,0.9151,1.50,2.25
2012.01.30 02:30:24.069,0.91492,0.9151,1.50,2.25
2012.01.30 02:30:24.583,0.91492,0.9151,2.25,2.25
2012.01.30 02:30:24.911,0.91494,0.91512,1.50,2.25
2012.01.30 02:30:25.380,0.91494,0.91512,3.00,2.25
2012.01.30 02:30:25.628,0.91496,0.91514,2.25,2.25
2012.01.30 02:30:25.886,0.91496,0.91514,2.25,2.25
2012.01.30 02:30:26.016,0.91496,0.91514,2.25,2.25
2012.01.30 02:30:26.525,0.91496,0.91514,1.50,2.25
2012.01.30 02:30:27.179,0.91496,0.91514,2.25,2.25
2012.01.30 02:30:27.736,0.91496,0.91514,1.50,2.25
2012.01.30 02:30:35.284,0.91496,0.91514,2.25,2.25
2012.01.30 02:30:36.025,0.91498,0.91514,1.50,2.25
2012.01.30 02:30:36.585,0.91497,0.91513,2.25,2.25
2012.01.30 02:30:37.739,0.91498,0.91514,1.50,2.25
2012.01.30 02:30:37.998,0.91497,0.91513,2.25,2.25
2012.01.30 02:30:38.488,0.91497,0.91515,2.25,2.25
2012.01.30 02:30:38.996,0.91496,0.91514,2.25,2.25
2012.01.30 02:30:39.563,0.91492,0.91508,3.00,2.25
2012.01.30 02:30:39.816,0.9149,0.91506,2.25,2.25
2012.01.30 02:30:42.300,0.91489,0.91505,2.25,1.50
2012.01.30 02:30:42.371,0.91489,0.91505,2.25,2.25
2012.01.30 02:30:42.569,0.91489,0.91505,1.50,2.25
2012.01.30 02:30:42.640,0.91487,0.91503,1.50,2.25
2012.01.30 02:30:42.828,0.91487,0.91503,1.50,2.25
2012.01.30 02:30:43.125,0.91482,0.915,2.25,2.25
2012.01.30 02:30:43.322,0.91481,0.91499,2.25,2.25
2012.01.30 02:30:47.081,0.91483,0.91499,1.50,2.25
2012.01.30 02:30:47.596,0.91483,0.91499,1.50,2.25
2012.01.30 02:30:48.415,0.91482,0.91498,2.25,2.25
2012.01.30 02:30:49.114,0.91482,0.91498,1.50,2.25
2012.01.30 02:30:49.262,0.9148,0.91496,2.25,2.25
2012.01.30 02:30:49.768,0.9148,0.91498,1.50,2.25
2012.01.30 02:30:50.087,0.91481,0.91497,2.25,2.25
2012.01.30 02:30:52.589,0.9148,0.91496,1.50,2.25
2012.01.30 02:30:52.845,0.9148,0.91496,1.50,2.25
2012.01.30 02:30:53.415,0.9148,0.91496,1.50,2.25
2012.01.30 02:30:53.984,0.91481,0.91497,1.50,2.25
2012.01.30 02:30:54.986,0.91481,0.91497,2.25,2.25
2012.01.30 02:30:56.574,0.91482,0.915,2.25,2.25
2012.01.30 02:30:57.769,0.91481,0.91499,2.25,2.25
2012.01.30 02:30:58.087,0.91481,0.91499,2.25,2.25
2012.01.30 02:30:58.398,0.91482,0.915,2.25,2.25
2012.01.30 02:30:59.577,0.91482,0.915,2.25,1.50
2012.01.30 02:30:59.659,0.91482,0.915,2.25,2.25
2012.01.30 02:30:59.924,0.91484,0.91502,1.50,2.25
2012.01.30 02:31:00.358,0.91482,0.91498,2.25,2.25
2012.01.30 02:31:05.198,0.91482,0.91498,2.25,2.25
2012.01.30 02:31:09.892,0.91483,0.91499,1.50,2.25
2012.01.30 02:31:09.968,0.91483,0.91499,2.25,2.25
2012.01.30 02:31:13.075,0.91482,0.91498,2.25,2.25
2012.01.30 02:31:14.786,0.9148,0.91496,2.25,2.25
2012.01.30 02:31:15.426,0.9148,0.91498,1.50,2.25
2012.01.30 02:31:15.628,0.91477,0.91495,2.25,2.25
2012.01.30 02:31:17.128,0.91481,0.91498,1.50,1.50
2012.01.30 02:31:17.575,0.91481,0.91499,2.25,2.25
2012.01.30 02:31:31.396,0.91481,0.91499,2.25,2.25
2012.01.30 02:31:38.239,0.91485,0.91503,1.50,2.85
2012.01.30 02:31:38.439,0.91485,0.91503,2.25,2.25
2012.01.30 02:31:38.986,0.91486,0.91504,1.50,2.25
2012.01.30 02:31:39.562,0.91486,0.91504,2.25,2.25
2012.01.30 02:31:54.391,0.91483,0.91499,1.50,2.25
2012.01.30 02:31:54.722,0.91483,0.91499,1.50,2.25
2012.01.30 02:31:55.095,0.91485,0.91501,1.50,2.25
2012.01.30 02:31:57.797,0.91485,0.91501,1.50,2.25
2012.01.30 02:31:58.298,0.91487,0.91505,2.25,2.25
2012.01.30 02:31:58.558,0.91487,0.91505,2.25,2.25
2012.01.30 02:31:59.123,0.91486,0.91504,2.25,1.50
2012.01.30 02:32:01.167,0.91487,0.91505,2.25,2.25
2012.01.30 02:32:01.680,0.91487,0.91505,2.25,1.50
2012.01.30 02:32:02.246,0.91487,0.91505,2.25,1.50
2012.01.30 02:32:07.256,0.91483,0.91498,1.50,1.50
2012.01.30 02:32:07.460,0.91482,0.91498,2.25,2.25
2012.01.30 02:32:08.003,0.91482,0.91498,2.25,1.50
2012.01.30 02:32:08.491,0.91482,0.91498,2.25,2.25
2012.01.30 02:32:10.228,0.91477,0.91495,2.25,1.50
2012.01.30 02:32:10.827,0.91479,0.91497,2.25,2.25
2012.01.30 02:32:13.580,0.91477,0.91495,2.25,2.25
2012.01.30 02:32:13.899,0.91477,0.91495,2.25,1.50
2012.01.30 02:32:35.331,0.91477,0.91495,2.25,2.25
2012.01.30 02:32:35.955,0.91477,0.91495,2.25,2.25
2012.01.30 02:32:38.178,0.91477,0.91494,2.25,1.13
2012.01.30 02:32:38.511,0.91475,0.91493,2.25,2.25
2012.01.30 02:32:38.700,0.91473,0.91491,2.55,2.25
2012.01.30 02:32:41.300,0.91473,0.91489,1.05,2.25
2012.01.30 02:32:41.500,0.91474,0.91488,1.05,1.50
2012.01.30 02:32:41.566,0.91474,0.91484,1.05,1.50
2012.01.30 02:32:41.709,0.91474,0.91486,1.05,1.50
2012.01.30 02:32:41.840,0.91473,0.91486,1.05,1.50
2012.01.30 02:32:42.408,0.91473,0.91484,1.05,1.50
2012.01.30 02:32:42.925,0.91474,0.91485,1.05,1.50
2012.01.30 02:32:43.938,0.91474,0.91485,1.05,1.50
2012.01.30 02:32:44.485,0.91474,0.91486,1.05,1.50
2012.01.30 02:32:47.215,0.91474,0.91488,1.05,1.50
2012.01.30 02:33:01.445,0.91474,0.91488,1.05,1.50
2012.01.30 02:33:01.955,0.91474,0.91488,1.05,1.50
2012.01.30 02:33:02.506,0.91474,0.91488,1.05,1.50
2012.01.30 02:33:03.059,0.91474,0.91488,1.05,1.50
2012.01.30 02:33:03.379,0.91474,0.91489,1.05,1.50
2012.01.30 02:33:03.697,0.91474,0.91489,1.05,1.50
2012.01.30 02:33:04.042,0.91474,0.91489,1.05,1.50
2012.01.30 02:33:04.586,0.91474,0.91489,1.05,1.50
2012.01.30 02:33:05.138,0.91475,0.91491,2.25,1.50
2012.01.30 02:33:05.697,0.91474,0.9149,1.05,1.50
2012.01.30 02:33:05.886,0.91474,0.9149,1.05,1.50
2012.01.30 02:33:06.076,0.91474,0.9149,1.05,1.50
2012.01.30 02:33:06.585,0.91474,0.9149,1.05,1.50
2012.01.30 02:33:07.341,0.91474,0.9149,1.05,1.50
2012.01.30 02:33:10.258,0.91474,0.91492,2.55,1.50
2012.01.30 02:33:10.777,0.91475,0.91491,2.25,1.50
2012.01.30 02:33:14.170,0.91475,0.91491,2.25,1.50
2012.01.30 02:33:14.711,0.91476,0.91492,2.25,1.50
2012.01.30 02:33:14.842,0.91478,0.91496,2.25,2.25
2012.01.30 02:33:14.918,0.91478,0.91496,2.25,1.50
2012.01.30 02:33:18.146,0.91476,0.91494,2.25,1.50
2012.01.30 02:33:18.655,0.91477,0.91495,2.25,1.50
2012.01.30 02:33:23.456,0.91476,0.91494,2.25,1.50
2012.01.30 02:33:24.445,0.91477,0.91495,2.25,1.50
2012.01.30 02:33:27.276,0.91476,0.91494,2.25,1.50
2012.01.30 02:33:27.863,0.91476,0.91494,2.25,1.50
2012.01.30 02:33:28.341,0.91476,0.91494,2.25,1.50
2012.01.30 02:33:28.602,0.91474,0.91492,2.55,1.50
2012.01.30 02:33:29.128,0.91474,0.91492,2.55,1.50
2012.01.30 02:33:30.907,0.91474,0.91492,2.55,2.63
2012.01.30 02:33:30.976,0.91474,0.91492,2.55,2.63
2012.01.30 02:33:31.225,0.91474,0.91488,1.05,1.50
2012.01.30 02:33:32.499,0.91474,0.91487,1.05,1.50
2012.01.30 02:33:32.830,0.91474,0.91484,1.05,1.50
2012.01.30 02:33:32.976,0.91467,0.91483,2.25,1.50
2012.01.30 02:33:33.476,0.91468,0.91484,2.25,1.50
2012.01.30 02:33:34.025,0.91468,0.91484,2.25,1.50
2012.01.30 02:33:38.575,0.91468,0.91484,2.25,1.50
2012.01.30 02:33:38.787,0.91464,0.91482,3.38,1.50
2012.01.30 02:33:39.302,0.91464,0.9148,2.25,1.88
2012.01.30 02:33:39.384,0.91464,0.9148,2.40,1.50
2012.01.30 02:33:39.897,0.91464,0.9148,2.40,1.50
2012.01.30 02:33:40.821,0.91464,0.91482,2.25,2.25
2012.01.30 02:33:41.029,0.91464,0.9148,2.25,2.10
2012.01.30 02:33:41.220,0.91466,0.91483,2.25,1.50
2012.01.30 02:33:41.470,0.91466,0.91484,2.46,1.50
2012.01.30 02:33:41.660,0.91466,0.91484,2.46,1.50
2012.01.30 02:33:41.726,0.91466,0.91484,2.46,2.25
2012.01.30 02:33:41.921,0.91471,0.91487,2.25,2.25
2012.01.30 02:33:43.526,0.91468,0.91486,2.25,1.50
2012.01.30 02:33:44.607,0.91471,0.91487,2.25,3.00
2012.01.30 02:33:47.768,0.91472,0.9149,2.46,2.25
2012.01.30 02:33:48.207,0.91474,0.91492,2.25,2.25
2012.01.30 02:33:48.522,0.91474,0.91492,2.25,2.25
2012.01.30 02:33:50.576,0.91472,0.9149,2.25,1.50
2012.01.30 02:33:54.406,0.91475,0.91491,2.25,1.50
2012.01.30 02:33:56.881,0.91476,0.91492,2.25,1.50
2012.01.30 02:33:56.953,0.91477,0.91495,2.25,2.25
2012.01.30 02:33:57.025,0.91477,0.91495,2.25,2.25
2012.01.30 02:33:57.620,0.91479,0.91497,2.25,2.25
2012.01.30 02:34:00.058,0.91481,0.91497,2.25,2.25
2012.01.30 02:34:00.750,0.91477,0.91495,2.25,1.50
2012.01.30 02:34:01.860,0.91476,0.91494,2.25,1.50
2012.01.30 02:34:03.247,0.91478,0.91494,2.25,1.50
2012.01.30 02:34:03.745,0.91479,0.91497,2.40,1.50
2012.01.30 02:34:04.690,0.9148,0.91496,2.25,1.50
2012.01.30 02:34:07.582,0.91477,0.91493,2.25,1.50
2012.01.30 02:34:07.910,0.91477,0.91495,2.25,1.50
2012.01.30 02:34:08.466,0.9148,0.91496,2.25,1.50
2012.01.30 02:34:09.242,0.9148,0.91496,1.50,2.25
2012.01.30 02:34:09.466,0.91476,0.91493,1.50,2.25
2012.01.30 02:34:09.537,0.91476,0.9149,1.50,1.50
2012.01.30 02:34:09.958,0.91478,0.91494,2.25,2.25
2012.01.30 02:34:10.146,0.91478,0.91494,2.25,1.50
2012.01.30 02:34:12.776,0.91478,0.91494,2.25,1.50
2012.01.30 02:34:13.278,0.91477,0.91493,2.25,1.50
2012.01.30 02:34:13.409,0.91477,0.91495,2.25,2.25
2012.01.30 02:34:13.940,0.9148,0.91496,2.25,2.25
2012.01.30 02:34:15.049,0.91479,0.91495,2.25,1.50
2012.01.30 02:34:15.608,0.91479,0.91495,2.25,1.50
2012.01.30 02:34:17.577,0.91479,0.91495,2.25,1.50
2012.01.30 02:34:18.078,0.91479,0.91495,2.25,2.25
2012.01.30 02:34:22.809,0.91477,0.91493,2.25,1.50
2012.01.30 02:34:23.071,0.91473,0.9149,1.05,1.50
2012.01.30 02:34:26.021,0.91472,0.9149,2.25,1.50
2012.01.30 02:34:26.088,0.91476,0.91492,2.25,2.25
2012.01.30 02:34:26.457,0.91477,0.91494,2.25,1.50
2012.01.30 02:34:26.777,0.91476,0.91494,2.25,3.00
2012.01.30 02:34:27.406,0.91476,0.91493,1.50,1.50
2012.01.30 02:34:27.611,0.91474,0.91492,2.25,2.25
2012.01.30 02:34:28.035,0.91474,0.91492,2.25,2.25
2012.01.30 02:34:36.597,0.91476,0.91492,1.50,2.25
2012.01.30 02:34:38.195,0.91474,0.91492,2.25,2.25
2012.01.30 02:34:40.008,0.91476,0.91492,1.50,2.25
2012.01.30 02:34:40.566,0.91475,0.91493,1.50,3.00
2012.01.30 02:34:41.515,0.91474,0.91492,2.25,2.25
2012.01.30 02:34:59.153,0.91475,0.91491,1.50,2.25
2012.01.30 02:35:00.329,0.91473,0.91489,2.25,2.25
2012.01.30 02:35:07.269,0.91474,0.91492,2.25,2.25
2012.01.30 02:35:08.427,0.91477,0.91492,2.25,1.50
2012.01.30 02:35:08.976,0.91477,0.91495,2.25,3.38
2012.01.30 02:35:09.252,0.91477,0.91495,2.25,3.38
2012.01.30 02:35:09.583,0.91477,0.91495,2.25,3.38
2012.01.30 02:35:12.165,0.91477,0.91495,2.25,2.25
2012.01.30 02:35:12.536,0.91477,0.91495,2.63,3.38
2012.01.30 02:35:15.357,0.9148,0.91495,1.50,1.88
2012.01.30 02:35:15.934,0.91479,0.91495,3.38,1.88
2012.01.30 02:35:16.575,0.91479,0.91495,3.38,1.88
2012.01.30 02:35:17.157,0.91479,0.91495,1.50,1.88
2012.01.30 02:35:18.137,0.91481,0.91495,1.50,1.88
2012.01.30 02:35:18.665,0.9148,0.91495,1.50,1.88
2012.01.30 02:35:18.998,0.91476,0.91494,2.46,2.25
2012.01.30 02:35:19.070,0.91479,0.91496,2.25,2.85
2012.01.30 02:35:19.616,0.91478,0.91494,1.50,2.25
2012.01.30 02:35:23.035,0.91478,0.91494,2.25,2.25
2012.01.30 02:35:23.362,0.91478,0.91494,2.25,2.25
2012.01.30 02:35:29.528,0.91476,0.91493,2.25,1.50
2012.01.30 02:35:30.086,0.91477,0.91493,1.50,1.50
2012.01.30 02:35:32.376,0.91476,0.91492,2.25,2.25
2012.01.30 02:35:32.725,0.91478,0.91494,1.50,3.00
2012.01.30 02:35:32.795,0.91476,0.91494,2.25,3.00
2012.01.30 02:35:32.984,0.91478,0.91494,1.50,3.00
2012.01.30 02:35:34.725,0.91477,0.91493,1.50,2.25
2012.01.30 02:35:35.532,0.91477,0.91493,2.25,1.50
2012.01.30 02:35:37.638,0.91474,0.91492,2.25,1.50
2012.01.30 02:35:38.280,0.91475,0.91493,2.25,2.63
2012.01.30 02:35:39.326,0.91473,0.91491,2.46,1.50
2012.01.30 02:35:40.086,0.91475,0.91493,2.25,2.63
2012.01.30 02:35:41.385,0.91475,0.91491,2.25,1.50
2012.01.30 02:35:41.925,0.91476,0.91492,2.25,1.50
2012.01.30 02:35:42.561,0.91478,0.91494,2.25,1.50
2012.01.30 02:35:44.275,0.91479,0.91495,2.25,1.13
2012.01.30 02:35:44.877,0.91479,0.91496,2.25,1.13
2012.01.30 02:35:58.367,0.91481,0.91496,2.25,1.13
2012.01.30 02:35:58.885,0.91481,0.91495,2.25,1.13
2012.01.30 02:36:01.542,0.91481,0.91496,2.25,2.25
2012.01.30 02:36:02.315,0.91479,0.91496,2.25,3.00
2012.01.30 02:36:02.971,0.9148,0.91495,2.25,1.13
2012.01.30 02:36:04.697,0.9148,0.91496,2.25,5.25
2012.01.30 02:36:05.015,0.91477,0.91495,2.25,2.63
2012.01.30 02:36:06.306,0.91478,0.91494,2.25,1.88
2012.01.30 02:36:06.747,0.91477,0.91495,2.25,1.88
2012.01.30 02:36:07.185,0.9148,0.91496,2.25,4.13
2012.01.30 02:36:08.307,0.9148,0.91496,2.25,3.38
2012.01.30 02:36:08.975,0.9148,0.91496,2.25,3.38
2012.01.30 02:36:09.498,0.91477,0.91495,2.25,3.00
2012.01.30 02:36:10.028,0.91482,0.91495,2.25,1.13
2012.01.30 02:36:10.537,0.91482,0.91496,2.25,1.13
2012.01.30 02:36:21.569,0.91482,0.91495,2.25,1.13
2012.01.30 02:36:25.166,0.91479,0.91495,2.25,1.13
2012.01.30 02:36:25.482,0.9148,0.91495,2.25,1.13
2012.01.30 02:36:29.066,0.9148,0.91496,2.25,2.63
2012.01.30 02:36:34.326,0.91477,0.91495,2.25,1.50
2012.01.30 02:36:34.853,0.91479,0.91496,2.25,1.13
2012.01.30 02:36:38.614,0.9148,0.91495,2.25,1.13
2012.01.30 02:36:42.499,0.9148,0.91496,2.25,1.13
2012.01.30 02:36:43.036,0.9148,0.91496,2.25,1.13
2012.01.30 02:36:43.725,0.91483,0.91496,2.25,1.13
2012.01.30 02:36:44.365,0.91481,0.91496,2.25,1.13
2012.01.30 02:36:44.895,0.91483,0.91496,2.25,1.88
2012.01.30 02:36:45.450,0.91483,0.91496,2.25,1.13
2012.01.30 02:36:45.984,0.91483,0.91496,1.50,1.13
2012.01.30 02:36:47.744,0.91483,0.91496,2.25,1.13
2012.01.30 02:36:48.508,0.91481,0.91496,2.25,1.13
2012.01.30 02:36:48.693,0.91481,0.91496,2.25,1.13
2012.01.30 02:36:49.232,0.91481,0.91496,2.25,1.88
2012.01.30 02:36:59.456,0.91481,0.91496,2.25,1.13
2012.01.30 02:36:59.768,0.91481,0.91496,1.50,1.88
2012.01.30 02:36:59.896,0.91479,0.91496,2.25,1.88
2012.01.30 02:37:00.446,0.91479,0.91496,1.50,1.88
2012.01.30 02:37:07.729,0.91479,0.91496,2.25,1.88
2012.01.30 02:37:08.277,0.9148,0.91495,1.50,1.88
2012.01.30 02:37:08.826,0.91481,0.91495,1.50,1.88
2012.01.30 02:37:14.696,0.91481,0.91495,2.25,1.88
2012.01.30 02:37:15.075,0.91481,0.91496,1.50,1.88
2012.01.30 02:37:30.115,0.91483,0.91495,1.50,1.88
2012.01.30 02:37:33.504,0.91482,0.91495,1.50,1.88
2012.01.30 02:37:43.708,0.91484,0.91495,1.50,1.88
2012.01.30 02:37:49.419,0.91481,0.91495,1.50,1.88
2012.01.30 02:37:49.644,0.91483,0.91495,1.50,1.88
2012.01.30 02:37:50.877,0.91482,0.91495,1.50,1.88
2012.01.30 02:37:51.487,0.91483,0.91495,1.50,1.88
2012.01.30 02:37:52.075,0.91482,0.91495,1.50,1.88
2012.01.30 02:37:53.216,0.91482,0.91495,1.50,1.88
2012.01.30 02:37:53.765,0.91483,0.91495,1.50,1.88
2012.01.30 02:38:00.015,0.91481,0.91495,1.50,1.88
2012.01.30 02:38:01.085,0.9148,0.91495,1.50,1.88
2012.01.30 02:38:01.154,0.91482,0.91495,1.50,1.88
2012.01.30 02:38:10.157,0.91482,0.91496,2.25,1.13
2012.01.30 02:38:10.346,0.91482,0.91496,1.50,1.88
2012.01.30 02:38:11.975,0.91479,0.91496,2.25,1.88
2012.01.30 02:38:12.511,0.9148,0.91496,1.50,1.88
2012.01.30 02:38:25.829,0.91481,0.91496,1.50,1.88
2012.01.30 02:38:26.425,0.91479,0.91496,2.25,1.88
2012.01.30 02:38:31.852,0.91479,0.91495,2.25,1.88
2012.01.30 02:38:37.257,0.91481,0.91495,1.50,1.88
2012.01.30 02:38:37.566,0.91479,0.91495,2.25,1.88
2012.01.30 02:38:47.196,0.91481,0.91495,1.50,1.88
2012.01.30 02:38:52.718,0.91483,0.91495,1.50,1.88
2012.01.30 02:38:56.747,0.91485,0.91496,1.50,1.88
2012.01.30 02:38:59.046,0.91482,0.91496,1.50,1.88
2012.01.30 02:39:02.428,0.91481,0.91496,1.50,1.88
2012.01.30 02:39:02.955,0.91482,0.91496,1.50,1.88
2012.01.30 02:39:05.794,0.91481,0.91496,1.50,1.88
2012.01.30 02:39:06.076,0.91483,0.91496,1.50,1.88
2012.01.30 02:39:07.988,0.91481,0.91496,1.50,1.88
2012.01.30 02:39:24.749,0.91481,0.91495,2.25,1.13
2012.01.30 02:39:24.995,0.91481,0.91496,1.50,1.88
2012.01.30 02:39:27.596,0.91479,0.91496,3.00,1.88
2012.01.30 02:39:28.136,0.91481,0.91496,1.50,1.88
2012.01.30 02:39:28.688,0.9148,0.91496,1.50,3.38
2012.01.30 02:39:31.000,0.91478,0.91494,2.25,2.25
2012.01.30 02:39:31.668,0.91476,0.91494,2.25,2.25
2012.01.30 02:39:35.059,0.91476,0.91494,2.25,2.25
2012.01.30 02:39:35.671,0.9148,0.91496,1.50,3.38
2012.01.30 02:39:37.796,0.91478,0.91494,3.00,2.25
2012.01.30 02:39:38.334,0.91479,0.91496,1.50,1.88
2012.01.30 02:39:45.209,0.9148,0.91495,1.50,1.88
2012.01.30 02:39:47.684,0.91479,0.91495,1.50,1.88
2012.01.30 02:39:48.242,0.9148,0.91495,1.50,1.88
2012.01.30 02:39:53.246,0.91483,0.91495,1.50,1.88
2012.01.30 02:39:53.798,0.91481,0.91496,1.50,1.88
2012.01.30 02:39:53.867,0.91483,0.91495,1.50,1.88
2012.01.30 02:39:54.557,0.91483,0.91495,1.50,1.87
2012.01.30 02:39:55.058,0.91481,0.91495,3.00,1.87
2012.01.30 02:40:01.444,0.91483,0.91495,1.50,1.87
2012.01.30 02:40:07.767,0.91485,0.91495,1.50,1.87
2012.01.30 02:40:23.526,0.91483,0.91496,1.50,1.88
2012.01.30 02:40:24.027,0.91482,0.91495,1.50,1.88
2012.01.30 02:40:24.587,0.91483,0.91495,1.50,1.88
2012.01.30 02:40:26.209,0.91481,0.91495,1.50,1.88
2012.01.30 02:40:28.739,0.91483,0.91496,1.50,1.88
2012.01.30 02:40:30.337,0.91482,0.91496,1.50,1.88
2012.01.30 02:40:34.018,0.9148,0.91496,2.25,3.38
2012.01.30 02:40:35.086,0.91481,0.91496,1.50,1.88
2012.01.30 02:40:35.646,0.91479,0.91496,2.25,1.88
2012.01.30 02:40:40.785,0.91481,0.91495,1.50,1.88
2012.01.30 02:40:42.166,0.91479,0.91495,2.25,1.88
2012.01.30 02:40:44.622,0.9148,0.91495,1.50,1.88
2012.01.30 02:40:47.696,0.91479,0.91496,1.50,1.88
2012.01.30 02:40:48.207,0.9148,0.91496,1.50,1.88
2012.01.30 02:41:01.382,0.91481,0.91496,1.50,1.88
2012.01.30 02:41:01.449,0.91479,0.91496,2.25,1.88
2012.01.30 02:41:01.577,0.91481,0.91496,1.50,1.88
2012.01.30 02:41:02.253,0.9148,0.91496,1.50,3.38
2012.01.30 02:41:09.469,0.91481,0.91495,1.50,1.88
2012.01.30 02:41:10.789,0.91479,0.91495,2.25,1.88
2012.01.30 02:41:11.527,0.9148,0.91495,1.50,1.88
2012.01.30 02:41:17.466,0.9148,0.91495,2.25,1.88
2012.01.30 02:41:18.014,0.9148,0.91496,1.50,3.38
2012.01.30 02:41:41.078,0.91481,0.91495,1.50,1.88
2012.01.30 02:41:41.779,0.91479,0.91495,1.88,1.88
2012.01.30 02:41:43.027,0.91481,0.91495,1.50,1.88
2012.01.30 02:41:49.179,0.91479,0.91496,1.88,1.88
2012.01.30 02:41:50.018,0.9148,0.91496,1.50,1.88
2012.01.30 02:42:15.298,0.91479,0.91496,1.50,1.88
2012.01.30 02:42:15.489,0.91481,0.91496,1.50,1.88
2012.01.30 02:42:16.089,0.9148,0.91496,1.50,3.38
2012.01.30 02:42:17.716,0.9148,0.91496,1.50,1.13
2012.01.30 02:42:20.935,0.9148,0.91496,2.25,1.88
2012.01.30 02:42:21.306,0.9148,0.91496,1.50,1.88
2012.01.30 02:42:25.878,0.91479,0.91495,2.63,1.88
2012.01.30 02:42:26.386,0.9148,0.91495,1.50,1.88
2012.01.30 02:42:28.487,0.91481,0.91495,1.50,1.88
2012.01.30 02:42:31.309,0.9148,0.91495,1.50,1.88
2012.01.30 02:42:40.097,0.91477,0.91495,2.46,3.38
2012.01.30 02:43:21.379,0.91479,0.91495,1.50,1.13
2012.01.30 02:43:23.925,0.91477,0.91495,2.63,2.63
2012.01.30 02:43:26.106,0.91477,0.91493,2.63,1.50
2012.01.30 02:43:26.676,0.91478,0.91494,1.88,1.50
2012.01.30 02:43:26.997,0.91478,0.91494,1.88,2.25
2012.01.30 02:43:28.112,0.91478,0.91494,1.88,2.25
2012.01.30 02:43:28.420,0.91478,0.91494,1.88,2.25
2012.01.30 02:43:30.416,0.91477,0.91494,1.13,2.25
2012.01.30 02:43:32.843,0.91476,0.91494,1.50,2.25
2012.01.30 02:43:33.150,0.91476,0.91494,2.25,2.25
2012.01.30 02:43:33.686,0.91477,0.91494,1.13,2.25
2012.01.30 02:43:35.740,0.91476,0.91494,2.25,2.25
2012.01.30 02:43:36.267,0.91476,0.91493,1.50,1.13
2012.01.30 02:43:36.771,0.91474,0.91492,2.25,2.63
2012.01.30 02:43:36.967,0.91471,0.91488,1.50,1.50
2012.01.30 02:43:37.158,0.91471,0.91489,1.50,3.38
2012.01.30 02:43:37.411,0.91469,0.91487,1.50,2.25
2012.01.30 02:43:37.478,0.91467,0.91485,2.03,2.25
2012.01.30 02:43:37.619,0.91467,0.91483,1.50,2.25
2012.01.30 02:43:37.828,0.91468,0.91484,1.50,2.25
2012.01.30 02:43:37.902,0.9147,0.91486,1.50,2.25
2012.01.30 02:43:38.228,0.91472,0.91488,1.50,2.25
2012.01.30 02:43:40.489,0.91464,0.91488,2.25,2.25
2012.01.30 02:43:42.060,0.91469,0.91487,1.50,2.63
2012.01.30 02:43:42.467,0.91471,0.91487,1.50,1.50
2012.01.30 02:43:43.518,0.91462,0.91487,1.35,2.25
2012.01.30 02:43:43.588,0.91468,0.91486,1.50,1.50
2012.01.30 02:43:43.661,0.91464,0.91482,1.50,2.25
2012.01.30 02:43:43.788,0.91459,0.91463,1.88,0.75
2012.01.30 02:43:44.298,0.9146,0.91482,1.13,2.25
2012.01.30 02:43:44.828,0.9146,0.91482,1.13,2.25
2012.01.30 02:43:46.099,0.9146,0.91482,1.13,2.25
2012.01.30 02:43:46.287,0.9146,0.91482,1.13,2.25
2012.01.30 02:43:47.111,0.91464,0.91482,1.50,2.25
2012.01.30 02:43:47.450,0.91468,0.91486,1.50,2.25
2012.01.30 02:43:48.007,0.91468,0.91486,1.50,2.25
2012.01.30 02:43:49.604,0.91468,0.91486,1.50,2.25
2012.01.30 02:43:50.345,0.91468,0.91486,1.50,2.25
2012.01.30 02:43:50.425,0.9147,0.91488,1.50,2.25
2012.01.30 02:43:50.747,0.9147,0.91486,1.50,2.25
2012.01.30 02:43:53.358,0.9147,0.91488,1.50,2.25
2012.01.30 02:43:54.187,0.9147,0.91488,1.50,2.25
2012.01.30 02:44:01.050,0.9147,0.91488,1.50,2.25
2012.01.30 02:44:02.597,0.9147,0.91488,1.50,2.25
2012.01.30 02:44:27.780,0.9147,0.91488,1.50,2.25
2012.01.30 02:44:29.390,0.9147,0.91488,1.50,2.25
2012.01.30 02:44:32.259,0.9147,0.91488,1.50,2.25
2012.01.30 02:44:32.697,0.91474,0.9149,1.50,2.25
2012.01.30 02:44:34.568,0.91472,0.91488,1.50,2.25
2012.01.30 02:44:36.719,0.91472,0.9149,1.50,2.25
2012.01.30 02:44:37.526,0.91472,0.9149,1.50,2.25
2012.01.30 02:44:37.784,0.91472,0.9149,1.50,2.25
2012.01.30 02:44:38.297,0.91472,0.9149,1.50,2.25
2012.01.30 02:44:39.455,0.91472,0.91488,1.50,2.25
2012.01.30 02:44:40.376,0.91472,0.91488,1.50,2.25
2012.01.30 02:44:40.566,0.91472,0.91488,1.50,2.25
2012.01.30 02:44:40.815,0.91472,0.91488,1.50,2.25
2012.01.30 02:44:41.005,0.91472,0.91488,1.50,2.25
2012.01.30 02:44:41.315,0.91472,0.91488,1.50,2.25
2012.01.30 02:44:44.066,0.91472,0.91488,1.50,2.25
2012.01.30 02:44:44.316,0.91472,0.91488,1.50,2.25
2012.01.30 02:44:45.158,0.91472,0.91488,1.50,2.25
2012.01.30 02:44:45.431,0.9147,0.91486,2.25,2.25
2012.01.30 02:44:45.978,0.9147,0.91486,2.25,2.25
2012.01.30 02:44:54.360,0.9147,0.91488,2.25,2.25
2012.01.30 02:44:56.195,0.91464,0.91488,1.41,2.25
2012.01.30 02:44:56.606,0.9147,0.91488,2.25,2.25
2012.01.30 02:44:57.699,0.91465,0.91488,3.21,2.25
2012.01.30 02:44:57.986,0.9147,0.91488,2.25,2.25
2012.01.30 02:45:42.337,0.91472,0.9149,1.50,1.50
2012.01.30 02:45:43.006,0.91471,0.91489,1.50,2.25
2012.01.30 02:45:52.549,0.9147,0.91486,1.50,3.00
2012.01.30 02:45:52.859,0.91465,0.91486,2.25,3.00
2012.01.30 02:46:08.657,0.9147,0.91486,1.50,3.00
2012.01.30 02:46:23.088,0.9147,0.91486,1.50,2.25
2012.01.30 02:46:25.349,0.91467,0.91485,1.50,2.25
2012.01.30 02:46:31.950,0.91467,0.91485,1.50,2.25
2012.01.30 02:46:32.609,0.91467,0.91485,1.50,2.25
2012.01.30 02:46:32.859,0.91465,0.9148,1.13,2.25
2012.01.30 02:46:33.259,0.91466,0.91484,1.50,2.25
2012.01.30 02:46:33.767,0.91466,0.91484,1.71,2.25
2012.01.30 02:46:44.678,0.91468,0.91484,1.50,2.25
2012.01.30 02:46:52.346,0.91468,0.91484,1.50,2.25
2012.01.30 02:46:52.918,0.91468,0.91484,2.63,2.25
2012.01.30 02:46:54.636,0.91468,0.91484,2.63,2.25
2012.01.30 02:46:55.009,0.91469,0.91484,1.13,2.25
2012.01.30 02:46:55.259,0.91469,0.91484,1.13,2.25
2012.01.30 02:46:55.838,0.91468,0.91484,2.63,2.25
2012.01.30 02:47:10.279,0.91469,0.91487,2.25,2.25
2012.01.30 02:47:12.166,0.91471,0.91487,1.50,2.25
2012.01.30 02:47:29.596,0.91471,0.91487,1.50,2.25
2012.01.30 02:47:31.687,0.91469,0.91487,2.25,2.25
2012.01.30 02:47:32.012,0.91464,0.91482,1.50,2.25
2012.01.30 02:47:32.084,0.91464,0.91482,2.25,1.50
2012.01.30 02:47:32.283,0.91464,0.91482,2.25,2.25
2012.01.30 02:47:32.647,0.91462,0.9148,2.25,2.25
2012.01.30 02:47:32.720,0.91465,0.91481,1.50,2.25
2012.01.30 02:47:33.029,0.91461,0.91479,1.50,2.25
2012.01.30 02:47:33.159,0.9146,0.91478,2.25,2.25
2012.01.30 02:47:46.936,0.9146,0.91478,2.25,2.25
2012.01.30 02:47:47.497,0.9146,0.91478,2.25,2.25
2012.01.30 02:47:48.938,0.91463,0.91479,1.50,2.25
2012.01.30 02:47:49.440,0.91463,0.91481,1.50,2.25
2012.01.30 02:47:49.757,0.91465,0.91483,1.50,2.25
2012.01.30 02:47:49.827,0.91465,0.91483,1.50,2.25
2012.01.30 02:47:54.006,0.91466,0.91482,1.50,2.25
2012.01.30 02:47:54.300,0.91464,0.91482,1.50,2.25
2012.01.30 02:47:57.118,0.91464,0.91482,1.50,2.25
2012.01.30 02:47:58.967,0.91466,0.91482,1.50,2.25
2012.01.30 02:47:59.160,0.91464,0.91482,1.50,2.25
2012.01.30 02:48:03.474,0.91462,0.9148,1.50,2.25
2012.01.30 02:48:04.135,0.91463,0.91481,1.50,2.25
2012.01.30 02:48:07.351,0.91463,0.91479,1.50,2.25
2012.01.30 02:48:09.994,0.91462,0.9148,1.50,2.25
2012.01.30 02:48:20.670,0.91462,0.9148,1.50,2.25
2012.01.30 02:48:21.195,0.91462,0.9148,1.50,2.25
2012.01.30 02:48:27.752,0.9146,0.91478,1.50,2.25
2012.01.30 02:48:53.938,0.91459,0.91477,2.25,2.25
2012.01.30 02:48:54.315,0.91457,0.91475,2.63,2.25
2012.01.30 02:48:54.568,0.91457,0.91475,2.25,2.25
2012.01.30 02:48:55.434,0.91458,0.91474,1.50,2.25
2012.01.30 02:48:58.989,0.91458,0.91474,1.50,2.25
2012.01.30 02:49:03.226,0.91458,0.91474,1.50,2.25
2012.01.30 02:49:03.736,0.91458,0.91474,1.50,2.25
2012.01.30 02:49:04.288,0.91458,0.91474,1.50,2.25
2012.01.30 02:49:05.197,0.91458,0.91474,1.50,2.25
2012.01.30 02:49:06.056,0.91458,0.91474,1.50,2.25
2012.01.30 02:49:06.566,0.91458,0.91474,1.50,2.25
2012.01.30 02:49:07.275,0.91458,0.91474,1.50,2.25
2012.01.30 02:49:07.466,0.91458,0.91474,1.50,2.25
2012.01.30 02:49:07.797,0.91458,0.91474,1.50,2.25
2012.01.30 02:49:08.352,0.91458,0.91474,1.50,2.25
2012.01.30 02:49:09.046,0.91458,0.91474,1.50,2.25
2012.01.30 02:49:09.656,0.91458,0.91474,1.50,2.25
2012.01.30 02:49:11.510,0.91458,0.91474,1.50,2.25
2012.01.30 02:49:11.583,0.91455,0.91472,1.35,2.25
2012.01.30 02:49:40.568,0.91456,0.91472,1.50,2.25
2012.01.30 02:49:41.201,0.91455,0.91471,2.25,2.25
2012.01.30 02:49:43.608,0.91456,0.91472,1.50,2.25
2012.01.30 02:49:49.102,0.91456,0.91472,1.50,2.25
2012.01.30 02:49:49.648,0.91456,0.91472,2.25,2.25
2012.01.30 02:49:50.211,0.91456,0.91472,2.25,2.25
2012.01.30 02:49:50.788,0.91456,0.91472,2.25,2.25
2012.01.30 02:49:51.318,0.91456,0.91472,2.25,2.25
2012.01.30 02:49:51.838,0.91456,0.91472,2.25,2.25
2012.01.30 02:49:52.536,0.91456,0.91472,2.25,2.25
2012.01.30 02:49:53.086,0.91457,0.91475,2.25,2.25
2012.01.30 02:50:12.306,0.91458,0.91476,1.50,2.25
2012.01.30 02:50:14.256,0.91457,0.91475,2.25,2.25
2012.01.30 02:50:15.556,0.91459,0.91475,1.50,2.25
2012.01.30 02:50:15.686,0.91459,0.91475,1.50,2.25
2012.01.30 02:50:18.266,0.91457,0.91475,2.25,2.25
2012.01.30 02:50:18.786,0.91458,0.91476,1.50,2.25
2012.01.30 02:50:41.827,0.91461,0.91477,1.50,2.25
2012.01.30 02:50:56.745,0.9146,0.91476,2.25,2.25
2012.01.30 02:51:13.517,0.9146,0.91478,1.50,2.25
2012.01.30 02:51:35.567,0.91458,0.91474,2.25,2.25
2012.01.30 02:51:35.885,0.91458,0.91474,1.50,2.25
2012.01.30 02:51:43.515,0.91457,0.91475,1.50,2.25
2012.01.30 02:51:47.466,0.91458,0.91476,1.50,2.25
2012.01.30 02:51:51.057,0.91459,0.91475,1.50,2.25
2012.01.30 02:51:52.507,0.91458,0.91474,1.50,2.25
2012.01.30 02:51:54.245,0.91459,0.91475,1.50,2.25
2012.01.30 02:51:56.508,0.91457,0.91475,1.50,2.25
2012.01.30 02:51:57.019,0.91458,0.91476,1.50,2.25
2012.01.30 02:52:38.479,0.91458,0.91476,1.50,2.25
2012.01.30 02:52:38.727,0.91458,0.91476,1.50,3.00
2012.01.30 02:52:39.070,0.91459,0.91475,1.50,1.50
2012.01.30 02:52:39.320,0.91458,0.91474,1.50,2.25
2012.01.30 02:52:39.827,0.91458,0.91474,1.50,2.25
2012.01.30 02:52:56.287,0.91456,0.91472,1.50,3.00
2012.01.30 02:53:07.593,0.91455,0.91471,1.50,2.25
2012.01.30 02:53:08.134,0.91455,0.91471,1.50,3.00
2012.01.30 02:53:09.790,0.91455,0.91471,1.50,2.25
2012.01.30 02:53:10.292,0.91455,0.91471,1.50,2.25
2012.01.30 02:53:11.888,0.91453,0.91469,1.50,2.25
2012.01.30 02:53:12.030,0.91453,0.91469,1.50,2.25
2012.01.30 02:53:12.528,0.91445,0.91469,2.25,1.50
2012.01.30 02:53:13.086,0.91453,0.91469,1.50,2.25
2012.01.30 02:53:18.772,0.91453,0.9147,1.50,1.50
2012.01.30 02:53:19.282,0.91452,0.9147,1.50,3.00
2012.01.30 02:53:20.757,0.91453,0.91469,1.50,1.50
2012.01.30 02:53:21.309,0.91453,0.91469,1.50,1.50
2012.01.30 02:53:21.867,0.91453,0.91469,1.50,1.50
2012.01.30 02:53:23.528,0.91452,0.9147,1.50,3.00
2012.01.30 02:53:24.860,0.91451,0.91467,1.50,2.25
2012.01.30 02:53:24.931,0.91446,0.91467,2.25,2.25
2012.01.30 02:53:25.453,0.91448,0.91464,1.50,2.25
2012.01.30 02:53:25.958,0.91449,0.91465,1.50,2.25
2012.01.30 02:53:26.519,0.91449,0.91465,1.50,2.25
2012.01.30 02:53:26.649,0.91449,0.91465,1.50,2.25
2012.01.30 02:53:29.549,0.91449,0.91465,1.50,2.25
2012.01.30 02:53:35.647,0.91449,0.91465,1.50,2.25
2012.01.30 02:53:47.580,0.91451,0.91469,1.50,3.00
2012.01.30 02:53:47.710,0.91451,0.91468,1.50,1.50
2012.01.30 02:53:48.269,0.91451,0.91468,1.50,1.50
2012.01.30 02:53:55.528,0.9145,0.91466,1.50,2.25
2012.01.30 02:53:58.918,0.9145,0.91468,1.50,2.25
2012.01.30 02:54:39.667,0.91453,0.91469,1.50,2.25
2012.01.30 02:54:42.759,0.9145,0.91468,1.50,2.25
2012.01.30 02:54:43.307,0.91449,0.91467,1.50,2.25
2012.01.30 02:54:44.431,0.91447,0.91465,1.50,2.25
2012.01.30 02:54:45.036,0.91447,0.91465,1.50,2.25
2012.01.30 02:54:46.751,0.91447,0.91465,1.50,2.25
2012.01.30 02:54:49.007,0.91449,0.91465,1.50,2.25
2012.01.30 02:54:49.926,0.91448,0.91464,1.50,2.25
2012.01.30 02:55:07.705,0.91448,0.91464,1.50,2.25
2012.01.30 02:55:08.679,0.91448,0.91464,1.50,2.25
2012.01.30 02:55:09.077,0.91448,0.91464,1.50,2.25
2012.01.30 02:55:11.484,0.91446,0.91462,1.50,2.25
2012.01.30 02:55:11.609,0.91446,0.91462,1.50,2.25
2012.01.30 02:55:12.329,0.91446,0.91462,1.50,2.25
2012.01.30 02:55:12.647,0.91446,0.91462,1.50,2.25
2012.01.30 02:55:13.404,0.91446,0.91462,1.50,2.25
2012.01.30 02:55:13.938,0.91446,0.91462,1.50,2.25
2012.01.30 02:55:14.541,0.91443,0.91461,1.50,2.25
2012.01.30 02:55:19.799,0.91445,0.91463,1.50,3.00
2012.01.30 02:55:20.962,0.91444,0.9146,1.50,2.25
2012.01.30 02:55:21.518,0.91443,0.91459,1.50,2.25
2012.01.30 02:55:22.204,0.91443,0.91459,1.50,2.25
2012.01.30 02:55:22.349,0.91443,0.91459,1.50,2.25
2012.01.30 02:55:34.965,0.91443,0.91459,1.50,2.25
2012.01.30 02:55:35.351,0.91444,0.9146,1.50,2.25
2012.01.30 02:55:35.418,0.91446,0.91464,1.50,2.25
2012.01.30 02:55:43.258,0.91447,0.91463,1.50,2.25
2012.01.30 02:55:51.236,0.91447,0.91463,2.25,2.25
2012.01.30 02:55:51.310,0.91447,0.91463,2.25,2.25
2012.01.30 02:55:52.247,0.91447,0.91463,2.25,2.25
2012.01.30 02:55:52.375,0.91447,0.91463,2.25,2.25
2012.01.30 02:55:52.626,0.91447,0.91463,2.25,2.25
2012.01.30 02:55:53.138,0.91447,0.91463,2.25,2.25
2012.01.30 02:55:53.207,0.91447,0.91463,2.25,2.25
2012.01.30 02:55:53.455,0.91447,0.91463,2.25,2.25
2012.01.30 02:55:53.636,0.91447,0.91463,2.25,2.25
2012.01.30 02:55:54.156,0.91447,0.91463,2.25,2.25
2012.01.30 02:55:54.667,0.91447,0.91463,2.25,2.25
2012.01.30 02:55:55.227,0.91447,0.91463,2.25,2.25
2012.01.30 02:55:55.536,0.91447,0.91463,2.25,2.25
2012.01.30 02:55:55.726,0.91447,0.91463,2.25,2.25
2012.01.30 02:55:55.996,0.91447,0.91463,2.25,2.25
2012.01.30 02:56:10.318,0.91447,0.91463,2.25,2.25
2012.01.30 02:56:16.226,0.91447,0.91463,2.25,2.25
2012.01.30 02:56:23.277,0.91447,0.91463,2.25,2.25
2012.01.30 02:56:25.536,0.91447,0.91463,2.25,2.25
2012.01.30 02:56:32.514,0.91447,0.91463,2.25,2.25
2012.01.30 02:56:33.038,0.91447,0.91463,2.25,2.25
2012.01.30 02:56:33.839,0.91447,0.91463,2.25,2.25
2012.01.30 02:56:34.508,0.91447,0.91463,2.25,1.50
2012.01.30 02:56:36.018,0.91447,0.91463,2.25,2.25
2012.01.30 02:56:38.449,0.91445,0.91463,2.25,2.25
2012.01.30 02:56:38.697,0.91445,0.91463,2.25,2.25
2012.01.30 02:56:38.949,0.91445,0.91463,2.25,2.25
2012.01.30 02:56:42.446,0.91446,0.91462,2.25,2.25
2012.01.30 02:56:43.076,0.91446,0.91462,2.25,2.25
2012.01.30 02:56:43.447,0.91446,0.91462,2.25,2.25
2012.01.30 02:56:43.757,0.91446,0.91464,2.25,1.50
2012.01.30 02:56:43.946,0.91446,0.91464,2.25,1.50
2012.01.30 02:56:44.467,0.91446,0.91464,2.25,2.25
2012.01.30 02:56:48.849,0.91446,0.91464,2.25,2.25
2012.01.30 02:56:56.093,0.91446,0.91464,1.50,2.25
2012.01.30 02:57:42.480,0.91446,0.91464,2.25,2.25
2012.01.30 02:57:43.111,0.91446,0.91464,2.25,2.25
2012.01.30 02:57:52.977,0.91447,0.91463,1.50,2.25
2012.01.30 02:57:57.716,0.91445,0.91463,2.25,2.25
2012.01.30 02:57:58.302,0.91445,0.91463,1.50,2.25
2012.01.30 02:57:59.488,0.91445,0.91463,1.50,2.25
2012.01.30 02:58:01.798,0.91445,0.91463,1.50,2.25
2012.01.30 02:58:04.754,0.91443,0.91461,2.25,2.25
2012.01.30 02:58:05.058,0.91442,0.9146,2.25,2.25
2012.01.30 02:58:13.991,0.91439,0.91454,1.50,2.25
2012.01.30 02:58:14.538,0.91438,0.91456,3.00,2.25
2012.01.30 02:58:15.821,0.91439,0.91455,2.25,2.25
2012.01.30 02:58:16.282,0.91434,0.91452,3.00,2.25
2012.01.30 02:58:16.791,0.91434,0.91452,3.00,2.25
2012.01.30 02:58:17.329,0.91434,0.91452,1.50,2.25
2012.01.30 02:58:18.031,0.91432,0.9145,1.50,2.25
2012.01.30 02:58:20.841,0.91432,0.9145,1.50,2.25
2012.01.30 02:58:21.357,0.91431,0.91447,1.50,2.25
2012.01.30 02:58:38.232,0.91431,0.91449,2.25,2.25
2012.01.30 02:58:39.170,0.91432,0.91448,1.50,2.25
2012.01.30 02:58:40.203,0.91431,0.91447,2.25,2.25
2012.01.30 02:58:44.484,0.91432,0.91448,1.50,2.25
2012.01.30 02:58:45.370,0.91431,0.91447,2.25,2.25
2012.01.30 02:58:48.490,0.91431,0.91447,1.50,2.25
2012.01.30 02:58:49.494,0.91431,0.91449,1.50,2.25
2012.01.30 02:58:49.908,0.91431,0.91447,1.50,2.25
2012.01.30 02:58:51.041,0.91431,0.91447,2.25,2.25
2012.01.30 02:58:51.599,0.91431,0.91447,1.50,2.25
2012.01.30 02:58:52.240,0.91431,0.91447,2.25,2.25
2012.01.30 02:58:52.969,0.91431,0.91447,1.50,2.25
2012.01.30 02:58:53.230,0.91431,0.91447,1.50,2.25
2012.01.30 02:58:53.881,0.91431,0.91447,2.25,2.25
2012.01.30 02:58:54.517,0.91431,0.91447,1.50,2.25
2012.01.30 02:58:55.136,0.91431,0.91447,2.25,2.25
2012.01.30 02:58:55.767,0.91431,0.91447,1.50,2.25
2012.01.30 02:58:55.839,0.91431,0.91447,1.50,2.25
2012.01.30 02:58:56.728,0.91431,0.91449,1.50,2.25
2012.01.30 02:58:57.134,0.91431,0.91449,1.50,2.25
2012.01.30 02:58:57.693,0.91431,0.91449,2.25,2.25
2012.01.30 02:59:00.969,0.91431,0.91449,1.50,2.25
2012.01.30 02:59:01.518,0.91431,0.91449,2.25,2.25
2012.01.30 02:59:02.097,0.91431,0.91449,1.50,2.25
2012.01.30 02:59:02.617,0.91431,0.91449,2.25,2.25
2012.01.30 02:59:03.168,0.91431,0.91449,1.50,2.25
2012.01.30 02:59:03.716,0.91431,0.91449,2.25,2.25
2012.01.30 02:59:04.227,0.91431,0.91449,1.50,2.25
2012.01.30 02:59:04.788,0.91431,0.91449,1.50,2.25
2012.01.30 02:59:05.317,0.91431,0.91449,1.50,2.25
2012.01.30 02:59:05.857,0.91431,0.91449,1.50,2.25
2012.01.30 02:59:06.417,0.91431,0.91449,1.50,2.25
2012.01.30 02:59:06.719,0.91431,0.91449,1.50,2.25
2012.01.30 02:59:07.091,0.91431,0.91449,2.46,2.25
2012.01.30 02:59:07.161,0.91434,0.9145,1.50,2.25
2012.01.30 02:59:07.718,0.91434,0.9145,1.50,2.25
2012.01.30 02:59:10.363,0.91435,0.91451,1.50,1.88
2012.01.30 02:59:10.688,0.91437,0.91451,1.50,1.73
2012.01.30 02:59:12.757,0.91436,0.91451,1.50,1.73
2012.01.30 02:59:16.974,0.91436,0.91451,1.50,1.73
2012.01.30 02:59:20.178,0.91436,0.91452,1.50,3.23
2012.01.30 02:59:26.168,0.91434,0.9145,2.25,2.25
2012.01.30 02:59:36.641,0.91434,0.9145,1.50,2.25
2012.01.30 02:59:37.748,0.91433,0.91449,2.25,2.25
2012.01.30 02:59:40.969,0.91434,0.9145,1.50,2.25
2012.01.30 02:59:43.137,0.91432,0.9145,2.25,2.25
2012.01.30 02:59:56.711,0.91433,0.91451,1.50,3.23
