2017.12.18 13:00:00.226,0.98782,0.98792,1.00,1.50
2017.12.18 13:00:00.766,0.98781,0.98792,4.12,1.50
2017.12.18 13:00:01.743,0.98782,0.98792,1.50,2.70
2017.12.18 13:00:02.250,0.98781,0.98792,2.25,2.70
2017.12.18 13:00:03.340,0.98781,0.98791,2.24,1.39
2017.12.18 13:00:03.597,0.98781,0.98788,1.00,1.00
2017.12.18 13:00:03.702,0.98772,0.98782,3.56,1.00
2017.12.18 13:00:04.148,0.98771,0.98781,1.31,1.20
2017.12.18 13:00:04.410,0.98769,0.98779,1.88,1.20
2017.12.18 13:00:05.456,0.98769,0.98779,1.69,1.20
2017.12.18 13:00:11.941,0.9877,0.9878,1.31,1.45
2017.12.18 13:00:12.372,0.98771,0.98781,1.69,1.20
2017.12.18 13:00:13.767,0.98771,0.98781,2.44,1.20
2017.12.18 13:00:14.345,0.98771,0.98781,1.69,1.20
2017.12.18 13:00:16.190,0.98771,0.98781,1.50,1.20
2017.12.18 13:00:16.747,0.98771,0.98781,1.69,1.20
2017.12.18 13:00:18.131,0.98771,0.98781,1.50,1.20
2017.12.18 13:00:18.842,0.98771,0.98781,1.69,1.20
2017.12.18 13:00:22.815,0.98774,0.98782,2.66,1.20
2017.12.18 13:00:22.870,0.98776,0.98785,2.29,1.95
2017.12.18 13:00:23.088,0.98777,0.98787,1.25,1.20
2017.12.18 13:00:24.092,0.98777,0.98787,1.31,1.20
2017.12.18 13:00:25.733,0.98777,0.98787,1.13,1.20
2017.12.18 13:00:26.254,0.98777,0.98788,1.31,2.51
2017.12.18 13:00:26.795,0.98778,0.98788,1.88,1.39
2017.12.18 13:00:31.200,0.98779,0.98789,1.88,1.20
2017.12.18 13:00:31.754,0.98779,0.98789,1.69,1.20
2017.12.18 13:00:32.347,0.98779,0.98789,2.06,1.20
2017.12.18 13:00:32.859,0.98779,0.98789,2.06,1.20
2017.12.18 13:00:34.259,0.98779,0.98789,1.69,1.20
2017.12.18 13:00:34.772,0.98779,0.98789,1.88,1.20
2017.12.18 13:00:35.298,0.98779,0.98789,1.88,1.20
2017.12.18 13:00:35.889,0.98778,0.98788,1.31,1.95
2017.12.18 13:00:36.408,0.98778,0.98787,1.31,1.10
2017.12.18 13:00:38.736,0.98778,0.98788,1.13,1.95
2017.12.18 13:00:39.516,0.98777,0.98788,2.25,2.70
2017.12.18 13:00:42.157,0.98777,0.98787,1.19,1.20
2017.12.18 13:00:42.738,0.98777,0.98787,2.81,1.20
2017.12.18 13:00:43.349,0.98777,0.98785,2.06,1.00
2017.12.18 13:00:50.149,0.98776,0.98784,1.63,1.00
2017.12.18 13:00:50.489,0.9877,0.9878,2.63,1.00
2017.12.18 13:00:50.618,0.98769,0.98778,2.81,1.00
2017.12.18 13:00:51.030,0.98768,0.98777,3.94,1.00
2017.12.18 13:00:51.236,0.98768,0.98777,4.13,1.00
2017.12.18 13:00:51.493,0.98767,0.98778,2.63,1.10
2017.12.18 13:00:51.651,0.98767,0.98776,1.13,1.20
2017.12.18 13:00:52.161,0.98768,0.98776,1.44,1.10
2017.12.18 13:00:52.679,0.98768,0.98777,1.44,1.20
2017.12.18 13:00:55.258,0.98768,0.98777,1.25,1.20
2017.12.18 13:00:56.801,0.98766,0.98776,1.87,1.20
2017.12.18 13:00:57.347,0.98766,0.98776,1.50,1.20
2017.12.18 13:00:57.854,0.98766,0.98776,1.69,1.20
2017.12.18 13:00:58.369,0.98766,0.98776,1.13,1.20
2017.12.18 13:00:58.783,0.98763,0.98772,1.13,1.20
2017.12.18 13:00:59.199,0.98765,0.98773,1.25,1.20
2017.12.18 13:00:59.715,0.98764,0.98774,2.25,1.20
2017.12.18 13:01:00.535,0.98765,0.98774,1.88,1.20
2017.12.18 13:01:01.153,0.98765,0.98775,2.63,1.20
2017.12.18 13:01:01.504,0.98767,0.98776,2.63,1.20
2017.12.18 13:01:02.050,0.98767,0.98776,1.88,1.20
2017.12.18 13:01:02.647,0.98767,0.98776,1.88,1.20
2017.12.18 13:01:03.156,0.98767,0.98776,1.88,1.10
2017.12.18 13:01:12.756,0.98768,0.98776,1.13,1.20
2017.12.18 13:01:13.274,0.98768,0.98776,1.13,1.20
2017.12.18 13:01:14.187,0.98768,0.98776,1.44,1.20
2017.12.18 13:01:14.341,0.98767,0.98776,1.50,1.20
2017.12.18 13:01:14.444,0.98765,0.98775,1.44,1.20
2017.12.18 13:01:15.102,0.98764,0.98775,5.29,1.20
2017.12.18 13:01:15.813,0.98764,0.98774,5.29,1.10
2017.12.18 13:01:18.013,0.98764,0.98775,3.79,1.20
2017.12.18 13:01:18.702,0.98764,0.98774,3.56,1.20
2017.12.18 13:01:19.324,0.98766,0.98775,3.00,1.20
2017.12.18 13:01:21.658,0.98766,0.98775,1.87,1.20
2017.12.18 13:01:22.187,0.98766,0.98776,1.31,1.95
2017.12.18 13:01:23.636,0.98767,0.98776,1.00,1.00
2017.12.18 13:01:24.795,0.98767,0.98777,1.13,2.47
2017.12.18 13:01:25.602,0.98768,0.98777,1.44,1.00
2017.12.18 13:01:26.116,0.98768,0.98777,1.00,1.00
2017.12.18 13:01:26.789,0.98768,0.98777,1.44,1.00
2017.12.18 13:01:29.188,0.98768,0.98777,1.00,1.00
2017.12.18 13:01:30.324,0.98768,0.98778,1.88,2.10
2017.12.18 13:01:32.624,0.9877,0.98779,1.69,1.00
2017.12.18 13:01:32.788,0.98771,0.98781,2.44,1.00
2017.12.18 13:01:33.352,0.98771,0.98781,2.44,1.00
2017.12.18 13:01:35.270,0.98771,0.98781,1.88,1.00
2017.12.18 13:01:36.146,0.98771,0.98781,1.88,1.00
2017.12.18 13:01:37.197,0.98771,0.98781,1.87,1.00
2017.12.18 13:01:37.362,0.98771,0.98782,3.94,2.10
2017.12.18 13:01:38.003,0.98771,0.98782,3.75,2.10
2017.12.18 13:01:38.677,0.98771,0.98782,3.19,2.10
2017.12.18 13:01:39.276,0.98771,0.98782,3.19,1.50
2017.12.18 13:01:39.788,0.98771,0.98782,2.81,1.00
2017.12.18 13:01:40.336,0.98771,0.98781,1.00,1.00
2017.12.18 13:01:41.359,0.98771,0.98781,1.38,1.00
2017.12.18 13:01:42.330,0.98771,0.98781,1.13,1.00
2017.12.18 13:01:42.865,0.98771,0.98781,1.38,1.00
2017.12.18 13:01:43.500,0.98771,0.98781,1.31,1.00
2017.12.18 13:01:43.960,0.98771,0.98781,1.50,1.00
2017.12.18 13:01:45.701,0.98771,0.98781,1.88,1.00
2017.12.18 13:01:46.269,0.98771,0.98781,1.69,1.00
2017.12.18 13:01:46.905,0.98771,0.98781,1.88,1.00
2017.12.18 13:01:52.280,0.98771,0.98781,1.69,1.00
2017.12.18 13:01:53.419,0.98771,0.98781,1.88,1.00
2017.12.18 13:01:54.366,0.98771,0.98781,1.69,1.00
2017.12.18 13:01:55.493,0.98771,0.98781,1.88,1.00
2017.12.18 13:01:57.116,0.98771,0.98781,1.50,1.00
2017.12.18 13:01:57.663,0.98771,0.98781,1.38,1.00
2017.12.18 13:01:58.149,0.98771,0.98781,1.50,1.00
2017.12.18 13:01:58.665,0.98771,0.98781,2.06,1.00
2017.12.18 13:01:59.210,0.98772,0.98781,1.44,1.00
2017.12.18 13:02:00.154,0.98772,0.98781,1.63,1.00
2017.12.18 13:02:00.464,0.98777,0.98785,1.00,1.95
2017.12.18 13:02:01.000,0.98776,0.98786,1.50,1.00
2017.12.18 13:02:02.146,0.98777,0.98786,2.06,1.00
2017.12.18 13:02:02.199,0.98779,0.98788,1.25,1.00
2017.12.18 13:02:02.356,0.98781,0.98791,1.00,1.00
2017.12.18 13:02:02.888,0.98782,0.98792,1.00,3.79
2017.12.18 13:02:04.010,0.98783,0.98792,1.00,3.41
2017.12.18 13:02:05.660,0.98784,0.98794,1.00,8.10
2017.12.18 13:02:05.969,0.98781,0.98792,1.25,2.44
2017.12.18 13:02:06.509,0.98779,0.98791,3.38,1.12
2017.12.18 13:02:07.028,0.98779,0.98791,2.63,1.12
2017.12.18 13:02:07.565,0.98779,0.9879,2.63,1.00
2017.12.18 13:02:09.767,0.98779,0.98791,2.25,2.66
2017.12.18 13:02:10.402,0.98779,0.9879,1.88,1.00
2017.12.18 13:02:12.215,0.98782,0.98792,1.50,1.91
2017.12.18 13:02:12.578,0.9878,0.9879,1.12,1.00
2017.12.18 13:02:13.091,0.98779,0.9879,2.81,1.50
2017.12.18 13:02:15.172,0.98776,0.98785,1.00,1.50
2017.12.18 13:02:15.332,0.98771,0.98782,4.13,1.00
2017.12.18 13:02:16.314,0.9877,0.98782,4.31,2.25
2017.12.18 13:02:16.828,0.9877,0.98782,2.44,1.50
2017.12.18 13:02:17.145,0.9877,0.9878,2.81,1.00
2017.12.18 13:02:17.690,0.9877,0.9878,2.63,1.00
2017.12.18 13:02:22.562,0.9877,0.9878,2.06,1.00
2017.12.18 13:02:24.466,0.9877,0.9878,1.88,1.00
2017.12.18 13:02:25.473,0.9877,0.9878,5.63,1.00
2017.12.18 13:02:25.784,0.98777,0.98786,1.00,1.00
2017.12.18 13:02:26.064,0.98774,0.98784,1.50,1.25
2017.12.18 13:02:27.251,0.98774,0.98783,1.69,1.00
2017.12.18 13:02:27.309,0.98772,0.98783,1.12,1.00
2017.12.18 13:02:27.361,0.98771,0.98781,3.19,1.00
2017.12.18 13:02:29.584,0.98771,0.98781,1.69,1.00
2017.12.18 13:02:30.255,0.98771,0.9878,1.50,1.00
2017.12.18 13:02:31.665,0.98771,0.9878,1.69,1.00
2017.12.18 13:02:32.198,0.98771,0.98781,1.69,1.00
2017.12.18 13:02:32.743,0.98771,0.98781,1.50,1.00
2017.12.18 13:02:33.264,0.98771,0.98781,1.19,1.00
2017.12.18 13:02:33.874,0.9877,0.98781,4.12,1.00
2017.12.18 13:02:34.386,0.98771,0.98781,3.56,1.00
2017.12.18 13:02:35.384,0.98771,0.98781,2.25,1.00
2017.12.18 13:02:37.950,0.98771,0.98781,3.00,1.00
2017.12.18 13:02:38.471,0.98771,0.98781,3.94,1.00
2017.12.18 13:02:39.009,0.98771,0.98781,2.06,1.00
2017.12.18 13:02:42.583,0.98771,0.98781,1.88,1.20
2017.12.18 13:02:43.087,0.98771,0.98781,2.81,1.20
2017.12.18 13:02:43.948,0.98771,0.98781,2.25,1.20
2017.12.18 13:02:44.485,0.98772,0.98781,1.38,1.95
2017.12.18 13:02:45.004,0.98772,0.98781,1.44,1.00
2017.12.18 13:02:47.057,0.98772,0.98781,1.44,1.95
2017.12.18 13:02:50.243,0.98773,0.98781,1.25,1.95
2017.12.18 13:02:50.450,0.98776,0.98786,1.69,2.14
2017.12.18 13:02:50.963,0.98776,0.98786,2.44,1.95
2017.12.18 13:02:52.006,0.98776,0.98785,2.81,1.20
2017.12.18 13:02:53.224,0.98776,0.98785,3.19,1.20
2017.12.18 13:02:54.263,0.98776,0.98786,3.00,1.95
2017.12.18 13:02:55.732,0.98776,0.98786,4.13,1.95
2017.12.18 13:02:55.970,0.98775,0.98785,5.66,1.20
2017.12.18 13:03:00.463,0.98775,0.98785,4.69,1.20
2017.12.18 13:03:01.012,0.98776,0.98785,1.31,1.20
2017.12.18 13:03:01.614,0.98776,0.98786,3.19,1.20
2017.12.18 13:03:02.274,0.98777,0.98786,2.25,1.20
2017.12.18 13:03:02.782,0.98777,0.98786,1.88,1.20
2017.12.18 13:03:04.038,0.98777,0.98786,3.04,1.20
2017.12.18 13:03:10.511,0.98776,0.98786,4.35,1.20
2017.12.18 13:03:11.034,0.98777,0.98786,1.13,1.20
2017.12.18 13:03:15.251,0.98777,0.98786,1.69,1.20
2017.12.18 13:03:16.562,0.98771,0.98782,4.13,2.55
2017.12.18 13:03:16.614,0.98771,0.98781,1.50,1.10
2017.12.18 13:03:16.820,0.9877,0.9878,4.31,1.20
2017.12.18 13:03:18.128,0.98771,0.9878,1.69,1.20
2017.12.18 13:03:29.681,0.9877,0.9878,4.16,1.20
2017.12.18 13:03:29.940,0.98769,0.9878,1.69,5.17
2017.12.18 13:03:30.460,0.98768,0.98779,2.81,1.95
2017.12.18 13:03:30.972,0.98768,0.98778,3.00,1.20
2017.12.18 13:03:31.564,0.98768,0.98778,2.63,1.20
2017.12.18 13:03:33.124,0.98768,0.98778,2.44,1.20
2017.12.18 13:03:37.587,0.98768,0.98778,3.19,1.20
2017.12.18 13:03:37.759,0.98767,0.98776,1.00,1.20
2017.12.18 13:03:38.587,0.98765,0.98776,3.00,1.95
2017.12.18 13:03:38.743,0.98763,0.98773,1.13,1.50
2017.12.18 13:03:38.796,0.98763,0.98772,2.44,1.20
2017.12.18 13:03:39.105,0.98764,0.98775,3.19,1.70
2017.12.18 13:03:40.398,0.98764,0.98775,3.56,1.39
2017.12.18 13:03:41.180,0.98764,0.98776,2.81,2.44
2017.12.18 13:03:41.579,0.98766,0.98776,1.44,1.31
2017.12.18 13:03:41.998,0.98764,0.98776,4.73,1.31
2017.12.18 13:03:42.102,0.98766,0.98778,2.44,2.14
2017.12.18 13:03:42.643,0.98767,0.98777,1.00,1.00
2017.12.18 13:03:43.004,0.98764,0.98774,3.83,2.29
2017.12.18 13:03:43.264,0.98761,0.98771,1.00,1.68
2017.12.18 13:03:43.431,0.98759,0.98768,1.12,1.25
2017.12.18 13:03:43.485,0.98756,0.98768,2.25,1.68
2017.12.18 13:03:43.998,0.98756,0.98768,5.44,1.31
2017.12.18 13:03:44.512,0.98758,0.9877,3.56,1.88
2017.12.18 13:03:47.126,0.98759,0.9877,1.31,1.50
2017.12.18 13:03:47.326,0.98757,0.98769,2.63,3.22
2017.12.18 13:03:48.342,0.98757,0.98768,2.25,1.12
2017.12.18 13:03:49.581,0.98757,0.98768,1.50,1.87
2017.12.18 13:03:51.412,0.98755,0.98764,3.26,1.35
2017.12.18 13:03:51.465,0.98753,0.98764,2.63,2.29
2017.12.18 13:03:51.518,0.98751,0.9876,1.39,1.00
2017.12.18 13:03:52.022,0.9875,0.98761,1.87,1.00
2017.12.18 13:03:52.571,0.9875,0.98762,3.94,1.69
2017.12.18 13:03:53.856,0.9875,0.98762,3.94,1.25
2017.12.18 13:03:54.481,0.9875,0.98762,4.69,1.69
2017.12.18 13:03:54.815,0.98754,0.98765,1.44,1.66
2017.12.18 13:03:57.671,0.98755,0.98766,2.06,1.19
2017.12.18 13:03:58.171,0.98755,0.98766,1.25,1.19
2017.12.18 13:03:58.744,0.98755,0.98766,1.44,1.19
2017.12.18 13:03:59.346,0.98755,0.98766,1.31,1.19
2017.12.18 13:04:00.226,0.98755,0.98766,1.50,1.19
2017.12.18 13:04:00.278,0.98756,0.98767,1.00,1.25
2017.12.18 13:04:01.906,0.98756,0.98767,1.50,1.31
2017.12.18 13:04:02.424,0.98758,0.98769,1.13,1.19
2017.12.18 13:04:02.929,0.98758,0.9877,2.25,2.44
2017.12.18 13:04:05.047,0.9876,0.9877,1.50,1.25
2017.12.18 13:04:05.624,0.98759,0.98771,4.31,1.69
2017.12.18 13:04:06.130,0.9876,0.98771,2.44,2.44
2017.12.18 13:04:06.656,0.9876,0.9877,2.25,1.25
2017.12.18 13:04:10.756,0.9876,0.98771,1.31,2.06
2017.12.18 13:04:11.291,0.9876,0.98771,1.50,2.06
2017.12.18 13:04:11.854,0.9876,0.98771,1.31,2.06
2017.12.18 13:04:13.855,0.9876,0.98771,1.50,2.06
2017.12.18 13:04:14.847,0.98759,0.98771,4.69,1.31
2017.12.18 13:04:15.505,0.9876,0.98771,1.50,2.06
2017.12.18 13:04:18.967,0.98763,0.98773,1.00,1.19
2017.12.18 13:04:19.283,0.98765,0.98776,5.29,1.75
2017.12.18 13:04:19.342,0.98765,0.98776,7.31,1.00
2017.12.18 13:04:24.102,0.98767,0.98776,1.31,1.00
2017.12.18 13:04:27.403,0.98764,0.98773,1.01,2.25
2017.12.18 13:04:27.558,0.98764,0.98775,4.88,1.12
2017.12.18 13:04:28.084,0.98765,0.98776,3.38,1.69
2017.12.18 13:04:29.753,0.98766,0.98776,1.69,1.00
2017.12.18 13:04:30.074,0.98768,0.98778,1.69,1.00
2017.12.18 13:04:30.860,0.98767,0.98778,2.44,1.88
2017.12.18 13:04:31.342,0.98768,0.98778,1.44,1.00
2017.12.18 13:04:31.912,0.98767,0.98778,2.44,1.00
2017.12.18 13:04:35.800,0.98768,0.98778,1.50,1.00
2017.12.18 13:04:36.925,0.98769,0.98779,2.63,1.00
2017.12.18 13:04:37.285,0.9877,0.98779,1.88,1.00
2017.12.18 13:04:37.337,0.9877,0.98781,4.50,1.25
2017.12.18 13:04:40.736,0.98772,0.98781,1.19,1.00
2017.12.18 13:04:40.895,0.98775,0.98786,2.48,2.62
2017.12.18 13:04:41.475,0.98776,0.98786,1.00,1.00
2017.12.18 13:04:41.994,0.98777,0.98789,1.00,2.81
2017.12.18 13:04:45.198,0.98776,0.98788,2.63,1.31
2017.12.18 13:04:45.944,0.98776,0.98788,2.81,1.50
2017.12.18 13:04:46.500,0.98776,0.98788,3.79,1.50
2017.12.18 13:04:47.035,0.98777,0.98789,1.00,4.50
2017.12.18 13:04:47.925,0.98777,0.98789,1.44,3.56
2017.12.18 13:04:48.989,0.98777,0.98789,1.12,3.56
2017.12.18 13:04:51.362,0.98777,0.98789,2.25,2.81
2017.12.18 13:04:52.035,0.98778,0.9879,1.13,4.69
2017.12.18 13:04:53.580,0.98777,0.98789,1.31,1.50
2017.12.18 13:04:54.134,0.98778,0.9879,1.00,4.69
2017.12.18 13:04:55.858,0.98777,0.98789,3.56,1.50
2017.12.18 13:04:59.688,0.98777,0.98789,3.56,1.63
2017.12.18 13:05:01.026,0.98777,0.98789,3.22,1.37
2017.12.18 13:05:01.546,0.98777,0.98789,2.81,1.63
2017.12.18 13:05:04.097,0.98777,0.98789,2.81,1.31
2017.12.18 13:05:05.859,0.98777,0.98789,3.00,1.31
2017.12.18 13:05:06.412,0.98777,0.98789,3.00,1.31
2017.12.18 13:05:13.843,0.98777,0.98789,2.25,1.50
2017.12.18 13:05:14.395,0.98777,0.98789,2.44,1.88
2017.12.18 13:05:15.797,0.98777,0.98789,2.25,3.56
2017.12.18 13:05:16.403,0.98777,0.98789,1.50,4.73
2017.12.18 13:05:32.114,0.98775,0.98783,3.37,2.10
2017.12.18 13:05:32.222,0.9877,0.9878,1.00,1.13
2017.12.18 13:05:32.756,0.98768,0.98779,2.81,1.00
2017.12.18 13:05:33.517,0.98768,0.9878,3.00,2.06
2017.12.18 13:05:34.033,0.98768,0.9878,2.06,4.50
2017.12.18 13:05:38.042,0.98768,0.9878,1.88,2.25
2017.12.18 13:05:38.722,0.98768,0.9878,2.06,3.19
2017.12.18 13:05:39.464,0.98768,0.9878,2.25,2.44
2017.12.18 13:05:41.707,0.98768,0.9878,4.13,2.06
2017.12.18 13:05:42.414,0.98768,0.9878,3.19,3.00
2017.12.18 13:05:49.529,0.98768,0.98779,2.44,1.00
2017.12.18 13:05:53.753,0.98768,0.98779,3.38,1.00
2017.12.18 13:05:58.273,0.98768,0.98779,2.25,1.00
2017.12.18 13:06:03.768,0.98767,0.98778,3.04,1.00
2017.12.18 13:06:04.292,0.98767,0.98777,2.29,1.00
2017.12.18 13:06:05.866,0.98764,0.98772,1.25,1.50
2017.12.18 13:06:06.022,0.98761,0.9877,1.00,1.00
2017.12.18 13:06:06.589,0.9876,0.9877,1.69,1.00
2017.12.18 13:06:06.976,0.9876,0.9877,2.44,1.12
2017.12.18 13:06:07.534,0.98759,0.9877,4.35,1.12
2017.12.18 13:06:09.440,0.98759,0.9877,1.50,1.50
2017.12.18 13:06:10.024,0.98759,0.9877,1.44,3.56
2017.12.18 13:06:10.997,0.98759,0.9877,2.06,2.81
2017.12.18 13:06:11.333,0.98759,0.9877,1.50,2.81
2017.12.18 13:06:11.841,0.98759,0.9877,1.50,2.06
2017.12.18 13:06:12.349,0.98759,0.98769,1.12,1.25
2017.12.18 13:06:12.932,0.98758,0.98769,3.38,1.25
2017.12.18 13:06:14.111,0.98759,0.9877,1.00,1.69
2017.12.18 13:06:14.318,0.9876,0.98772,5.10,1.87
2017.12.18 13:06:16.862,0.98762,0.98772,1.00,1.87
2017.12.18 13:06:17.380,0.98762,0.98773,1.50,4.50
2017.12.18 13:06:17.886,0.98762,0.98773,1.50,3.75
2017.12.18 13:06:25.729,0.98762,0.98772,1.00,1.00
2017.12.18 13:06:31.671,0.98762,0.98773,1.13,9.37
2017.12.18 13:06:32.188,0.98761,0.98772,2.06,2.10
2017.12.18 13:06:32.460,0.98761,0.98772,2.44,1.00
2017.12.18 13:06:33.989,0.98765,0.98773,1.60,1.00
2017.12.18 13:06:34.093,0.98765,0.98777,3.00,2.81
2017.12.18 13:06:34.618,0.98766,0.98777,1.12,2.81
2017.12.18 13:06:35.140,0.98766,0.98777,1.50,2.62
2017.12.18 13:06:35.699,0.98767,0.98778,3.00,1.69
2017.12.18 13:06:35.804,0.98768,0.98778,1.44,1.25
2017.12.18 13:06:36.984,0.98768,0.98778,1.38,1.25
2017.12.18 13:06:37.808,0.98768,0.98778,1.25,1.25
2017.12.18 13:06:37.862,0.98768,0.98778,1.38,1.25
2017.12.18 13:06:38.374,0.9877,0.9878,1.69,1.12
2017.12.18 13:06:38.735,0.9877,0.9878,1.95,1.12
2017.12.18 13:06:39.247,0.9877,0.98781,1.95,4.12
2017.12.18 13:06:40.427,0.9877,0.98781,1.95,1.87
2017.12.18 13:06:40.966,0.9877,0.9878,2.33,1.00
2017.12.18 13:06:42.602,0.9877,0.9878,1.57,1.00
2017.12.18 13:06:45.221,0.9877,0.9878,1.95,1.00
2017.12.18 13:06:45.896,0.9877,0.98781,1.95,1.87
2017.12.18 13:06:46.406,0.98771,0.98781,1.45,1.00
2017.12.18 13:06:52.642,0.9877,0.98781,3.45,1.50
2017.12.18 13:06:53.332,0.9877,0.98781,3.45,1.50
2017.12.18 13:06:53.960,0.9877,0.98781,1.76,1.87
2017.12.18 13:06:54.476,0.98771,0.98781,1.39,1.87
2017.12.18 13:06:55.354,0.9877,0.98781,3.49,2.06
2017.12.18 13:06:59.016,0.9877,0.98781,4.05,1.50
2017.12.18 13:07:00.104,0.9877,0.98781,4.43,1.50
2017.12.18 13:07:00.651,0.9877,0.98781,4.61,1.87
2017.12.18 13:07:01.951,0.9877,0.98781,2.33,1.87
2017.12.18 13:07:02.268,0.98772,0.98782,1.58,3.04
2017.12.18 13:07:03.837,0.98772,0.98782,1.20,1.54
2017.12.18 13:07:04.409,0.98772,0.98782,1.39,1.91
2017.12.18 13:07:04.617,0.98773,0.98783,1.01,2.85
2017.12.18 13:07:05.651,0.98776,0.98786,1.25,3.19
2017.12.18 13:07:05.703,0.98775,0.98786,2.29,2.06
2017.12.18 13:07:05.859,0.98776,0.98786,1.08,1.25
2017.12.18 13:07:07.142,0.98776,0.98787,2.14,2.25
2017.12.18 13:07:07.710,0.98777,0.98788,1.70,1.69
2017.12.18 13:07:10.781,0.98777,0.98789,2.33,3.00
2017.12.18 13:07:13.427,0.98778,0.98789,1.58,1.13
2017.12.18 13:07:14.844,0.98778,0.9879,2.51,3.19
2017.12.18 13:07:15.378,0.98778,0.9879,1.89,3.94
2017.12.18 13:07:16.055,0.98778,0.9879,1.89,3.19
2017.12.18 13:07:16.671,0.98778,0.9879,1.89,3.19
2017.12.18 13:07:16.990,0.98772,0.98783,2.14,1.87
2017.12.18 13:07:17.312,0.98776,0.98788,1.58,3.19
2017.12.18 13:07:17.841,0.98776,0.98788,1.57,2.62
2017.12.18 13:07:18.048,0.98776,0.98787,1.20,2.81
2017.12.18 13:07:18.565,0.98776,0.98787,1.20,2.81
2017.12.18 13:07:19.100,0.98776,0.98787,1.20,3.94
2017.12.18 13:07:19.640,0.98776,0.98787,1.20,1.50
2017.12.18 13:07:25.472,0.98776,0.98787,3.08,1.25
2017.12.18 13:07:26.096,0.98776,0.98787,3.08,1.25
2017.12.18 13:07:27.173,0.98776,0.98787,4.43,1.25
2017.12.18 13:07:29.857,0.98778,0.98788,1.10,1.00
2017.12.18 13:07:30.386,0.98779,0.98789,1.10,1.50
2017.12.18 13:07:36.104,0.98779,0.98789,1.58,1.12
2017.12.18 13:07:36.636,0.98779,0.9879,2.51,1.12
2017.12.18 13:07:37.401,0.98779,0.9879,1.57,1.12
2017.12.18 13:07:41.387,0.98779,0.9879,2.51,2.47
2017.12.18 13:07:42.041,0.98779,0.9879,1.58,3.22
2017.12.18 13:07:42.587,0.98778,0.98789,3.26,2.10
2017.12.18 13:07:44.817,0.98779,0.98789,1.20,1.50
2017.12.18 13:07:45.000,0.98781,0.98791,1.01,1.31
2017.12.18 13:07:45.516,0.98781,0.98791,1.20,1.31
2017.12.18 13:07:47.237,0.98781,0.98792,1.10,3.04
2017.12.18 13:07:47.751,0.98781,0.9879,1.10,1.00
2017.12.18 13:07:53.749,0.98779,0.9879,4.01,1.25
2017.12.18 13:07:54.484,0.9878,0.9879,1.08,1.00
2017.12.18 13:07:55.142,0.9878,0.9879,1.10,1.00
2017.12.18 13:07:55.761,0.98778,0.98788,1.76,1.35
2017.12.18 13:07:55.916,0.98777,0.98787,2.33,1.00
2017.12.18 13:07:56.463,0.98778,0.98787,1.08,1.00
2017.12.18 13:08:00.226,0.98777,0.98787,2.14,1.00
2017.12.18 13:08:05.416,0.98775,0.98786,6.08,1.00
2017.12.18 13:08:11.316,0.98776,0.98786,2.14,1.00
2017.12.18 13:08:15.687,0.98776,0.98786,2.89,1.00
2017.12.18 13:08:16.226,0.98777,0.98788,1.01,4.35
2017.12.18 13:08:17.689,0.98777,0.98788,1.50,1.95
2017.12.18 13:08:18.580,0.98778,0.98787,1.00,1.57
2017.12.18 13:08:19.173,0.98777,0.98787,1.88,1.57
2017.12.18 13:08:27.532,0.98777,0.98787,1.25,1.45
2017.12.18 13:08:36.780,0.98777,0.98788,1.88,1.95
2017.12.18 13:08:38.715,0.98777,0.98787,2.48,1.07
2017.12.18 13:08:39.227,0.98777,0.98787,3.23,1.07
2017.12.18 13:08:39.760,0.98777,0.98787,3.23,1.10
2017.12.18 13:08:40.296,0.98777,0.98789,2.29,5.36
2017.12.18 13:08:41.050,0.98777,0.98789,3.23,5.74
2017.12.18 13:08:42.370,0.98777,0.98789,3.60,2.74
2017.12.18 13:08:44.681,0.98777,0.98789,4.54,4.42
2017.12.18 13:08:51.367,0.98779,0.98789,1.00,2.70
2017.12.18 13:08:55.831,0.98779,0.98789,1.25,1.01
2017.12.18 13:08:57.353,0.98779,0.98789,1.25,1.01
2017.12.18 13:09:00.176,0.98779,0.98789,1.69,1.01
2017.12.18 13:09:01.343,0.9878,0.98789,1.00,1.01
2017.12.18 13:09:01.909,0.98779,0.9879,1.88,3.83
2017.12.18 13:09:04.957,0.9878,0.98791,1.50,2.89
2017.12.18 13:09:05.494,0.98783,0.98792,2.10,1.45
2017.12.18 13:09:05.547,0.98783,0.98794,1.12,5.89
2017.12.18 13:09:05.754,0.98783,0.98792,1.00,1.01
2017.12.18 13:09:06.255,0.98783,0.98793,1.00,5.92
2017.12.18 13:09:07.079,0.98783,0.98791,1.00,1.07
2017.12.18 13:09:08.049,0.98783,0.98791,1.00,1.10
2017.12.18 13:09:09.412,0.9878,0.98791,3.75,1.10
2017.12.18 13:09:11.103,0.9878,0.98791,3.75,1.07
2017.12.18 13:09:14.059,0.9878,0.98791,4.16,1.10
2017.12.18 13:09:14.609,0.9878,0.98791,3.98,2.70
2017.12.18 13:09:15.141,0.9878,0.98791,3.98,2.70
2017.12.18 13:09:16.014,0.9878,0.98792,3.23,7.69
2017.12.18 13:09:21.954,0.9878,0.9879,1.50,1.00
2017.12.18 13:09:22.578,0.98779,0.9879,5.85,1.00
2017.12.18 13:09:23.089,0.98779,0.98789,3.19,1.00
2017.12.18 13:09:23.605,0.98779,0.98789,3.75,1.00
2017.12.18 13:09:25.203,0.9878,0.9879,1.30,1.12
2017.12.18 13:09:26.186,0.98779,0.9879,2.44,1.12
2017.12.18 13:09:26.721,0.98779,0.9879,3.19,1.12
2017.12.18 13:09:32.705,0.98779,0.9879,4.35,1.12
2017.12.18 13:09:33.230,0.9878,0.98791,2.66,2.25
2017.12.18 13:09:37.848,0.9878,0.98791,1.00,4.35
2017.12.18 13:09:38.359,0.9878,0.98791,1.00,2.85
2017.12.18 13:09:43.047,0.9878,0.98791,1.00,3.23
2017.12.18 13:09:43.775,0.9878,0.98791,1.00,3.04
2017.12.18 13:09:45.230,0.9878,0.98791,1.00,3.79
2017.12.18 13:09:45.757,0.9878,0.98791,1.00,4.73
2017.12.18 13:09:46.775,0.9878,0.98791,1.12,4.16
2017.12.18 13:09:47.305,0.9878,0.98791,4.69,1.12
2017.12.18 13:09:49.051,0.9878,0.98792,1.69,3.41
2017.12.18 13:09:49.859,0.9878,0.98791,1.50,1.87
2017.12.18 13:09:50.601,0.9878,0.98791,1.31,1.87
2017.12.18 13:09:52.369,0.9878,0.9879,1.00,1.12
2017.12.18 13:09:56.687,0.9878,0.98789,1.00,1.25
2017.12.18 13:09:57.496,0.9878,0.9879,1.00,4.91
2017.12.18 13:09:58.423,0.98779,0.98788,1.00,1.25
2017.12.18 13:09:59.036,0.98779,0.98789,1.00,1.00
2017.12.18 13:09:59.563,0.9878,0.9879,1.00,2.44
2017.12.18 13:10:17.557,0.9878,0.9879,1.00,3.19
2017.12.18 13:10:17.875,0.98773,0.98781,1.19,1.50
2017.12.18 13:10:17.927,0.98773,0.98781,1.00,1.50
2017.12.18 13:10:17.981,0.98771,0.98781,1.87,1.50
2017.12.18 13:10:21.353,0.98771,0.98781,1.50,1.12
2017.12.18 13:10:21.902,0.98771,0.98781,2.06,1.12
2017.12.18 13:10:23.100,0.98774,0.98781,2.25,1.00
2017.12.18 13:10:23.191,0.98774,0.98784,1.00,1.87
2017.12.18 13:10:23.296,0.98776,0.98785,2.10,1.19
2017.12.18 13:10:23.350,0.98776,0.98786,1.00,1.12
2017.12.18 13:10:23.453,0.98773,0.98783,3.86,1.00
2017.12.18 13:10:23.968,0.98773,0.98782,1.25,1.00
2017.12.18 13:10:24.422,0.98774,0.98785,4.13,1.69
2017.12.18 13:10:25.032,0.98775,0.98785,1.00,1.12
2017.12.18 13:10:26.231,0.98775,0.98784,1.13,1.30
2017.12.18 13:10:26.541,0.98772,0.98781,1.25,1.00
2017.12.18 13:10:29.321,0.9877,0.9878,1.19,1.25
2017.12.18 13:10:29.825,0.9877,0.98781,1.19,4.91
2017.12.18 13:10:30.372,0.9877,0.9878,1.63,1.00
2017.12.18 13:10:32.711,0.9877,0.98781,1.19,3.97
2017.12.18 13:10:34.326,0.9877,0.9878,1.44,1.00
2017.12.18 13:10:34.933,0.9877,0.9878,1.00,1.00
2017.12.18 13:10:36.115,0.9877,0.98781,1.00,5.29
2017.12.18 13:10:36.636,0.9877,0.9878,1.00,3.37
2017.12.18 13:10:37.176,0.98769,0.98779,1.00,1.31
2017.12.18 13:10:40.799,0.98765,0.98772,2.70,1.00
2017.12.18 13:10:40.903,0.9876,0.98772,4.57,1.50
2017.12.18 13:10:41.452,0.9876,0.98771,3.00,1.00
2017.12.18 13:10:42.296,0.9876,0.98772,4.13,1.00
2017.12.18 13:10:42.894,0.9876,0.98771,3.38,1.00
2017.12.18 13:10:44.303,0.9876,0.98771,2.06,1.25
2017.12.18 13:10:45.825,0.9876,0.98771,2.06,1.25
2017.12.18 13:10:48.727,0.9876,0.9877,2.25,1.00
2017.12.18 13:10:49.258,0.9876,0.98771,2.25,1.31
2017.12.18 13:10:52.309,0.9876,0.98771,1.69,1.13
2017.12.18 13:10:52.905,0.9876,0.98771,1.69,1.25
2017.12.18 13:10:58.231,0.9876,0.98771,1.31,1.69
2017.12.18 13:10:58.759,0.9876,0.98771,2.06,1.31
2017.12.18 13:10:59.269,0.9876,0.98771,1.88,1.69
2017.12.18 13:11:02.570,0.98759,0.9877,1.31,2.10
2017.12.18 13:11:03.102,0.98759,0.9877,1.50,2.29
2017.12.18 13:11:05.926,0.98759,0.98771,2.25,1.19
2017.12.18 13:11:05.978,0.98759,0.98771,2.44,1.25
2017.12.18 13:11:10.117,0.9876,0.98771,1.63,1.91
2017.12.18 13:11:10.220,0.9876,0.98771,1.50,1.91
2017.12.18 13:11:13.091,0.9876,0.98771,1.69,1.91
2017.12.18 13:11:13.635,0.9876,0.98771,1.50,1.91
2017.12.18 13:11:14.169,0.98761,0.98772,1.12,1.56
2017.12.18 13:11:15.062,0.98762,0.98773,1.00,8.66
2017.12.18 13:11:20.419,0.98761,0.98772,1.88,1.69
2017.12.18 13:11:23.493,0.98761,0.98772,1.88,3.79
2017.12.18 13:11:30.579,0.98762,0.98772,1.50,1.91
2017.12.18 13:11:34.546,0.98762,0.98772,1.31,1.91
2017.12.18 13:11:35.084,0.98762,0.98772,2.25,1.91
2017.12.18 13:11:37.246,0.98762,0.98772,1.31,2.66
2017.12.18 13:11:41.012,0.98762,0.98772,1.76,2.66
2017.12.18 13:11:42.602,0.98762,0.98772,2.70,2.47
2017.12.18 13:11:43.527,0.98762,0.98772,1.57,1.91
2017.12.18 13:11:44.134,0.98762,0.98772,1.39,2.85
2017.12.18 13:11:44.786,0.98762,0.98772,1.76,2.66
2017.12.18 13:11:45.883,0.98762,0.98772,1.95,2.47
2017.12.18 13:11:47.392,0.98762,0.98772,1.39,1.72
2017.12.18 13:11:47.902,0.98762,0.98772,1.95,2.47
2017.12.18 13:11:53.388,0.98762,0.98772,1.76,1.91
2017.12.18 13:11:58.703,0.98762,0.98772,1.95,2.29
2017.12.18 13:11:59.309,0.98762,0.98772,1.95,2.29
2017.12.18 13:12:00.372,0.98762,0.98772,1.57,1.54
2017.12.18 13:12:00.901,0.98762,0.98772,1.76,2.29
2017.12.18 13:12:07.404,0.98762,0.98772,2.51,1.72
2017.12.18 13:12:15.294,0.98769,0.98776,1.00,1.50
2017.12.18 13:12:15.347,0.98769,0.98779,1.01,1.31
2017.12.18 13:12:15.914,0.9877,0.9878,1.10,5.81
2017.12.18 13:12:17.155,0.9877,0.98781,1.20,2.06
2017.12.18 13:12:17.309,0.9877,0.98781,2.33,1.56
2017.12.18 13:12:18.365,0.9877,0.98782,1.45,5.29
2017.12.18 13:12:21.535,0.9877,0.98782,2.18,6.94
2017.12.18 13:12:28.356,0.9877,0.9878,2.32,2.48
2017.12.18 13:12:28.990,0.9877,0.98778,1.10,1.54
2017.12.18 13:12:29.573,0.98769,0.98777,1.00,1.35
2017.12.18 13:12:30.024,0.98766,0.98774,1.00,1.35
2017.12.18 13:12:30.562,0.98765,0.98775,3.45,1.72
2017.12.18 13:12:30.871,0.98767,0.98777,1.10,3.04
2017.12.18 13:12:31.423,0.98766,0.98776,1.20,2.81
2017.12.18 13:12:31.732,0.98766,0.98776,1.00,4.88
2017.12.18 13:12:34.266,0.98766,0.98776,1.69,1.62
2017.12.18 13:12:34.791,0.98766,0.98777,2.33,1.50
2017.12.18 13:12:35.864,0.98767,0.98778,1.76,3.04
2017.12.18 13:12:36.175,0.98769,0.98778,1.00,2.29
2017.12.18 13:12:38.293,0.98769,0.98779,1.25,2.81
2017.12.18 13:12:40.738,0.9877,0.9878,1.69,3.38
2017.12.18 13:12:40.841,0.98771,0.98782,1.99,2.06
2017.12.18 13:12:45.014,0.98772,0.98782,1.08,1.31
2017.12.18 13:12:45.602,0.98775,0.98784,1.54,2.81
2017.12.18 13:12:45.758,0.98776,0.98788,2.51,2.81
2017.12.18 13:12:45.894,0.98776,0.98788,2.89,2.63
2017.12.18 13:12:46.408,0.98777,0.98789,2.51,1.19
2017.12.18 13:12:47.444,0.98777,0.98789,3.83,1.19
2017.12.18 13:12:47.653,0.98777,0.9879,5.74,1.88
2017.12.18 13:12:49.421,0.98778,0.9879,1.76,1.25
2017.12.18 13:12:49.934,0.98779,0.9879,1.45,1.25
2017.12.18 13:12:51.932,0.98778,0.9879,4.05,1.69
2017.12.18 13:12:53.168,0.98778,0.9879,4.05,1.25
2017.12.18 13:12:57.790,0.98779,0.9879,1.39,1.25
2017.12.18 13:12:58.382,0.9878,0.98791,1.08,3.00
2017.12.18 13:12:59.416,0.98779,0.98791,3.45,1.31
2017.12.18 13:12:59.952,0.98779,0.98791,1.57,4.50
2017.12.18 13:13:00.266,0.98777,0.98786,5.55,1.00
2017.12.18 13:13:00.318,0.98777,0.98786,2.51,1.00
2017.12.18 13:13:01.217,0.98777,0.98789,3.08,3.75
2017.12.18 13:13:01.724,0.98778,0.98789,1.08,2.06
2017.12.18 13:13:04.122,0.98777,0.98789,3.68,2.06
2017.12.18 13:13:04.637,0.98777,0.98789,4.61,1.44
2017.12.18 13:13:07.404,0.98778,0.98789,1.20,2.06
2017.12.18 13:13:07.711,0.9878,0.98789,1.00,3.56
2017.12.18 13:13:16.061,0.9878,0.98789,1.10,1.25
2017.12.18 13:13:16.472,0.98782,0.98791,1.00,1.69
2017.12.18 13:13:17.045,0.98781,0.98792,1.01,9.79
2017.12.18 13:13:19.420,0.98782,0.98791,1.25,1.19
2017.12.18 13:13:21.285,0.98782,0.98792,1.10,2.81
2017.12.18 13:13:21.801,0.98783,0.98792,1.00,1.69
2017.12.18 13:13:25.559,0.98785,0.98795,1.00,2.47
2017.12.18 13:13:25.663,0.98785,0.98797,4.43,1.00
2017.12.18 13:13:26.222,0.98785,0.98798,5.55,3.56
2017.12.18 13:13:27.126,0.98786,0.98799,5.36,3.56
2017.12.18 13:13:27.331,0.98787,0.98799,2.18,2.81
2017.12.18 13:13:28.079,0.98788,0.98799,1.20,1.50
2017.12.18 13:13:28.950,0.98788,0.98798,1.29,2.06
2017.12.18 13:13:29.263,0.98786,0.98798,3.26,2.44
2017.12.18 13:13:30.786,0.98786,0.98798,3.26,2.06
2017.12.18 13:13:35.672,0.98787,0.98799,1.01,4.88
2017.12.18 13:13:36.178,0.98786,0.98795,5.92,1.00
2017.12.18 13:13:36.230,0.98784,0.98794,2.51,2.06
2017.12.18 13:13:36.490,0.98785,0.98796,1.76,1.12
2017.12.18 13:13:36.543,0.98785,0.98796,4.20,1.12
2017.12.18 13:13:36.853,0.98784,0.98794,2.74,2.81
2017.12.18 13:13:36.956,0.98784,0.98793,1.01,1.31
2017.12.18 13:13:39.398,0.98783,0.98792,1.39,1.12
2017.12.18 13:13:39.502,0.98781,0.98791,1.39,4.35
2017.12.18 13:13:43.455,0.98779,0.98789,2.14,1.44
2017.12.18 13:13:43.975,0.98779,0.98789,1.76,2.44
2017.12.18 13:13:44.876,0.98778,0.98786,1.39,1.00
2017.12.18 13:13:46.068,0.98775,0.98782,1.76,1.00
2017.12.18 13:13:46.120,0.98774,0.98782,3.26,1.00
2017.12.18 13:13:46.633,0.98773,0.98781,1.39,1.00
2017.12.18 13:13:47.229,0.98771,0.98779,1.01,1.00
2017.12.18 13:13:47.747,0.9877,0.9878,1.39,1.00
2017.12.18 13:13:48.494,0.98771,0.98781,2.81,1.00
2017.12.18 13:13:48.852,0.98774,0.98784,1.76,1.00
2017.12.18 13:13:48.905,0.98776,0.98786,1.01,1.00
2017.12.18 13:13:49.431,0.98776,0.98787,2.70,1.00
2017.12.18 13:13:51.113,0.98776,0.98787,2.51,1.00
2017.12.18 13:13:59.930,0.98776,0.98787,2.51,1.00
2017.12.18 13:14:02.374,0.98774,0.98781,1.64,1.00
2017.12.18 13:14:02.900,0.98774,0.98782,1.29,1.00
2017.12.18 13:14:03.452,0.98772,0.9878,3.26,1.00
2017.12.18 13:14:03.508,0.98772,0.98782,1.32,4.12
2017.12.18 13:14:04.122,0.9877,0.98782,2.70,3.97
2017.12.18 13:14:04.648,0.9877,0.98781,1.76,1.00
2017.12.18 13:14:05.237,0.98771,0.98782,1.29,2.85
2017.12.18 13:14:08.365,0.9877,0.98781,2.89,1.25
2017.12.18 13:14:13.721,0.9877,0.98782,1.95,3.00
2017.12.18 13:14:14.848,0.9877,0.98783,3.45,2.47
2017.12.18 13:14:15.389,0.98771,0.98783,1.20,2.25
2017.12.18 13:14:17.005,0.98771,0.98782,4.39,1.00
2017.12.18 13:14:17.113,0.98774,0.98784,1.00,2.85
2017.12.18 13:14:17.217,0.98774,0.98785,3.07,1.00
2017.12.18 13:14:18.313,0.98775,0.98786,2.70,1.00
2017.12.18 13:14:21.578,0.98775,0.98784,1.39,1.12
2017.12.18 13:14:21.774,0.98773,0.98784,1.76,3.00
2017.12.18 13:14:22.283,0.98773,0.98783,1.26,1.50
2017.12.18 13:14:25.915,0.98772,0.98782,1.26,1.00
2017.12.18 13:14:26.417,0.98771,0.98782,2.89,1.69
2017.12.18 13:14:26.934,0.98771,0.98782,2.89,1.50
2017.12.18 13:14:28.096,0.98771,0.98782,2.14,1.50
2017.12.18 13:14:28.603,0.98771,0.98782,2.14,1.50
2017.12.18 13:14:31.586,0.98771,0.98782,2.14,1.50
2017.12.18 13:14:32.996,0.98771,0.98782,2.14,1.50
2017.12.18 13:14:33.640,0.98771,0.98782,2.14,1.50
2017.12.18 13:14:37.295,0.98771,0.98782,2.14,1.50
2017.12.18 13:14:37.920,0.98771,0.98782,2.14,1.50
2017.12.18 13:14:38.464,0.98771,0.98782,4.20,1.00
2017.12.18 13:14:48.653,0.98775,0.98784,1.50,1.12
2017.12.18 13:14:48.758,0.98776,0.98786,1.50,1.00
2017.12.18 13:14:49.297,0.98776,0.98788,1.50,5.62
2017.12.18 13:14:50.108,0.98778,0.98788,1.00,1.12
2017.12.18 13:14:50.444,0.98779,0.9879,2.44,1.00
2017.12.18 13:14:50.948,0.98779,0.9879,3.94,1.00
2017.12.18 13:14:57.535,0.9878,0.98791,2.62,1.12
2017.12.18 13:14:58.726,0.9878,0.98791,3.19,1.12
2017.12.18 13:14:59.250,0.9878,0.98791,2.62,1.12
2017.12.18 13:14:59.795,0.9878,0.98791,2.62,1.12
2017.12.18 13:15:01.257,0.98779,0.9879,4.35,1.00
2017.12.18 13:15:05.581,0.9878,0.9879,1.19,2.06
2017.12.18 13:15:06.637,0.98778,0.98788,2.44,1.12
2017.12.18 13:15:07.172,0.98778,0.98789,3.41,1.50
2017.12.18 13:15:07.689,0.98779,0.9879,2.06,1.50
2017.12.18 13:15:19.679,0.98782,0.98791,1.00,1.00
2017.12.18 13:15:20.421,0.98782,0.98791,1.19,1.00
2017.12.18 13:15:24.098,0.9878,0.9879,1.31,1.25
2017.12.18 13:15:27.507,0.98779,0.9879,3.19,1.25
2017.12.18 13:15:28.130,0.98779,0.98791,2.44,5.66
2017.12.18 13:15:28.639,0.98779,0.98789,2.25,1.00
2017.12.18 13:15:31.476,0.98781,0.98789,1.00,1.00
2017.12.18 13:15:35.490,0.98781,0.9879,1.87,1.35
2017.12.18 13:15:37.224,0.98781,0.98792,1.12,3.60
2017.12.18 13:15:44.126,0.98783,0.98792,1.00,2.25
2017.12.18 13:15:44.821,0.98784,0.98793,1.50,1.31
2017.12.18 13:15:45.650,0.98784,0.98794,1.00,2.81
2017.12.18 13:15:46.519,0.98784,0.98794,1.00,2.62
2017.12.18 13:15:47.189,0.98784,0.98793,1.00,4.69
2017.12.18 13:15:47.984,0.98782,0.98792,1.25,1.00
2017.12.18 13:15:48.499,0.98782,0.98791,1.25,1.12
2017.12.18 13:15:51.049,0.98782,0.98793,1.25,4.91
2017.12.18 13:15:51.153,0.98784,0.98794,1.00,4.16
2017.12.18 13:15:52.536,0.98785,0.98795,1.00,4.72
2017.12.18 13:15:52.989,0.98785,0.98793,1.00,2.85
2017.12.18 13:15:53.493,0.98785,0.98793,1.00,1.00
2017.12.18 13:15:54.013,0.98785,0.98795,1.00,2.85
2017.12.18 13:15:56.233,0.98785,0.98793,1.00,2.29
2017.12.18 13:15:56.747,0.98784,0.98793,1.00,2.10
2017.12.18 13:16:02.640,0.98781,0.98793,2.81,4.72
2017.12.18 13:16:03.180,0.98781,0.98791,1.12,3.00
2017.12.18 13:16:03.713,0.98781,0.9879,1.00,1.12
2017.12.18 13:16:04.380,0.98781,0.98791,1.00,2.29
2017.12.18 13:16:05.268,0.98782,0.98792,1.00,3.60
2017.12.18 13:16:07.942,0.98782,0.98792,1.00,2.47
2017.12.18 13:16:25.164,0.98784,0.98792,1.00,1.35
2017.12.18 13:16:25.314,0.98785,0.98794,1.00,1.87
2017.12.18 13:16:25.829,0.98785,0.98793,1.00,1.00
2017.12.18 13:16:27.879,0.98785,0.98792,1.00,1.00
2017.12.18 13:16:28.086,0.98785,0.98795,1.50,3.04
2017.12.18 13:16:28.608,0.98786,0.98795,1.12,1.54
2017.12.18 13:16:28.980,0.98785,0.98793,1.00,1.35
2017.12.18 13:16:30.180,0.98785,0.98794,1.00,2.47
2017.12.18 13:16:30.814,0.98785,0.98793,1.00,1.60
2017.12.18 13:16:32.654,0.98785,0.98794,1.00,2.85
2017.12.18 13:16:33.770,0.98785,0.98795,1.00,3.04
2017.12.18 13:16:34.238,0.98785,0.98795,1.00,4.16
2017.12.18 13:16:34.341,0.98785,0.98796,1.00,5.66
2017.12.18 13:16:34.876,0.98786,0.98796,1.25,1.72
2017.12.18 13:16:44.764,0.98786,0.98797,1.25,3.79
2017.12.18 13:16:45.325,0.98786,0.98796,1.25,1.00
2017.12.18 13:16:56.790,0.98788,0.98797,1.00,1.25
2017.12.18 13:16:57.152,0.98789,0.98799,1.12,1.72
2017.12.18 13:16:57.205,0.9879,0.988,1.50,2.47
2017.12.18 13:16:58.551,0.98791,0.988,1.12,1.35
2017.12.18 13:17:05.716,0.98791,0.988,4.12,1.00
2017.12.18 13:17:22.981,0.98794,0.98802,1.12,1.50
2017.12.18 13:17:23.137,0.98795,0.98804,1.00,3.41
2017.12.18 13:17:23.466,0.98795,0.98803,1.00,2.85
2017.12.18 13:17:27.218,0.98794,0.98802,1.00,1.54
2017.12.18 13:17:33.221,0.98794,0.98803,1.00,2.10
2017.12.18 13:17:37.825,0.98794,0.98802,1.00,1.00
2017.12.18 13:17:42.761,0.98794,0.98803,1.00,2.10
2017.12.18 13:17:43.759,0.98794,0.98802,1.00,1.00
2017.12.18 13:17:46.448,0.98794,0.98803,1.00,2.47
2017.12.18 13:17:48.761,0.98794,0.98802,1.00,1.00
2017.12.18 13:17:56.490,0.98794,0.98801,1.00,1.00
2017.12.18 13:17:56.655,0.98784,0.98793,1.69,1.35
2017.12.18 13:17:56.864,0.98783,0.98791,1.00,1.50
2017.12.18 13:17:57.070,0.98781,0.98792,1.00,5.29
2017.12.18 13:17:57.122,0.98777,0.98786,1.39,3.79
2017.12.18 13:17:57.175,0.98776,0.98786,1.12,4.31
2017.12.18 13:17:57.278,0.98774,0.98783,1.37,1.00
2017.12.18 13:17:57.382,0.98773,0.98783,1.31,1.00
2017.12.18 13:17:57.905,0.98772,0.98784,2.25,2.62
2017.12.18 13:17:59.955,0.98773,0.98784,1.25,1.00
2017.12.18 13:18:03.126,0.98773,0.98786,3.75,5.81
2017.12.18 13:18:03.671,0.98775,0.98786,1.00,1.00
2017.12.18 13:18:04.234,0.98779,0.98787,3.00,1.00
2017.12.18 13:18:04.288,0.98779,0.9879,2.44,1.25
2017.12.18 13:18:05.358,0.98781,0.98793,1.87,4.31
2017.12.18 13:18:05.867,0.98781,0.98793,3.00,1.69
2017.12.18 13:18:06.415,0.98781,0.98793,2.25,1.31
2017.12.18 13:18:07.887,0.98782,0.98793,1.19,1.31
2017.12.18 13:18:11.603,0.98784,0.98795,3.19,1.19
2017.12.18 13:18:11.655,0.98784,0.98796,2.74,1.12
2017.12.18 13:18:12.225,0.98785,0.98797,1.87,2.81
2017.12.18 13:18:14.601,0.98783,0.98793,4.76,1.00
2017.12.18 13:18:15.601,0.98783,0.98794,1.19,3.60
2017.12.18 13:18:16.143,0.98783,0.98793,1.19,1.00
2017.12.18 13:18:23.099,0.98783,0.98794,1.19,3.97
2017.12.18 13:18:23.601,0.98783,0.98793,1.19,1.00
2017.12.18 13:18:24.379,0.98783,0.98794,1.19,3.97
2017.12.18 13:18:25.127,0.98783,0.98793,1.19,1.00
2017.12.18 13:18:27.494,0.98783,0.98794,1.19,4.35
2017.12.18 13:18:28.206,0.98783,0.98793,1.19,1.00
2017.12.18 13:18:49.927,0.98782,0.98792,1.19,1.00
2017.12.18 13:18:53.509,0.98782,0.98792,1.00,1.25
2017.12.18 13:18:54.131,0.9878,0.9879,1.19,1.00
2017.12.18 13:18:54.184,0.98779,0.9879,3.56,2.06
2017.12.18 13:18:54.731,0.98779,0.9879,2.44,2.06
2017.12.18 13:18:55.195,0.98776,0.98785,1.50,3.41
2017.12.18 13:18:55.324,0.98773,0.98784,2.14,2.44
2017.12.18 13:18:55.845,0.98772,0.98784,3.00,2.06
2017.12.18 13:18:56.038,0.98772,0.98781,1.69,1.00
2017.12.18 13:18:58.320,0.98771,0.98782,2.44,1.87
2017.12.18 13:18:58.923,0.98771,0.98781,2.62,1.00
2017.12.18 13:18:59.602,0.98771,0.98782,1.87,2.62
2017.12.18 13:19:03.469,0.98772,0.98784,1.69,3.56
2017.12.18 13:19:03.625,0.98771,0.98783,5.81,3.00
2017.12.18 13:19:09.720,0.98772,0.98783,2.81,1.00
2017.12.18 13:19:11.652,0.98772,0.98782,2.62,1.54
2017.12.18 13:19:11.705,0.98769,0.9878,3.94,1.00
2017.12.18 13:19:16.133,0.9877,0.98781,1.87,1.12
2017.12.18 13:19:16.304,0.98774,0.98782,1.15,1.50
2017.12.18 13:19:16.358,0.98774,0.98784,2.77,3.37
2017.12.18 13:19:17.315,0.98774,0.98784,2.77,2.85
2017.12.18 13:19:20.614,0.98778,0.98784,1.00,1.50
2017.12.18 13:19:22.369,0.98778,0.98785,1.00,2.85
2017.12.18 13:19:23.952,0.98778,0.98784,1.00,1.00
2017.12.18 13:19:24.359,0.9878,0.98786,1.00,3.37
2017.12.18 13:19:24.464,0.98782,0.98788,1.00,1.25
2017.12.18 13:19:24.975,0.98783,0.98789,1.00,2.81
2017.12.18 13:19:26.173,0.98783,0.98791,1.00,1.31
2017.12.18 13:19:26.721,0.98784,0.98792,1.00,2.62
2017.12.18 13:19:33.960,0.98785,0.98792,1.00,1.31
2017.12.18 13:19:34.461,0.98785,0.98792,1.00,1.12
2017.12.18 13:19:42.651,0.98785,0.98793,1.00,3.56
2017.12.18 13:19:46.640,0.98785,0.98793,1.00,3.56
2017.12.18 13:19:50.212,0.98785,0.98793,1.00,1.69
2017.12.18 13:19:50.942,0.98785,0.98793,1.00,5.62
2017.12.18 13:19:51.468,0.98784,0.98792,1.00,1.25
2017.12.18 13:19:53.203,0.98784,0.98793,1.00,4.87
2017.12.18 13:19:53.839,0.98784,0.98793,1.00,3.94
2017.12.18 13:20:00.049,0.98783,0.9879,1.00,1.00
2017.12.18 13:20:00.209,0.98783,0.98792,1.00,2.85
2017.12.18 13:20:00.719,0.98783,0.98791,1.00,1.00
2017.12.18 13:20:00.874,0.98781,0.9879,1.00,1.31
2017.12.18 13:20:01.456,0.98781,0.98791,1.00,2.44
2017.12.18 13:20:01.509,0.98783,0.98792,1.00,2.44
2017.12.18 13:20:02.054,0.98784,0.98793,1.00,5.81
2017.12.18 13:20:03.586,0.98784,0.98793,1.00,1.12
2017.12.18 13:20:06.066,0.98784,0.98794,1.00,3.04
2017.12.18 13:20:07.553,0.98784,0.98793,1.00,1.50
2017.12.18 13:20:35.490,0.98782,0.98786,1.00,2.10
2017.12.18 13:20:35.543,0.9878,0.98787,1.00,2.47
2017.12.18 13:20:36.074,0.9878,0.98786,1.00,1.00
2017.12.18 13:20:37.482,0.9878,0.98787,1.00,3.97
2017.12.18 13:20:38.122,0.9878,0.98786,1.00,1.00
2017.12.18 13:20:38.640,0.98779,0.98786,1.00,1.50
2017.12.18 13:20:40.392,0.98781,0.98789,1.00,1.37
2017.12.18 13:20:40.548,0.98783,0.98792,1.00,4.61
2017.12.18 13:20:41.535,0.98783,0.9879,1.00,1.00
2017.12.18 13:20:42.075,0.98783,0.98789,1.00,1.00
2017.12.18 13:20:43.923,0.98783,0.9879,1.00,1.00
2017.12.18 13:20:44.429,0.98783,0.98789,1.00,1.00
2017.12.18 13:20:46.836,0.98783,0.98791,1.00,2.62
2017.12.18 13:20:52.115,0.98783,0.98792,1.00,4.31
2017.12.18 13:20:52.656,0.98783,0.98791,1.00,1.00
2017.12.18 13:20:53.308,0.98783,0.9879,1.00,1.00
2017.12.18 13:20:54.454,0.98783,0.98791,1.00,1.50
2017.12.18 13:20:55.343,0.98783,0.9879,1.00,1.00
2017.12.18 13:20:55.535,0.98781,0.98788,1.00,1.00
2017.12.18 13:20:56.080,0.98781,0.9879,1.00,1.12
2017.12.18 13:20:56.611,0.98781,0.98791,1.00,1.31
2017.12.18 13:20:57.376,0.98781,0.9879,1.00,1.00
2017.12.18 13:20:59.620,0.98781,0.98791,1.00,1.31
2017.12.18 13:21:04.347,0.98781,0.98792,1.50,3.60
2017.12.18 13:21:06.571,0.98781,0.98791,1.00,1.00
2017.12.18 13:21:07.103,0.98781,0.98792,1.00,4.35
2017.12.18 13:21:08.346,0.98781,0.98791,1.00,1.00
2017.12.18 13:21:10.238,0.98781,0.98792,1.00,4.35
2017.12.18 13:21:10.774,0.98781,0.98791,1.12,1.00
2017.12.18 13:21:14.962,0.98781,0.98792,1.12,3.60
2017.12.18 13:21:20.848,0.98781,0.98791,1.87,1.00
2017.12.18 13:21:22.500,0.98781,0.9879,1.00,1.23
2017.12.18 13:21:22.553,0.9878,0.98788,1.00,1.00
2017.12.18 13:21:23.824,0.9878,0.9879,1.00,1.35
2017.12.18 13:21:25.208,0.9878,0.98791,1.12,1.25
2017.12.18 13:21:25.971,0.98778,0.98786,1.07,1.00
2017.12.18 13:21:26.484,0.98778,0.98788,1.50,3.04
2017.12.18 13:21:31.455,0.98779,0.98788,1.12,1.69
2017.12.18 13:21:32.101,0.98778,0.98788,2.62,2.06
2017.12.18 13:21:35.600,0.98777,0.98785,1.31,1.25
2017.12.18 13:21:36.160,0.98776,0.98785,1.46,1.69
2017.12.18 13:21:36.212,0.98776,0.98786,2.21,3.22
2017.12.18 13:21:36.470,0.98778,0.98788,1.25,2.06
2017.12.18 13:21:36.793,0.98778,0.98788,1.88,2.06
2017.12.18 13:21:38.007,0.98779,0.9879,2.81,2.44
2017.12.18 13:21:38.110,0.9878,0.9879,1.44,1.31
2017.12.18 13:21:38.617,0.9878,0.9879,2.63,1.19
2017.12.18 13:21:41.621,0.9878,0.98791,1.44,4.91
2017.12.18 13:21:42.360,0.9878,0.9879,1.25,1.91
2017.12.18 13:21:48.218,0.98779,0.98787,1.25,1.00
2017.12.18 13:21:48.374,0.98779,0.9879,2.06,3.41
2017.12.18 13:21:50.528,0.98779,0.9879,2.25,3.41
2017.12.18 13:21:52.203,0.98777,0.98786,1.12,2.06
2017.12.18 13:21:52.515,0.98777,0.98788,1.88,2.66
2017.12.18 13:21:52.619,0.98778,0.98789,3.19,3.41
2017.12.18 13:21:52.933,0.98778,0.98789,3.00,3.41
2017.12.18 13:21:53.564,0.98778,0.98789,1.31,4.91
2017.12.18 13:21:55.443,0.98778,0.98789,1.13,5.47
2017.12.18 13:21:55.651,0.9878,0.98791,1.69,2.14
2017.12.18 13:21:55.960,0.9878,0.98791,1.88,1.69
2017.12.18 13:21:56.965,0.98781,0.98791,1.25,1.37
2017.12.18 13:21:59.101,0.98781,0.9879,1.25,1.12
2017.12.18 13:22:02.220,0.98779,0.98789,1.87,1.25
2017.12.18 13:22:04.204,0.98777,0.98784,1.10,1.72
2017.12.18 13:22:05.214,0.98776,0.98785,3.15,2.47
2017.12.18 13:22:05.467,0.98776,0.98786,4.27,1.12
2017.12.18 13:22:05.828,0.98779,0.98788,1.00,4.16
2017.12.18 13:22:06.092,0.98777,0.98786,1.12,1.30
2017.12.18 13:22:06.688,0.98776,0.98785,1.20,2.10
2017.12.18 13:22:08.897,0.98776,0.98786,1.28,2.25
2017.12.18 13:22:09.149,0.98776,0.98783,1.20,1.00
2017.12.18 13:22:10.936,0.98774,0.98783,2.96,1.35
2017.12.18 13:22:11.472,0.98774,0.98784,3.15,1.60
2017.12.18 13:22:12.182,0.98774,0.98782,4.09,1.00
2017.12.18 13:22:19.120,0.98774,0.98783,3.15,1.35
2017.12.18 13:22:19.629,0.98776,0.98784,1.20,1.00
2017.12.18 13:22:19.835,0.98776,0.98786,1.31,1.12
2017.12.18 13:22:20.042,0.98777,0.98786,1.38,1.25
2017.12.18 13:22:20.453,0.98777,0.98786,1.25,1.25
2017.12.18 13:22:20.983,0.98775,0.98786,2.96,3.00
2017.12.18 13:22:22.008,0.98775,0.98784,2.96,1.00
2017.12.18 13:22:22.557,0.98775,0.98784,2.78,2.10
2017.12.18 13:22:23.074,0.98775,0.98784,2.78,2.29
2017.12.18 13:22:23.575,0.98774,0.98783,2.59,1.00
2017.12.18 13:22:24.104,0.98774,0.98784,1.84,2.85
2017.12.18 13:22:24.682,0.98774,0.98783,2.59,2.10
2017.12.18 13:22:26.212,0.98774,0.98781,1.65,1.00
2017.12.18 13:22:26.418,0.98775,0.98784,1.27,3.79
2017.12.18 13:22:26.829,0.98774,0.98782,3.52,1.00
2017.12.18 13:22:27.354,0.98775,0.98783,1.28,1.35
2017.12.18 13:22:29.762,0.98774,0.98784,2.02,1.85
2017.12.18 13:22:30.308,0.98774,0.98783,2.40,2.10
2017.12.18 13:22:31.273,0.98774,0.98783,1.65,2.10
2017.12.18 13:22:31.921,0.98774,0.98783,2.40,2.10
2017.12.18 13:22:33.156,0.98776,0.98786,3.00,1.69
2017.12.18 13:22:33.263,0.98778,0.98788,1.25,1.25
2017.12.18 13:22:34.322,0.98778,0.98788,3.00,1.25
2017.12.18 13:22:34.424,0.98778,0.98789,2.81,2.81
2017.12.18 13:22:34.579,0.98778,0.98788,3.00,1.25
2017.12.18 13:22:35.236,0.98778,0.98788,1.50,1.25
2017.12.18 13:22:35.751,0.98778,0.98788,2.63,1.25
2017.12.18 13:22:36.442,0.98778,0.98788,2.63,1.25
2017.12.18 13:22:36.957,0.98778,0.98789,1.00,2.81
2017.12.18 13:22:37.287,0.98776,0.98784,1.20,1.00
2017.12.18 13:22:38.927,0.98775,0.98784,3.15,1.50
2017.12.18 13:22:39.445,0.98775,0.98784,3.15,1.50
2017.12.18 13:22:40.931,0.98775,0.98784,3.15,1.50
2017.12.18 13:22:41.921,0.98775,0.98784,3.15,1.50
2017.12.18 13:22:42.503,0.98775,0.98784,3.15,1.50
2017.12.18 13:22:43.470,0.98775,0.98784,3.15,1.50
2017.12.18 13:22:47.357,0.98775,0.98784,3.90,1.50
2017.12.18 13:22:47.944,0.98775,0.98784,3.90,1.50
2017.12.18 13:22:48.749,0.98776,0.98786,3.34,1.00
2017.12.18 13:22:48.800,0.98777,0.98786,1.44,1.00
2017.12.18 13:22:49.340,0.98777,0.98788,2.63,4.54
2017.12.18 13:22:49.843,0.98778,0.98788,1.88,1.31
2017.12.18 13:22:50.218,0.98776,0.98784,1.57,1.00
2017.12.18 13:22:50.324,0.98776,0.98784,1.09,1.00
2017.12.18 13:22:50.634,0.98776,0.98787,1.65,8.29
2017.12.18 13:22:50.685,0.98776,0.98786,1.58,1.31
2017.12.18 13:22:51.196,0.98779,0.98787,1.00,1.00
2017.12.18 13:22:51.714,0.9878,0.98791,1.69,4.31
2017.12.18 13:22:52.717,0.9878,0.98791,3.38,5.81
2017.12.18 13:22:53.249,0.9878,0.98786,1.00,1.35
2017.12.18 13:22:53.487,0.9878,0.98789,1.25,1.54
2017.12.18 13:22:53.902,0.9878,0.98791,1.88,6.41
2017.12.18 13:22:54.427,0.9878,0.98789,1.88,1.00
2017.12.18 13:22:54.972,0.9878,0.98789,3.00,1.00
2017.12.18 13:22:55.417,0.98779,0.98785,1.00,1.00
2017.12.18 13:22:55.522,0.98776,0.98785,1.69,1.00
2017.12.18 13:22:56.057,0.98776,0.98785,1.20,1.12
2017.12.18 13:22:56.599,0.98776,0.98785,1.28,1.12
2017.12.18 13:22:57.175,0.98776,0.98785,1.20,1.87
2017.12.18 13:22:57.692,0.98777,0.98786,3.19,1.31
2017.12.18 13:22:58.331,0.98776,0.98784,1.50,1.00
2017.12.18 13:22:58.640,0.98778,0.98785,1.00,1.00
2017.12.18 13:23:00.534,0.98778,0.98784,1.00,1.00
2017.12.18 13:23:01.099,0.98776,0.98784,1.69,1.50
2017.12.18 13:23:01.708,0.98776,0.98785,1.50,1.87
2017.12.18 13:23:01.919,0.98778,0.98784,1.00,1.50
2017.12.18 13:23:03.209,0.98775,0.98784,2.03,1.00
2017.12.18 13:23:03.790,0.98777,0.98784,1.00,1.00
2017.12.18 13:23:04.170,0.98777,0.98787,1.00,7.16
2017.12.18 13:23:04.690,0.98776,0.98787,1.65,7.54
2017.12.18 13:23:05.200,0.98778,0.98787,1.00,3.56
2017.12.18 13:23:05.624,0.98778,0.98788,3.19,1.25
2017.12.18 13:23:05.675,0.98778,0.98788,4.13,1.25
2017.12.18 13:23:06.598,0.98779,0.98789,1.88,1.19
2017.12.18 13:23:06.910,0.98775,0.98785,6.71,1.00
2017.12.18 13:23:08.235,0.98775,0.98785,5.21,1.50
2017.12.18 13:23:10.296,0.98775,0.98784,4.65,1.50
2017.12.18 13:23:12.432,0.98775,0.98784,4.46,2.25
2017.12.18 13:23:13.164,0.98775,0.98784,3.90,2.85
2017.12.18 13:23:17.090,0.98775,0.98784,5.40,1.00
2017.12.18 13:23:17.193,0.98775,0.98786,5.40,3.60
2017.12.18 13:23:17.720,0.98776,0.98786,1.28,1.50
2017.12.18 13:23:19.552,0.98776,0.98786,1.09,1.50
2017.12.18 13:23:20.418,0.98778,0.98787,1.25,4.87
2017.12.18 13:23:20.735,0.98776,0.98787,3.56,4.12
2017.12.18 13:23:20.890,0.98776,0.98787,3.53,6.00
2017.12.18 13:23:21.398,0.98778,0.98787,1.38,5.25
2017.12.18 13:23:21.875,0.98779,0.98789,4.13,1.31
2017.12.18 13:23:22.071,0.98781,0.98791,1.44,3.94
2017.12.18 13:23:22.328,0.98779,0.98789,1.00,3.56
2017.12.18 13:23:22.947,0.98778,0.98787,5.81,1.35
2017.12.18 13:23:25.076,0.98778,0.98787,6.37,1.35
2017.12.18 13:23:25.180,0.9878,0.9879,1.00,7.54
2017.12.18 13:23:29.101,0.98781,0.9879,2.47,1.19
2017.12.18 13:23:29.205,0.98782,0.98791,1.12,1.50
2017.12.18 13:23:29.742,0.98782,0.98791,1.50,1.50
2017.12.18 13:23:30.257,0.98782,0.98791,3.75,1.50
2017.12.18 13:23:30.875,0.98781,0.98791,1.69,1.50
2017.12.18 13:23:34.399,0.98781,0.98791,2.63,2.25
2017.12.18 13:23:37.740,0.98783,0.98791,1.44,1.50
2017.12.18 13:23:38.653,0.98783,0.98791,1.25,1.50
2017.12.18 13:23:39.592,0.98784,0.98791,2.62,1.00
2017.12.18 13:23:39.644,0.98784,0.98795,2.62,6.41
2017.12.18 13:23:40.193,0.98784,0.98794,3.00,1.72
2017.12.18 13:23:40.841,0.98784,0.98795,2.44,6.41
2017.12.18 13:23:40.981,0.98784,0.98795,2.63,5.66
2017.12.18 13:23:41.531,0.98784,0.98795,2.44,5.66
2017.12.18 13:23:41.583,0.98784,0.98795,2.63,5.66
2017.12.18 13:23:41.945,0.98784,0.98795,2.81,6.41
2017.12.18 13:23:43.157,0.98784,0.98795,1.38,5.66
2017.12.18 13:23:43.784,0.98784,0.98795,1.69,5.66
2017.12.18 13:23:48.135,0.98782,0.98787,3.19,1.12
2017.12.18 13:23:48.297,0.98775,0.98785,2.51,1.12
2017.12.18 13:23:48.465,0.98774,0.98784,1.12,1.25
2017.12.18 13:23:49.128,0.98772,0.98784,2.44,1.87
2017.12.18 13:23:50.236,0.98772,0.98783,1.69,1.00
2017.12.18 13:23:50.849,0.98772,0.98784,1.69,1.87
2017.12.18 13:23:51.371,0.98772,0.98783,1.31,1.00
2017.12.18 13:23:52.050,0.98772,0.98784,1.31,2.44
2017.12.18 13:23:52.597,0.98772,0.98783,1.31,1.00
2017.12.18 13:23:53.100,0.98772,0.98784,1.31,2.81
2017.12.18 13:23:53.633,0.98772,0.98784,1.50,5.44
2017.12.18 13:23:54.318,0.98772,0.98784,1.50,5.44
2017.12.18 13:23:54.855,0.98772,0.98783,1.50,1.31
2017.12.18 13:23:58.396,0.98771,0.98782,1.12,1.50
2017.12.18 13:23:58.904,0.98771,0.98783,1.50,3.75
2017.12.18 13:24:04.290,0.98771,0.98783,2.25,4.12
2017.12.18 13:24:04.599,0.98769,0.98778,2.14,3.19
2017.12.18 13:24:04.652,0.98767,0.98778,2.06,6.00
2017.12.18 13:24:05.204,0.98767,0.98777,1.13,2.06
2017.12.18 13:24:06.166,0.98765,0.98776,2.85,1.00
2017.12.18 13:24:06.679,0.98765,0.98777,3.04,5.29
2017.12.18 13:24:07.334,0.98764,0.98774,6.56,1.05
2017.12.18 13:24:07.390,0.98763,0.98773,1.76,1.35
2017.12.18 13:24:07.929,0.98762,0.98773,1.13,1.00
2017.12.18 13:24:09.481,0.98762,0.98773,1.38,1.00
2017.12.18 13:24:10.010,0.98762,0.98773,1.88,1.00
2017.12.18 13:24:10.737,0.98761,0.9877,1.25,1.00
2017.12.18 13:24:11.252,0.9876,0.98769,1.00,1.00
2017.12.18 13:24:12.025,0.98759,0.98769,2.44,1.00
2017.12.18 13:24:12.527,0.98759,0.98769,1.88,1.00
2017.12.18 13:24:12.683,0.9876,0.98772,2.81,2.06
2017.12.18 13:24:12.787,0.98761,0.98773,1.88,1.12
2017.12.18 13:24:12.930,0.98762,0.98774,1.44,2.06
2017.12.18 13:24:13.461,0.98762,0.98774,1.00,2.06
2017.12.18 13:24:13.964,0.98762,0.98774,1.38,2.25
2017.12.18 13:24:14.392,0.98762,0.98774,2.25,1.25
2017.12.18 13:24:14.930,0.98762,0.98774,2.25,1.25
2017.12.18 13:24:16.306,0.98762,0.98774,1.50,1.12
2017.12.18 13:24:16.818,0.98762,0.98774,2.25,3.37
2017.12.18 13:24:17.483,0.98762,0.98773,1.31,1.25
2017.12.18 13:24:18.715,0.98762,0.98774,1.13,3.19
2017.12.18 13:24:20.490,0.98762,0.98774,1.31,3.56
2017.12.18 13:24:20.750,0.98759,0.98771,3.23,1.87
2017.12.18 13:24:21.318,0.98758,0.98771,5.47,3.37
2017.12.18 13:24:21.838,0.98758,0.98771,5.06,4.12
2017.12.18 13:24:22.989,0.98759,0.98771,1.50,3.56
2017.12.18 13:24:23.092,0.98759,0.98771,1.31,3.56
2017.12.18 13:24:23.145,0.98759,0.98771,2.25,3.56
2017.12.18 13:24:23.248,0.98759,0.98771,1.50,1.31
2017.12.18 13:24:23.792,0.98759,0.98771,1.50,3.56
2017.12.18 13:24:24.759,0.98758,0.98771,5.06,3.75
2017.12.18 13:24:25.292,0.98758,0.98771,3.56,3.75
2017.12.18 13:24:25.821,0.98759,0.98771,1.25,1.25
2017.12.18 13:24:25.926,0.98758,0.98768,1.25,3.60
2017.12.18 13:24:26.084,0.98755,0.98766,1.25,1.31
2017.12.18 13:24:26.883,0.98755,0.98766,1.50,1.00
2017.12.18 13:24:27.417,0.98756,0.98768,2.63,4.31
2017.12.18 13:24:27.836,0.98755,0.98767,1.12,1.91
2017.12.18 13:24:28.602,0.98755,0.98767,1.31,4.73
2017.12.18 13:24:29.401,0.98754,0.98763,1.62,1.00
2017.12.18 13:24:31.980,0.98753,0.98764,3.94,1.50
2017.12.18 13:24:34.606,0.98754,0.98765,2.06,2.44
2017.12.18 13:24:37.874,0.98754,0.98766,2.81,4.72
2017.12.18 13:24:38.411,0.98755,0.98766,1.50,3.75
2017.12.18 13:24:39.054,0.98754,0.98766,5.44,3.22
2017.12.18 13:24:39.576,0.98756,0.98765,1.50,1.35
2017.12.18 13:24:42.987,0.98755,0.98764,1.00,1.00
2017.12.18 13:24:43.868,0.98754,0.98764,2.06,1.00
2017.12.18 13:24:44.381,0.98754,0.98765,1.88,2.48
2017.12.18 13:24:47.390,0.98754,0.98765,2.06,2.10
2017.12.18 13:24:52.530,0.98753,0.98763,1.50,1.25
2017.12.18 13:24:53.044,0.98751,0.98763,7.01,1.25
2017.12.18 13:24:55.616,0.98753,0.98764,3.38,2.06
2017.12.18 13:24:55.929,0.98754,0.98764,1.50,2.06
2017.12.18 13:24:56.495,0.98754,0.98764,1.50,2.06
2017.12.18 13:24:57.082,0.98754,0.98765,1.31,2.29
2017.12.18 13:24:57.650,0.98754,0.98765,1.50,2.29
2017.12.18 13:24:58.765,0.98754,0.98766,1.69,5.66
2017.12.18 13:24:59.390,0.98754,0.98765,1.88,2.29
2017.12.18 13:25:01.171,0.98754,0.98765,1.69,2.29
2017.12.18 13:25:01.376,0.98755,0.98765,3.56,2.29
2017.12.18 13:25:01.904,0.98756,0.98765,1.00,1.54
2017.12.18 13:25:06.523,0.98756,0.98765,1.88,1.05
2017.12.18 13:25:06.831,0.98755,0.98765,2.44,1.54
2017.12.18 13:25:06.934,0.98755,0.98765,3.38,1.54
2017.12.18 13:25:07.540,0.98755,0.98765,3.00,1.05
2017.12.18 13:25:08.057,0.98755,0.98765,3.38,1.54
2017.12.18 13:25:09.330,0.98756,0.98766,1.38,1.31
2017.12.18 13:25:09.640,0.98755,0.98766,3.56,1.19
2017.12.18 13:25:10.203,0.98755,0.98765,3.38,1.54
2017.12.18 13:25:11.530,0.98755,0.98765,1.00,1.05
2017.12.18 13:25:12.185,0.98752,0.9876,4.01,1.35
2017.12.18 13:25:12.239,0.98753,0.98763,1.87,2.29
2017.12.18 13:25:12.447,0.98754,0.98763,1.31,1.62
2017.12.18 13:25:12.961,0.98754,0.98764,2.25,2.29
2017.12.18 13:25:13.658,0.98754,0.98764,2.81,2.10
2017.12.18 13:25:14.397,0.98754,0.98764,2.63,1.35
2017.12.18 13:25:14.934,0.98754,0.98764,2.81,2.10
2017.12.18 13:25:15.457,0.98754,0.98765,3.56,3.04
2017.12.18 13:25:16.327,0.98754,0.98764,3.56,1.35
2017.12.18 13:25:20.034,0.98755,0.98765,1.69,2.29
2017.12.18 13:25:20.394,0.98756,0.98765,1.38,2.29
2017.12.18 13:25:20.925,0.98756,0.98765,1.25,2.29
2017.12.18 13:25:21.444,0.98756,0.98765,1.38,1.54
2017.12.18 13:25:21.965,0.98756,0.98766,3.94,1.50
2017.12.18 13:25:23.564,0.98756,0.98765,1.69,1.00
2017.12.18 13:25:24.079,0.98756,0.98765,2.81,1.35
2017.12.18 13:25:24.798,0.98756,0.98765,2.63,1.35
2017.12.18 13:25:25.985,0.98756,0.98766,3.19,1.00
2017.12.18 13:25:26.537,0.98756,0.98765,1.69,1.35
2017.12.18 13:25:27.214,0.98756,0.98765,2.44,1.00
2017.12.18 13:25:27.751,0.98756,0.98766,3.56,1.00
2017.12.18 13:25:28.308,0.98757,0.98766,1.38,1.00
2017.12.18 13:25:28.821,0.98756,0.98766,3.56,1.00
2017.12.18 13:25:30.177,0.98756,0.98767,2.63,2.06
2017.12.18 13:25:31.221,0.98757,0.98766,1.31,1.00
2017.12.18 13:25:32.639,0.98757,0.98767,1.12,2.06
2017.12.18 13:25:33.498,0.98757,0.98766,1.50,1.00
2017.12.18 13:25:34.107,0.98757,0.98766,1.31,1.00
2017.12.18 13:25:34.722,0.98757,0.98767,1.50,2.06
2017.12.18 13:25:35.680,0.98757,0.98767,1.50,2.81
2017.12.18 13:25:36.196,0.98759,0.98768,1.00,3.60
2017.12.18 13:25:46.383,0.98759,0.98768,1.44,1.87
2017.12.18 13:25:46.711,0.98763,0.98773,3.38,2.44
2017.12.18 13:25:47.246,0.98763,0.98773,3.00,1.50
2017.12.18 13:25:47.847,0.98764,0.98775,2.25,4.91
2017.12.18 13:25:49.198,0.98764,0.98775,1.50,2.66
2017.12.18 13:25:49.760,0.98764,0.98775,2.63,3.41
2017.12.18 13:25:50.421,0.98764,0.98775,2.44,3.41
2017.12.18 13:25:50.742,0.98765,0.98776,2.06,3.79
2017.12.18 13:25:53.232,0.98766,0.98776,1.00,3.04
2017.12.18 13:25:53.786,0.98765,0.98775,2.81,1.00
2017.12.18 13:25:58.990,0.98766,0.98775,2.25,1.00
2017.12.18 13:25:59.322,0.98765,0.98775,1.00,2.47
2017.12.18 13:25:59.864,0.98765,0.98775,1.63,2.47
2017.12.18 13:26:00.918,0.98765,0.98776,1.31,3.04
2017.12.18 13:26:01.444,0.98764,0.98774,3.75,1.00
2017.12.18 13:26:01.684,0.98764,0.98772,1.00,1.00
2017.12.18 13:26:03.056,0.98764,0.98773,1.00,1.35
2017.12.18 13:26:03.660,0.98764,0.98772,1.00,1.00
2017.12.18 13:26:06.881,0.98764,0.98773,1.00,1.35
2017.12.18 13:26:07.467,0.98764,0.98772,1.00,1.00
2017.12.18 13:26:09.210,0.98763,0.98771,1.00,1.00
2017.12.18 13:26:09.417,0.98757,0.98767,1.69,4.54
2017.12.18 13:26:09.948,0.98756,0.98766,1.00,1.16
2017.12.18 13:26:10.051,0.98754,0.98765,1.31,7.31
2017.12.18 13:26:10.587,0.98754,0.98764,1.31,2.44
2017.12.18 13:26:18.664,0.98754,0.98759,1.00,2.62
2017.12.18 13:26:18.719,0.9875,0.98759,1.50,1.12
2017.12.18 13:26:18.773,0.98751,0.98761,1.00,1.00
2017.12.18 13:26:19.289,0.98751,0.98763,3.19,2.44
2017.12.18 13:26:19.803,0.98752,0.98763,1.31,1.50
2017.12.18 13:26:20.311,0.98752,0.98763,1.31,1.13
2017.12.18 13:26:20.815,0.98752,0.98763,1.69,1.25
2017.12.18 13:26:26.073,0.9875,0.98759,1.25,4.50
2017.12.18 13:26:26.231,0.98749,0.9876,2.06,2.66
2017.12.18 13:26:29.371,0.9875,0.98761,2.44,2.44
2017.12.18 13:26:29.474,0.98752,0.98763,3.19,1.01
2017.12.18 13:26:29.989,0.98753,0.98765,1.13,4.54
2017.12.18 13:26:31.335,0.98753,0.98765,1.88,4.35
2017.12.18 13:26:31.875,0.98753,0.98765,1.69,3.79
2017.12.18 13:26:32.110,0.98753,0.98764,2.63,1.31
2017.12.18 13:26:36.002,0.98755,0.98765,2.25,1.54
2017.12.18 13:26:36.105,0.98756,0.98765,1.44,1.54
2017.12.18 13:26:38.098,0.9876,0.98768,1.00,1.19
2017.12.18 13:26:38.206,0.98762,0.98772,1.50,1.19
2017.12.18 13:26:38.319,0.98762,0.98773,1.50,1.69
2017.12.18 13:26:38.990,0.98762,0.98773,2.63,1.31
2017.12.18 13:26:40.384,0.98763,0.98774,1.25,1.87
2017.12.18 13:26:41.448,0.98761,0.98773,5.63,1.44
2017.12.18 13:26:44.116,0.9876,0.98769,1.00,1.35
2017.12.18 13:26:44.428,0.98764,0.98774,1.50,2.51
2017.12.18 13:26:44.944,0.98764,0.98776,1.88,3.04
2017.12.18 13:26:45.260,0.98761,0.98771,6.38,2.25
2017.12.18 13:26:45.579,0.98764,0.98774,1.62,1.00
2017.12.18 13:26:46.107,0.98765,0.98776,2.63,1.31
2017.12.18 13:26:48.469,0.98765,0.98776,1.12,3.38
2017.12.18 13:26:49.452,0.98764,0.98776,2.63,4.73
2017.12.18 13:26:50.066,0.98763,0.98771,1.69,1.50
2017.12.18 13:26:50.171,0.98761,0.98773,3.19,2.89
2017.12.18 13:26:50.275,0.98762,0.98774,2.06,2.63
2017.12.18 13:26:50.533,0.98765,0.98775,1.50,3.00
2017.12.18 13:26:50.586,0.98765,0.98776,3.00,1.69
2017.12.18 13:26:51.099,0.98765,0.98777,2.25,3.56
2017.12.18 13:26:51.151,0.98766,0.98777,1.50,2.48
2017.12.18 13:26:51.710,0.98766,0.98777,1.31,1.49
2017.12.18 13:26:52.245,0.98766,0.98777,1.50,2.10
2017.12.18 13:26:52.988,0.98766,0.98777,1.00,1.49
2017.12.18 13:26:54.578,0.98766,0.98777,1.88,2.10
2017.12.18 13:26:55.926,0.98767,0.98778,1.25,4.91
2017.12.18 13:26:58.729,0.98766,0.98776,1.88,1.00
2017.12.18 13:26:59.277,0.98764,0.98775,2.44,1.69
2017.12.18 13:26:59.799,0.98764,0.98775,3.19,1.25
2017.12.18 13:27:08.728,0.98766,0.98776,2.25,1.31
2017.12.18 13:27:14.075,0.98768,0.98777,1.00,1.91
2017.12.18 13:27:21.460,0.98771,0.98779,1.00,1.69
2017.12.18 13:27:21.512,0.98772,0.98783,1.50,4.76
2017.12.18 13:27:22.036,0.98773,0.98783,1.00,4.31
2017.12.18 13:27:27.680,0.98773,0.98781,1.00,1.19
2017.12.18 13:27:28.970,0.98774,0.98781,1.50,1.19
2017.12.18 13:27:29.024,0.98776,0.98785,1.50,1.01
2017.12.18 13:27:29.549,0.98776,0.98787,2.25,3.04
2017.12.18 13:27:30.062,0.98776,0.98787,1.12,3.04
2017.12.18 13:27:32.098,0.98776,0.98787,2.63,1.69
2017.12.18 13:27:39.135,0.98776,0.98787,2.44,1.54
2017.12.18 13:27:39.663,0.98776,0.98787,2.63,3.04
2017.12.18 13:27:40.971,0.98776,0.98787,2.44,2.29
2017.12.18 13:27:41.472,0.98776,0.98787,1.88,2.29
2017.12.18 13:27:42.051,0.98776,0.98786,1.69,1.25
2017.12.18 13:27:50.124,0.98765,0.98774,2.51,1.72
2017.12.18 13:27:50.391,0.98764,0.98772,1.87,1.87
2017.12.18 13:27:50.446,0.98764,0.9877,1.50,1.62
2017.12.18 13:27:50.659,0.98761,0.98769,1.50,4.12
2017.12.18 13:27:50.766,0.98762,0.98771,1.00,1.91
2017.12.18 13:27:50.870,0.98762,0.98773,1.00,3.94
2017.12.18 13:27:51.129,0.98762,0.98772,1.31,1.19
2017.12.18 13:27:51.844,0.98762,0.98772,2.25,1.19
2017.12.18 13:27:52.360,0.98762,0.98773,1.69,2.06
2017.12.18 13:27:53.742,0.98762,0.98773,2.25,2.06
2017.12.18 13:27:54.263,0.98762,0.98773,2.25,1.31
2017.12.18 13:27:55.167,0.98762,0.98773,2.25,2.06
2017.12.18 13:27:55.434,0.98764,0.98774,1.50,1.31
2017.12.18 13:27:55.898,0.98765,0.98775,1.44,2.44
2017.12.18 13:27:56.427,0.98764,0.98775,2.25,1.69
2017.12.18 13:27:57.125,0.98764,0.98777,2.25,5.48
2017.12.18 13:27:57.666,0.98765,0.98777,1.38,7.35
2017.12.18 13:27:58.242,0.98765,0.98777,1.00,7.16
2017.12.18 13:27:58.554,0.98763,0.98773,1.72,1.19
2017.12.18 13:27:59.988,0.98763,0.98775,2.63,2.44
2017.12.18 13:28:00.246,0.98763,0.98775,3.38,2.25
2017.12.18 13:28:00.887,0.98763,0.98775,2.63,1.31
2017.12.18 13:28:01.414,0.98763,0.98775,3.75,1.69
2017.12.18 13:28:03.708,0.98763,0.98775,3.75,1.44
2017.12.18 13:28:04.728,0.98763,0.98771,2.06,1.00
2017.12.18 13:28:05.357,0.98763,0.98774,1.50,1.19
2017.12.18 13:28:06.315,0.98763,0.98771,1.69,1.00
2017.12.18 13:28:07.978,0.98763,0.98772,2.29,1.69
2017.12.18 13:28:08.552,0.98763,0.98771,2.29,1.00
2017.12.18 13:28:09.521,0.98763,0.98773,2.10,1.19
2017.12.18 13:28:10.358,0.98765,0.98774,1.00,1.12
2017.12.18 13:28:17.407,0.98762,0.9877,1.87,1.00
2017.12.18 13:28:17.510,0.98765,0.98774,1.00,1.69
2017.12.18 13:28:19.929,0.98764,0.98774,1.00,3.56
2017.12.18 13:28:20.467,0.98764,0.98773,1.00,1.25
2017.12.18 13:28:22.708,0.98764,0.98774,1.00,1.69
2017.12.18 13:28:23.486,0.98764,0.98773,1.00,1.00
2017.12.18 13:28:27.819,0.9876,0.98768,1.87,1.00
2017.12.18 13:28:27.923,0.98759,0.98768,1.00,1.31
2017.12.18 13:28:31.363,0.98758,0.98767,1.00,1.25
2017.12.18 13:28:32.661,0.98758,0.98768,1.44,2.06
2017.12.18 13:28:33.772,0.98758,0.98768,1.25,2.06
2017.12.18 13:28:40.013,0.98759,0.98768,1.00,1.69
2017.12.18 13:28:42.173,0.98759,0.98768,1.44,1.31
2017.12.18 13:28:42.687,0.98759,0.98768,1.13,1.31
2017.12.18 13:28:43.944,0.98763,0.9877,1.00,1.31
2017.12.18 13:28:44.198,0.98762,0.98772,1.50,2.44
2017.12.18 13:28:47.847,0.98763,0.98772,1.00,1.19
2017.12.18 13:28:53.824,0.98762,0.9877,1.00,1.00
2017.12.18 13:28:53.876,0.98761,0.98768,1.00,1.35
2017.12.18 13:28:54.588,0.9876,0.98767,1.00,1.25
2017.12.18 13:28:55.206,0.98759,0.98767,1.00,1.25
2017.12.18 13:29:14.442,0.98761,0.9877,1.00,5.89
2017.12.18 13:29:14.598,0.98761,0.98771,1.00,1.19
2017.12.18 13:29:14.650,0.98764,0.98771,1.00,1.00
2017.12.18 13:29:14.754,0.98765,0.98774,1.00,1.19
2017.12.18 13:29:15.039,0.98765,0.98775,1.13,1.12
2017.12.18 13:29:15.610,0.98765,0.98776,1.13,4.73
2017.12.18 13:29:16.152,0.98766,0.98776,1.00,3.60
2017.12.18 13:29:20.896,0.98766,0.98775,1.88,1.00
2017.12.18 13:29:22.707,0.98768,0.98777,1.00,3.19
2017.12.18 13:29:24.441,0.98768,0.98776,1.00,2.25
2017.12.18 13:29:30.233,0.98768,0.98776,1.00,1.00
2017.12.18 13:29:34.685,0.98768,0.98777,1.00,2.62
2017.12.18 13:29:35.098,0.98767,0.98775,1.00,1.00
2017.12.18 13:29:36.140,0.98767,0.98776,1.00,1.50
2017.12.18 13:29:36.845,0.98768,0.98777,1.25,1.00
2017.12.18 13:29:39.495,0.98768,0.98778,1.69,2.29
2017.12.18 13:29:40.176,0.98768,0.98777,1.69,1.35
2017.12.18 13:29:42.835,0.98768,0.98776,1.00,1.00
2017.12.18 13:29:43.364,0.98768,0.98777,1.00,1.87
2017.12.18 13:29:48.624,0.98769,0.98779,2.06,1.12
2017.12.18 13:29:49.037,0.9877,0.98781,1.50,3.86
2017.12.18 13:29:49.983,0.98772,0.98782,1.25,3.79
2017.12.18 13:30:03.843,0.98772,0.98782,1.00,2.06
2017.12.18 13:30:04.462,0.98773,0.98782,1.00,1.87
2017.12.18 13:30:05.122,0.98771,0.98778,1.00,1.35
2017.12.18 13:30:06.116,0.98771,0.98778,1.00,1.60
2017.12.18 13:30:07.457,0.98771,0.98778,1.00,1.35
2017.12.18 13:30:10.061,0.98769,0.98777,1.25,1.00
2017.12.18 13:30:10.587,0.98768,0.98776,1.12,1.00
2017.12.18 13:30:11.615,0.98768,0.98777,1.12,1.00
2017.12.18 13:30:12.385,0.98768,0.98776,1.00,1.00
2017.12.18 13:30:14.419,0.98768,0.98777,1.00,2.10
2017.12.18 13:30:23.273,0.98769,0.98777,1.00,1.35
2017.12.18 13:30:23.793,0.9877,0.98779,1.00,3.79
2017.12.18 13:30:24.359,0.98769,0.98778,1.00,1.25
2017.12.18 13:30:26.365,0.98769,0.98777,1.00,1.00
2017.12.18 13:30:26.876,0.98769,0.98778,1.00,2.29
2017.12.18 13:30:27.451,0.98769,0.98777,1.00,1.00
2017.12.18 13:30:28.059,0.98769,0.98778,1.25,3.41
2017.12.18 13:30:37.722,0.98769,0.98778,1.69,1.54
2017.12.18 13:30:38.314,0.98769,0.98778,1.25,1.05
2017.12.18 13:30:39.031,0.98769,0.98778,1.69,1.54
2017.12.18 13:30:39.570,0.98769,0.98777,1.25,1.00
2017.12.18 13:30:40.615,0.98769,0.98778,1.25,2.29
2017.12.18 13:30:44.658,0.98772,0.98778,1.00,1.05
2017.12.18 13:30:45.411,0.98772,0.98777,1.00,1.00
2017.12.18 13:30:47.731,0.98772,0.98778,1.00,1.25
2017.12.18 13:30:48.046,0.98777,0.98785,1.00,2.89
2017.12.18 13:30:48.255,0.98776,0.9878,1.00,1.50
2017.12.18 13:30:48.307,0.98777,0.98783,1.00,2.62
2017.12.18 13:30:49.195,0.98777,0.98782,1.00,1.35
2017.12.18 13:30:49.705,0.98776,0.98782,1.00,1.54
2017.12.18 13:30:49.825,0.98775,0.98782,1.00,1.54
2017.12.18 13:30:50.793,0.98775,0.98783,1.00,3.41
2017.12.18 13:30:50.845,0.98775,0.98783,1.00,2.89
2017.12.18 13:30:51.391,0.98776,0.98783,1.00,3.07
2017.12.18 13:30:52.776,0.98776,0.98783,1.00,2.66
2017.12.18 13:30:54.357,0.98776,0.98783,1.00,1.35
2017.12.18 13:30:55.754,0.98776,0.98783,1.00,2.66
2017.12.18 13:30:59.909,0.98776,0.98783,1.00,2.81
2017.12.18 13:31:00.221,0.98776,0.98783,1.00,5.14
2017.12.18 13:31:00.974,0.98776,0.98783,1.00,3.07
2017.12.18 13:31:01.981,0.98776,0.98782,1.00,1.65
2017.12.18 13:31:02.036,0.98773,0.98777,1.00,1.00
2017.12.18 13:31:07.754,0.98774,0.9878,1.00,2.06
2017.12.18 13:31:07.806,0.98776,0.98783,1.00,2.81
2017.12.18 13:31:12.782,0.98774,0.9878,1.00,2.10
2017.12.18 13:31:13.300,0.98774,0.98781,1.00,1.35
2017.12.18 13:31:16.874,0.98774,0.98779,1.00,1.35
2017.12.18 13:31:17.916,0.98774,0.98781,1.00,1.00
2017.12.18 13:31:23.051,0.98774,0.98782,1.00,4.95
2017.12.18 13:31:23.103,0.98772,0.9878,1.00,2.51
2017.12.18 13:31:24.148,0.98773,0.98783,1.25,2.10
2017.12.18 13:31:24.201,0.98776,0.98783,1.00,1.50
2017.12.18 13:31:25.684,0.98777,0.98785,1.25,2.81
2017.12.18 13:31:25.736,0.98779,0.98785,1.00,1.25
2017.12.18 13:31:25.895,0.98781,0.98789,1.00,1.25
2017.12.18 13:31:26.000,0.98784,0.98793,1.00,6.19
2017.12.18 13:31:26.052,0.98785,0.98793,1.00,1.69
2017.12.18 13:31:26.208,0.98783,0.98793,1.69,1.69
2017.12.18 13:31:30.034,0.98782,0.98793,1.69,6.41
2017.12.18 13:31:30.140,0.9878,0.98789,1.25,1.00
2017.12.18 13:31:30.296,0.98779,0.98788,1.12,1.60
2017.12.18 13:31:31.502,0.98779,0.98787,1.44,1.35
2017.12.18 13:31:32.088,0.98779,0.98787,1.25,1.35
2017.12.18 13:31:35.085,0.98779,0.98788,1.00,1.35
2017.12.18 13:31:35.667,0.98778,0.98787,1.31,1.50
2017.12.18 13:31:37.403,0.98778,0.98788,1.69,2.25
2017.12.18 13:31:37.926,0.98778,0.98788,1.50,1.50
2017.12.18 13:31:38.917,0.98778,0.98788,1.69,1.50
2017.12.18 13:31:41.349,0.98778,0.98789,1.31,3.04
2017.12.18 13:31:41.712,0.98779,0.98789,1.44,2.06
2017.12.18 13:31:42.258,0.98779,0.98789,1.13,1.91
2017.12.18 13:31:48.131,0.9878,0.98789,1.00,1.91
2017.12.18 13:31:48.817,0.98785,0.98791,1.25,1.25
2017.12.18 13:31:48.988,0.98785,0.98793,1.25,1.69
2017.12.18 13:31:49.040,0.98785,0.98795,1.00,1.25
2017.12.18 13:31:49.350,0.98784,0.98793,2.63,1.69
2017.12.18 13:31:49.900,0.98784,0.98793,1.12,1.00
2017.12.18 13:31:53.041,0.98784,0.98794,2.25,1.50
2017.12.18 13:31:53.632,0.98784,0.98793,1.69,1.00
2017.12.18 13:31:54.933,0.98785,0.98796,1.00,1.69
2017.12.18 13:31:55.505,0.98786,0.98796,1.00,1.25
2017.12.18 13:31:56.019,0.98786,0.98797,2.06,2.10
2017.12.18 13:31:57.978,0.98786,0.98797,1.31,2.81
2017.12.18 13:32:00.714,0.98786,0.98797,1.31,2.10
2017.12.18 13:32:01.226,0.98786,0.98796,1.69,1.00
2017.12.18 13:32:02.505,0.98787,0.98796,1.00,1.00
2017.12.18 13:32:17.692,0.98787,0.98797,1.00,2.47
2017.12.18 13:32:28.470,0.98786,0.98797,1.50,2.48
2017.12.18 13:32:28.525,0.98788,0.98797,1.00,2.29
2017.12.18 13:32:29.688,0.98787,0.98797,1.00,1.54
2017.12.18 13:32:30.238,0.98788,0.98796,1.00,1.35
2017.12.18 13:32:41.801,0.98787,0.98797,1.00,3.41
2017.12.18 13:32:44.334,0.98787,0.98797,1.00,2.06
2017.12.18 13:32:44.841,0.98787,0.98796,1.00,1.00
2017.12.18 13:32:45.364,0.98787,0.98797,1.00,3.19
2017.12.18 13:32:45.869,0.98787,0.98796,1.00,1.35
2017.12.18 13:32:46.966,0.98787,0.98797,1.00,2.29
2017.12.18 13:32:49.983,0.98787,0.98797,1.00,4.35
2017.12.18 13:33:00.718,0.98787,0.98797,1.00,3.23
2017.12.18 13:33:07.882,0.98787,0.98797,1.69,1.91
2017.12.18 13:33:08.820,0.98787,0.98797,1.00,1.16
2017.12.18 13:33:09.180,0.98789,0.98797,1.00,2.29
2017.12.18 13:33:14.035,0.98789,0.98798,1.00,2.10
2017.12.18 13:33:14.555,0.98789,0.98797,1.00,1.35
2017.12.18 13:33:34.502,0.98789,0.98798,1.00,1.72
2017.12.18 13:33:34.826,0.98796,0.98806,1.12,1.19
2017.12.18 13:33:35.341,0.98796,0.98806,1.12,1.91
2017.12.18 13:33:36.432,0.98796,0.98805,1.12,1.54
2017.12.18 13:33:38.316,0.98796,0.98805,1.00,3.04
2017.12.18 13:33:38.837,0.98796,0.98805,1.00,3.04
2017.12.18 13:33:39.348,0.98796,0.98805,1.00,3.41
2017.12.18 13:33:43.718,0.98796,0.98805,1.00,1.54
2017.12.18 13:33:47.175,0.98797,0.98805,1.00,1.73
2017.12.18 13:33:47.679,0.98797,0.98806,1.00,1.91
2017.12.18 13:34:02.075,0.98797,0.98806,1.00,1.91
2017.12.18 13:34:03.371,0.98796,0.98806,1.00,3.79
2017.12.18 13:34:17.334,0.98794,0.98804,1.00,1.69
2017.12.18 13:34:17.838,0.98795,0.98805,1.25,1.30
2017.12.18 13:34:19.839,0.98795,0.98805,1.25,3.00
2017.12.18 13:34:20.355,0.98795,0.98805,1.25,1.87
2017.12.18 13:34:37.230,0.98797,0.98806,1.00,2.81
2017.12.18 13:34:40.555,0.98795,0.98804,1.25,1.35
2017.12.18 13:34:42.526,0.98797,0.98806,1.00,3.79
2017.12.18 13:34:42.579,0.98797,0.98806,1.00,1.25
2017.12.18 13:34:46.921,0.98797,0.98804,1.12,1.00
2017.12.18 13:34:49.545,0.98797,0.98804,1.12,1.44
2017.12.18 13:34:49.759,0.98791,0.988,1.00,4.16
2017.12.18 13:34:55.028,0.98791,0.988,1.00,4.35
2017.12.18 13:34:55.939,0.98791,0.98799,1.00,1.00
2017.12.18 13:34:56.147,0.98792,0.98803,2.29,2.51
2017.12.18 13:34:56.510,0.98795,0.98803,1.00,1.69
2017.12.18 13:34:57.604,0.98796,0.98804,1.00,1.19
2017.12.18 13:35:02.012,0.98793,0.98801,1.00,1.54
2017.12.18 13:35:02.532,0.98793,0.98802,1.00,1.72
2017.12.18 13:35:07.685,0.98793,0.98802,1.12,3.60
2017.12.18 13:35:07.737,0.98794,0.98804,1.00,3.49
2017.12.18 13:35:11.800,0.98796,0.98804,1.00,1.19
2017.12.18 13:35:18.123,0.98796,0.98805,1.12,3.41
2017.12.18 13:35:18.645,0.98797,0.98805,1.12,1.91
2017.12.18 13:35:20.182,0.98797,0.98805,1.00,1.69
2017.12.18 13:35:23.921,0.98796,0.98805,1.00,2.06
2017.12.18 13:35:27.264,0.98796,0.98804,1.00,2.06
2017.12.18 13:35:41.159,0.98796,0.98805,1.00,1.50
2017.12.18 13:35:55.250,0.98796,0.98806,1.00,3.94
2017.12.18 13:35:58.246,0.98797,0.98805,1.00,1.49
2017.12.18 13:35:58.772,0.98796,0.98804,1.00,1.00
2017.12.18 13:36:00.985,0.98797,0.98804,1.00,1.00
2017.12.18 13:36:14.355,0.98796,0.98805,1.00,3.07
2017.12.18 13:36:14.888,0.98796,0.98804,1.00,1.62
2017.12.18 13:36:21.545,0.98798,0.98805,1.00,3.04
2017.12.18 13:36:26.430,0.98798,0.98805,1.00,1.12
2017.12.18 13:36:26.943,0.98798,0.98807,1.00,2.66
2017.12.18 13:36:28.180,0.98799,0.98807,1.00,2.66
2017.12.18 13:36:28.696,0.988,0.98807,1.00,1.12
2017.12.18 13:36:35.624,0.988,0.98808,1.00,2.10
2017.12.18 13:36:35.780,0.98802,0.98809,1.00,1.91
2017.12.18 13:36:35.989,0.98804,0.98815,1.00,7.12
2017.12.18 13:36:36.758,0.98806,0.98815,1.00,2.44
2017.12.18 13:36:37.262,0.98804,0.98815,1.50,1.19
2017.12.18 13:36:37.822,0.98804,0.98815,1.50,2.10
2017.12.18 13:36:38.899,0.98805,0.98815,1.00,1.00
2017.12.18 13:36:39.429,0.98806,0.98816,1.00,1.00
2017.12.18 13:36:41.510,0.98806,0.98817,1.00,2.44
2017.12.18 13:36:47.041,0.98806,0.98816,1.00,1.00
2017.12.18 13:37:10.690,0.98806,0.98817,2.25,2.47
2017.12.18 13:37:11.363,0.98808,0.98817,1.12,1.35
2017.12.18 13:37:11.995,0.98809,0.98818,1.00,3.41
2017.12.18 13:37:25.025,0.98809,0.98816,1.00,1.00
2017.12.18 13:37:25.532,0.98809,0.98817,1.00,3.41
2017.12.18 13:37:53.185,0.98809,0.98819,1.12,6.04
2017.12.18 13:37:53.493,0.98811,0.98819,1.00,1.50
2017.12.18 13:37:55.159,0.98811,0.9882,1.00,4.91
2017.12.18 13:37:55.670,0.98811,0.98819,1.00,1.00
2017.12.18 13:37:56.389,0.98813,0.98822,3.22,1.00
2017.12.18 13:37:56.495,0.98817,0.98825,1.00,1.69
2017.12.18 13:37:58.085,0.98817,0.98826,1.00,1.54
2017.12.18 13:37:59.011,0.98818,0.98826,1.00,1.99
2017.12.18 13:38:06.438,0.98819,0.98826,1.00,1.39
2017.12.18 13:38:07.257,0.98818,0.98826,1.00,1.39
2017.12.18 13:38:16.615,0.98818,0.98825,1.00,1.00
2017.12.18 13:39:00.210,0.98819,0.98825,1.25,1.35
2017.12.18 13:39:21.541,0.98817,0.98822,1.00,2.10
2017.12.18 13:39:21.748,0.98811,0.98818,1.19,1.00
2017.12.18 13:39:22.286,0.98811,0.98819,1.00,1.54
2017.12.18 13:39:30.193,0.9881,0.98818,1.00,2.44
2017.12.18 13:39:32.411,0.98806,0.98815,7.50,1.00
2017.12.18 13:39:32.647,0.98799,0.98809,2.62,2.66
2017.12.18 13:39:33.564,0.98798,0.98808,1.87,1.25
2017.12.18 13:39:36.367,0.98798,0.98809,2.81,1.31
2017.12.18 13:39:37.404,0.98798,0.98809,3.00,2.10
2017.12.18 13:39:38.033,0.98798,0.98809,2.44,2.10
2017.12.18 13:39:41.108,0.98798,0.98809,1.87,2.10
2017.12.18 13:39:43.388,0.98797,0.98807,1.69,1.35
2017.12.18 13:39:43.492,0.98795,0.98806,2.25,1.87
2017.12.18 13:39:48.729,0.98795,0.98807,5.06,2.29
2017.12.18 13:39:48.832,0.98795,0.98807,4.31,2.10
2017.12.18 13:39:49.646,0.98795,0.98807,4.88,1.54
2017.12.18 13:39:50.262,0.98795,0.98807,4.88,2.48
2017.12.18 13:39:53.501,0.98795,0.98807,4.13,1.54
2017.12.18 13:39:53.944,0.98797,0.98808,2.81,1.54
2017.12.18 13:39:55.923,0.98797,0.98808,3.75,1.54
2017.12.18 13:39:56.477,0.98798,0.98808,1.25,1.54
2017.12.18 13:39:58.153,0.98797,0.98808,3.19,1.05
2017.12.18 13:40:00.148,0.98797,0.98807,1.69,1.54
2017.12.18 13:40:01.030,0.98797,0.98808,2.81,2.10
2017.12.18 13:40:03.391,0.98797,0.98808,3.75,1.25
2017.12.18 13:40:03.896,0.98798,0.98808,1.88,1.25
2017.12.18 13:40:06.320,0.98798,0.98807,2.25,1.00
2017.12.18 13:40:06.921,0.98798,0.98808,1.50,1.25
2017.12.18 13:40:07.435,0.98797,0.98807,3.75,1.73
2017.12.18 13:40:10.901,0.98797,0.98808,3.75,1.54
2017.12.18 13:40:11.667,0.98797,0.98807,1.69,1.00
2017.12.18 13:40:12.225,0.98797,0.98808,1.69,4.16
2017.12.18 13:40:20.839,0.98796,0.98807,3.94,3.79
2017.12.18 13:40:21.353,0.98798,0.98806,1.00,1.25
2017.12.18 13:40:23.677,0.98799,0.98807,1.00,2.29
2017.12.18 13:40:23.985,0.98799,0.98805,1.00,1.00
2017.12.18 13:40:24.712,0.98799,0.98806,1.00,1.00
2017.12.18 13:40:25.316,0.98799,0.98805,1.00,1.00
2017.12.18 13:40:25.977,0.98799,0.98806,1.00,1.00
2017.12.18 13:40:26.688,0.98797,0.98806,1.31,1.00
2017.12.18 13:40:27.886,0.98797,0.98807,1.31,2.47
2017.12.18 13:40:28.454,0.98797,0.98806,1.31,1.00
2017.12.18 13:40:29.272,0.98797,0.98807,1.31,1.72
2017.12.18 13:40:29.776,0.98797,0.98805,1.12,1.00
2017.12.18 13:40:31.158,0.98797,0.98806,1.12,1.25
2017.12.18 13:40:34.687,0.98797,0.98805,1.00,1.00
2017.12.18 13:40:34.855,0.98794,0.98803,1.87,1.00
2017.12.18 13:40:37.750,0.98792,0.98798,1.00,1.00
2017.12.18 13:40:37.802,0.9879,0.98798,1.87,1.00
2017.12.18 13:40:38.343,0.98788,0.98799,4.50,1.69
2017.12.18 13:40:55.395,0.98788,0.98797,2.81,1.00
2017.12.18 13:40:55.910,0.98788,0.98798,2.81,1.35
2017.12.18 13:40:56.425,0.98788,0.98799,4.13,1.72
2017.12.18 13:40:56.989,0.98788,0.988,4.16,2.85
2017.12.18 13:40:57.727,0.98788,0.98799,3.37,1.72
2017.12.18 13:40:58.037,0.98793,0.98803,1.35,2.44
2017.12.18 13:40:58.192,0.98796,0.98806,1.00,2.44
2017.12.18 13:40:59.086,0.98794,0.98804,1.00,2.25
2017.12.18 13:41:02.325,0.98796,0.98806,1.00,4.43
2017.12.18 13:41:06.400,0.98794,0.98802,1.00,1.00
2017.12.18 13:41:06.939,0.98793,0.98802,1.25,1.54
2017.12.18 13:41:07.260,0.98792,0.98798,1.00,1.25
2017.12.18 13:41:07.313,0.9879,0.98799,1.25,2.10
2017.12.18 13:41:07.494,0.9879,0.98797,1.00,1.00
2017.12.18 13:41:07.908,0.9879,0.98799,1.00,2.06
2017.12.18 13:41:08.426,0.9879,0.98799,1.00,1.85
2017.12.18 13:41:09.569,0.9879,0.98799,1.00,2.66
2017.12.18 13:41:10.083,0.9879,0.98798,1.00,1.35
2017.12.18 13:41:10.666,0.9879,0.98799,1.00,2.44
2017.12.18 13:41:16.626,0.9879,0.98799,1.00,2.29
2017.12.18 13:41:17.234,0.9879,0.98799,1.00,2.29
2017.12.18 13:41:17.765,0.9879,0.98798,1.00,1.35
2017.12.18 13:41:18.470,0.9879,0.98799,1.00,1.88
2017.12.18 13:41:19.329,0.9879,0.98798,1.00,1.35
2017.12.18 13:41:19.586,0.98788,0.98797,1.12,1.87
2017.12.18 13:41:20.128,0.98788,0.98797,1.00,3.94
2017.12.18 13:41:23.699,0.98788,0.98798,1.00,3.19
2017.12.18 13:41:24.726,0.98789,0.98798,1.00,1.44
2017.12.18 13:41:32.789,0.98787,0.98797,1.00,1.25
2017.12.18 13:41:33.341,0.98786,0.98797,4.35,1.25
2017.12.18 13:41:36.951,0.98787,0.98798,1.00,1.69
2017.12.18 13:41:37.790,0.98786,0.98797,5.48,1.25
2017.12.18 13:41:38.329,0.98787,0.98797,1.00,1.25
2017.12.18 13:41:38.866,0.98786,0.98797,5.66,1.25
2017.12.18 13:41:39.388,0.98786,0.98796,3.00,1.00
2017.12.18 13:41:39.945,0.98786,0.98797,1.69,1.25
2017.12.18 13:41:41.318,0.98785,0.98795,6.04,1.50
2017.12.18 13:41:41.422,0.98785,0.98795,1.50,1.25
2017.12.18 13:41:41.966,0.98784,0.98795,6.19,1.31
2017.12.18 13:41:46.264,0.98784,0.98794,5.25,1.00
2017.12.18 13:41:46.316,0.98781,0.9879,2.06,1.35
2017.12.18 13:41:46.420,0.98779,0.98789,1.69,1.12
2017.12.18 13:41:46.952,0.9878,0.98789,1.25,1.12
2017.12.18 13:41:51.037,0.98779,0.9879,5.29,1.25
2017.12.18 13:41:51.550,0.98779,0.9879,1.31,1.91
2017.12.18 13:41:51.705,0.9878,0.9879,1.44,1.31
2017.12.18 13:41:52.776,0.9878,0.98791,1.25,2.74
2017.12.18 13:41:53.418,0.9878,0.9879,1.44,1.31
2017.12.18 13:41:54.881,0.98779,0.9879,1.50,1.91
2017.12.18 13:41:54.934,0.98779,0.98788,1.13,1.00
2017.12.18 13:41:56.438,0.98779,0.98788,2.25,1.00
2017.12.18 13:41:56.687,0.9878,0.9879,3.38,2.29
2017.12.18 13:41:57.235,0.9878,0.9879,3.38,2.29
2017.12.18 13:41:57.779,0.9878,0.98789,1.31,1.00
2017.12.18 13:41:58.300,0.98779,0.98789,4.69,1.00
2017.12.18 13:42:00.579,0.9878,0.9879,1.25,2.10
2017.12.18 13:42:01.090,0.9878,0.98789,1.25,1.00
2017.12.18 13:42:05.018,0.98779,0.98789,2.25,2.85
2017.12.18 13:42:10.946,0.98779,0.98788,3.00,1.35
2017.12.18 13:42:18.567,0.98779,0.98788,3.19,1.35
2017.12.18 13:42:19.947,0.98781,0.98788,1.00,1.00
2017.12.18 13:42:19.999,0.98782,0.9879,2.29,1.25
2017.12.18 13:42:20.156,0.98785,0.98795,3.60,1.19
2017.12.18 13:42:20.665,0.98786,0.98795,1.16,1.00
2017.12.18 13:42:21.075,0.98783,0.98794,1.31,1.00
2017.12.18 13:42:21.750,0.98783,0.98792,1.50,1.50
2017.12.18 13:42:21.803,0.98782,0.98791,1.50,1.50
2017.12.18 13:42:23.130,0.98783,0.98791,1.00,2.10
2017.12.18 13:42:23.183,0.98781,0.98789,1.88,1.00
2017.12.18 13:42:27.392,0.98779,0.98789,3.38,1.35
2017.12.18 13:42:30.887,0.98778,0.98788,1.69,1.00
2017.12.18 13:42:34.493,0.98779,0.98789,1.25,2.10
2017.12.18 13:42:34.877,0.98778,0.98788,1.00,6.41
2017.12.18 13:42:35.419,0.98775,0.98786,4.50,1.50
2017.12.18 13:42:40.495,0.98776,0.98786,1.50,1.54
2017.12.18 13:42:41.038,0.98776,0.98786,1.88,1.00
2017.12.18 13:42:41.809,0.98776,0.98786,1.69,1.00
2017.12.18 13:42:45.425,0.98775,0.98786,3.75,1.00
2017.12.18 13:42:45.992,0.98775,0.98786,3.94,1.00
2017.12.18 13:42:46.522,0.98775,0.98786,3.75,1.00
2017.12.18 13:42:47.063,0.98775,0.98786,3.94,1.00
2017.12.18 13:42:48.324,0.98775,0.98786,3.75,1.00
2017.12.18 13:42:52.286,0.98775,0.98786,4.50,1.00
2017.12.18 13:42:52.904,0.98775,0.98786,4.31,1.00
2017.12.18 13:42:54.510,0.98776,0.98787,1.25,3.04
2017.12.18 13:42:59.471,0.98777,0.98788,1.31,1.19
2017.12.18 13:43:03.376,0.98779,0.98789,3.37,1.19
2017.12.18 13:43:03.607,0.9878,0.9879,1.13,1.54
2017.12.18 13:43:21.224,0.98781,0.98792,4.91,2.44
2017.12.18 13:43:21.279,0.98784,0.98794,1.00,1.29
2017.12.18 13:43:21.781,0.98782,0.98791,1.87,3.79
2017.12.18 13:43:21.837,0.98779,0.98788,1.69,1.35
2017.12.18 13:43:22.838,0.98779,0.98787,3.56,1.35
2017.12.18 13:43:26.175,0.98779,0.98788,4.13,1.35
2017.12.18 13:43:26.434,0.9878,0.9879,3.56,1.54
2017.12.18 13:43:31.287,0.9878,0.9879,2.06,1.05
2017.12.18 13:43:31.946,0.9878,0.9879,3.00,1.54
2017.12.18 13:43:33.160,0.98782,0.98792,1.25,1.30
2017.12.18 13:43:34.063,0.98784,0.98795,1.00,3.26
2017.12.18 13:43:34.168,0.98784,0.98795,1.13,1.50
2017.12.18 13:43:39.954,0.98783,0.98791,1.19,1.35
2017.12.18 13:43:40.006,0.98781,0.98792,2.06,1.54
2017.12.18 13:43:40.317,0.98781,0.98792,4.73,1.25
2017.12.18 13:43:43.254,0.98781,0.98792,3.19,1.69
2017.12.18 13:43:43.816,0.98781,0.98792,3.38,1.69
2017.12.18 13:43:46.846,0.98782,0.98792,1.69,1.25
2017.12.18 13:43:47.391,0.98782,0.98792,2.44,1.69
2017.12.18 13:43:47.927,0.98782,0.98792,2.44,1.69
2017.12.18 13:43:54.432,0.98783,0.98792,2.06,1.25
2017.12.18 13:43:55.516,0.98783,0.98792,2.62,1.25
2017.12.18 13:43:56.122,0.98783,0.98793,2.25,1.91
2017.12.18 13:43:56.724,0.98783,0.98793,2.44,1.91
2017.12.18 13:43:57.539,0.98783,0.98793,2.25,1.91
2017.12.18 13:43:58.135,0.98783,0.98793,2.44,1.91
2017.12.18 13:43:58.687,0.98783,0.98793,2.06,1.49
2017.12.18 13:43:59.014,0.98784,0.98795,2.06,2.25
2017.12.18 13:44:00.581,0.98784,0.98795,2.63,2.06
2017.12.18 13:44:02.744,0.98784,0.98795,2.81,2.06
2017.12.18 13:44:03.247,0.98785,0.98795,1.50,1.31
2017.12.18 13:44:03.857,0.98785,0.98794,1.12,1.00
2017.12.18 13:44:05.911,0.98785,0.98795,1.12,2.06
2017.12.18 13:44:06.505,0.98785,0.98794,1.12,1.00
2017.12.18 13:44:10.189,0.98785,0.98795,1.00,1.31
2017.12.18 13:44:11.868,0.98785,0.98794,1.12,1.00
2017.12.18 13:44:12.132,0.98786,0.98796,1.00,1.00
2017.12.18 13:44:20.398,0.98786,0.98797,1.44,3.60
2017.12.18 13:44:20.920,0.98786,0.98797,1.00,2.85
2017.12.18 13:44:25.275,0.98786,0.98796,1.00,1.72
2017.12.18 13:44:25.883,0.98786,0.98796,1.50,2.47
2017.12.18 13:44:33.020,0.9879,0.98798,1.00,1.25
2017.12.18 13:44:33.263,0.9879,0.988,1.38,1.54
2017.12.18 13:44:33.525,0.98792,0.98803,1.00,3.41
2017.12.18 13:44:33.994,0.98794,0.98805,1.00,1.69
2017.12.18 13:44:34.049,0.98795,0.98807,1.00,4.01
2017.12.18 13:44:34.614,0.98795,0.98807,1.50,1.12
2017.12.18 13:44:35.246,0.98796,0.98807,1.44,1.12
2017.12.18 13:44:36.071,0.98796,0.98807,1.25,1.50
2017.12.18 13:44:37.016,0.98795,0.98807,4.13,1.50
2017.12.18 13:44:37.539,0.98796,0.98807,1.00,1.50
2017.12.18 13:44:49.490,0.98796,0.98807,1.88,1.12
2017.12.18 13:44:50.009,0.98797,0.98808,4.91,1.12
2017.12.18 13:44:51.773,0.98799,0.9881,1.44,3.41
2017.12.18 13:44:52.035,0.98803,0.98815,2.10,1.56
2017.12.18 13:44:56.189,0.98801,0.98811,2.44,1.72
2017.12.18 13:44:56.712,0.988,0.98811,2.25,1.91
2017.12.18 13:44:58.229,0.98802,0.98813,1.35,2.89
2017.12.18 13:44:58.285,0.98802,0.98814,1.91,2.14
2017.12.18 13:44:58.390,0.98801,0.98811,1.31,1.72
2017.12.18 13:44:58.755,0.98799,0.98809,1.25,1.25
2017.12.18 13:45:00.419,0.98797,0.98809,2.63,2.63
2017.12.18 13:45:00.730,0.98796,0.98808,3.19,3.19
2017.12.18 13:45:05.261,0.98797,0.98808,1.44,2.44
2017.12.18 13:45:05.769,0.98797,0.98808,1.25,2.62
2017.12.18 13:45:08.380,0.98797,0.98808,1.88,2.44
2017.12.18 13:45:09.500,0.98797,0.98808,1.69,1.31
2017.12.18 13:45:16.162,0.98797,0.98808,1.44,1.56
2017.12.18 13:45:16.369,0.98797,0.98808,3.38,1.56
2017.12.18 13:45:17.011,0.98798,0.98809,1.25,1.69
2017.12.18 13:45:17.549,0.98798,0.98809,1.38,1.69
2017.12.18 13:45:20.425,0.98798,0.98809,1.31,1.56
2017.12.18 13:45:25.327,0.98797,0.98808,1.25,3.19
2017.12.18 13:45:29.917,0.98797,0.98808,1.50,2.44
2017.12.18 13:45:30.442,0.98797,0.98808,1.31,2.62
2017.12.18 13:45:31.189,0.98797,0.98808,1.31,2.62
2017.12.18 13:45:31.763,0.98797,0.98808,1.31,2.62
2017.12.18 13:45:34.755,0.98797,0.98808,2.48,1.31
2017.12.18 13:45:35.898,0.98797,0.98808,1.73,1.31
2017.12.18 13:45:39.833,0.98798,0.98808,1.00,1.31
2017.12.18 13:45:40.361,0.98799,0.98809,1.00,4.24
2017.12.18 13:45:42.176,0.98798,0.98809,1.00,4.99
2017.12.18 13:45:43.960,0.98798,0.98809,3.41,1.87
2017.12.18 13:45:44.469,0.98798,0.98809,3.60,1.87
2017.12.18 13:45:45.005,0.98798,0.98809,3.98,1.87
2017.12.18 13:45:45.794,0.98798,0.98809,3.56,1.87
2017.12.18 13:45:47.766,0.98798,0.98808,2.44,1.12
2017.12.18 13:45:52.788,0.98798,0.98809,1.50,2.62
2017.12.18 13:45:55.369,0.98799,0.98809,1.38,2.10
2017.12.18 13:45:59.769,0.98799,0.98809,1.00,2.66
2017.12.18 13:46:00.103,0.98799,0.98809,1.00,2.92
2017.12.18 13:46:00.826,0.98798,0.98808,1.25,1.95
2017.12.18 13:46:02.147,0.98798,0.98807,1.00,1.80
2017.12.18 13:46:12.921,0.98797,0.98807,2.25,1.80
2017.12.18 13:46:13.613,0.98796,0.98807,1.12,4.80
2017.12.18 13:46:14.162,0.98796,0.98807,1.12,2.66
2017.12.18 13:46:16.307,0.98796,0.98807,1.12,2.66
2017.12.18 13:46:16.844,0.98796,0.98807,1.12,2.66
2017.12.18 13:46:23.191,0.98796,0.98808,1.12,7.61
2017.12.18 13:46:23.722,0.98795,0.98807,5.25,1.87
2017.12.18 13:46:25.084,0.98795,0.98807,6.00,2.62
2017.12.18 13:46:26.930,0.98795,0.98807,5.81,2.62
2017.12.18 13:46:27.529,0.98795,0.98807,6.00,2.62
2017.12.18 13:46:28.332,0.98795,0.98807,4.87,1.87
2017.12.18 13:46:28.922,0.98795,0.98807,6.00,2.62
2017.12.18 13:46:35.121,0.98795,0.98807,5.06,1.87
2017.12.18 13:46:35.730,0.98795,0.98807,5.81,2.62
2017.12.18 13:46:36.326,0.98795,0.98807,5.06,1.87
2017.12.18 13:46:36.709,0.98795,0.98807,6.60,1.87
2017.12.18 13:46:36.911,0.98795,0.98807,5.47,1.87
2017.12.18 13:46:37.537,0.98795,0.98807,6.60,1.87
2017.12.18 13:46:38.042,0.98795,0.98807,5.10,1.87
2017.12.18 13:46:39.357,0.98795,0.98807,5.85,1.87
2017.12.18 13:46:39.408,0.98795,0.98807,6.60,1.87
2017.12.18 13:46:41.088,0.98795,0.98807,5.48,1.87
2017.12.18 13:46:41.671,0.98796,0.98807,1.13,1.87
2017.12.18 13:46:43.562,0.98795,0.98807,2.85,1.87
2017.12.18 13:46:44.117,0.98795,0.98807,4.54,3.37
2017.12.18 13:46:44.630,0.98795,0.98807,4.91,3.19
2017.12.18 13:46:45.919,0.98796,0.98806,1.00,2.81
2017.12.18 13:46:46.907,0.98795,0.98806,1.35,2.44
2017.12.18 13:46:51.280,0.98795,0.98806,3.04,1.31
2017.12.18 13:46:51.817,0.98795,0.98806,3.23,1.25
2017.12.18 13:46:54.449,0.98795,0.98806,3.04,1.87
2017.12.18 13:46:57.681,0.98792,0.988,1.31,1.50
2017.12.18 13:46:57.785,0.9879,0.988,1.00,5.29
2017.12.18 13:46:58.324,0.98789,0.98799,1.25,3.22
2017.12.18 13:46:59.341,0.98789,0.98799,1.31,1.87
2017.12.18 13:47:00.486,0.98789,0.98799,1.13,1.87
2017.12.18 13:47:01.479,0.9879,0.988,3.60,5.89
2017.12.18 13:47:01.923,0.98791,0.98801,1.44,1.16
2017.12.18 13:47:02.486,0.98791,0.98802,1.13,5.44
2017.12.18 13:47:03.009,0.98791,0.98802,1.69,3.00
2017.12.18 13:47:07.417,0.98791,0.98802,3.00,2.06
2017.12.18 13:47:08.482,0.98791,0.98802,2.81,2.06
2017.12.18 13:47:09.135,0.98791,0.98801,1.50,1.91
2017.12.18 13:47:09.291,0.98789,0.98799,1.88,1.35
2017.12.18 13:47:12.066,0.98789,0.98799,1.25,2.17
2017.12.18 13:47:15.176,0.98788,0.98798,1.00,1.76
2017.12.18 13:47:15.690,0.98788,0.98798,1.00,1.76
2017.12.18 13:47:17.299,0.98788,0.98798,1.00,1.61
2017.12.18 13:47:19.147,0.98787,0.98797,2.25,1.20
2017.12.18 13:47:19.756,0.98787,0.98797,2.25,1.17
2017.12.18 13:47:23.704,0.98785,0.98796,1.87,4.01
2017.12.18 13:47:24.131,0.98783,0.98792,2.06,1.72
2017.12.18 13:47:24.445,0.98779,0.9879,3.19,2.89
2017.12.18 13:47:24.975,0.98779,0.9879,3.56,4.24
2017.12.18 13:47:25.223,0.98781,0.98793,4.50,2.51
2017.12.18 13:47:25.442,0.98782,0.98793,1.88,3.11
2017.12.18 13:47:25.955,0.98781,0.98792,3.00,1.26
2017.12.18 13:47:26.463,0.98781,0.98792,1.69,1.76
2017.12.18 13:47:27.118,0.98781,0.98792,1.88,3.26
2017.12.18 13:47:27.324,0.98779,0.98789,1.00,1.01
2017.12.18 13:47:27.843,0.98779,0.98789,1.00,2.74
2017.12.18 13:47:28.349,0.98778,0.98788,2.06,1.80
2017.12.18 13:47:29.564,0.98778,0.98788,1.12,2.36
2017.12.18 13:47:30.098,0.98778,0.98788,1.12,1.42
2017.12.18 13:47:30.632,0.98777,0.98788,1.50,3.86
2017.12.18 13:47:32.531,0.98777,0.98788,3.56,1.76
2017.12.18 13:47:35.351,0.98776,0.98787,1.00,2.89
2017.12.18 13:47:35.468,0.98776,0.98787,1.00,3.82
2017.12.18 13:47:37.454,0.98775,0.98787,3.00,4.76
2017.12.18 13:47:38.068,0.98776,0.98787,1.00,4.76
2017.12.18 13:47:39.743,0.98775,0.98784,1.00,1.19
2017.12.18 13:47:40.296,0.98774,0.98784,1.12,4.16
2017.12.18 13:47:46.112,0.98777,0.98786,1.00,2.10
2017.12.18 13:47:46.631,0.98778,0.98788,1.00,3.98
2017.12.18 13:47:47.280,0.98778,0.98788,1.88,1.19
2017.12.18 13:47:47.847,0.98778,0.98788,1.69,1.19
2017.12.18 13:47:48.014,0.98778,0.98789,1.88,1.25
2017.12.18 13:47:50.224,0.98779,0.98789,1.00,1.50
2017.12.18 13:47:54.651,0.98777,0.98786,3.45,1.37
2017.12.18 13:47:54.704,0.98777,0.98787,3.00,1.31
2017.12.18 13:47:54.759,0.98777,0.98786,2.25,1.31
2017.12.18 13:47:54.968,0.98775,0.98785,1.12,1.12
2017.12.18 13:47:55.605,0.98775,0.98785,1.50,1.25
2017.12.18 13:47:56.159,0.98775,0.98785,1.00,1.25
2017.12.18 13:47:56.670,0.98775,0.98786,3.19,2.51
2017.12.18 13:47:57.207,0.98775,0.98786,3.00,2.51
2017.12.18 13:47:57.364,0.98777,0.98787,1.25,2.51
2017.12.18 13:48:05.870,0.98775,0.98786,1.87,1.44
2017.12.18 13:48:05.923,0.98773,0.98781,2.70,1.35
2017.12.18 13:48:05.977,0.98772,0.9878,1.00,1.35
2017.12.18 13:48:06.082,0.9877,0.9878,1.25,2.29
2017.12.18 13:48:06.244,0.98768,0.9878,1.13,4.54
2017.12.18 13:48:06.351,0.98767,0.98777,1.69,1.72
2017.12.18 13:48:06.852,0.98766,0.98778,1.31,1.69
2017.12.18 13:48:07.270,0.98767,0.98778,2.25,1.31
2017.12.18 13:48:07.919,0.9877,0.98778,1.00,1.19
2017.12.18 13:48:08.130,0.98767,0.98778,3.37,1.19
2017.12.18 13:48:08.649,0.98767,0.98778,2.06,1.19
2017.12.18 13:48:09.317,0.98767,0.98778,2.25,1.19
2017.12.18 13:48:09.921,0.98767,0.98778,1.50,1.19
2017.12.18 13:48:10.815,0.98767,0.98778,2.25,1.19
2017.12.18 13:48:12.328,0.98767,0.98778,2.25,1.19
2017.12.18 13:48:12.913,0.98766,0.98774,1.00,1.60
2017.12.18 13:48:13.064,0.98763,0.98772,1.00,1.00
2017.12.18 13:48:13.168,0.9876,0.98772,1.69,7.35
2017.12.18 13:48:13.309,0.9876,0.98769,1.12,1.00
2017.12.18 13:48:13.362,0.98758,0.98769,2.32,1.25
2017.12.18 13:48:13.889,0.98758,0.98769,1.38,2.81
2017.12.18 13:48:14.750,0.98758,0.9877,1.00,4.50
2017.12.18 13:48:15.269,0.98758,0.9877,2.06,3.19
2017.12.18 13:48:15.785,0.98758,0.9877,1.63,4.31
2017.12.18 13:48:16.441,0.98758,0.98768,1.12,1.72
2017.12.18 13:48:16.937,0.98757,0.98766,1.00,1.91
2017.12.18 13:48:16.991,0.98755,0.98767,3.98,2.44
2017.12.18 13:48:17.044,0.98756,0.98767,1.69,1.25
2017.12.18 13:48:17.583,0.98755,0.98768,6.00,1.87
2017.12.18 13:48:18.095,0.98756,0.98768,1.56,1.69
2017.12.18 13:48:18.708,0.98756,0.98768,1.88,1.19
2017.12.18 13:48:19.021,0.98757,0.98768,2.25,1.19
2017.12.18 13:48:19.074,0.98757,0.98768,2.25,1.19
2017.12.18 13:48:19.187,0.98757,0.98768,2.25,1.19
2017.12.18 13:48:20.349,0.98757,0.98768,2.25,1.19
2017.12.18 13:48:20.688,0.98758,0.98768,1.38,1.19
2017.12.18 13:48:20.740,0.98758,0.98768,1.00,1.69
2017.12.18 13:48:21.637,0.98757,0.98768,2.25,1.19
2017.12.18 13:48:22.235,0.98757,0.98768,2.44,1.54
2017.12.18 13:48:22.767,0.98756,0.98767,2.62,1.25
2017.12.18 13:48:23.303,0.98756,0.98768,2.81,1.19
2017.12.18 13:48:23.996,0.98757,0.98766,1.12,1.00
2017.12.18 13:48:24.537,0.98757,0.98768,1.63,1.69
2017.12.18 13:48:26.027,0.98757,0.98768,2.06,1.19
2017.12.18 13:48:27.268,0.98757,0.98768,2.06,1.19
2017.12.18 13:48:27.794,0.98758,0.98768,1.38,1.19
2017.12.18 13:48:28.855,0.98758,0.98767,1.25,1.25
2017.12.18 13:48:29.421,0.98757,0.98767,1.12,1.54
2017.12.18 13:48:29.474,0.98757,0.98768,1.63,1.19
2017.12.18 13:48:31.321,0.98757,0.98767,1.12,1.25
2017.12.18 13:48:31.826,0.98757,0.98767,1.69,1.25
2017.12.18 13:48:32.389,0.98757,0.98768,1.00,2.29
2017.12.18 13:48:33.230,0.98756,0.98768,2.25,1.54
2017.12.18 13:48:33.760,0.98756,0.98768,2.25,1.88
2017.12.18 13:48:34.460,0.98756,0.98768,1.25,2.25
2017.12.18 13:48:35.096,0.98756,0.98768,1.44,2.06
2017.12.18 13:48:37.245,0.98756,0.98768,1.25,3.41
2017.12.18 13:48:37.778,0.98756,0.98767,1.38,1.05
2017.12.18 13:48:38.587,0.98757,0.98768,1.38,1.19
2017.12.18 13:48:40.314,0.98757,0.98768,1.25,1.19
2017.12.18 13:48:43.165,0.98757,0.98768,1.38,1.19
2017.12.18 13:48:43.278,0.98757,0.98768,1.00,1.19
2017.12.18 13:48:43.639,0.98756,0.98768,1.63,1.69
2017.12.18 13:48:44.336,0.98757,0.98767,1.00,1.25
2017.12.18 13:48:44.905,0.98757,0.98768,1.38,1.54
2017.12.18 13:48:45.496,0.98757,0.98767,1.00,1.54
2017.12.18 13:48:45.706,0.98757,0.98768,1.38,1.19
2017.12.18 13:48:46.594,0.98761,0.98769,3.04,1.12
2017.12.18 13:48:46.702,0.98766,0.98776,1.44,2.14
2017.12.18 13:48:47.219,0.98766,0.98776,1.00,2.06
2017.12.18 13:48:49.205,0.98766,0.98776,1.88,1.19
2017.12.18 13:48:50.746,0.98766,0.98776,1.69,1.19
2017.12.18 13:48:51.295,0.98767,0.98776,1.00,1.19
2017.12.18 13:48:51.891,0.98767,0.98778,1.00,2.06
2017.12.18 13:49:01.718,0.98767,0.98778,1.44,1.69
2017.12.18 13:49:02.227,0.98767,0.98778,1.25,1.69
2017.12.18 13:49:06.860,0.98767,0.98778,1.44,1.69
2017.12.18 13:49:07.427,0.98767,0.98778,1.13,1.69
2017.12.18 13:49:10.448,0.98769,0.98778,1.19,1.87
2017.12.18 13:49:20.843,0.98769,0.98779,1.69,2.10
2017.12.18 13:49:25.367,0.98769,0.98778,1.69,1.00
2017.12.18 13:49:25.948,0.98769,0.98779,1.69,3.79
2017.12.18 13:49:29.399,0.98773,0.98781,6.04,1.00
2017.12.18 13:49:29.507,0.98775,0.98785,1.25,1.12
2017.12.18 13:49:29.559,0.98775,0.98786,3.19,1.37
2017.12.18 13:49:30.103,0.98775,0.98786,4.31,1.12
2017.12.18 13:49:36.532,0.98777,0.98788,1.13,3.94
2017.12.18 13:49:36.636,0.98775,0.98786,6.38,1.12
2017.12.18 13:49:38.079,0.98777,0.98788,2.06,1.87
2017.12.18 13:49:38.602,0.98777,0.98788,1.31,1.62
2017.12.18 13:49:42.386,0.98777,0.98788,2.44,1.00
2017.12.18 13:49:52.403,0.98777,0.98788,2.81,1.00
2017.12.18 13:49:53.307,0.98777,0.98789,3.94,4.35
2017.12.18 13:49:53.821,0.98778,0.98788,1.25,1.00
2017.12.18 13:49:55.763,0.98778,0.98788,1.69,1.00
2017.12.18 13:49:56.274,0.98778,0.98788,1.25,1.00
2017.12.18 13:49:59.329,0.98778,0.98788,1.13,1.50
2017.12.18 13:49:59.797,0.9878,0.9879,1.44,1.50
2017.12.18 13:49:59.850,0.98781,0.98792,1.31,2.55
2017.12.18 13:50:00.198,0.98781,0.98793,1.88,3.04
2017.12.18 13:50:00.719,0.98783,0.98793,1.19,2.85
2017.12.18 13:50:02.488,0.9878,0.98791,2.81,1.37
2017.12.18 13:50:03.091,0.9878,0.98789,1.69,1.00
2017.12.18 13:50:21.005,0.98778,0.98789,3.56,1.50
2017.12.18 13:50:21.980,0.98778,0.98788,2.81,1.00
2017.12.18 13:50:23.210,0.98778,0.98789,2.44,3.60
2017.12.18 13:50:24.797,0.98778,0.98788,2.81,1.00
2017.12.18 13:50:25.347,0.98778,0.98789,2.81,4.35
2017.12.18 13:50:25.893,0.98778,0.98788,3.19,1.00
2017.12.18 13:50:26.420,0.98778,0.98789,2.81,4.35
2017.12.18 13:50:26.997,0.98778,0.98788,3.19,1.00
2017.12.18 13:50:40.854,0.98778,0.98789,3.00,3.00
2017.12.18 13:50:51.511,0.98779,0.98789,1.38,4.72
2017.12.18 13:50:54.660,0.9878,0.9879,2.63,3.75
2017.12.18 13:50:54.717,0.98784,0.98792,2.25,2.62
2017.12.18 13:50:54.822,0.98787,0.98796,1.25,1.12
2017.12.18 13:50:56.325,0.98787,0.98797,1.25,1.69
2017.12.18 13:51:03.749,0.98788,0.98797,1.00,1.50
2017.12.18 13:51:04.250,0.98788,0.98797,1.19,1.00
2017.12.18 13:51:10.387,0.98787,0.98796,2.63,1.20
2017.12.18 13:51:11.966,0.98787,0.98797,1.69,7.20
2017.12.18 13:51:12.278,0.98787,0.98794,1.31,1.20
2017.12.18 13:51:13.431,0.98787,0.98795,1.31,1.20
2017.12.18 13:51:13.535,0.98785,0.98795,7.16,1.20
2017.12.18 13:51:14.989,0.98785,0.98795,7.54,1.20
2017.12.18 13:51:15.493,0.98785,0.98795,8.66,1.20
2017.12.18 13:51:16.537,0.98785,0.98795,9.41,1.20
2017.12.18 13:51:17.084,0.98785,0.98795,9.41,1.20
2017.12.18 13:51:21.617,0.98785,0.98795,4.54,1.57
2017.12.18 13:51:22.243,0.98785,0.98795,3.60,1.45
2017.12.18 13:51:24.377,0.98785,0.98796,3.60,4.57
2017.12.18 13:51:24.612,0.98784,0.9879,1.31,2.06
2017.12.18 13:51:24.716,0.98782,0.98789,1.19,1.80
2017.12.18 13:51:25.048,0.9878,0.98789,1.13,1.57
2017.12.18 13:51:26.814,0.98781,0.98788,1.44,1.20
2017.12.18 13:51:27.346,0.98781,0.98789,2.44,1.20
2017.12.18 13:51:27.868,0.98781,0.9879,2.44,1.20
2017.12.18 13:51:28.377,0.98781,0.9879,2.44,1.45
2017.12.18 13:51:28.583,0.98782,0.98791,1.31,1.20
2017.12.18 13:51:29.093,0.98783,0.98791,1.00,1.20
2017.12.18 13:51:32.098,0.98783,0.98791,1.69,1.45
2017.12.18 13:51:32.786,0.98783,0.98791,1.69,1.20
2017.12.18 13:51:33.314,0.98783,0.98791,2.63,1.20
2017.12.18 13:51:34.194,0.98785,0.98791,2.48,1.20
2017.12.18 13:51:34.298,0.98786,0.98794,1.44,1.47
2017.12.18 13:51:34.711,0.98786,0.98795,2.44,1.20
2017.12.18 13:51:39.794,0.98786,0.98795,2.44,1.45
2017.12.18 13:51:40.474,0.98786,0.98795,2.44,1.20
2017.12.18 13:51:44.533,0.98786,0.98794,1.69,1.20
2017.12.18 13:51:46.013,0.98786,0.98795,1.19,1.20
2017.12.18 13:51:46.516,0.98786,0.98795,1.44,1.45
2017.12.18 13:51:47.507,0.98786,0.98795,1.19,1.20
2017.12.18 13:51:48.181,0.98786,0.98794,1.19,1.20
2017.12.18 13:51:49.016,0.98786,0.98795,1.19,1.20
2017.12.18 13:51:52.480,0.98786,0.98795,2.06,1.45
2017.12.18 13:51:52.993,0.98786,0.98795,3.38,1.20
2017.12.18 13:51:57.325,0.98787,0.98797,1.00,2.70
2017.12.18 13:51:57.810,0.98786,0.98795,2.44,1.20
2017.12.18 13:51:59.284,0.98786,0.98796,2.44,1.57
2017.12.18 13:52:00.178,0.98786,0.98795,2.44,1.20
2017.12.18 13:52:01.729,0.98786,0.98796,1.88,1.57
2017.12.18 13:52:03.159,0.98786,0.98795,1.88,1.20
2017.12.18 13:52:09.624,0.98786,0.98795,1.69,1.45
2017.12.18 13:52:16.917,0.98786,0.98795,2.06,1.20
2017.12.18 13:52:17.800,0.98786,0.98795,2.44,1.45
2017.12.18 13:52:18.467,0.98784,0.98791,1.25,1.00
2017.12.18 13:52:18.779,0.98782,0.98789,1.19,1.20
2017.12.18 13:52:18.832,0.9878,0.98789,1.31,1.20
2017.12.18 13:52:19.370,0.9878,0.98788,1.31,1.20
2017.12.18 13:52:20.159,0.9878,0.98788,1.19,1.45
2017.12.18 13:52:24.176,0.9878,0.98788,1.19,1.20
2017.12.18 13:52:27.606,0.9878,0.98788,1.69,1.45
2017.12.18 13:52:28.876,0.9878,0.98788,1.69,1.20
2017.12.18 13:52:30.909,0.9878,0.98788,1.69,1.57
2017.12.18 13:52:32.946,0.98779,0.98788,1.25,2.92
2017.12.18 13:52:46.475,0.98778,0.98787,1.69,1.20
2017.12.18 13:52:50.369,0.98778,0.98787,1.69,1.20
2017.12.18 13:52:50.910,0.98778,0.98787,2.06,1.20
2017.12.18 13:52:51.849,0.98778,0.98787,1.69,1.20
2017.12.18 13:52:53.444,0.98778,0.98787,1.69,1.20
2017.12.18 13:52:54.956,0.98778,0.98788,1.69,4.42
2017.12.18 13:52:55.059,0.98778,0.98787,1.69,1.20
2017.12.18 13:52:58.062,0.98778,0.98787,1.88,1.20
2017.12.18 13:52:58.618,0.98778,0.98787,1.88,1.20
2017.12.18 13:52:59.581,0.98778,0.98787,1.88,1.20
2017.12.18 13:53:03.779,0.98778,0.98787,1.19,1.95
2017.12.18 13:53:06.113,0.98778,0.98787,1.19,1.00
2017.12.18 13:53:06.631,0.98778,0.98788,2.44,1.72
2017.12.18 13:53:08.215,0.98778,0.98787,1.31,1.20
2017.12.18 13:53:08.891,0.98778,0.98787,1.31,1.20
2017.12.18 13:53:14.952,0.98778,0.98787,1.31,1.45
2017.12.18 13:53:15.473,0.98778,0.98786,1.31,1.95
2017.12.18 13:53:16.969,0.98776,0.98785,1.69,1.95
2017.12.18 13:53:18.504,0.98777,0.98787,1.31,1.95
2017.12.18 13:53:18.800,0.98777,0.98786,1.31,1.20
2017.12.18 13:53:19.324,0.98776,0.98786,2.81,1.45
2017.12.18 13:53:21.643,0.98777,0.98786,1.69,1.20
2017.12.18 13:53:22.166,0.98777,0.98787,1.69,1.95
2017.12.18 13:53:23.859,0.98777,0.98788,2.25,2.85
2017.12.18 13:53:24.361,0.98777,0.98788,2.44,2.85
2017.12.18 13:53:24.882,0.98777,0.98788,2.25,2.85
2017.12.18 13:53:26.122,0.98777,0.98788,3.38,3.22
2017.12.18 13:53:27.082,0.98777,0.98788,2.62,2.85
2017.12.18 13:53:38.717,0.98777,0.98787,5.06,1.20
2017.12.18 13:53:41.275,0.98777,0.98786,4.13,1.45
2017.12.18 13:53:45.328,0.98777,0.98786,4.31,1.20
2017.12.18 13:53:46.022,0.98778,0.98786,2.81,1.20
2017.12.18 13:53:48.006,0.98778,0.98787,2.44,1.20
2017.12.18 13:53:48.708,0.98778,0.98786,2.25,1.20
2017.12.18 13:53:49.019,0.9878,0.98787,1.19,1.45
2017.12.18 13:53:49.787,0.9878,0.98787,1.19,1.20
2017.12.18 13:53:50.317,0.9878,0.98786,1.19,1.20
2017.12.18 13:53:57.888,0.9878,0.98787,1.44,1.20
2017.12.18 13:53:58.044,0.9878,0.98789,2.81,2.55
2017.12.18 13:53:58.778,0.9878,0.98788,2.63,1.20
2017.12.18 13:54:00.559,0.9878,0.98788,2.25,1.95
2017.12.18 13:54:01.143,0.9878,0.98788,1.19,1.95
2017.12.18 13:54:03.761,0.9878,0.98789,1.63,2.32
2017.12.18 13:54:09.326,0.9878,0.9879,1.69,3.04
2017.12.18 13:54:09.877,0.98779,0.98789,3.19,1.00
2017.12.18 13:54:11.872,0.98779,0.9879,2.44,4.16
2017.12.18 13:54:12.078,0.98779,0.98789,3.75,1.12
2017.12.18 13:54:16.409,0.98779,0.98789,1.69,1.72
2017.12.18 13:54:16.948,0.98779,0.98789,1.50,1.72
2017.12.18 13:54:17.491,0.98779,0.98789,1.69,1.72
2017.12.18 13:54:19.326,0.98779,0.98788,2.06,1.00
2017.12.18 13:54:19.863,0.98779,0.98789,2.62,1.72
2017.12.18 13:54:20.692,0.9878,0.98788,1.31,1.00
2017.12.18 13:54:21.341,0.98779,0.98789,3.94,1.72
2017.12.18 13:54:21.876,0.98781,0.9879,1.63,3.04
2017.12.18 13:54:22.187,0.98785,0.98794,1.88,2.25
2017.12.18 13:54:22.239,0.98785,0.98794,1.88,1.00
2017.12.18 13:54:22.343,0.98785,0.98796,2.06,1.69
2017.12.18 13:54:23.978,0.98785,0.98796,1.88,1.69
2017.12.18 13:54:25.002,0.98786,0.98797,2.44,1.12
2017.12.18 13:54:26.639,0.98787,0.98797,1.19,1.12
2017.12.18 13:54:35.166,0.98788,0.98798,1.00,4.50
2017.12.18 13:54:35.401,0.98788,0.98798,1.00,1.87
2017.12.18 13:54:38.714,0.98789,0.98799,1.00,8.10
2017.12.18 13:54:43.380,0.98789,0.98797,1.00,1.54
2017.12.18 13:54:44.421,0.98789,0.98797,1.00,2.47
2017.12.18 13:54:44.928,0.98789,0.98797,1.00,1.54
2017.12.18 13:54:44.980,0.98789,0.98796,1.00,1.91
2017.12.18 13:54:45.556,0.98788,0.98797,1.00,2.29
2017.12.18 13:54:48.897,0.98788,0.98797,1.00,1.91
2017.12.18 13:54:49.440,0.98789,0.98797,1.00,1.91
2017.12.18 13:54:49.948,0.98789,0.98797,1.00,2.10
2017.12.18 13:54:55.840,0.98788,0.98797,1.00,3.04
2017.12.18 13:54:56.162,0.98788,0.98797,1.00,3.97
2017.12.18 13:54:58.164,0.98788,0.98796,1.00,1.12
2017.12.18 13:54:58.471,0.98788,0.98795,1.00,2.29
2017.12.18 13:54:58.999,0.98788,0.98795,1.00,1.35
2017.12.18 13:55:00.098,0.98788,0.98794,1.00,1.91
2017.12.18 13:55:01.580,0.98789,0.98793,1.00,1.35
2017.12.18 13:55:01.817,0.98782,0.98788,1.50,1.35
2017.12.18 13:55:02.328,0.98781,0.98789,1.87,1.35
2017.12.18 13:55:02.965,0.98781,0.9879,1.50,2.55
2017.12.18 13:55:03.890,0.98781,0.9879,1.00,1.80
2017.12.18 13:55:05.331,0.98781,0.98788,1.00,1.00
2017.12.18 13:55:05.489,0.98778,0.98787,1.25,1.80
2017.12.18 13:55:05.722,0.98777,0.98786,1.00,2.32
2017.12.18 13:55:06.238,0.98776,0.98785,2.81,1.20
2017.12.18 13:55:09.804,0.98776,0.98785,3.75,1.20
2017.12.18 13:55:10.350,0.98776,0.98785,1.31,1.20
2017.12.18 13:55:14.457,0.98775,0.98784,2.44,2.66
2017.12.18 13:55:14.745,0.98768,0.98777,1.13,1.35
2017.12.18 13:55:15.296,0.98767,0.98777,2.06,2.74
2017.12.18 13:55:16.341,0.98767,0.98777,1.00,2.74
2017.12.18 13:55:17.170,0.98767,0.98777,1.69,2.74
2017.12.18 13:55:17.708,0.98767,0.98777,1.69,1.54
2017.12.18 13:55:20.069,0.98767,0.98776,2.06,1.20
2017.12.18 13:55:21.393,0.98767,0.98775,2.06,1.20
2017.12.18 13:55:22.180,0.98766,0.98775,1.31,1.20
2017.12.18 13:55:22.729,0.98766,0.98776,2.06,1.20
2017.12.18 13:55:23.288,0.98766,0.98776,2.81,1.20
2017.12.18 13:55:23.816,0.98767,0.98775,1.00,1.20
2017.12.18 13:55:25.142,0.98767,0.98776,1.13,1.20
2017.12.18 13:55:25.667,0.98767,0.98776,1.37,1.20
2017.12.18 13:55:26.170,0.98767,0.98776,1.43,1.45
2017.12.18 13:55:27.099,0.98766,0.98775,4.31,1.20
2017.12.18 13:55:27.563,0.98766,0.98777,1.50,2.10
2017.12.18 13:55:28.073,0.98765,0.98777,4.87,1.91
2017.12.18 13:55:29.441,0.98766,0.98777,2.62,1.91
2017.12.18 13:55:29.544,0.98766,0.98777,2.44,1.91
2017.12.18 13:55:30.075,0.98766,0.98777,2.62,1.91
2017.12.18 13:55:31.408,0.98766,0.98777,3.37,1.91
2017.12.18 13:55:31.962,0.98766,0.98777,4.49,1.91
2017.12.18 13:55:32.658,0.98766,0.98777,3.74,1.91
2017.12.18 13:55:34.869,0.98766,0.98776,3.37,1.35
2017.12.18 13:55:35.374,0.98766,0.98776,3.00,1.35
2017.12.18 13:55:35.428,0.98766,0.98776,4.13,1.00
2017.12.18 13:55:35.481,0.98767,0.98779,1.38,3.41
2017.12.18 13:55:35.989,0.98768,0.98778,1.69,1.35
2017.12.18 13:55:43.322,0.98768,0.98778,1.12,1.35
2017.12.18 13:55:48.354,0.98768,0.98778,1.31,1.12
2017.12.18 13:55:51.021,0.98767,0.98778,3.56,1.72
2017.12.18 13:55:54.513,0.98767,0.98777,4.69,1.00
2017.12.18 13:55:56.356,0.98767,0.98778,4.69,2.47
2017.12.18 13:56:06.976,0.98768,0.98778,1.69,3.67
2017.12.18 13:56:11.731,0.98768,0.98777,1.25,1.57
2017.12.18 13:56:12.349,0.98768,0.98777,1.25,1.10
2017.12.18 13:56:16.161,0.98768,0.98777,1.25,2.92
2017.12.18 13:56:16.213,0.98767,0.98774,1.12,1.00
2017.12.18 13:56:16.728,0.98765,0.98774,2.81,1.80
2017.12.18 13:56:20.760,0.98765,0.98774,2.81,1.80
2017.12.18 13:56:20.815,0.98763,0.98772,1.50,2.47
2017.12.18 13:56:21.073,0.98762,0.98771,1.00,3.64
2017.12.18 13:56:25.452,0.98764,0.98771,1.87,1.20
2017.12.18 13:56:25.506,0.98765,0.98774,1.25,3.26
2017.12.18 13:56:25.612,0.98765,0.98776,4.31,2.14
2017.12.18 13:56:26.225,0.98767,0.98776,1.50,1.39
2017.12.18 13:56:27.031,0.98767,0.98776,1.25,1.39
2017.12.18 13:56:27.670,0.98768,0.98777,1.00,4.20
2017.12.18 13:56:28.523,0.98767,0.98777,2.44,4.20
2017.12.18 13:56:29.192,0.98768,0.98777,1.00,4.20
2017.12.18 13:56:30.162,0.98767,0.98776,1.88,1.95
2017.12.18 13:56:30.595,0.98768,0.98778,2.62,3.49
2017.12.18 13:56:31.111,0.98769,0.98778,1.13,3.11
2017.12.18 13:56:31.638,0.98769,0.98778,1.69,1.54
2017.12.18 13:56:32.950,0.98769,0.98778,2.63,1.99
2017.12.18 13:56:33.511,0.98769,0.98779,3.19,3.49
2017.12.18 13:56:34.104,0.98769,0.98778,4.13,1.39
2017.12.18 13:56:35.577,0.98771,0.98778,1.00,1.00
2017.12.18 13:56:38.222,0.98771,0.98778,1.00,2.10
2017.12.18 13:56:40.841,0.98768,0.98772,1.50,1.00
2017.12.18 13:56:40.969,0.98766,0.98772,1.50,4.16
2017.12.18 13:56:41.025,0.9876,0.9877,2.25,2.81
2017.12.18 13:56:41.542,0.98761,0.9877,1.00,1.12
2017.12.18 13:56:42.076,0.98762,0.98771,1.13,1.00
2017.12.18 13:56:42.588,0.98762,0.98772,1.13,2.63
2017.12.18 13:56:43.254,0.98762,0.98771,1.13,1.00
2017.12.18 13:56:43.769,0.98761,0.98771,2.44,1.00
2017.12.18 13:56:44.595,0.98762,0.98771,1.00,1.00
2017.12.18 13:56:44.861,0.9876,0.9877,1.50,2.44
2017.12.18 13:56:45.376,0.98759,0.98769,1.88,1.25
2017.12.18 13:56:46.667,0.9876,0.9877,1.50,1.16
2017.12.18 13:56:47.539,0.98759,0.98769,3.19,1.12
2017.12.18 13:56:58.126,0.98763,0.98773,1.00,2.06
2017.12.18 13:56:58.472,0.9876,0.98769,1.50,2.29
2017.12.18 13:56:58.976,0.98759,0.98769,2.25,2.81
2017.12.18 13:57:26.702,0.98763,0.98773,1.35,3.56
2017.12.18 13:57:26.806,0.98763,0.98774,3.19,1.13
2017.12.18 13:57:26.859,0.98762,0.9877,1.56,1.00
2017.12.18 13:57:26.962,0.9876,0.98771,1.00,5.29
2017.12.18 13:57:30.169,0.98763,0.98774,1.50,2.89
2017.12.18 13:57:30.222,0.98761,0.9877,1.00,1.35
2017.12.18 13:57:30.738,0.98761,0.98771,1.20,3.60
2017.12.18 13:57:32.529,0.98761,0.98771,1.20,2.25
2017.12.18 13:57:33.651,0.98761,0.98771,1.20,2.25
2017.12.18 13:57:35.200,0.98761,0.98772,2.70,1.62
2017.12.18 13:57:37.022,0.98764,0.98774,2.44,1.37
2017.12.18 13:57:37.126,0.98766,0.98776,1.20,1.88
2017.12.18 13:57:39.690,0.98765,0.98776,2.70,2.63
2017.12.18 13:57:40.235,0.98765,0.98776,3.45,1.50
2017.12.18 13:57:40.868,0.98765,0.98776,3.08,1.88
2017.12.18 13:57:41.411,0.98766,0.98777,1.00,7.69
2017.12.18 13:57:41.925,0.98766,0.98777,1.00,7.13
2017.12.18 13:57:45.809,0.98766,0.98777,1.95,4.12
2017.12.18 13:57:47.332,0.98766,0.98777,1.95,5.66
2017.12.18 13:57:47.845,0.98766,0.98777,1.39,4.31
2017.12.18 13:57:48.358,0.98766,0.98777,2.14,4.31
2017.12.18 13:57:48.592,0.98764,0.98772,1.70,1.69
2017.12.18 13:57:48.800,0.98759,0.98769,3.07,3.56
2017.12.18 13:57:49.408,0.98759,0.98768,1.00,1.31
2017.12.18 13:57:50.781,0.98759,0.98767,1.00,1.00
2017.12.18 13:58:00.790,0.98759,0.98766,1.20,1.12
2017.12.18 13:58:05.123,0.98759,0.98765,1.00,1.35
2017.12.18 13:58:05.767,0.98759,0.98764,1.00,1.00
2017.12.18 13:58:18.224,0.98759,0.98766,1.00,1.91
2017.12.18 13:58:18.777,0.98759,0.98764,1.00,1.35
2017.12.18 13:58:19.794,0.98759,0.98765,1.00,1.35
2017.12.18 13:58:21.043,0.98759,0.98764,1.00,1.35
2017.12.18 13:58:21.576,0.98759,0.98765,1.00,1.35
2017.12.18 13:58:22.352,0.98759,0.98764,1.00,1.35
2017.12.18 13:58:59.210,0.98759,0.98765,1.00,1.72
2017.12.18 13:58:59.864,0.98759,0.98764,1.00,1.00
2017.12.18 13:59:08.363,0.98759,0.98763,1.00,1.00
2017.12.18 13:59:11.790,0.98758,0.98763,1.00,1.60
2017.12.18 13:59:11.896,0.98759,0.98765,1.00,1.72
2017.12.18 13:59:20.898,0.98759,0.98765,1.00,1.12
2017.12.18 13:59:26.865,0.98759,0.98766,1.00,1.31
2017.12.18 13:59:29.849,0.98759,0.98766,1.00,1.19
2017.12.18 13:59:30.587,0.98759,0.98767,1.00,1.87
2017.12.18 13:59:31.275,0.98759,0.98767,1.00,3.00
2017.12.18 13:59:35.529,0.98759,0.98767,1.00,2.44
2017.12.18 13:59:37.820,0.98759,0.98767,1.00,2.44
2017.12.18 13:59:45.177,0.98759,0.98767,1.00,2.44
2017.12.18 13:59:50.080,0.98759,0.98768,1.00,2.25
2017.12.18 13:59:50.812,0.98759,0.98767,1.00,1.00
2017.12.18 13:59:51.325,0.98759,0.98767,1.00,2.25
2017.12.18 13:59:52.005,0.98759,0.98763,1.00,1.50
2017.12.18 13:59:52.113,0.98759,0.98765,1.00,1.31
2017.12.18 13:59:52.778,0.98759,0.98766,1.00,1.00
2017.12.18 13:59:53.311,0.98759,0.98767,1.00,1.31
