2017.02.15 22:00:00.510,1.00545,1.0056,0.75,0.75
2017.02.15 22:00:00.713,1.00514,1.0056,0.75,0.75
2017.02.15 22:00:01.087,1.00513,1.00562,0.75,0.75
2017.02.15 22:00:01.748,1.00511,1.00562,1.50,0.75
2017.02.15 22:00:02.513,1.00512,1.00562,0.75,0.75
2017.02.15 22:00:02.712,1.00514,1.00565,0.75,0.75
2017.02.15 22:00:08.132,1.00512,1.00565,1.50,0.75
2017.02.15 22:00:15.441,1.00512,1.00563,0.75,0.75
2017.02.15 22:00:17.697,1.00511,1.00562,0.75,0.75
2017.02.15 22:00:28.106,1.0051,1.00563,0.75,0.75
2017.02.15 22:00:35.645,1.00521,1.00568,0.75,0.75
2017.02.15 22:00:41.980,1.00508,1.00567,0.75,0.75
2017.02.15 22:00:46.967,1.0052,1.00569,0.75,0.75
2017.02.15 22:00:50.209,1.00508,1.00567,0.75,0.75
2017.02.15 22:00:53.790,1.00504,1.00542,0.37,0.75
2017.02.15 22:00:54.150,1.00504,1.0054,0.37,0.75
2017.02.15 22:00:57.171,1.00504,1.00567,0.37,0.75
2017.02.15 22:01:04.083,1.00504,1.00557,0.37,0.75
2017.02.15 22:01:06.672,1.00504,1.00561,0.37,0.75
2017.02.15 22:01:08.028,1.00501,1.00561,0.37,0.75
2017.02.15 22:01:14.182,1.00509,1.00561,0.75,0.75
2017.02.15 22:01:14.623,1.00512,1.00561,0.37,0.75
2017.02.15 22:01:16.319,1.00512,1.00563,0.37,0.75
2017.02.15 22:01:20.212,1.00512,1.00564,0.37,0.75
2017.02.15 22:01:26.061,1.00512,1.00557,0.37,0.75
2017.02.15 22:01:28.088,1.00511,1.00557,0.37,0.75
2017.02.15 22:01:46.939,1.00511,1.00554,0.37,0.75
2017.02.15 22:01:50.870,1.00511,1.00563,0.37,0.75
2017.02.15 22:01:54.769,1.00511,1.00557,0.37,0.75
2017.02.15 22:01:55.174,1.00511,1.00535,0.37,0.75
2017.02.15 22:01:58.201,1.00511,1.00558,0.37,0.75
2017.02.15 22:02:01.346,1.00511,1.00545,0.37,0.75
2017.02.15 22:02:01.447,1.00511,1.0057,0.37,0.75
2017.02.15 22:02:01.599,1.00511,1.00567,0.37,0.75
2017.02.15 22:02:05.508,1.00511,1.00556,0.37,0.75
2017.02.15 22:02:08.841,1.00511,1.00558,0.37,0.75
2017.02.15 22:02:17.560,1.00522,1.00558,0.37,0.75
2017.02.15 22:02:17.898,1.00522,1.0055,0.37,0.75
2017.02.15 22:02:22.818,1.00522,1.00554,0.37,0.75
2017.02.15 22:02:55.805,1.0051,1.00514,0.75,0.75
2017.02.15 22:02:56.900,1.00511,1.00531,0.37,0.75
2017.02.15 22:02:56.950,1.00519,1.00531,0.75,0.75
2017.02.15 22:03:00.748,1.00519,1.00532,0.75,0.75
2017.02.15 22:03:02.042,1.00522,1.00532,0.37,0.75
2017.02.15 22:03:02.093,1.00522,1.00559,0.37,0.37
2017.02.15 22:03:02.194,1.00523,1.00565,0.37,0.75
2017.02.15 22:03:02.257,1.00523,1.00562,0.37,0.75
2017.02.15 22:03:02.580,1.00523,1.0056,0.37,0.75
2017.02.15 22:03:04.843,1.00523,1.00559,0.37,0.75
2017.02.15 22:03:11.283,1.00523,1.0055,0.37,0.75
2017.02.15 22:03:12.049,1.00522,1.0055,0.37,0.75
2017.02.15 22:03:12.596,1.00522,1.00549,0.37,0.37
2017.02.15 22:03:12.945,1.00537,1.00543,0.37,0.75
2017.02.15 22:03:19.142,1.00536,1.0054,0.37,0.75
2017.02.15 22:03:21.362,1.00535,1.0054,0.37,0.75
2017.02.15 22:03:21.552,1.00528,1.0054,0.75,0.75
2017.02.15 22:03:22.062,1.00527,1.0054,0.37,0.75
2017.02.15 22:03:24.302,1.00527,1.00539,0.75,0.75
2017.02.15 22:03:25.358,1.00527,1.00551,1.50,0.37
2017.02.15 22:03:25.479,1.00531,1.00553,0.75,0.37
2017.02.15 22:03:28.273,1.00532,1.00553,0.75,0.37
2017.02.15 22:03:28.324,1.00532,1.00556,0.75,0.37
2017.02.15 22:03:28.850,1.00533,1.00556,0.75,0.37
2017.02.15 22:03:32.568,1.00533,1.00557,0.75,0.37
2017.02.15 22:03:32.701,1.00537,1.00558,0.75,0.75
2017.02.15 22:03:35.912,1.00541,1.00556,0.75,0.75
2017.02.15 22:03:37.387,1.00539,1.00556,0.37,0.75
2017.02.15 22:03:38.378,1.00539,1.0056,0.37,0.75
2017.02.15 22:03:38.430,1.00537,1.0056,0.75,0.75
2017.02.15 22:03:38.551,1.00528,1.0056,0.37,0.75
2017.02.15 22:03:38.653,1.0052,1.00553,0.75,0.37
2017.02.15 22:03:38.786,1.00521,1.0055,0.37,0.37
2017.02.15 22:03:38.889,1.00516,1.00548,0.37,0.37
2017.02.15 22:04:16.133,1.00514,1.0055,1.37,1.12
2017.02.15 22:04:33.851,1.00515,1.00544,1.37,1.37
2017.02.15 22:04:34.196,1.00511,1.00532,1.75,1.00
2017.02.15 22:04:36.640,1.00511,1.00529,1.75,1.00
2017.02.15 22:04:43.455,1.00511,1.00524,1.75,1.00
2017.02.15 22:04:44.127,1.00511,1.00523,1.75,1.00
2017.02.15 22:04:44.630,1.00511,1.00524,1.75,1.00
2017.02.15 22:04:45.388,1.0051,1.00519,1.37,0.75
2017.02.15 22:04:46.098,1.00509,1.00518,1.37,0.75
2017.02.15 22:05:06.995,1.00512,1.00538,1.12,1.12
2017.02.15 22:05:07.097,1.00514,1.00556,1.37,1.37
2017.02.15 22:05:12.046,1.00514,1.0054,1.37,1.00
2017.02.15 22:05:12.097,1.00516,1.00556,2.62,1.37
2017.02.15 22:05:12.149,1.00522,1.00562,1.37,1.00
2017.02.15 22:05:12.200,1.00522,1.0056,1.37,1.00
2017.02.15 22:05:12.302,1.00522,1.00565,1.37,1.00
2017.02.15 22:05:12.613,1.00522,1.00568,1.37,2.25
2017.02.15 22:05:21.711,1.00516,1.00558,3.75,1.00
2017.02.15 22:05:21.813,1.00515,1.00558,1.37,1.50
2017.02.15 22:05:23.086,1.00515,1.00534,1.37,0.75
2017.02.15 22:05:26.421,1.00515,1.00545,1.37,1.00
2017.02.15 22:05:31.569,1.00515,1.00541,1.37,1.00
2017.02.15 22:05:32.156,1.00515,1.0054,1.37,1.00
2017.02.15 22:05:38.325,1.00511,1.00535,1.37,1.00
2017.02.15 22:05:38.477,1.00511,1.0054,1.75,1.00
2017.02.15 22:05:38.565,1.00515,1.0054,1.37,1.00
2017.02.15 22:05:40.527,1.00515,1.00528,1.37,0.75
2017.02.15 22:06:00.505,1.00515,1.00547,1.37,1.00
2017.02.15 22:06:00.557,1.00521,1.0056,1.37,1.12
2017.02.15 22:06:01.092,1.00522,1.00559,1.50,1.00
2017.02.15 22:06:01.144,1.00522,1.00562,1.50,1.00
2017.02.15 22:06:55.839,1.00522,1.00563,1.50,1.00
2017.02.15 22:07:39.809,1.00522,1.00564,1.50,1.50
2017.02.15 22:08:10.450,1.00522,1.00562,1.50,1.00
2017.02.15 22:09:10.674,1.00522,1.00563,1.50,1.00
2017.02.15 22:09:15.148,1.00522,1.00562,1.50,1.00
2017.02.15 22:09:26.243,1.00522,1.00564,1.50,1.00
2017.02.15 22:09:53.307,1.00521,1.00561,1.37,1.50
2017.02.15 22:09:53.639,1.00521,1.00555,1.37,1.00
2017.02.15 22:09:54.160,1.00521,1.00554,1.37,1.00
2017.02.15 22:09:58.564,1.00522,1.00557,1.00,1.00
2017.02.15 22:09:58.666,1.00522,1.00562,1.12,1.00
2017.02.15 22:09:59.402,1.00522,1.00561,1.12,1.00
2017.02.15 22:10:02.882,1.00508,1.00558,1.75,1.00
2017.02.15 22:10:03.007,1.00499,1.0056,1.75,1.00
2017.02.15 22:10:03.058,1.0049,1.00557,1.75,1.37
2017.02.15 22:10:03.109,1.0049,1.00557,1.75,1.75
2017.02.15 22:10:44.317,1.00493,1.00557,1.87,1.75
2017.02.15 22:10:44.455,1.00498,1.0056,1.75,1.10
2017.02.15 22:11:36.242,1.00498,1.00556,1.75,1.00
2017.02.15 22:11:43.650,1.00498,1.00564,1.75,2.25
2017.02.15 22:11:45.879,1.00504,1.00565,1.00,1.75
2017.02.15 22:11:46.201,1.0051,1.00566,1.00,1.50
2017.02.15 22:11:49.311,1.00509,1.00566,1.00,1.50
2017.02.15 22:11:51.100,1.0051,1.00566,1.37,1.50
2017.02.15 22:11:51.485,1.00514,1.00567,1.00,1.12
2017.02.15 22:11:53.909,1.00516,1.00567,1.37,1.12
2017.02.15 22:11:54.216,1.0052,1.00568,1.00,1.50
2017.02.15 22:11:55.217,1.00519,1.00568,1.00,1.50
2017.02.15 22:11:56.134,1.00521,1.00568,1.12,1.37
2017.02.15 22:11:56.636,1.00522,1.00568,1.37,1.37
2017.02.15 22:12:00.149,1.00518,1.00568,1.12,1.50
2017.02.15 22:12:00.363,1.00515,1.00567,1.37,1.12
2017.02.15 22:12:00.540,1.00514,1.00564,1.37,1.00
2017.02.15 22:12:00.591,1.00512,1.00567,1.87,1.12
2017.02.15 22:12:00.642,1.00512,1.00567,1.87,1.87
2017.02.15 22:12:00.744,1.00512,1.00567,1.87,1.12
2017.02.15 22:12:01.550,1.0051,1.00565,1.12,1.00
2017.02.15 22:12:01.601,1.00508,1.00565,2.25,1.00
2017.02.15 22:12:01.712,1.00508,1.00565,1.00,1.00
2017.02.15 22:12:02.230,1.00506,1.00565,1.87,1.00
2017.02.15 22:12:02.542,1.00508,1.00563,1.00,1.37
2017.02.15 22:12:02.846,1.00505,1.00559,1.50,1.00
2017.02.15 22:12:02.948,1.00507,1.00564,1.00,1.50
2017.02.15 22:12:04.144,1.00506,1.00564,1.12,2.25
2017.02.15 22:12:04.246,1.00505,1.00558,1.50,1.00
2017.02.15 22:12:04.748,1.00505,1.00559,1.50,1.00
2017.02.15 22:12:05.376,1.00508,1.00564,1.00,1.50
2017.02.15 22:12:08.080,1.00508,1.00565,1.00,1.50
2017.02.15 22:12:48.130,1.00508,1.00565,1.00,1.12
2017.02.15 22:12:50.873,1.00509,1.00564,1.00,1.00
2017.02.15 22:12:51.000,1.00507,1.00566,1.00,1.50
2017.02.15 22:12:51.630,1.00508,1.00565,1.00,1.12
2017.02.15 22:13:04.541,1.00508,1.00563,1.00,1.00
2017.02.15 22:13:07.804,1.0051,1.00563,1.00,1.00
2017.02.15 22:13:08.185,1.00512,1.00559,1.12,1.00
2017.02.15 22:13:08.817,1.00513,1.00559,1.00,1.00
2017.02.15 22:13:09.211,1.0051,1.0056,1.12,1.00
2017.02.15 22:13:09.313,1.00509,1.00564,1.37,1.00
2017.02.15 22:13:09.833,1.00509,1.00564,1.00,1.00
2017.02.15 22:13:14.116,1.0051,1.00564,1.00,1.00
2017.02.15 22:13:14.167,1.00511,1.00559,1.50,1.00
2017.02.15 22:13:14.785,1.00513,1.00559,1.00,1.00
2017.02.15 22:13:16.440,1.00513,1.0056,1.00,1.00
2017.02.15 22:13:16.491,1.00513,1.00562,1.00,1.00
2017.02.15 22:13:16.542,1.0051,1.00562,1.00,1.00
2017.02.15 22:13:17.087,1.00509,1.00562,1.00,1.00
2017.02.15 22:13:19.519,1.00509,1.00563,1.00,1.00
2017.02.15 22:13:23.328,1.0051,1.00558,1.00,1.00
2017.02.15 22:13:25.965,1.0051,1.00563,1.00,1.00
2017.02.15 22:13:26.017,1.00509,1.00558,1.00,1.00
2017.02.15 22:13:26.529,1.0051,1.00558,1.00,1.00
2017.02.15 22:13:29.444,1.0051,1.00565,1.00,1.00
2017.02.15 22:13:29.546,1.00508,1.00567,1.12,1.50
2017.02.15 22:13:29.727,1.00509,1.00565,1.00,1.00
2017.02.15 22:13:33.640,1.00506,1.00574,2.25,1.75
2017.02.15 22:13:33.691,1.00509,1.00577,1.00,1.12
2017.02.15 22:13:33.919,1.00509,1.00571,1.50,1.00
2017.02.15 22:13:33.970,1.00509,1.00579,1.75,2.25
2017.02.15 22:13:38.410,1.00504,1.00572,2.25,1.00
2017.02.15 22:13:38.461,1.00504,1.00572,1.75,1.75
2017.02.15 22:13:42.198,1.00499,1.00566,1.87,1.00
2017.02.15 22:13:42.300,1.00499,1.00566,1.12,1.75
2017.02.15 22:13:42.964,1.00498,1.0056,1.12,1.00
2017.02.15 22:13:44.018,1.00498,1.00557,1.12,1.00
2017.02.15 22:13:46.695,1.00502,1.00554,1.00,1.00
2017.02.15 22:13:47.033,1.00498,1.0055,1.00,1.00
2017.02.15 22:13:48.250,1.005,1.00552,1.00,1.00
2017.02.15 22:14:07.976,1.0051,1.00558,1.00,1.75
2017.02.15 22:14:08.230,1.0051,1.00564,1.00,1.75
2017.02.15 22:14:11.199,1.00512,1.00557,1.00,1.00
2017.02.15 22:14:11.504,1.00512,1.00557,1.00,2.25
2017.02.15 22:14:14.014,1.00514,1.00557,1.00,2.25
2017.02.15 22:14:15.764,1.00516,1.00557,0.75,1.75
2017.02.15 22:14:20.501,1.00515,1.00557,1.00,2.25
2017.02.15 22:14:21.440,1.00509,1.00559,1.00,1.75
2017.02.15 22:14:21.559,1.00513,1.0056,1.00,1.75
2017.02.15 22:14:28.012,1.00513,1.00558,1.00,1.00
2017.02.15 22:14:32.624,1.00513,1.00562,1.00,1.75
2017.02.15 22:14:32.759,1.00513,1.00562,1.00,1.75
2017.02.15 22:15:00.168,1.00513,1.00558,1.00,1.75
2017.02.15 22:15:00.764,1.00512,1.00557,1.00,1.75
2017.02.15 22:15:02.497,1.00516,1.00567,1.00,2.25
2017.02.15 22:15:02.727,1.00516,1.00567,1.00,1.75
2017.02.15 22:15:08.094,1.00516,1.00567,1.00,1.75
2017.02.15 22:15:11.664,1.00507,1.00568,1.19,1.75
2017.02.15 22:15:11.816,1.00507,1.00568,1.19,1.00
2017.02.15 22:15:15.230,1.00507,1.00568,1.56,1.00
2017.02.15 22:15:25.653,1.00507,1.00568,1.56,1.00
2017.02.15 22:15:26.579,1.00507,1.00568,2.06,1.00
2017.02.15 22:15:26.744,1.0051,1.00575,1.12,1.75
2017.02.15 22:15:30.834,1.00506,1.00566,1.75,1.00
2017.02.15 22:15:30.936,1.00506,1.00566,1.00,1.75
2017.02.15 22:15:39.638,1.00506,1.00566,1.19,3.00
2017.02.15 22:15:43.333,1.00512,1.00565,1.19,1.75
2017.02.15 22:15:43.435,1.00512,1.0057,1.69,1.75
2017.02.15 22:15:43.536,1.00512,1.0057,2.44,1.00
2017.02.15 22:15:49.733,1.00518,1.00568,1.19,1.00
2017.02.15 22:15:50.385,1.00518,1.00569,1.19,1.00
2017.02.15 22:15:52.762,1.00518,1.00568,1.19,1.00
2017.02.15 22:16:01.614,1.00518,1.00568,1.19,1.00
2017.02.15 22:16:02.562,1.00518,1.00569,1.19,1.00
2017.02.15 22:16:03.325,1.00518,1.00568,1.19,1.00
2017.02.15 22:16:09.565,1.00517,1.00568,1.31,1.00
2017.02.15 22:16:10.169,1.00517,1.00568,1.31,1.00
2017.02.15 22:16:22.274,1.00521,1.00567,1.19,1.00
2017.02.15 22:16:24.563,1.00521,1.00567,1.19,1.00
2017.02.15 22:16:27.969,1.00521,1.00568,1.19,1.00
2017.02.15 22:16:29.062,1.00521,1.00567,1.19,1.00
2017.02.15 22:16:41.611,1.00522,1.00568,1.19,1.00
2017.02.15 22:16:45.362,1.00522,1.00567,1.19,1.00
2017.02.15 22:16:55.643,1.00525,1.00568,1.19,1.00
2017.02.15 22:16:56.300,1.00525,1.00567,1.19,1.00
2017.02.15 22:16:56.872,1.00526,1.00569,1.25,1.00
2017.02.15 22:16:56.923,1.00526,1.00571,1.25,1.00
2017.02.15 22:16:57.937,1.00516,1.00566,1.50,1.00
2017.02.15 22:16:58.039,1.00516,1.00566,1.00,1.00
2017.02.15 22:16:58.090,1.00512,1.00566,1.00,1.00
2017.02.15 22:16:58.141,1.00512,1.00555,1.00,1.00
2017.02.15 22:16:58.519,1.00512,1.00553,1.00,1.00
2017.02.15 22:17:03.868,1.00512,1.00554,1.00,1.00
2017.02.15 22:17:04.409,1.00512,1.00553,1.00,1.00
2017.02.15 22:17:09.282,1.00525,1.00553,1.00,1.00
2017.02.15 22:17:09.334,1.00525,1.00569,1.00,1.37
2017.02.15 22:17:09.385,1.00525,1.00569,1.00,1.00
2017.02.15 22:17:10.265,1.00525,1.0057,1.00,1.00
2017.02.15 22:17:12.370,1.00525,1.00569,1.00,1.00
2017.02.15 22:17:13.451,1.00525,1.00568,1.00,1.00
2017.02.15 22:17:21.171,1.00524,1.00568,1.25,1.00
2017.02.15 22:17:23.644,1.00524,1.00563,1.25,1.00
2017.02.15 22:17:26.743,1.00524,1.00562,1.69,1.00
2017.02.15 22:17:27.562,1.00524,1.00562,1.69,1.00
2017.02.15 22:17:43.970,1.00524,1.00563,1.69,1.00
2017.02.15 22:17:44.299,1.00525,1.00561,1.25,1.00
2017.02.15 22:17:47.281,1.00524,1.00563,1.69,1.00
2017.02.15 22:17:50.210,1.00526,1.00561,1.00,1.00
2017.02.15 22:17:53.670,1.00526,1.00557,1.50,1.00
2017.02.15 22:18:00.929,1.00527,1.00557,1.00,1.00
2017.02.15 22:18:01.497,1.00527,1.00558,1.50,1.00
2017.02.15 22:18:06.937,1.00527,1.00549,1.19,1.00
2017.02.15 22:18:12.683,1.00534,1.0055,1.25,1.00
2017.02.15 22:18:12.734,1.00527,1.0055,1.00,1.00
2017.02.15 22:18:13.098,1.00525,1.0055,1.00,1.00
2017.02.15 22:18:15.207,1.00525,1.00551,1.00,1.00
2017.02.15 22:18:20.201,1.00524,1.00551,1.25,1.00
2017.02.15 22:18:22.261,1.00524,1.0055,3.56,1.00
2017.02.15 22:18:26.811,1.0053,1.00549,1.19,1.00
2017.02.15 22:18:28.994,1.0053,1.0055,1.56,1.00
2017.02.15 22:18:40.686,1.00529,1.00546,1.19,1.00
2017.02.15 22:18:41.897,1.00529,1.00551,1.19,1.00
2017.02.15 22:18:46.316,1.00529,1.00548,1.19,1.00
2017.02.15 22:18:47.035,1.00529,1.00549,1.19,1.00
2017.02.15 22:18:49.060,1.00529,1.0056,1.19,1.12
2017.02.15 22:18:49.151,1.00533,1.00555,1.19,1.00
2017.02.15 22:18:52.134,1.00534,1.00562,1.25,1.00
2017.02.15 22:18:55.227,1.00533,1.00555,1.19,1.00
2017.02.15 22:19:02.277,1.00533,1.00559,1.19,1.00
2017.02.15 22:19:05.233,1.00534,1.00558,1.25,1.00
2017.02.15 22:19:06.830,1.00534,1.00563,1.25,1.00
2017.02.15 22:19:07.361,1.00535,1.00564,1.00,1.50
2017.02.15 22:19:10.766,1.00535,1.00554,1.00,1.00
2017.02.15 22:19:11.295,1.00533,1.00554,1.19,1.00
2017.02.15 22:19:13.051,1.00533,1.00562,1.19,1.50
2017.02.15 22:19:13.102,1.00533,1.00553,1.19,1.00
2017.02.15 22:19:14.341,1.00534,1.00561,1.25,1.00
2017.02.15 22:19:17.294,1.00534,1.00553,1.25,1.00
2017.02.15 22:19:18.123,1.00531,1.00558,1.19,1.00
2017.02.15 22:19:18.200,1.00525,1.00558,3.75,1.00
2017.02.15 22:19:18.287,1.00512,1.00551,1.00,1.00
2017.02.15 22:19:18.338,1.00494,1.00539,1.12,1.00
2017.02.15 22:19:18.389,1.00493,1.00539,2.25,1.00
2017.02.15 22:19:18.440,1.00493,1.00539,1.87,1.00
2017.02.15 22:19:19.008,1.00494,1.00538,1.12,1.00
2017.02.15 22:19:25.636,1.00494,1.00537,1.00,1.00
2017.02.15 22:19:26.433,1.00493,1.00537,1.00,1.00
2017.02.15 22:19:32.265,1.00493,1.00538,1.00,1.00
2017.02.15 22:19:35.708,1.00494,1.00538,1.00,1.00
2017.02.15 22:19:39.100,1.00508,1.00538,1.00,1.00
2017.02.15 22:19:42.255,1.00509,1.00538,1.00,1.00
2017.02.15 22:19:44.473,1.00509,1.0054,1.00,1.00
2017.02.15 22:19:45.021,1.00509,1.00541,1.00,1.00
2017.02.15 22:19:46.721,1.00511,1.00541,1.00,1.00
2017.02.15 22:19:46.773,1.00511,1.00543,1.00,1.00
2017.02.15 22:19:46.875,1.00511,1.00546,1.00,1.00
2017.02.15 22:19:47.051,1.00511,1.00544,1.00,1.00
2017.02.15 22:19:47.970,1.00511,1.00545,1.00,1.00
2017.02.15 22:19:48.650,1.00511,1.00546,1.00,1.00
2017.02.15 22:20:02.716,1.00519,1.00546,1.00,1.00
2017.02.15 22:20:02.868,1.00519,1.0055,1.00,1.00
2017.02.15 22:20:03.200,1.00519,1.00548,1.00,1.00
2017.02.15 22:20:04.845,1.0052,1.00548,1.00,1.00
2017.02.15 22:20:14.687,1.0052,1.00547,1.00,1.00
2017.02.15 22:20:35.849,1.0052,1.0055,1.00,1.00
2017.02.15 22:20:35.990,1.0052,1.00548,1.00,1.00
2017.02.15 22:20:44.601,1.0052,1.00549,1.00,1.00
2017.02.15 22:21:24.004,1.00522,1.00549,1.00,1.00
2017.02.15 22:21:24.527,1.00521,1.00549,1.00,1.00
2017.02.15 22:21:31.326,1.00511,1.00549,1.00,1.00
2017.02.15 22:21:31.526,1.00511,1.00552,1.00,1.50
2017.02.15 22:21:31.644,1.00511,1.00541,1.00,1.00
2017.02.15 22:21:32.467,1.00511,1.0054,1.00,1.00
2017.02.15 22:21:38.181,1.0051,1.0054,1.00,1.00
2017.02.15 22:21:38.284,1.0051,1.00546,1.00,1.00
2017.02.15 22:21:38.509,1.00512,1.00546,1.00,1.00
2017.02.15 22:21:38.702,1.00512,1.00552,1.00,1.12
2017.02.15 22:21:45.543,1.0051,1.00552,1.00,1.00
2017.02.15 22:21:47.911,1.00519,1.00552,0.75,1.00
2017.02.15 22:21:48.964,1.0052,1.00553,0.75,1.00
2017.02.15 22:21:51.701,1.00519,1.00556,1.00,1.50
2017.02.15 22:21:51.752,1.00517,1.00555,1.00,1.00
2017.02.15 22:21:57.700,1.00515,1.00555,1.00,1.00
2017.02.15 22:22:02.411,1.00517,1.00555,1.00,1.00
2017.02.15 22:23:01.083,1.00526,1.00555,1.00,1.00
2017.02.15 22:23:18.181,1.00525,1.00554,1.00,1.00
2017.02.15 22:23:23.674,1.00524,1.00557,1.00,1.00
2017.02.15 22:23:24.187,1.00524,1.00559,1.00,1.00
2017.02.15 22:23:28.201,1.00526,1.0056,1.00,1.00
2017.02.15 22:23:34.810,1.00529,1.00561,1.00,1.00
2017.02.15 22:23:35.145,1.00531,1.00563,0.75,1.00
2017.02.15 22:23:44.214,1.0053,1.00563,0.75,1.00
2017.02.15 22:23:58.140,1.0053,1.00561,1.00,1.00
2017.02.15 22:24:01.394,1.00517,1.00565,1.00,1.00
2017.02.15 22:24:01.446,1.00519,1.00565,1.00,1.00
2017.02.15 22:24:01.750,1.00514,1.00555,1.00,1.00
2017.02.15 22:24:02.317,1.00514,1.00554,1.00,1.00
2017.02.15 22:24:04.775,1.00514,1.00555,1.00,1.00
2017.02.15 22:24:05.886,1.00517,1.00554,0.75,1.00
2017.02.15 22:24:06.439,1.00517,1.00553,0.75,1.00
2017.02.15 22:24:06.963,1.00517,1.00552,0.75,1.00
2017.02.15 22:24:10.083,1.00519,1.00552,0.75,1.00
2017.02.15 22:24:10.629,1.00519,1.00551,0.75,1.00
2017.02.15 22:24:12.193,1.00512,1.00551,1.00,1.00
2017.02.15 22:24:12.288,1.00514,1.0055,1.00,1.00
2017.02.15 22:24:12.700,1.00514,1.00552,1.00,1.00
2017.02.15 22:24:23.711,1.00515,1.00552,0.75,1.00
2017.02.15 22:24:24.286,1.00515,1.00554,0.75,2.25
2017.02.15 22:24:24.701,1.00509,1.00555,1.00,1.75
2017.02.15 22:24:24.853,1.00511,1.00555,1.00,1.75
2017.02.15 22:24:26.827,1.00516,1.00555,0.75,1.75
2017.02.15 22:24:28.079,1.00516,1.00556,0.75,1.50
2017.02.15 22:24:30.801,1.00522,1.00555,0.75,1.12
2017.02.15 22:24:31.120,1.00522,1.00553,0.75,1.00
2017.02.15 22:24:35.028,1.0052,1.00553,0.75,1.00
2017.02.15 22:24:35.560,1.0052,1.00552,0.75,1.00
2017.02.15 22:24:43.545,1.00521,1.00552,0.75,1.00
2017.02.15 22:24:43.823,1.00512,1.00555,1.00,1.12
2017.02.15 22:24:44.181,1.00514,1.00558,1.00,1.00
2017.02.15 22:24:44.836,1.00514,1.00557,1.00,1.00
2017.02.15 22:24:44.887,1.00517,1.00557,1.00,1.00
2017.02.15 22:24:45.398,1.00517,1.00558,1.00,1.00
2017.02.15 22:24:46.122,1.00516,1.00558,1.00,1.00
2017.02.15 22:25:04.074,1.00516,1.00557,1.00,1.00
2017.02.15 22:25:07.324,1.0051,1.00557,1.00,1.00
2017.02.15 22:25:07.426,1.0051,1.0056,1.00,1.00
2017.02.15 22:25:08.113,1.0051,1.00562,1.00,1.50
2017.02.15 22:25:13.183,1.00514,1.00563,1.00,1.75
2017.02.15 22:25:15.353,1.00513,1.00561,1.00,1.12
2017.02.15 22:25:49.867,1.00519,1.00561,1.00,1.00
2017.02.15 22:25:50.070,1.00519,1.00566,1.00,1.50
2017.02.15 22:25:51.965,1.00525,1.00566,1.19,1.50
2017.02.15 22:25:52.096,1.00525,1.00577,1.19,1.37
2017.02.15 22:25:52.147,1.00525,1.00577,1.19,1.00
2017.02.15 22:25:59.511,1.00527,1.00577,1.00,1.50
2017.02.15 22:26:00.132,1.00527,1.00578,1.00,1.87
2017.02.15 22:26:00.695,1.00527,1.00577,1.00,1.00
2017.02.15 22:26:03.310,1.00527,1.00576,1.00,1.00
2017.02.15 22:26:09.172,1.00532,1.00576,1.00,1.00
2017.02.15 22:26:12.532,1.00532,1.00575,1.00,1.00
2017.02.15 22:26:24.920,1.00532,1.00574,1.00,1.00
2017.02.15 22:26:34.015,1.00532,1.00573,1.00,1.00
2017.02.15 22:26:44.924,1.00532,1.00572,1.00,1.00
2017.02.15 22:26:54.133,1.00532,1.00573,1.00,1.00
2017.02.15 22:26:56.380,1.00529,1.00573,1.00,1.00
2017.02.15 22:27:12.236,1.00531,1.00573,1.00,1.00
2017.02.15 22:27:31.295,1.00531,1.00574,1.00,1.00
2017.02.15 22:27:47.844,1.00532,1.00574,1.00,1.00
2017.02.15 22:27:58.721,1.00534,1.00574,1.00,1.00
2017.02.15 22:27:59.058,1.00534,1.00571,1.00,1.00
2017.02.15 22:28:12.279,1.00533,1.00571,1.00,1.00
2017.02.15 22:28:12.814,1.00533,1.00572,1.00,1.00
2017.02.15 22:28:32.745,1.00533,1.00573,1.00,1.00
2017.02.15 22:28:34.275,1.00533,1.00572,1.00,1.00
2017.02.15 22:28:38.061,1.00533,1.00574,1.00,1.00
2017.02.15 22:28:42.365,1.00537,1.00576,1.00,1.00
2017.02.15 22:28:43.831,1.00539,1.00576,1.00,1.00
2017.02.15 22:28:44.156,1.00541,1.00576,1.00,1.00
2017.02.15 22:28:47.279,1.00541,1.00567,1.00,1.00
2017.02.15 22:28:47.580,1.00541,1.00564,1.00,1.00
2017.02.15 22:28:47.834,1.00537,1.00563,1.00,1.00
2017.02.15 22:28:48.359,1.00536,1.00564,1.00,1.00
2017.02.15 22:28:58.589,1.00536,1.00565,1.00,1.00
2017.02.15 22:29:00.589,1.00536,1.00567,1.00,1.00
2017.02.15 22:29:00.883,1.00536,1.00564,1.00,1.00
2017.02.15 22:29:03.363,1.00531,1.00564,1.00,1.00
2017.02.15 22:29:03.414,1.00529,1.0056,1.00,1.00
2017.02.15 22:29:03.465,1.00517,1.00555,1.00,1.00
2017.02.15 22:29:03.517,1.00517,1.00553,1.00,1.00
2017.02.15 22:29:03.568,1.00496,1.00544,2.25,1.00
2017.02.15 22:29:03.619,1.00496,1.00544,1.50,1.00
2017.02.15 22:29:03.670,1.00492,1.00547,1.00,1.50
2017.02.15 22:29:03.757,1.00492,1.00547,1.00,1.87
2017.02.15 22:29:04.565,1.00488,1.00542,1.19,1.00
2017.02.15 22:29:05.107,1.00485,1.00541,1.19,1.00
2017.02.15 22:29:06.197,1.00504,1.0055,1.00,1.75
2017.02.15 22:29:06.350,1.00504,1.00564,1.00,1.75
2017.02.15 22:29:06.451,1.00504,1.00564,1.12,1.12
2017.02.15 22:29:06.858,1.00503,1.00562,1.50,1.00
2017.02.15 22:29:07.167,1.00498,1.00556,1.75,1.00
2017.02.15 22:29:08.141,1.00498,1.00556,1.12,1.00
2017.02.15 22:29:08.907,1.00498,1.00557,1.12,1.00
2017.02.15 22:29:09.214,1.005,1.00555,1.00,1.00
2017.02.15 22:29:09.519,1.00482,1.00543,1.31,1.50
2017.02.15 22:29:11.298,1.00483,1.00541,1.19,1.00
2017.02.15 22:29:12.904,1.00482,1.00543,1.31,1.50
2017.02.15 22:29:15.546,1.00484,1.00545,1.94,1.00
2017.02.15 22:29:15.648,1.00484,1.00545,1.19,1.75
2017.02.15 22:29:15.964,1.00481,1.00535,1.31,3.00
2017.02.15 22:29:16.398,1.00479,1.00531,2.06,1.00
2017.02.15 22:29:16.733,1.00479,1.00529,2.06,1.00
2017.02.15 22:29:17.271,1.00479,1.00528,1.56,1.00
2017.02.15 22:29:17.828,1.00479,1.00527,1.56,1.00
2017.02.15 22:29:18.428,1.0048,1.00528,1.56,1.00
2017.02.15 22:29:18.975,1.00481,1.0053,1.56,1.00
2017.02.15 22:29:19.026,1.00482,1.00532,2.06,1.00
2017.02.15 22:29:19.586,1.00481,1.00533,1.56,1.00
2017.02.15 22:29:21.798,1.00481,1.00534,1.56,1.00
2017.02.15 22:29:21.951,1.00481,1.00536,1.56,1.00
2017.02.15 22:29:22.205,1.00485,1.00536,1.12,2.44
2017.02.15 22:29:22.409,1.00484,1.00536,1.56,1.38
2017.02.15 22:29:22.952,1.00481,1.00536,1.56,1.00
2017.02.15 22:29:25.919,1.00483,1.00531,1.56,1.00
2017.02.15 22:29:26.088,1.00486,1.00534,1.00,1.00
2017.02.15 22:29:26.139,1.00486,1.00534,1.50,1.00
2017.02.15 22:29:26.190,1.00489,1.00536,1.00,1.00
2017.02.15 22:29:27.195,1.00488,1.00538,1.12,1.00
2017.02.15 22:29:28.044,1.00488,1.00538,1.50,1.00
2017.02.15 22:29:28.603,1.00488,1.00537,1.00,1.00
2017.02.15 22:29:28.835,1.00512,1.00537,1.00,1.00
2017.02.15 22:29:29.150,1.00516,1.00548,1.00,3.94
2017.02.15 22:29:29.779,1.00515,1.00548,1.00,3.94
2017.02.15 22:29:30.329,1.00516,1.00548,1.00,3.94
2017.02.15 22:29:31.867,1.00512,1.00548,1.00,3.00
2017.02.15 22:29:31.919,1.0051,1.0056,1.00,1.00
2017.02.15 22:29:31.970,1.0051,1.0056,1.00,1.75
2017.02.15 22:29:32.072,1.0051,1.00564,1.00,1.00
2017.02.15 22:29:32.174,1.0051,1.0057,1.00,1.75
2017.02.15 22:29:33.539,1.00531,1.00573,1.56,1.75
2017.02.15 22:29:33.641,1.00533,1.00577,2.06,1.00
2017.02.15 22:29:34.121,1.00533,1.00577,2.06,1.00
2017.02.15 22:29:34.223,1.00535,1.00576,1.62,1.00
2017.02.15 22:29:34.325,1.00534,1.00576,1.56,1.00
2017.02.15 22:29:38.438,1.00533,1.00577,2.06,1.00
2017.02.15 22:29:38.968,1.00533,1.00578,1.56,1.00
2017.02.15 22:29:39.128,1.00532,1.00578,1.56,1.00
2017.02.15 22:29:44.011,1.00539,1.00578,1.00,1.00
2017.02.15 22:29:56.767,1.00539,1.0058,1.00,1.00
2017.02.15 22:29:59.674,1.0054,1.0058,1.00,1.00
2017.02.15 22:30:01.098,1.00543,1.0058,1.00,1.00
2017.02.15 22:30:01.149,1.00543,1.00582,1.00,1.00
2017.02.15 22:30:01.722,1.00543,1.00583,1.00,1.00
2017.02.15 22:30:04.308,1.00544,1.00583,1.00,1.00
2017.02.15 22:30:08.560,1.00544,1.00581,1.00,1.00
2017.02.15 22:30:09.070,1.00544,1.00582,1.00,1.00
2017.02.15 22:30:09.747,1.00544,1.00583,1.00,1.00
2017.02.15 22:30:11.363,1.00544,1.00582,1.00,1.00
2017.02.15 22:30:11.888,1.00544,1.00581,1.00,1.00
2017.02.15 22:30:14.741,1.00544,1.00582,1.00,1.00
2017.02.15 22:30:15.874,1.00544,1.00581,1.00,1.00
2017.02.15 22:30:18.068,1.00543,1.00583,1.00,1.00
2017.02.15 22:30:18.357,1.00543,1.00585,1.00,1.00
2017.02.15 22:30:18.725,1.00543,1.00583,1.00,1.00
2017.02.15 22:30:19.147,1.00543,1.00585,1.00,1.00
2017.02.15 22:30:22.182,1.00543,1.00586,1.00,1.00
2017.02.15 22:30:23.178,1.00543,1.00585,1.00,1.00
2017.02.15 22:30:26.203,1.00543,1.00583,1.00,1.00
2017.02.15 22:30:26.361,1.00543,1.00595,1.00,1.75
2017.02.15 22:30:26.412,1.00543,1.00595,1.00,1.12
2017.02.15 22:30:28.108,1.00543,1.00596,1.00,2.25
2017.02.15 22:30:36.566,1.00543,1.00595,1.00,1.00
2017.02.15 22:30:45.319,1.00551,1.00595,1.00,1.00
2017.02.15 22:30:45.820,1.00551,1.00596,1.00,1.12
2017.02.15 22:30:54.728,1.00554,1.00596,1.00,1.50
2017.02.15 22:30:56.882,1.00553,1.00596,1.00,1.00
2017.02.15 22:30:57.532,1.00541,1.0059,1.00,1.00
2017.02.15 22:30:57.685,1.00541,1.00588,1.00,1.00
2017.02.15 22:30:58.063,1.00541,1.00586,1.00,1.50
2017.02.15 22:30:58.628,1.0053,1.00579,1.00,1.00
2017.02.15 22:30:58.679,1.00526,1.00576,1.00,1.00
2017.02.15 22:30:58.730,1.00526,1.00574,1.00,1.00
2017.02.15 22:30:59.134,1.00526,1.00571,1.00,1.00
2017.02.15 22:31:19.795,1.00526,1.00576,1.00,1.87
2017.02.15 22:31:19.896,1.00526,1.00576,1.00,2.25
2017.02.15 22:31:28.081,1.00526,1.00574,1.00,1.75
2017.02.15 22:31:43.134,1.00533,1.00574,0.75,1.75
2017.02.15 22:31:43.236,1.00526,1.00574,1.00,1.75
2017.02.15 22:31:43.514,1.00528,1.00574,1.00,1.75
2017.02.15 22:31:43.566,1.00526,1.00574,1.00,1.75
2017.02.15 22:31:46.213,1.00537,1.00574,1.00,1.75
2017.02.15 22:31:46.365,1.00537,1.0058,1.00,3.00
2017.02.15 22:31:46.467,1.00537,1.0058,1.00,2.25
2017.02.15 22:31:47.803,1.00537,1.00581,1.00,1.00
2017.02.15 22:31:48.431,1.00537,1.0058,1.00,1.00
2017.02.15 22:31:49.092,1.00537,1.00581,1.00,1.00
2017.02.15 22:31:50.742,1.00537,1.0058,1.00,1.00
2017.02.15 22:31:51.459,1.00537,1.00581,1.00,1.00
2017.02.15 22:31:52.742,1.00537,1.0058,1.00,1.00
2017.02.15 22:32:03.155,1.00537,1.00581,1.00,1.00
2017.02.15 22:32:04.125,1.00537,1.0058,1.00,1.00
2017.02.15 22:32:08.034,1.00537,1.00581,1.00,1.00
2017.02.15 22:32:09.074,1.00537,1.0058,1.00,1.00
2017.02.15 22:32:10.065,1.00537,1.00581,1.00,1.00
2017.02.15 22:32:10.931,1.00537,1.0058,1.00,1.00
2017.02.15 22:32:12.916,1.00537,1.00581,1.00,1.00
2017.02.15 22:32:19.483,1.00533,1.00581,2.25,1.50
2017.02.15 22:32:19.535,1.00525,1.00581,1.00,2.25
2017.02.15 22:32:19.586,1.00525,1.00579,1.00,1.00
2017.02.15 22:32:19.891,1.00525,1.00577,1.00,1.75
2017.02.15 22:32:20.232,1.00525,1.00571,1.00,1.12
2017.02.15 22:32:20.771,1.00525,1.0057,1.00,1.00
2017.02.15 22:32:26.191,1.00518,1.0057,1.00,1.00
2017.02.15 22:32:26.242,1.00521,1.00579,1.00,1.75
2017.02.15 22:32:26.293,1.00521,1.00579,1.00,1.75
2017.02.15 22:32:26.395,1.00521,1.00579,1.00,1.00
2017.02.15 22:32:26.649,1.00523,1.0058,1.00,1.12
2017.02.15 22:32:31.150,1.00522,1.0058,1.00,1.00
2017.02.15 22:32:32.048,1.00525,1.00579,1.00,1.00
2017.02.15 22:32:33.157,1.00526,1.00579,1.00,1.00
2017.02.15 22:32:34.164,1.00522,1.0058,1.00,1.00
2017.02.15 22:32:37.284,1.00521,1.00581,1.12,1.12
2017.02.15 22:32:38.290,1.00522,1.00581,1.00,1.12
2017.02.15 22:32:43.894,1.00522,1.0058,1.00,1.00
2017.02.15 22:32:43.996,1.00519,1.00578,1.00,1.12
2017.02.15 22:32:44.529,1.0052,1.00577,1.00,1.00
2017.02.15 22:32:46.908,1.00521,1.00578,1.00,1.12
2017.02.15 22:32:47.478,1.00521,1.00577,1.00,1.00
2017.02.15 22:32:48.264,1.00521,1.00578,1.00,1.00
2017.02.15 22:32:50.463,1.00522,1.00578,1.00,1.00
2017.02.15 22:32:51.465,1.00521,1.00578,1.00,1.00
2017.02.15 22:32:52.373,1.00522,1.00578,1.00,1.00
2017.02.15 22:32:53.614,1.00523,1.00579,1.00,1.00
2017.02.15 22:32:54.668,1.00524,1.00579,1.00,1.00
2017.02.15 22:32:55.681,1.00524,1.0058,1.00,1.50
2017.02.15 22:32:56.698,1.00523,1.00578,2.25,1.00
2017.02.15 22:32:57.671,1.00521,1.00579,1.00,1.00
2017.02.15 22:32:59.582,1.00521,1.00578,1.00,1.00
2017.02.15 22:33:00.211,1.00522,1.00579,1.00,1.00
2017.02.15 22:33:00.807,1.00522,1.00578,1.00,1.00
2017.02.15 22:33:01.360,1.00521,1.00578,1.00,1.00
2017.02.15 22:33:01.775,1.00523,1.00579,1.00,1.00
2017.02.15 22:33:02.777,1.00524,1.0058,1.00,1.50
2017.02.15 22:33:03.387,1.00519,1.0058,1.00,1.50
2017.02.15 22:33:06.643,1.00518,1.00578,1.50,1.00
2017.02.15 22:33:07.147,1.00518,1.00579,1.50,1.00
2017.02.15 22:33:07.810,1.00519,1.00578,1.00,1.00
2017.02.15 22:33:16.747,1.00518,1.00579,1.12,1.50
2017.02.15 22:33:23.938,1.00519,1.00578,1.00,1.12
2017.02.15 22:33:27.166,1.00525,1.00578,1.69,1.12
2017.02.15 22:33:27.268,1.0053,1.00583,3.19,1.00
2017.02.15 22:33:27.319,1.00534,1.0059,1.50,3.00
2017.02.15 22:33:27.371,1.00534,1.0059,1.50,3.00
2017.02.15 22:33:28.031,1.00534,1.0059,1.50,3.00
2017.02.15 22:33:28.082,1.00534,1.0059,1.50,2.62
2017.02.15 22:33:28.723,1.00536,1.0059,1.50,1.12
2017.02.15 22:33:54.754,1.00537,1.00591,1.50,1.50
2017.02.15 22:33:56.851,1.00535,1.00591,1.50,2.25
2017.02.15 22:34:03.990,1.00534,1.0059,1.50,1.87
2017.02.15 22:34:04.691,1.00533,1.00589,1.50,1.50
2017.02.15 22:34:19.445,1.00533,1.00589,1.50,1.87
2017.02.15 22:34:19.970,1.00533,1.00589,1.50,1.50
2017.02.15 22:34:22.012,1.00533,1.0059,1.00,1.12
2017.02.15 22:34:22.610,1.00533,1.00589,1.00,1.00
2017.02.15 22:34:23.123,1.00533,1.00591,1.00,1.50
2017.02.15 22:34:27.076,1.00533,1.00594,1.37,1.75
2017.02.15 22:34:27.982,1.00533,1.00593,1.37,1.75
2017.02.15 22:34:43.582,1.00538,1.00599,2.06,3.75
2017.02.15 22:34:43.676,1.00538,1.00596,2.06,1.00
2017.02.15 22:34:43.778,1.00539,1.00603,1.69,1.75
2017.02.15 22:34:43.829,1.00538,1.00603,1.94,1.75
2017.02.15 22:34:43.881,1.00539,1.00604,1.69,2.25
2017.02.15 22:34:48.006,1.0054,1.00601,1.56,1.00
2017.02.15 22:34:52.848,1.0055,1.0061,1.00,4.87
2017.02.15 22:34:53.001,1.00549,1.00612,1.00,2.25
2017.02.15 22:34:53.103,1.00549,1.00612,1.00,2.25
2017.02.15 22:34:57.943,1.00566,1.00612,1.00,2.25
2017.02.15 22:34:58.095,1.00547,1.00611,1.50,1.75
2017.02.15 22:34:58.146,1.00547,1.00609,1.12,2.25
2017.02.15 22:35:01.687,1.00548,1.00609,1.00,2.25
2017.02.15 22:35:02.000,1.00548,1.006,1.00,1.00
2017.02.15 22:35:02.340,1.00548,1.00588,1.00,1.50
2017.02.15 22:35:02.929,1.00548,1.00586,1.00,1.00
2017.02.15 22:35:03.031,1.00548,1.00595,1.00,2.25
2017.02.15 22:35:03.082,1.00548,1.00592,1.00,1.50
2017.02.15 22:35:03.331,1.00548,1.00587,1.00,1.37
2017.02.15 22:35:03.636,1.00548,1.00587,1.00,4.12
2017.02.15 22:35:03.825,1.00531,1.00581,1.00,1.00
2017.02.15 22:35:04.130,1.00531,1.00591,1.00,1.75
2017.02.15 22:35:04.232,1.00531,1.00591,1.12,1.50
2017.02.15 22:35:04.283,1.00531,1.00591,1.12,1.12
2017.02.15 22:35:08.185,1.00531,1.00592,1.37,1.50
2017.02.15 22:35:26.685,1.00532,1.00594,1.37,1.37
2017.02.15 22:35:27.201,1.00532,1.00594,1.75,1.00
2017.02.15 22:35:27.664,1.00532,1.00598,2.25,1.75
2017.02.15 22:35:27.978,1.00535,1.00598,1.50,1.37
2017.02.15 22:35:28.609,1.00535,1.00598,1.75,1.00
2017.02.15 22:35:30.372,1.00535,1.00599,1.75,1.12
2017.02.15 22:35:31.464,1.00535,1.00598,1.75,1.00
2017.02.15 22:35:35.453,1.00535,1.00599,1.75,1.12
2017.02.15 22:35:35.983,1.00535,1.00598,1.75,1.00
2017.02.15 22:35:36.494,1.00537,1.00599,2.25,1.12
2017.02.15 22:35:37.515,1.00535,1.00598,1.75,1.00
2017.02.15 22:35:39.526,1.00535,1.00599,1.75,1.12
2017.02.15 22:35:40.033,1.00535,1.00598,1.75,1.00
2017.02.15 22:35:46.595,1.00535,1.006,1.75,1.50
2017.02.15 22:35:46.968,1.00535,1.00597,1.75,1.00
2017.02.15 22:35:47.668,1.00535,1.00598,1.75,1.00
2017.02.15 22:35:48.329,1.00534,1.00598,1.75,1.12
2017.02.15 22:35:54.131,1.00538,1.00602,1.37,1.37
2017.02.15 22:35:54.182,1.00538,1.00602,1.75,1.00
2017.02.15 22:35:54.802,1.00538,1.00603,1.75,1.12
2017.02.15 22:36:06.750,1.00538,1.00602,1.75,1.00
2017.02.15 22:36:08.031,1.00536,1.00602,1.75,1.37
2017.02.15 22:36:08.082,1.00536,1.00602,1.75,1.75
2017.02.15 22:36:31.053,1.00541,1.00601,1.50,1.50
2017.02.15 22:36:34.091,1.00537,1.00603,1.75,1.75
2017.02.15 22:36:47.980,1.00539,1.00601,2.25,1.00
2017.02.15 22:37:24.134,1.00543,1.00604,1.00,1.75
2017.02.15 22:37:28.115,1.00543,1.00603,1.00,1.75
2017.02.15 22:37:42.250,1.00551,1.00603,1.00,1.75
2017.02.15 22:37:42.555,1.00551,1.00606,1.00,1.75
2017.02.15 22:37:48.129,1.00551,1.00601,1.00,1.00
2017.02.15 22:37:48.436,1.00551,1.00594,1.00,1.75
2017.02.15 22:37:49.265,1.00551,1.0059,1.00,1.00
2017.02.15 22:37:49.866,1.00551,1.0059,0.75,1.50
2017.02.15 22:37:50.226,1.00551,1.00603,1.00,1.75
2017.02.15 22:37:50.327,1.00551,1.00603,1.00,1.75
2017.02.15 22:37:51.190,1.00552,1.00603,1.00,1.75
2017.02.15 22:37:51.342,1.00552,1.00607,1.00,1.75
2017.02.15 22:38:08.052,1.00552,1.00607,1.00,1.75
2017.02.15 22:38:11.640,1.00552,1.00603,1.00,1.50
2017.02.15 22:38:11.692,1.00552,1.00601,1.00,1.50
2017.02.15 22:38:11.996,1.00552,1.00607,1.00,1.75
2017.02.15 22:38:13.465,1.0054,1.00606,2.06,1.50
2017.02.15 22:38:15.065,1.0054,1.00606,1.75,1.50
2017.02.15 22:38:28.082,1.00539,1.00606,1.75,1.75
2017.02.15 22:39:14.569,1.0055,1.00606,1.00,1.75
2017.02.15 22:39:14.873,1.0055,1.00607,1.00,1.00
2017.02.15 22:39:15.377,1.0055,1.00607,1.00,1.50
2017.02.15 22:39:17.870,1.00552,1.00606,1.00,1.12
2017.02.15 22:39:18.235,1.00552,1.00606,1.00,1.75
2017.02.15 22:39:18.410,1.00539,1.00606,1.94,1.75
2017.02.15 22:39:27.977,1.00537,1.00604,3.00,1.50
2017.02.15 22:39:28.079,1.00537,1.00604,3.00,1.75
2017.02.15 22:40:28.025,1.00537,1.00602,1.50,2.25
2017.02.15 22:40:28.076,1.00537,1.00602,1.50,2.25
2017.02.15 22:41:28.028,1.00537,1.00601,1.12,1.75
2017.02.15 22:41:32.296,1.00541,1.00602,1.00,2.25
2017.02.15 22:41:32.398,1.00541,1.00602,1.00,1.50
2017.02.15 22:41:43.379,1.00541,1.00602,1.19,1.00
2017.02.15 22:41:48.001,1.00541,1.00603,1.31,1.75
2017.02.15 22:41:55.597,1.00541,1.00603,1.31,1.75
2017.02.15 22:42:13.390,1.00541,1.00603,1.31,1.75
2017.02.15 22:42:24.145,1.00545,1.00608,1.31,1.75
2017.02.15 22:42:27.978,1.00545,1.00606,1.31,2.25
2017.02.15 22:42:28.030,1.00545,1.00606,1.19,2.25
2017.02.15 22:42:33.185,1.00547,1.00606,1.19,1.75
2017.02.15 22:42:39.460,1.00543,1.00607,1.37,1.87
2017.02.15 22:42:39.664,1.00541,1.00603,1.00,1.00
2017.02.15 22:42:46.575,1.00541,1.00602,1.00,1.00
2017.02.15 22:42:46.714,1.00537,1.00602,2.25,1.37
2017.02.15 22:42:46.768,1.00537,1.00602,1.50,2.25
2017.02.15 22:43:28.026,1.00538,1.006,1.00,1.00
2017.02.15 22:43:48.026,1.00537,1.006,1.50,1.50
2017.02.15 22:43:48.691,1.00537,1.006,1.12,1.75
2017.02.15 22:44:27.976,1.00532,1.00599,1.75,1.75
2017.02.15 22:44:28.478,1.00535,1.00597,1.00,1.00
2017.02.15 22:44:46.578,1.00535,1.00596,1.00,1.50
2017.02.15 22:44:46.896,1.00528,1.00596,3.75,2.25
2017.02.15 22:44:48.014,1.00529,1.00596,1.75,1.75
2017.02.15 22:45:28.047,1.0053,1.00596,1.75,1.75
2017.02.15 22:47:08.029,1.00532,1.00597,2.25,1.75
2017.02.15 22:47:28.029,1.00531,1.00598,2.25,2.25
2017.02.15 22:47:36.950,1.00534,1.00602,2.25,2.25
2017.02.15 22:47:47.160,1.00538,1.00604,3.00,1.75
2017.02.15 22:48:04.967,1.00567,1.00608,1.00,1.75
2017.02.15 22:48:05.019,1.00561,1.00614,1.00,2.25
2017.02.15 22:48:05.071,1.00558,1.00614,1.00,1.75
2017.02.15 22:48:05.122,1.00547,1.006,1.75,1.72
2017.02.15 22:48:05.376,1.00525,1.00588,1.87,1.75
2017.02.15 22:48:05.478,1.00526,1.00588,1.87,1.75
2017.02.15 22:48:05.595,1.00526,1.00588,3.75,1.50
2017.02.15 22:48:05.975,1.00526,1.00588,4.87,1.50
2017.02.15 22:48:06.077,1.00529,1.00594,1.12,1.75
2017.02.15 22:48:06.465,1.00531,1.00598,1.12,1.75
2017.02.15 22:48:08.051,1.00533,1.006,1.12,1.75
2017.02.15 22:48:08.102,1.00533,1.006,1.12,1.75
2017.02.15 22:48:13.688,1.00535,1.00601,1.12,3.00
2017.02.15 22:48:14.692,1.00536,1.00601,1.00,3.00
2017.02.15 22:48:15.046,1.00535,1.00599,1.12,1.75
2017.02.15 22:48:15.148,1.00534,1.00599,1.12,1.75
2017.02.15 22:48:19.127,1.00535,1.00599,1.12,1.75
2017.02.15 22:48:20.116,1.00535,1.00599,1.12,1.75
2017.02.15 22:48:21.168,1.00535,1.00599,1.12,1.75
2017.02.15 22:48:21.453,1.00534,1.00599,2.25,1.75
2017.02.15 22:48:24.129,1.00535,1.00599,1.12,1.75
2017.02.15 22:48:27.763,1.00534,1.006,1.12,1.75
2017.02.15 22:48:28.280,1.00537,1.00601,1.87,2.25
2017.02.15 22:48:29.352,1.00537,1.006,2.25,1.75
2017.02.15 22:48:31.959,1.00536,1.00601,2.62,2.25
2017.02.15 22:48:33.017,1.00537,1.00601,2.25,2.25
2017.02.15 22:48:33.925,1.00537,1.00601,2.25,2.25
2017.02.15 22:48:35.695,1.00536,1.00599,1.87,2.25
2017.02.15 22:48:35.746,1.00529,1.00596,1.75,1.75
2017.02.15 22:48:38.913,1.00532,1.00597,2.62,2.25
2017.02.15 22:48:41.103,1.00538,1.00597,1.50,1.75
2017.02.15 22:48:41.430,1.00536,1.00598,2.25,1.00
2017.02.15 22:48:48.030,1.00534,1.006,2.25,1.75
2017.02.15 22:49:04.393,1.00537,1.00602,4.12,2.25
2017.02.15 22:49:04.495,1.00537,1.00601,3.75,1.75
2017.02.15 22:49:09.038,1.0054,1.00601,1.50,1.75
2017.02.15 22:49:10.091,1.00535,1.00601,2.25,1.75
2017.02.15 22:49:13.692,1.0054,1.00602,1.50,1.75
2017.02.15 22:49:14.003,1.00541,1.00602,1.87,1.75
2017.02.15 22:49:14.619,1.00541,1.00602,1.50,2.25
2017.02.15 22:49:14.670,1.00539,1.00602,1.87,2.25
2017.02.15 22:49:15.578,1.0054,1.00602,1.50,2.25
2017.02.15 22:49:16.133,1.0054,1.00602,1.87,2.25
2017.02.15 22:49:17.350,1.00536,1.00602,1.87,2.25
2017.02.15 22:49:27.456,1.00534,1.00596,1.00,1.00
2017.02.15 22:49:28.067,1.00533,1.00596,1.50,1.75
2017.02.15 22:49:28.639,1.00529,1.00596,1.12,2.25
2017.02.15 22:49:29.375,1.00535,1.00595,1.00,1.75
2017.02.15 22:49:29.680,1.00539,1.00596,1.00,1.75
2017.02.15 22:49:29.883,1.0054,1.00597,1.00,1.37
2017.02.15 22:49:30.036,1.00542,1.00598,1.00,3.00
2017.02.15 22:49:31.088,1.00543,1.00597,1.00,1.37
2017.02.15 22:49:31.624,1.00544,1.006,1.00,1.75
2017.02.15 22:49:32.210,1.00545,1.006,1.00,1.75
2017.02.15 22:49:32.338,1.00545,1.00601,1.00,1.37
2017.02.15 22:49:32.440,1.00547,1.00601,1.00,1.37
2017.02.15 22:49:33.583,1.00548,1.00604,1.00,2.25
2017.02.15 22:49:34.789,1.00547,1.00604,1.00,2.25
2017.02.15 22:49:35.110,1.00543,1.00604,1.00,2.25
2017.02.15 22:49:35.650,1.00542,1.00604,1.00,2.25
2017.02.15 22:49:40.912,1.00541,1.00604,1.00,1.75
2017.02.15 22:49:41.443,1.0054,1.00604,1.12,2.25
2017.02.15 22:49:46.624,1.00541,1.00602,1.00,1.50
2017.02.15 22:49:47.590,1.00542,1.00602,1.00,1.50
2017.02.15 22:49:47.793,1.00544,1.00602,1.00,1.50
2017.02.15 22:49:48.047,1.00542,1.00602,1.00,1.75
2017.02.15 22:49:53.913,1.00541,1.00602,1.00,1.75
2017.02.15 22:49:55.115,1.0054,1.00602,1.12,1.75
2017.02.15 22:49:57.043,1.00541,1.00602,1.00,1.75
2017.02.15 22:49:58.138,1.00542,1.00602,1.00,1.75
2017.02.15 22:49:58.240,1.00544,1.00602,1.00,1.75
2017.02.15 22:49:59.479,1.00541,1.00602,1.00,1.75
2017.02.15 22:50:00.509,1.00542,1.00603,1.00,1.75
2017.02.15 22:50:01.094,1.00543,1.00602,1.00,1.75
2017.02.15 22:50:01.866,1.00544,1.00602,1.00,1.75
2017.02.15 22:50:01.967,1.00546,1.00603,1.00,1.75
2017.02.15 22:50:02.271,1.00544,1.00603,1.00,1.75
2017.02.15 22:50:02.977,1.00543,1.00603,1.00,1.75
2017.02.15 22:50:03.525,1.00542,1.00602,1.00,1.75
2017.02.15 22:50:06.986,1.0054,1.00602,1.12,1.75
2017.02.15 22:50:08.035,1.00538,1.00601,1.00,2.25
2017.02.15 22:50:08.372,1.00541,1.00601,1.00,2.25
2017.02.15 22:50:09.528,1.00543,1.00601,1.00,1.75
2017.02.15 22:50:10.576,1.00542,1.00601,1.00,1.75
2017.02.15 22:50:12.996,1.00543,1.00601,1.00,1.75
2017.02.15 22:50:14.138,1.00544,1.00601,1.00,1.75
2017.02.15 22:50:14.720,1.00545,1.00601,1.00,1.75
2017.02.15 22:50:15.376,1.00543,1.00601,1.00,1.75
2017.02.15 22:50:15.478,1.00543,1.00603,1.00,1.75
2017.02.15 22:50:16.140,1.00542,1.00603,1.00,1.75
2017.02.15 22:50:17.041,1.00543,1.00602,1.00,1.50
2017.02.15 22:50:28.034,1.00543,1.00603,1.00,3.00
2017.02.15 22:50:28.643,1.00543,1.00603,1.00,3.00
2017.02.15 22:50:37.580,1.00539,1.00602,1.12,1.75
2017.02.15 22:50:46.584,1.00536,1.00599,1.00,2.25
2017.02.15 22:50:47.983,1.00536,1.00598,1.00,1.75
2017.02.15 22:50:50.388,1.00535,1.00598,1.00,1.75
2017.02.15 22:50:50.932,1.00533,1.00598,1.50,2.25
2017.02.15 22:51:02.030,1.00535,1.00598,1.00,1.75
2017.02.15 22:51:03.149,1.00537,1.00598,1.00,1.75
2017.02.15 22:51:06.584,1.00536,1.00598,1.00,1.75
2017.02.15 22:51:49.894,1.00534,1.00596,1.12,1.50
2017.02.15 22:51:50.298,1.00536,1.00595,1.00,1.37
2017.02.15 22:51:50.982,1.00537,1.00596,1.00,1.50
2017.02.15 22:51:54.977,1.00536,1.00596,1.00,1.50
2017.02.15 22:51:55.146,1.00534,1.00597,1.12,1.75
2017.02.15 22:51:58.182,1.0053,1.00592,1.12,1.50
2017.02.15 22:52:01.209,1.00531,1.00592,1.00,1.50
2017.02.15 22:52:01.547,1.00536,1.00593,1.00,1.75
2017.02.15 22:52:02.257,1.00537,1.00593,1.00,1.75
2017.02.15 22:52:08.056,1.00537,1.00594,1.00,1.00
2017.02.15 22:52:11.482,1.00535,1.00594,1.00,1.00
2017.02.15 22:52:11.685,1.00532,1.00594,1.50,1.00
2017.02.15 22:52:12.501,1.00535,1.00594,1.00,1.00
2017.02.15 22:52:13.110,1.00536,1.00594,1.00,1.00
2017.02.15 22:52:28.033,1.00536,1.00595,1.00,1.75
2017.02.15 22:52:29.988,1.00535,1.00595,1.00,1.75
2017.02.15 22:52:33.115,1.00534,1.00594,1.00,1.50
2017.02.15 22:52:36.909,1.00535,1.00594,1.00,1.50
2017.02.15 22:52:37.214,1.00538,1.00595,1.00,1.75
2017.02.15 22:52:37.519,1.0054,1.00596,1.00,1.75
2017.02.15 22:52:40.112,1.00539,1.00597,1.00,3.00
2017.02.15 22:52:41.454,1.00538,1.00596,1.00,1.75
2017.02.15 22:52:42.194,1.00537,1.00596,1.00,1.75
2017.02.15 22:52:45.671,1.00536,1.00596,1.00,1.75
2017.02.15 22:52:45.800,1.00534,1.00596,1.50,1.75
2017.02.15 22:52:46.532,1.00533,1.00595,1.12,1.75
2017.02.15 22:52:48.012,1.00533,1.00595,1.12,3.00
2017.02.15 22:52:48.530,1.00533,1.00595,1.00,2.25
2017.02.15 22:52:51.386,1.00532,1.00595,1.00,2.25
2017.02.15 22:52:51.908,1.00534,1.00594,1.00,1.75
2017.02.15 22:52:52.617,1.00535,1.00594,1.00,1.75
2017.02.15 22:52:54.604,1.00536,1.00594,1.00,1.75
2017.02.15 22:52:55.275,1.00537,1.00595,1.00,1.75
2017.02.15 22:52:58.757,1.00538,1.00595,1.00,2.25
2017.02.15 22:52:59.061,1.0054,1.00595,1.00,2.25
2017.02.15 22:53:06.530,1.00539,1.00595,1.00,2.25
2017.02.15 22:53:06.682,1.00539,1.00598,1.00,2.25
2017.02.15 22:53:09.162,1.0054,1.00598,1.00,1.75
2017.02.15 22:53:09.751,1.00541,1.00598,1.00,1.75
2017.02.15 22:53:12.112,1.0054,1.00598,1.00,1.75
2017.02.15 22:53:13.583,1.00541,1.00599,1.00,3.75
2017.02.15 22:53:14.162,1.00542,1.00598,1.00,1.75
2017.02.15 22:53:16.120,1.00541,1.00598,1.00,1.75
2017.02.15 22:53:17.582,1.00537,1.00598,1.00,2.25
2017.02.15 22:53:17.633,1.00532,1.00596,1.75,1.37
2017.02.15 22:53:18.138,1.00536,1.00597,1.00,1.50
2017.02.15 22:53:22.837,1.00535,1.00597,1.00,1.50
2017.02.15 22:53:22.888,1.00539,1.00597,1.00,1.50
2017.02.15 22:53:24.702,1.00538,1.00598,1.00,2.25
2017.02.15 22:53:28.004,1.00538,1.00598,1.00,2.25
2017.02.15 22:53:28.389,1.00536,1.00598,1.00,2.25
2017.02.15 22:53:28.440,1.00531,1.00598,2.25,2.25
2017.02.15 22:53:28.592,1.0053,1.00594,1.12,1.75
2017.02.15 22:53:39.541,1.00534,1.00595,2.25,3.00
2017.02.15 22:53:39.871,1.00541,1.00595,1.00,1.50
2017.02.15 22:53:40.379,1.00542,1.00598,1.00,1.75
2017.02.15 22:53:40.962,1.0054,1.00598,1.00,1.75
2017.02.15 22:53:42.674,1.00542,1.00598,1.00,1.75
2017.02.15 22:53:44.711,1.00543,1.00598,1.00,1.75
2017.02.15 22:53:45.435,1.00544,1.00598,1.00,1.75
2017.02.15 22:53:45.655,1.00544,1.00603,1.00,1.75
2017.02.15 22:53:46.063,1.00542,1.00603,1.00,1.75
2017.02.15 22:53:46.525,1.0054,1.00603,1.00,1.75
2017.02.15 22:53:46.730,1.00532,1.00599,1.75,1.75
2017.02.15 22:53:48.021,1.00531,1.00597,1.75,1.75
2017.02.15 22:53:51.885,1.00535,1.00597,1.00,1.75
2017.02.15 22:53:56.879,1.00534,1.00597,1.00,2.25
2017.02.15 22:53:57.489,1.00531,1.00597,1.75,2.25
2017.02.15 22:53:58.058,1.00534,1.00597,1.00,2.25
2017.02.15 22:53:58.363,1.00537,1.00597,1.00,2.25
2017.02.15 22:54:17.032,1.00536,1.00597,1.00,1.75
2017.02.15 22:54:18.074,1.00537,1.00598,1.00,3.75
2017.02.15 22:54:18.685,1.00538,1.00597,1.00,1.75
2017.02.15 22:54:20.054,1.0054,1.00597,1.00,2.25
2017.02.15 22:54:20.486,1.00542,1.00597,1.00,1.75
2017.02.15 22:54:20.759,1.00543,1.00601,1.00,2.25
2017.02.15 22:54:21.523,1.00541,1.00602,1.00,3.75
2017.02.15 22:54:22.587,1.00542,1.00602,1.00,3.75
2017.02.15 22:54:30.081,1.00541,1.00602,1.00,2.25
2017.02.15 22:54:31.517,1.00542,1.00602,1.00,2.25
2017.02.15 22:54:33.120,1.00543,1.00602,1.00,3.00
2017.02.15 22:54:34.525,1.00542,1.00602,1.00,3.00
2017.02.15 22:54:34.756,1.0054,1.00602,1.00,3.75
2017.02.15 22:54:35.269,1.00539,1.00602,1.00,3.75
2017.02.15 22:54:35.860,1.00541,1.00602,1.00,3.75
2017.02.15 22:54:36.588,1.00542,1.00602,1.00,3.00
2017.02.15 22:54:37.197,1.00543,1.00602,1.00,3.75
2017.02.15 22:54:39.761,1.0054,1.00602,1.50,3.00
2017.02.15 22:54:40.362,1.00539,1.00601,1.00,1.75
2017.02.15 22:54:41.071,1.0054,1.00601,1.00,1.75
2017.02.15 22:54:41.595,1.00541,1.00601,1.00,1.75
2017.02.15 22:54:44.081,1.00541,1.00601,1.00,1.75
2017.02.15 22:54:44.655,1.00542,1.00601,1.00,1.75
2017.02.15 22:54:45.196,1.00541,1.00601,1.00,1.75
2017.02.15 22:54:46.524,1.0054,1.00601,1.00,1.75
2017.02.15 22:54:59.114,1.00539,1.00601,1.00,1.75
2017.02.15 22:54:59.541,1.00535,1.00601,1.75,2.25
2017.02.15 22:55:05.425,1.00533,1.00597,1.37,2.25
2017.02.15 22:55:05.483,1.00533,1.00597,1.12,2.25
2017.02.15 22:55:08.086,1.00532,1.00596,1.12,2.25
2017.02.15 22:55:08.137,1.00534,1.00596,1.00,2.25
2017.02.15 22:55:08.440,1.00537,1.00596,1.00,2.25
2017.02.15 22:55:08.744,1.00539,1.00596,1.00,1.75
2017.02.15 22:55:09.664,1.0054,1.00596,1.00,1.75
2017.02.15 22:55:09.917,1.00541,1.00598,1.00,3.00
2017.02.15 22:55:10.764,1.0054,1.00598,1.00,3.00
2017.02.15 22:55:11.017,1.00538,1.00598,1.00,2.25
2017.02.15 22:55:11.767,1.00539,1.00597,1.00,1.50
2017.02.15 22:55:14.135,1.0054,1.00597,1.00,1.50
2017.02.15 22:55:14.727,1.00541,1.00598,1.00,2.25
2017.02.15 22:55:15.292,1.0054,1.00598,1.00,2.25
2017.02.15 22:55:15.546,1.00538,1.00597,1.00,1.50
2017.02.15 22:55:17.304,1.00537,1.00597,1.00,1.50
2017.02.15 22:55:17.815,1.00536,1.00597,1.12,1.50
2017.02.15 22:55:18.594,1.00537,1.00597,1.00,1.50
2017.02.15 22:55:18.819,1.00539,1.00597,1.00,1.50
2017.02.15 22:55:20.312,1.00538,1.00597,1.00,1.50
2017.02.15 22:55:24.747,1.00544,1.00598,1.00,3.00
2017.02.15 22:55:24.798,1.00541,1.00599,1.00,1.75
2017.02.15 22:55:24.952,1.00546,1.00602,1.00,2.25
2017.02.15 22:55:25.284,1.00549,1.00607,1.00,2.25
2017.02.15 22:55:26.570,1.0055,1.00607,1.00,2.25
2017.02.15 22:55:26.774,1.00552,1.00607,1.00,1.75
2017.02.15 22:55:27.559,1.00554,1.00608,1.00,1.12
2017.02.15 22:55:28.111,1.00555,1.00611,1.00,1.50
2017.02.15 22:55:29.141,1.00556,1.00611,1.00,1.50
2017.02.15 22:55:29.243,1.00549,1.00611,1.50,1.50
2017.02.15 22:55:34.845,1.00546,1.0061,1.37,2.25
2017.02.15 22:55:34.955,1.00546,1.0061,1.12,2.25
2017.02.15 22:55:35.865,1.00548,1.0061,1.00,2.25
2017.02.15 22:55:36.133,1.00546,1.0061,1.12,2.25
2017.02.15 22:55:41.706,1.00538,1.00605,3.75,1.75
2017.02.15 22:55:46.238,1.00538,1.00598,1.75,1.00
2017.02.15 22:55:46.340,1.00533,1.00597,1.75,1.12
2017.02.15 22:56:16.870,1.00533,1.00595,1.75,1.00
2017.02.15 22:56:17.123,1.0053,1.00594,1.75,1.50
2017.02.15 22:56:28.201,1.00531,1.00595,2.25,1.12
2017.02.15 22:56:33.940,1.00538,1.00595,1.00,1.12
2017.02.15 22:56:34.145,1.00537,1.00599,1.50,1.12
2017.02.15 22:56:34.247,1.00537,1.00602,1.37,3.00
2017.02.15 22:56:34.450,1.00537,1.00602,1.37,3.00
2017.02.15 22:56:34.502,1.00536,1.00602,1.50,1.75
2017.02.15 22:56:34.649,1.00536,1.00602,1.75,3.00
2017.02.15 22:56:34.838,1.00533,1.00598,1.75,1.75
2017.02.15 22:56:42.241,1.00529,1.00596,1.75,1.50
2017.02.15 22:56:42.292,1.00528,1.00592,1.75,1.12
2017.02.15 22:56:42.344,1.00528,1.0059,1.75,1.00
2017.02.15 22:56:42.395,1.00526,1.00592,1.75,1.12
2017.02.15 22:56:42.446,1.00526,1.00592,1.75,2.25
2017.02.15 22:56:42.551,1.00526,1.00592,1.75,2.25
2017.02.15 22:56:44.538,1.00533,1.00593,1.37,1.37
2017.02.15 22:56:44.641,1.00528,1.00592,1.75,1.00
2017.02.15 22:56:44.743,1.00528,1.00595,1.75,4.50
2017.02.15 22:56:44.872,1.00527,1.0059,1.50,1.37
2017.02.15 22:56:44.923,1.00527,1.0059,1.50,1.75
2017.02.15 22:56:46.631,1.00528,1.00591,1.50,1.37
2017.02.15 22:56:46.733,1.00532,1.00592,1.12,1.12
2017.02.15 22:56:46.835,1.00531,1.00595,1.75,1.37
2017.02.15 22:56:46.937,1.00532,1.00595,2.25,1.00
2017.02.15 22:56:47.586,1.00532,1.00597,1.75,1.50
2017.02.15 22:56:47.936,1.00532,1.00598,3.75,1.37
2017.02.15 22:56:48.168,1.00532,1.00596,3.00,1.12
2017.02.15 22:56:49.173,1.00532,1.00595,2.25,1.00
2017.02.15 22:56:51.784,1.00532,1.00598,1.75,1.75
2017.02.15 22:56:51.836,1.00532,1.00599,3.00,1.37
2017.02.15 22:56:52.398,1.00534,1.00597,1.75,1.00
2017.02.15 22:56:53.733,1.00534,1.006,1.75,1.75
2017.02.15 22:56:54.047,1.00533,1.00599,1.75,1.87
2017.02.15 22:56:54.149,1.00536,1.00597,1.37,1.12
2017.02.15 22:56:54.251,1.00532,1.00597,2.25,1.50
2017.02.15 22:56:56.741,1.00532,1.00593,1.00,1.00
2017.02.15 22:56:57.276,1.00531,1.00593,1.00,1.00
2017.02.15 22:57:00.440,1.00531,1.00592,1.00,1.00
2017.02.15 22:57:00.762,1.00527,1.00592,1.50,1.75
2017.02.15 22:57:07.965,1.00526,1.00592,1.75,2.25
2017.02.15 22:57:08.067,1.00526,1.00592,2.25,1.50
2017.02.15 22:57:10.798,1.00527,1.00591,1.37,1.50
2017.02.15 22:57:10.951,1.0053,1.00592,1.50,1.50
2017.02.15 22:57:11.785,1.00532,1.00595,1.37,1.87
2017.02.15 22:57:11.989,1.00531,1.00595,1.50,1.75
2017.02.15 22:57:12.207,1.00532,1.00594,1.75,1.00
2017.02.15 22:57:12.748,1.00531,1.00595,2.25,1.50
2017.02.15 22:57:20.697,1.00532,1.00595,1.37,1.37
2017.02.15 22:57:21.001,1.00531,1.00595,1.50,1.75
2017.02.15 22:57:21.103,1.00532,1.00594,1.50,1.37
2017.02.15 22:57:21.364,1.00532,1.00594,1.75,1.00
2017.02.15 22:57:25.183,1.00532,1.00595,2.25,1.00
2017.02.15 22:57:25.386,1.00531,1.00594,1.50,1.37
2017.02.15 22:57:25.468,1.00531,1.00594,1.50,1.75
2017.02.15 22:57:26.728,1.00533,1.00597,1.37,1.37
2017.02.15 22:57:26.779,1.00533,1.00598,2.25,2.25
2017.02.15 22:57:40.999,1.0053,1.00597,1.75,2.25
2017.02.15 22:57:41.102,1.00529,1.00596,1.75,2.25
2017.02.15 22:57:41.204,1.00526,1.00593,2.25,2.25
2017.02.15 22:57:41.306,1.00529,1.00593,1.12,2.25
2017.02.15 22:57:43.839,1.00529,1.00593,1.50,1.37
2017.02.15 22:57:43.941,1.00529,1.00593,1.75,1.12
2017.02.15 22:57:44.129,1.00531,1.00593,1.37,1.37
2017.02.15 22:57:44.231,1.00534,1.00598,1.00,3.00
2017.02.15 22:57:44.739,1.00531,1.00593,1.75,1.12
2017.02.15 22:57:48.030,1.00532,1.00594,1.75,1.37
2017.02.15 22:57:48.721,1.00532,1.00594,1.75,1.00
2017.02.15 22:57:48.772,1.00532,1.00596,2.25,1.12
2017.02.15 22:57:48.874,1.00532,1.00594,1.75,1.00
2017.02.15 22:57:48.926,1.00532,1.00596,1.75,1.12
2017.02.15 22:57:49.027,1.00531,1.00594,1.50,1.37
2017.02.15 22:57:49.433,1.00549,1.00596,1.00,1.00
2017.02.15 22:57:49.620,1.00535,1.00596,1.00,1.00
2017.02.15 22:57:49.823,1.00529,1.00596,1.75,1.75
2017.02.15 22:57:50.128,1.00532,1.00599,1.00,2.25
2017.02.15 22:57:50.230,1.0053,1.00597,1.75,2.25
2017.02.15 22:57:50.281,1.0053,1.00594,1.75,1.37
2017.02.15 22:57:50.332,1.0053,1.00594,1.75,1.75
2017.02.15 22:57:52.861,1.00535,1.00593,1.00,1.50
2017.02.15 22:57:55.009,1.00535,1.00595,1.50,1.00
2017.02.15 22:57:55.060,1.00535,1.00593,1.37,1.12
2017.02.15 22:57:55.213,1.00531,1.00595,1.75,1.00
2017.02.15 22:57:55.266,1.00531,1.00596,1.50,2.25
2017.02.15 22:57:55.317,1.0053,1.00596,2.25,1.75
2017.02.15 22:57:55.673,1.0053,1.00595,1.75,1.37
2017.02.15 22:57:55.724,1.0053,1.00595,1.75,1.00
2017.02.15 22:57:55.775,1.0053,1.00595,1.75,1.37
2017.02.15 22:57:55.826,1.0053,1.00595,1.75,1.75
2017.02.15 22:58:00.145,1.00531,1.00595,1.00,1.00
2017.02.15 22:58:06.567,1.00532,1.00596,1.00,1.00
2017.02.15 22:58:06.777,1.00532,1.00598,1.50,1.00
2017.02.15 22:58:07.501,1.00532,1.00597,1.50,1.00
2017.02.15 22:58:08.376,1.00532,1.00598,1.50,1.00
2017.02.15 22:58:14.302,1.00533,1.00598,1.00,1.00
2017.02.15 22:58:14.405,1.00533,1.006,1.50,1.00
2017.02.15 22:58:14.456,1.00536,1.00601,1.00,1.00
2017.02.15 22:58:14.972,1.00536,1.00602,1.00,1.00
2017.02.15 22:58:15.730,1.00536,1.00601,1.00,1.00
2017.02.15 22:58:16.421,1.00536,1.00602,1.00,1.00
2017.02.15 22:58:17.075,1.00536,1.00601,1.00,1.00
2017.02.15 22:58:17.737,1.00536,1.00602,1.00,1.00
2017.02.15 22:58:18.397,1.00536,1.00601,1.00,1.00
2017.02.15 22:58:25.803,1.00536,1.00602,1.00,1.00
2017.02.15 22:58:27.976,1.00537,1.00602,1.00,1.00
2017.02.15 22:58:34.681,1.00538,1.00605,1.50,1.00
2017.02.15 22:58:34.790,1.00541,1.00604,1.00,1.50
2017.02.15 22:58:34.842,1.00537,1.00604,1.00,1.50
2017.02.15 22:58:34.945,1.00536,1.00601,1.50,1.00
2017.02.15 22:58:35.105,1.00537,1.00603,1.00,1.00
2017.02.15 22:58:37.026,1.0054,1.00607,1.00,2.25
2017.02.15 22:58:37.229,1.00543,1.00609,1.00,1.00
2017.02.15 22:58:37.840,1.00543,1.0061,1.00,1.00
2017.02.15 22:58:38.491,1.00543,1.00609,1.00,1.00
2017.02.15 22:58:40.766,1.00542,1.00609,1.50,1.00
2017.02.15 22:58:42.240,1.00542,1.0061,1.50,1.00
2017.02.15 22:58:42.798,1.00542,1.00609,1.50,1.00
2017.02.15 22:58:46.662,1.00542,1.0061,2.25,1.00
2017.02.15 22:58:48.039,1.00544,1.0061,1.00,1.00
2017.02.15 22:58:56.753,1.00543,1.0061,1.00,1.00
2017.02.15 22:58:59.310,1.00543,1.00611,1.00,1.00
2017.02.15 22:59:00.980,1.00543,1.0061,1.00,1.00
2017.02.15 22:59:04.817,1.00543,1.00611,1.00,1.00
2017.02.15 22:59:05.330,1.00543,1.00612,1.00,1.50
2017.02.15 22:59:08.000,1.00546,1.00612,1.00,1.00
2017.02.15 22:59:10.166,1.00546,1.00611,1.00,1.00
2017.02.15 22:59:10.612,1.0055,1.00618,1.00,3.00
2017.02.15 22:59:11.720,1.0055,1.00617,1.00,1.00
2017.02.15 22:59:20.505,1.0055,1.00615,1.00,1.00
2017.02.15 22:59:24.381,1.0055,1.00614,1.00,1.00
2017.02.15 22:59:25.049,1.0055,1.00615,1.00,1.00
2017.02.15 22:59:25.371,1.00554,1.00618,1.00,1.00
2017.02.15 22:59:26.235,1.00558,1.00622,1.00,1.00
2017.02.15 22:59:26.337,1.00558,1.00624,1.00,2.25
2017.02.15 22:59:26.645,1.00558,1.00626,1.00,1.00
2017.02.15 22:59:27.980,1.0056,1.00627,1.00,3.00
2017.02.15 22:59:33.456,1.00563,1.00629,1.00,1.00
2017.02.15 22:59:33.669,1.00563,1.00631,1.00,3.00
2017.02.15 22:59:37.868,1.00562,1.00631,1.50,1.00
2017.02.15 22:59:38.409,1.00563,1.00631,1.00,1.50
2017.02.15 22:59:43.413,1.00563,1.00628,1.00,1.00
2017.02.15 22:59:44.439,1.00563,1.00629,1.00,1.00
2017.02.15 22:59:44.940,1.00563,1.00628,1.00,1.00
2017.02.15 22:59:45.770,1.00563,1.00629,1.00,1.00
2017.02.15 22:59:46.439,1.00563,1.00628,1.00,1.00
2017.02.15 22:59:47.988,1.00562,1.00628,1.00,1.00
2017.02.15 22:59:49.779,1.00562,1.00629,1.00,1.00
2017.02.15 22:59:50.412,1.00562,1.00628,1.00,1.00
2017.02.15 22:59:50.514,1.00557,1.00628,1.00,1.00
2017.02.15 22:59:50.664,1.00546,1.00626,1.00,1.00
2017.02.15 22:59:50.715,1.00543,1.00626,1.12,1.00
2017.02.15 22:59:52.543,1.00542,1.00625,2.25,1.00
