2008.10.31 14:00:00.192,1.15395,1.15425,6.70,13.20
2008.10.31 14:00:00.492,1.15405,1.15425,18.00,1.00
2008.10.31 14:00:00.792,1.15405,1.1543,12.00,1.00
2008.10.31 14:00:01.302,1.154,1.1543,12.10,1.00
2008.10.31 14:00:01.712,1.15405,1.1543,6.10,1.00
2008.10.31 14:00:02.532,1.15405,1.15425,12.10,1.00
2008.10.31 14:00:02.992,1.15405,1.15425,12.00,1.00
2008.10.31 14:00:03.542,1.1541,1.15425,6.00,1.00
2008.10.31 14:00:03.942,1.1541,1.1543,18.00,1.00
2008.10.31 14:00:04.432,1.1541,1.1543,6.60,1.00
2008.10.31 14:00:04.791,1.1541,1.1543,1.00,1.00
2008.10.31 14:00:05.571,1.15415,1.15435,12.60,1.00
2008.10.31 14:00:05.861,1.15415,1.1544,1.00,1.00
2008.10.31 14:00:06.151,1.1542,1.1544,1.00,1.00
2008.10.31 14:00:06.541,1.1542,1.15435,1.00,1.00
2008.10.31 14:00:07.211,1.1542,1.15435,1.00,1.00
2008.10.31 14:00:10.640,1.1542,1.1543,1.00,1.00
2008.10.31 14:00:10.980,1.1541,1.15425,1.00,1.00
2008.10.31 14:00:11.370,1.15405,1.15425,18.00,1.00
2008.10.31 14:00:11.700,1.15405,1.1543,18.00,2.20
2008.10.31 14:00:12.049,1.154,1.15425,19.30,1.00
2008.10.31 14:00:12.220,1.154,1.1542,18.00,1.00
2008.10.31 14:00:12.639,1.15395,1.1542,24.10,1.00
2008.10.31 14:00:13.809,1.154,1.1542,1.00,1.00
2008.10.31 14:00:14.109,1.154,1.1542,1.00,1.00
2008.10.31 14:00:15.209,1.154,1.1542,1.30,1.00
2008.10.31 14:00:15.769,1.154,1.15425,1.30,1.20
2008.10.31 14:00:16.669,1.15405,1.15425,1.00,1.00
2008.10.31 14:00:17.198,1.1541,1.15425,1.00,1.00
2008.10.31 14:00:18.588,1.154,1.15425,1.30,1.00
2008.10.31 14:00:18.948,1.1539,1.15415,24.60,1.00
2008.10.31 14:00:19.568,1.15385,1.1541,24.10,1.00
2008.10.31 14:00:20.087,1.15385,1.1541,24.10,1.00
2008.10.31 14:00:20.367,1.15385,1.1541,24.10,1.00
2008.10.31 14:00:20.597,1.15385,1.15405,6.10,1.00
2008.10.31 14:00:21.007,1.1538,1.154,18.00,1.00
2008.10.31 14:00:21.247,1.1538,1.15405,18.60,1.00
2008.10.31 14:00:21.707,1.1539,1.15405,1.00,1.00
2008.10.31 14:00:22.007,1.1539,1.15415,7.30,1.00
2008.10.31 14:00:22.477,1.15395,1.15415,6.00,1.00
2008.10.31 14:00:22.877,1.154,1.15415,1.00,1.00
2008.10.31 14:00:23.217,1.154,1.15425,1.30,1.00
2008.10.31 14:00:23.607,1.154,1.15425,7.30,1.00
2008.10.31 14:00:26.366,1.154,1.15425,7.30,1.00
2008.10.31 14:00:27.036,1.154,1.15425,19.30,1.00
2008.10.31 14:00:27.386,1.15405,1.15425,6.00,1.00
2008.10.31 14:00:27.506,1.15405,1.15425,18.00,1.00
2008.10.31 14:00:28.546,1.15405,1.15425,12.00,1.00
2008.10.31 14:00:28.835,1.154,1.15425,19.30,1.00
2008.10.31 14:00:35.564,1.154,1.15425,6.60,1.00
2008.10.31 14:00:35.684,1.154,1.15425,6.00,1.00
2008.10.31 14:00:35.974,1.154,1.1542,6.00,1.00
2008.10.31 14:00:37.183,1.15395,1.1542,18.00,1.00
2008.10.31 14:00:37.363,1.15395,1.1542,18.00,2.10
2008.10.31 14:00:38.313,1.15395,1.1542,12.00,2.20
2008.10.31 14:00:38.583,1.1539,1.1541,1.00,1.00
2008.10.31 14:00:38.823,1.1539,1.15415,18.60,1.00
2008.10.31 14:00:39.063,1.1539,1.15415,1.00,1.00
2008.10.31 14:00:39.533,1.1539,1.1542,18.00,1.00
2008.10.31 14:00:39.773,1.1539,1.15415,18.00,1.00
2008.10.31 14:00:40.123,1.1539,1.15405,18.00,1.00
2008.10.31 14:00:40.403,1.1538,1.154,1.00,1.00
2008.10.31 14:00:40.813,1.15375,1.154,18.00,2.10
2008.10.31 14:00:41.263,1.15375,1.15395,6.00,1.00
2008.10.31 14:00:42.012,1.1537,1.15385,1.00,2.20
2008.10.31 14:00:42.362,1.1536,1.1538,6.60,2.10
2008.10.31 14:00:42.542,1.15355,1.1538,18.00,2.10
2008.10.31 14:00:44.432,1.1535,1.1537,1.00,1.20
2008.10.31 14:00:44.662,1.1535,1.15365,1.00,1.00
2008.10.31 14:00:45.482,1.15355,1.15365,6.00,1.00
2008.10.31 14:00:45.871,1.15355,1.15385,18.00,2.10
2008.10.31 14:00:47.331,1.1535,1.15375,18.60,1.20
2008.10.31 14:00:47.681,1.1535,1.1537,18.60,1.00
2008.10.31 14:00:49.001,1.1535,1.1537,12.60,2.20
2008.10.31 14:00:49.301,1.1535,1.15365,1.00,1.00
2008.10.31 14:00:54.549,1.1535,1.15365,1.00,2.20
2008.10.31 14:00:54.799,1.1534,1.1536,1.00,1.00
2008.10.31 14:00:56.569,1.1534,1.1536,1.00,2.10
2008.10.31 14:00:56.849,1.1532,1.1535,7.20,1.00
2008.10.31 14:00:57.079,1.1532,1.1535,6.00,1.00
2008.10.31 14:00:57.479,1.15315,1.15345,24.10,1.00
2008.10.31 14:00:57.768,1.15315,1.15345,6.10,1.00
2008.10.31 14:00:58.688,1.15315,1.1534,30.10,1.00
2008.10.31 14:00:59.848,1.1532,1.1534,6.10,1.00
2008.10.31 14:01:00.478,1.1532,1.1535,24.10,2.10
2008.10.31 14:01:00.758,1.1532,1.1534,24.10,1.00
2008.10.31 14:01:01.098,1.1532,1.15345,6.10,1.00
2008.10.31 14:01:01.618,1.1532,1.1534,18.00,1.00
2008.10.31 14:01:01.957,1.1532,1.1534,12.00,1.00
2008.10.31 14:01:02.178,1.1531,1.1534,19.30,1.00
2008.10.31 14:01:02.527,1.1531,1.15335,19.30,1.00
2008.10.31 14:01:02.757,1.1531,1.1533,19.30,1.00
2008.10.31 14:01:03.167,1.1531,1.1533,25.50,1.00
2008.10.31 14:01:03.217,1.1532,1.1533,6.10,1.00
2008.10.31 14:01:03.607,1.1532,1.1534,6.10,1.00
2008.10.31 14:01:03.927,1.1533,1.1535,6.10,1.00
2008.10.31 14:01:05.097,1.1532,1.1535,30.10,1.00
2008.10.31 14:01:05.397,1.1532,1.1534,6.10,1.00
2008.10.31 14:01:05.957,1.15315,1.1534,6.10,1.00
2008.10.31 14:01:06.366,1.1532,1.1534,6.10,1.00
2008.10.31 14:01:06.656,1.1532,1.1534,6.70,1.00
2008.10.31 14:01:06.886,1.1532,1.1534,13.50,1.00
2008.10.31 14:01:07.066,1.1532,1.15345,13.50,1.00
2008.10.31 14:01:07.356,1.15325,1.15345,6.70,1.00
2008.10.31 14:01:07.586,1.1533,1.1535,6.10,1.00
2008.10.31 14:01:07.887,1.1533,1.1535,6.90,1.00
2008.10.31 14:01:08.176,1.1533,1.1535,6.60,1.00
2008.10.31 14:01:08.656,1.1533,1.15355,25.50,1.00
2008.10.31 14:01:08.946,1.15335,1.15355,12.10,1.00
2008.10.31 14:01:09.116,1.15335,1.15355,24.10,1.00
2008.10.31 14:01:09.646,1.15335,1.15355,24.70,1.00
2008.10.31 14:01:09.936,1.1534,1.1536,6.00,1.00
2008.10.31 14:01:10.435,1.1534,1.1536,12.90,1.00
2008.10.31 14:01:10.756,1.1534,1.1536,6.60,1.00
2008.10.31 14:01:11.335,1.1534,1.1536,12.90,1.00
2008.10.31 14:01:11.685,1.1534,1.1536,1.00,2.20
2008.10.31 14:01:12.155,1.1534,1.15355,18.60,1.00
2008.10.31 14:01:12.505,1.1534,1.1536,18.60,1.00
2008.10.31 14:01:12.865,1.1534,1.15355,1.00,1.00
2008.10.31 14:01:13.035,1.1533,1.1536,6.00,14.20
2008.10.31 14:01:13.315,1.15325,1.15355,24.10,1.00
2008.10.31 14:01:13.665,1.15325,1.1535,30.10,1.00
2008.10.31 14:01:14.015,1.1533,1.1534,12.90,1.00
2008.10.31 14:01:14.465,1.15325,1.15335,6.00,1.00
2008.10.31 14:01:14.814,1.15305,1.15335,18.60,1.00
2008.10.31 14:01:15.264,1.15315,1.1533,1.00,1.00
2008.10.31 14:01:15.674,1.15315,1.1534,1.30,1.00
2008.10.31 14:01:16.014,1.1533,1.1536,1.00,4.30
2008.10.31 14:01:16.234,1.1533,1.1536,1.00,1.00
2008.10.31 14:01:16.704,1.1533,1.1536,7.30,1.00
2008.10.31 14:01:17.004,1.1533,1.1536,19.30,1.00
2008.10.31 14:01:18.014,1.15335,1.1536,18.00,1.00
2008.10.31 14:01:18.303,1.1534,1.1536,6.60,1.00
2008.10.31 14:01:18.993,1.1534,1.1536,1.30,1.00
2008.10.31 14:01:19.493,1.1534,1.1536,1.00,2.20
2008.10.31 14:01:20.003,1.1534,1.15355,1.00,1.00
2008.10.31 14:01:22.293,1.1534,1.15355,12.60,1.00
2008.10.31 14:01:22.523,1.1534,1.15355,19.30,1.00
2008.10.31 14:01:22.753,1.15345,1.15375,12.00,1.00
2008.10.31 14:01:23.042,1.15345,1.15375,18.00,1.00
2008.10.31 14:01:26.801,1.15345,1.1537,24.10,1.00
2008.10.31 14:01:27.371,1.15345,1.1537,18.00,1.00
2008.10.31 14:01:29.471,1.15345,1.1537,6.00,1.00
2008.10.31 14:01:30.051,1.1534,1.1537,25.50,1.00
2008.10.31 14:01:31.530,1.1535,1.1537,6.10,1.00
2008.10.31 14:01:32.270,1.15345,1.1537,6.10,2.20
2008.10.31 14:01:32.510,1.15345,1.15365,6.10,1.00
2008.10.31 14:01:34.910,1.15345,1.15365,18.10,1.00
2008.10.31 14:01:35.370,1.1535,1.15365,6.00,1.00
2008.10.31 14:01:35.770,1.1535,1.1537,25.50,1.00
2008.10.31 14:01:36.060,1.1536,1.15375,6.10,1.00
2008.10.31 14:01:36.569,1.1536,1.15375,18.10,1.00
2008.10.31 14:01:36.969,1.15365,1.1538,6.10,1.00
2008.10.31 14:01:37.679,1.15375,1.1538,6.10,1.00
2008.10.31 14:01:37.909,1.15375,1.154,6.10,12.00
2008.10.31 14:01:38.079,1.15365,1.154,12.10,12.00
2008.10.31 14:01:38.429,1.15365,1.15395,12.10,12.00
2008.10.31 14:01:38.719,1.1536,1.15385,6.00,2.10
2008.10.31 14:01:39.130,1.15355,1.15375,18.00,1.00
2008.10.31 14:01:39.349,1.15355,1.1538,6.70,1.00
2008.10.31 14:01:39.649,1.15355,1.1538,24.70,1.00
2008.10.31 14:01:39.998,1.1536,1.1538,1.00,1.00
2008.10.31 14:01:42.138,1.1536,1.15385,1.30,1.00
2008.10.31 14:01:42.368,1.1536,1.15385,7.50,1.00
2008.10.31 14:01:43.058,1.1536,1.15385,1.30,1.00
2008.10.31 14:01:43.567,1.1536,1.15385,1.30,1.00
2008.10.31 14:01:45.007,1.1536,1.15385,1.30,13.00
2008.10.31 14:01:45.417,1.1536,1.1538,1.30,1.00
2008.10.31 14:01:45.887,1.1536,1.15385,1.30,13.00
2008.10.31 14:01:46.157,1.1536,1.15385,1.30,13.20
2008.10.31 14:01:46.507,1.1536,1.1538,1.30,1.00
2008.10.31 14:01:49.246,1.1536,1.1538,1.30,1.00
2008.10.31 14:01:49.576,1.1536,1.15375,1.00,1.00
2008.10.31 14:01:51.506,1.1536,1.1538,1.30,1.00
2008.10.31 14:01:52.476,1.15355,1.15375,18.00,1.00
2008.10.31 14:01:52.645,1.15355,1.15375,6.00,1.00
2008.10.31 14:01:55.075,1.1535,1.15375,7.30,1.00
2008.10.31 14:01:55.855,1.1536,1.15375,12.00,1.00
2008.10.31 14:01:56.085,1.1537,1.1538,6.10,1.00
2008.10.31 14:01:56.384,1.1536,1.1538,6.00,1.00
2008.10.31 14:01:56.654,1.15355,1.1538,1.30,1.00
2008.10.31 14:01:57.344,1.1536,1.1538,7.50,1.00
2008.10.31 14:01:59.104,1.1536,1.1538,13.50,1.00
2008.10.31 14:01:59.793,1.1536,1.1537,1.00,1.00
2008.10.31 14:02:00.363,1.15355,1.1537,25.00,1.00
2008.10.31 14:02:01.323,1.15355,1.1537,18.90,1.00
2008.10.31 14:02:02.903,1.1536,1.1537,6.00,1.00
2008.10.31 14:02:03.083,1.1536,1.15375,7.30,1.00
2008.10.31 14:02:03.193,1.1536,1.1538,7.30,1.00
2008.10.31 14:02:03.603,1.1536,1.1538,1.30,1.00
2008.10.31 14:02:03.943,1.15365,1.1538,6.00,1.00
2008.10.31 14:02:04.112,1.15365,1.1538,18.00,1.00
2008.10.31 14:02:04.972,1.1537,1.1538,1.00,1.00
2008.10.31 14:02:05.212,1.1537,1.15385,1.00,1.00
2008.10.31 14:02:05.502,1.1537,1.15385,7.50,1.00
2008.10.31 14:02:05.732,1.15375,1.15395,6.10,1.00
2008.10.31 14:02:06.182,1.15375,1.1539,6.10,1.00
2008.10.31 14:02:06.452,1.1537,1.1539,1.30,1.00
2008.10.31 14:02:06.972,1.1537,1.1539,1.00,1.00
2008.10.31 14:02:07.152,1.15365,1.1539,18.00,1.00
2008.10.31 14:02:07.322,1.15365,1.1539,18.00,1.00
2008.10.31 14:02:07.432,1.15365,1.15385,6.00,1.00
2008.10.31 14:02:09.341,1.15365,1.1538,6.00,1.00
2008.10.31 14:02:10.951,1.1536,1.1538,7.30,1.00
2008.10.31 14:02:11.401,1.1536,1.1538,1.30,1.00
2008.10.31 14:02:11.821,1.1536,1.15375,1.30,1.00
2008.10.31 14:02:12.780,1.1536,1.15375,1.00,1.00
2008.10.31 14:02:13.241,1.1536,1.15375,1.30,1.00
2008.10.31 14:02:13.570,1.1536,1.1537,1.30,1.00
2008.10.31 14:02:14.360,1.1536,1.1538,1.30,1.00
2008.10.31 14:02:14.760,1.1536,1.1538,7.50,1.00
2008.10.31 14:02:14.990,1.1536,1.1538,19.30,1.00
2008.10.31 14:02:15.270,1.1536,1.1538,25.50,1.00
2008.10.31 14:02:15.670,1.15365,1.15385,18.00,1.00
2008.10.31 14:02:16.400,1.1537,1.1539,19.30,1.00
2008.10.31 14:02:16.570,1.15375,1.1539,18.00,1.00
2008.10.31 14:02:17.329,1.15375,1.1539,6.00,1.00
2008.10.31 14:02:19.229,1.15375,1.15395,6.00,1.00
2008.10.31 14:02:19.459,1.15375,1.15385,6.00,1.00
2008.10.31 14:02:19.749,1.15375,1.15405,18.00,4.30
2008.10.31 14:02:19.989,1.15375,1.154,6.00,1.00
2008.10.31 14:02:20.329,1.15375,1.1539,6.00,1.00
2008.10.31 14:02:20.788,1.15375,1.15395,6.00,1.00
2008.10.31 14:02:21.188,1.1537,1.15395,19.30,1.00
2008.10.31 14:02:22.458,1.15375,1.1539,6.10,1.00
2008.10.31 14:02:22.928,1.1538,1.15395,18.00,1.00
2008.10.31 14:02:23.218,1.1539,1.15415,25.50,1.00
2008.10.31 14:02:23.498,1.1539,1.1542,25.50,1.00
2008.10.31 14:02:23.858,1.1539,1.1542,31.50,1.00
2008.10.31 14:02:24.428,1.15395,1.15415,6.10,1.00
2008.10.31 14:02:25.008,1.1539,1.15405,6.60,1.00
2008.10.31 14:02:25.358,1.1539,1.15405,1.00,2.10
2008.10.31 14:02:25.647,1.15385,1.154,1.00,1.00
2008.10.31 14:02:25.877,1.1538,1.154,6.60,1.00
2008.10.31 14:02:26.597,1.15385,1.1541,24.10,1.00
2008.10.31 14:02:26.867,1.1539,1.1541,6.10,1.00
2008.10.31 14:02:27.437,1.15395,1.1542,1.00,1.00
2008.10.31 14:02:28.047,1.154,1.15425,1.30,1.00
2008.10.31 14:02:28.647,1.154,1.15425,7.50,1.00
2008.10.31 14:02:29.046,1.154,1.15425,1.30,1.00
2008.10.31 14:02:29.577,1.154,1.15425,1.80,2.20
2008.10.31 14:02:29.996,1.154,1.1542,1.80,1.00
2008.10.31 14:02:30.526,1.154,1.15425,20.50,1.00
2008.10.31 14:02:30.806,1.15405,1.1543,6.00,2.20
2008.10.31 14:02:31.206,1.15405,1.15425,6.00,1.00
2008.10.31 14:02:31.496,1.15405,1.15425,18.00,1.00
2008.10.31 14:02:31.836,1.1541,1.1543,19.80,1.00
2008.10.31 14:02:32.136,1.1541,1.1543,7.80,1.00
2008.10.31 14:02:32.886,1.15415,1.1543,6.00,1.00
2008.10.31 14:02:33.506,1.1541,1.1543,19.80,1.00
2008.10.31 14:02:34.975,1.1542,1.1543,1.00,1.00
2008.10.31 14:02:36.115,1.1542,1.15435,1.00,2.10
2008.10.31 14:02:37.265,1.1542,1.15435,1.00,2.20
2008.10.31 14:02:37.664,1.15415,1.1543,1.00,1.00
2008.10.31 14:02:39.954,1.1541,1.1543,1.80,1.00
2008.10.31 14:02:40.424,1.1541,1.1543,8.10,1.00
2008.10.31 14:02:40.954,1.1541,1.1543,1.80,1.00
2008.10.31 14:02:41.653,1.1541,1.1543,1.00,1.00
2008.10.31 14:02:41.833,1.1541,1.1543,1.80,1.00
2008.10.31 14:02:42.893,1.1541,1.1543,1.00,1.00
2008.10.31 14:02:43.063,1.15405,1.1542,1.00,1.00
2008.10.31 14:02:43.933,1.15405,1.15425,12.90,1.00
2008.10.31 14:02:44.273,1.1541,1.1543,1.00,1.00
2008.10.31 14:02:44.563,1.1541,1.15435,18.60,1.00
2008.10.31 14:02:44.843,1.1541,1.1543,18.60,1.00
2008.10.31 14:02:45.313,1.1541,1.1543,1.00,1.00
2008.10.31 14:02:45.602,1.15405,1.15425,12.90,1.00
2008.10.31 14:02:45.942,1.15405,1.15425,1.00,1.00
2008.10.31 14:02:47.912,1.154,1.15425,18.90,1.00
2008.10.31 14:02:48.152,1.154,1.15425,12.90,1.00
2008.10.31 14:02:48.742,1.154,1.15425,18.90,1.00
2008.10.31 14:02:49.082,1.154,1.15425,12.90,1.00
2008.10.31 14:02:49.372,1.154,1.15425,6.00,1.00
2008.10.31 14:02:51.461,1.15395,1.15425,6.60,1.00
2008.10.31 14:02:51.811,1.15405,1.15425,1.00,1.00
2008.10.31 14:02:52.161,1.15405,1.1543,1.00,1.00
2008.10.31 14:02:52.631,1.1541,1.1543,1.00,1.00
2008.10.31 14:02:55.890,1.15405,1.1543,7.30,1.00
2008.10.31 14:02:56.120,1.15405,1.1543,1.30,1.00
2008.10.31 14:02:56.360,1.15405,1.15425,1.00,1.00
2008.10.31 14:02:56.860,1.15405,1.1542,1.00,1.00
2008.10.31 14:02:58.329,1.15405,1.1543,1.30,1.00
2008.10.31 14:02:58.579,1.1541,1.1543,1.00,1.00
2008.10.31 14:02:59.089,1.15405,1.1543,1.30,1.00
2008.10.31 14:02:59.789,1.15405,1.1543,1.30,1.00
2008.10.31 14:03:01.759,1.15405,1.1543,1.30,1.00
2008.10.31 14:03:02.738,1.15405,1.15415,1.30,1.00
2008.10.31 14:03:03.268,1.15405,1.15415,1.00,1.00
2008.10.31 14:03:03.558,1.154,1.15415,1.00,1.00
2008.10.31 14:03:05.328,1.15395,1.1541,1.00,1.00
2008.10.31 14:03:05.618,1.15395,1.154,1.00,4.80
2008.10.31 14:03:06.198,1.15395,1.154,1.00,3.10
2008.10.31 14:03:07.187,1.15395,1.154,6.60,3.10
2008.10.31 14:03:07.527,1.154,1.1541,1.00,3.10
2008.10.31 14:03:07.637,1.154,1.1541,1.30,1.00
2008.10.31 14:03:07.917,1.154,1.1541,1.30,1.00
2008.10.31 14:03:08.207,1.154,1.1541,1.00,1.00
2008.10.31 14:03:08.437,1.15395,1.1541,1.00,1.00
2008.10.31 14:03:09.357,1.1539,1.1541,1.00,1.00
2008.10.31 14:03:09.758,1.15385,1.1541,6.00,1.00
2008.10.31 14:03:10.097,1.15395,1.1541,1.00,1.00
2008.10.31 14:03:10.617,1.15395,1.1541,1.00,1.00
2008.10.31 14:03:11.376,1.1539,1.1541,19.30,1.00
2008.10.31 14:03:11.666,1.1539,1.1541,1.00,1.00
2008.10.31 14:03:12.176,1.15385,1.1541,19.80,1.00
2008.10.31 14:03:12.396,1.15385,1.1541,1.00,1.00
2008.10.31 14:03:12.756,1.15385,1.1541,1.00,1.00
2008.10.31 14:03:12.986,1.15385,1.15405,1.00,1.00
2008.10.31 14:03:13.166,1.1538,1.154,1.00,1.00
2008.10.31 14:03:13.796,1.15375,1.154,1.30,1.20
2008.10.31 14:03:14.265,1.15375,1.154,1.00,2.20
2008.10.31 14:03:14.725,1.1537,1.15395,1.30,1.00
2008.10.31 14:03:15.146,1.1537,1.1539,1.30,1.00
2008.10.31 14:03:15.655,1.1536,1.1539,19.20,2.20
2008.10.31 14:03:15.945,1.1536,1.1539,31.50,1.00
2008.10.31 14:03:16.535,1.1536,1.1539,25.50,1.00
2008.10.31 14:03:17.325,1.1536,1.1539,25.30,1.00
2008.10.31 14:03:17.805,1.1536,1.1539,19.30,2.20
2008.10.31 14:03:18.035,1.1536,1.15385,19.30,1.00
2008.10.31 14:03:19.824,1.15365,1.1539,6.00,2.10
2008.10.31 14:03:23.713,1.1536,1.15385,19.30,1.00
2008.10.31 14:03:23.993,1.1536,1.1539,19.30,2.20
2008.10.31 14:03:24.353,1.1536,1.1539,19.20,2.10
2008.10.31 14:03:24.813,1.1537,1.1539,6.60,1.00
2008.10.31 14:03:26.373,1.15375,1.1539,6.00,1.00
2008.10.31 14:03:26.873,1.15375,1.1539,18.00,1.00
2008.10.31 14:03:27.212,1.1537,1.1539,18.60,1.00
2008.10.31 14:03:27.782,1.1537,1.1539,12.60,1.00
2008.10.31 14:03:28.182,1.15365,1.1539,24.90,2.20
2008.10.31 14:03:28.622,1.15365,1.1539,24.90,2.10
2008.10.31 14:03:29.132,1.15365,1.1539,18.00,2.10
2008.10.31 14:03:29.352,1.15365,1.1539,18.00,2.20
2008.10.31 14:03:29.702,1.1536,1.1539,19.30,2.20
2008.10.31 14:03:30.802,1.1536,1.15385,31.50,1.00
2008.10.31 14:03:31.132,1.1536,1.15385,25.30,4.30
2008.10.31 14:03:31.521,1.1536,1.15385,7.30,4.30
2008.10.31 14:03:31.991,1.1536,1.15385,7.30,1.00
2008.10.31 14:03:32.451,1.1536,1.15375,1.00,1.00
2008.10.31 14:03:32.971,1.1536,1.1538,1.00,1.00
2008.10.31 14:03:33.471,1.1536,1.15375,1.00,1.00
2008.10.31 14:03:33.701,1.1536,1.1537,1.00,1.00
2008.10.31 14:03:34.701,1.1535,1.1537,18.60,1.00
2008.10.31 14:03:34.981,1.1536,1.1537,1.20,1.00
2008.10.31 14:03:37.010,1.1536,1.15365,1.20,1.00
2008.10.31 14:03:41.429,1.1536,1.1537,1.20,1.00
2008.10.31 14:03:46.028,1.1536,1.15365,1.20,1.00
2008.10.31 14:03:46.508,1.1535,1.15365,6.60,1.00
2008.10.31 14:03:47.428,1.1535,1.1537,6.60,1.00
2008.10.31 14:03:47.718,1.1535,1.1538,19.30,2.20
2008.10.31 14:03:47.897,1.1535,1.1538,19.30,5.50
2008.10.31 14:03:48.957,1.1535,1.1537,19.30,1.00
2008.10.31 14:03:49.707,1.1535,1.1537,19.20,1.00
2008.10.31 14:03:51.307,1.15355,1.15375,6.00,1.00
2008.10.31 14:03:51.587,1.1535,1.15375,1.20,1.00
2008.10.31 14:03:51.877,1.15355,1.1537,6.10,1.00
2008.10.31 14:03:52.117,1.1535,1.1537,24.60,1.00
2008.10.31 14:03:52.457,1.1535,1.1537,18.60,1.00
2008.10.31 14:03:52.746,1.15355,1.1537,12.00,1.00
2008.10.31 14:03:52.976,1.1535,1.1537,18.60,1.00
2008.10.31 14:04:05.943,1.1535,1.1537,6.60,1.00
2008.10.31 14:04:06.583,1.1535,1.1537,18.60,1.00
2008.10.31 14:04:09.502,1.15355,1.1537,18.00,1.00
2008.10.31 14:04:09.793,1.1536,1.1537,12.00,1.00
2008.10.31 14:04:10.192,1.1536,1.1538,18.60,1.00
2008.10.31 14:04:10.892,1.1536,1.1538,1.00,2.10
2008.10.31 14:04:11.402,1.15355,1.1538,18.00,2.20
2008.10.31 14:04:13.281,1.15355,1.1538,18.00,2.10
2008.10.31 14:04:13.521,1.15355,1.1538,18.00,2.20
2008.10.31 14:04:13.802,1.15355,1.1538,18.00,2.10
2008.10.31 14:04:14.141,1.1536,1.1538,18.60,1.00
2008.10.31 14:04:14.551,1.1537,1.1539,19.30,1.00
2008.10.31 14:04:14.881,1.1537,1.1539,1.00,1.00
2008.10.31 14:04:18.180,1.1537,1.1539,6.60,1.00
2008.10.31 14:04:18.520,1.1537,1.1539,6.60,1.00
2008.10.31 14:04:18.990,1.15365,1.1539,12.00,2.20
2008.10.31 14:04:19.260,1.1536,1.1539,19.30,2.20
2008.10.31 14:04:19.830,1.1536,1.15385,19.30,1.00
2008.10.31 14:04:20.120,1.1536,1.15385,18.00,4.30
2008.10.31 14:04:20.360,1.1536,1.1538,18.00,1.00
2008.10.31 14:04:20.590,1.15355,1.1538,18.00,2.20
2008.10.31 14:04:20.940,1.15355,1.1538,18.00,1.00
2008.10.31 14:04:21.169,1.1536,1.15385,6.00,1.00
2008.10.31 14:04:21.470,1.15355,1.15385,24.10,1.00
2008.10.31 14:04:23.349,1.15355,1.15385,30.10,1.00
2008.10.31 14:04:23.649,1.1536,1.15385,6.10,1.00
2008.10.31 14:04:23.979,1.1536,1.15385,6.70,1.00
2008.10.31 14:04:24.389,1.1536,1.1539,6.70,2.20
2008.10.31 14:04:24.909,1.1537,1.1539,1.00,1.00
2008.10.31 14:04:25.419,1.1537,1.15395,1.30,1.00
2008.10.31 14:04:25.718,1.1537,1.15395,7.50,1.00
2008.10.31 14:04:26.588,1.1537,1.15395,13.50,1.00
2008.10.31 14:04:26.868,1.15375,1.15395,1.00,1.00
2008.10.31 14:04:27.208,1.15375,1.154,1.00,1.00
2008.10.31 14:04:27.538,1.1538,1.15395,1.00,1.00
2008.10.31 14:04:27.838,1.1537,1.15395,7.50,1.00
2008.10.31 14:04:30.037,1.15365,1.1539,18.10,1.00
2008.10.31 14:04:30.277,1.1537,1.1539,6.10,1.00
2008.10.31 14:04:30.787,1.15365,1.1539,6.00,1.00
2008.10.31 14:04:31.187,1.1536,1.1539,18.60,1.00
2008.10.31 14:04:31.737,1.1537,1.15395,1.00,13.00
2008.10.31 14:04:32.147,1.15365,1.1539,6.00,2.10
2008.10.31 14:04:32.657,1.15365,1.1539,18.10,1.00
2008.10.31 14:04:33.157,1.15365,1.15385,6.10,1.00
2008.10.31 14:04:33.566,1.15365,1.1539,12.10,2.20
2008.10.31 14:04:34.066,1.15365,1.1538,24.10,1.00
2008.10.31 14:04:34.636,1.15365,1.1538,30.10,1.00
2008.10.31 14:04:35.166,1.15365,1.1538,18.10,1.00
2008.10.31 14:04:35.796,1.15365,1.1538,12.10,2.10
2008.10.31 14:04:35.976,1.15365,1.15375,12.10,1.00
2008.10.31 14:04:36.256,1.15365,1.15375,6.00,1.00
2008.10.31 14:04:36.376,1.1536,1.15375,6.00,1.00
2008.10.31 14:04:36.726,1.15355,1.15375,6.00,1.00
2008.10.31 14:04:37.876,1.15355,1.1538,18.00,2.10
2008.10.31 14:04:38.405,1.15355,1.15375,18.00,1.00
2008.10.31 14:04:38.885,1.15355,1.1538,18.00,2.10
2008.10.31 14:04:41.005,1.1536,1.1538,18.00,1.00
2008.10.31 14:04:41.225,1.1536,1.1538,18.60,1.00
2008.10.31 14:04:41.814,1.15355,1.1538,18.00,2.10
2008.10.31 14:04:43.034,1.15355,1.1538,18.00,2.20
2008.10.31 14:04:43.154,1.15355,1.15375,18.00,1.00
2008.10.31 14:04:43.454,1.1535,1.15375,25.50,1.00
2008.10.31 14:04:43.894,1.1535,1.15375,19.30,1.00
2008.10.31 14:04:44.754,1.1535,1.15375,25.50,1.00
2008.10.31 14:04:44.984,1.15355,1.15375,6.00,1.00
2008.10.31 14:04:47.493,1.1535,1.15375,25.50,1.00
2008.10.31 14:04:47.733,1.1535,1.15375,19.30,1.00
2008.10.31 14:04:48.433,1.1535,1.15375,7.30,1.00
2008.10.31 14:04:50.202,1.1535,1.15375,1.30,1.00
2008.10.31 14:04:50.712,1.15355,1.15375,6.00,1.00
2008.10.31 14:04:51.122,1.15355,1.1538,6.60,1.00
2008.10.31 14:04:51.342,1.15355,1.1538,1.00,1.00
2008.10.31 14:04:51.812,1.1536,1.15375,1.00,1.00
2008.10.31 14:04:52.282,1.1535,1.1537,1.00,1.00
2008.10.31 14:04:52.462,1.1535,1.15375,8.50,1.00
2008.10.31 14:04:52.692,1.1536,1.15375,1.00,1.00
2008.10.31 14:04:52.872,1.1535,1.15375,31.50,1.00
2008.10.31 14:04:53.282,1.15355,1.1538,6.60,1.00
2008.10.31 14:04:53.742,1.1536,1.1538,1.00,1.00
2008.10.31 14:04:57.441,1.1536,1.1538,6.60,1.00
2008.10.31 14:04:57.661,1.1536,1.1538,18.60,1.00
2008.10.31 14:05:00.900,1.15365,1.1538,18.00,1.00
2008.10.31 14:05:01.470,1.1537,1.154,13.30,1.00
2008.10.31 14:05:01.750,1.1537,1.154,1.30,1.00
2008.10.31 14:05:02.100,1.1537,1.154,7.50,1.00
2008.10.31 14:05:02.600,1.1537,1.15395,13.50,1.00
2008.10.31 14:05:03.779,1.1537,1.15395,19.50,1.00
2008.10.31 14:05:04.969,1.1537,1.15395,13.50,1.00
2008.10.31 14:05:07.448,1.1537,1.15395,7.50,1.00
2008.10.31 14:05:08.938,1.1537,1.15395,13.50,1.00
2008.10.31 14:05:09.228,1.1537,1.15395,1.30,1.00
2008.10.31 14:05:09.918,1.1537,1.15395,7.30,1.00
2008.10.31 14:05:11.077,1.1537,1.1539,1.00,1.00
2008.10.31 14:05:11.358,1.15365,1.1539,12.00,2.10
2008.10.31 14:05:11.747,1.1537,1.15395,7.30,1.00
2008.10.31 14:05:12.547,1.1537,1.1539,1.00,1.00
2008.10.31 14:05:12.837,1.15365,1.1539,6.10,1.00
2008.10.31 14:05:13.237,1.1536,1.1539,31.50,1.00
2008.10.31 14:05:13.577,1.1536,1.1539,25.30,1.00
2008.10.31 14:05:13.797,1.1536,1.1539,19.30,1.00
2008.10.31 14:05:14.037,1.15365,1.1539,12.10,1.00
2008.10.31 14:05:14.677,1.15365,1.1539,18.10,1.00
2008.10.31 14:05:15.436,1.1537,1.15395,6.60,1.00
2008.10.31 14:05:15.896,1.1537,1.15395,7.30,1.00
2008.10.31 14:05:16.636,1.1537,1.15395,1.00,1.00
2008.10.31 14:05:17.106,1.1536,1.15395,18.00,13.00
2008.10.31 14:05:17.786,1.1536,1.1539,18.00,1.00
2008.10.31 14:05:17.956,1.1536,1.1539,18.00,4.30
2008.10.31 14:05:18.236,1.1536,1.1539,18.00,3.30
2008.10.31 14:05:18.626,1.1536,1.15395,18.00,16.30
2008.10.31 14:05:18.806,1.1536,1.15385,18.00,1.00
2008.10.31 14:05:19.386,1.15365,1.15385,6.00,1.00
2008.10.31 14:05:19.845,1.1536,1.15385,19.20,1.00
2008.10.31 14:05:20.315,1.1536,1.1538,12.60,1.00
2008.10.31 14:05:20.485,1.1536,1.15385,18.00,1.00
2008.10.31 14:05:20.765,1.1536,1.1539,18.00,1.00
2008.10.31 14:05:21.175,1.1537,1.15395,1.00,16.30
2008.10.31 14:05:21.405,1.1536,1.15385,18.60,1.00
2008.10.31 14:05:21.925,1.15355,1.1538,18.60,1.00
2008.10.31 14:05:22.205,1.15355,1.1538,18.00,2.20
2008.10.31 14:05:22.555,1.15355,1.15375,18.00,1.00
2008.10.31 14:05:22.785,1.15355,1.1537,6.00,1.00
2008.10.31 14:05:23.375,1.15355,1.15375,6.00,1.00
2008.10.31 14:05:24.144,1.15355,1.1537,6.00,1.00
2008.10.31 14:05:24.494,1.1536,1.1537,6.00,1.00
2008.10.31 14:05:24.844,1.1535,1.1537,6.60,1.00
2008.10.31 14:05:25.254,1.1535,1.1537,19.30,1.00
2008.10.31 14:05:25.494,1.1535,1.15375,19.30,1.00
2008.10.31 14:05:26.235,1.1535,1.1537,19.30,1.00
2008.10.31 14:05:26.594,1.1535,1.15375,20.50,1.00
2008.10.31 14:05:26.864,1.15355,1.1537,19.20,1.00
2008.10.31 14:05:27.153,1.1536,1.1538,18.00,1.00
2008.10.31 14:05:27.564,1.1536,1.15385,18.00,1.00
2008.10.31 14:05:27.803,1.1536,1.1539,24.10,1.00
2008.10.31 14:05:28.443,1.1536,1.15385,18.00,1.00
2008.10.31 14:05:29.213,1.1536,1.1538,13.20,1.00
2008.10.31 14:05:29.483,1.1536,1.1538,1.00,1.00
2008.10.31 14:05:30.053,1.1537,1.1538,1.00,1.00
2008.10.31 14:05:30.853,1.1537,1.15385,1.00,1.00
2008.10.31 14:05:31.303,1.1536,1.1538,1.30,1.00
2008.10.31 14:05:31.772,1.1536,1.1538,19.30,1.00
2008.10.31 14:05:32.232,1.1537,1.15405,7.30,2.20
2008.10.31 14:05:32.683,1.1537,1.15405,14.50,2.10
2008.10.31 14:05:32.862,1.1537,1.15405,19.30,2.20
2008.10.31 14:05:33.092,1.1537,1.154,1.30,1.00
2008.10.31 14:05:33.422,1.1537,1.1539,1.00,1.20
2008.10.31 14:05:33.842,1.1536,1.15395,25.30,13.20
2008.10.31 14:05:34.012,1.15365,1.15385,6.10,1.00
2008.10.31 14:05:34.292,1.1536,1.15385,12.60,1.00
2008.10.31 14:05:34.712,1.15355,1.15385,24.10,1.00
2008.10.31 14:05:35.042,1.15355,1.1538,18.00,1.00
2008.10.31 14:05:35.561,1.15355,1.1538,18.00,2.10
2008.10.31 14:05:36.721,1.15355,1.15375,18.00,1.00
2008.10.31 14:05:37.051,1.1535,1.15375,18.60,1.20
2008.10.31 14:05:37.281,1.1535,1.15375,18.60,2.20
2008.10.31 14:05:37.511,1.1535,1.1537,18.60,1.00
2008.10.31 14:05:38.791,1.1535,1.1537,12.60,1.00
2008.10.31 14:05:39.251,1.1536,1.1537,6.00,1.00
2008.10.31 14:05:39.600,1.1536,1.1539,6.00,1.00
2008.10.31 14:05:41.340,1.1536,1.15385,18.00,1.00
2008.10.31 14:05:41.690,1.1536,1.15395,18.00,16.30
2008.10.31 14:05:41.970,1.1536,1.15395,18.00,12.00
2008.10.31 14:05:42.200,1.1536,1.15395,24.10,12.00
2008.10.31 14:05:42.430,1.15365,1.1539,6.00,1.00
2008.10.31 14:05:42.900,1.15365,1.1539,6.00,2.20
2008.10.31 14:05:43.070,1.1536,1.15385,25.50,1.00
2008.10.31 14:05:44.430,1.1536,1.15385,19.30,1.00
2008.10.31 14:05:44.729,1.1536,1.15385,18.60,2.20
2008.10.31 14:05:45.189,1.1536,1.1538,18.60,1.00
2008.10.31 14:05:46.579,1.1536,1.15385,19.30,1.00
2008.10.31 14:05:46.819,1.1536,1.1539,19.30,2.20
2008.10.31 14:05:47.049,1.1536,1.1539,7.50,2.20
2008.10.31 14:05:48.208,1.1536,1.15385,6.90,2.10
2008.10.31 14:05:48.488,1.1536,1.1538,1.00,1.00
2008.10.31 14:05:48.898,1.15355,1.1538,18.00,2.10
2008.10.31 14:05:49.338,1.15355,1.1538,18.00,2.20
2008.10.31 14:05:49.848,1.15355,1.1538,18.00,1.00
2008.10.31 14:05:50.688,1.15355,1.15385,18.00,1.00
2008.10.31 14:05:51.548,1.15355,1.15385,18.00,4.50
2008.10.31 14:05:51.658,1.15355,1.1538,18.00,1.00
2008.10.31 14:05:52.237,1.15355,1.1538,6.00,2.20
2008.10.31 14:05:52.408,1.1535,1.1538,19.30,2.20
2008.10.31 14:05:54.427,1.15355,1.15375,6.00,1.00
2008.10.31 14:05:54.707,1.15355,1.1538,6.00,2.20
2008.10.31 14:05:56.326,1.15355,1.1538,18.00,2.20
2008.10.31 14:05:56.607,1.15355,1.1538,18.00,1.00
2008.10.31 14:05:57.836,1.15355,1.15385,18.00,1.00
2008.10.31 14:06:00.436,1.15355,1.15385,18.00,1.00
2008.10.31 14:06:00.776,1.1536,1.15385,6.00,1.00
2008.10.31 14:06:01.015,1.1536,1.1539,6.00,5.50
2008.10.31 14:06:01.475,1.1536,1.1539,6.00,2.20
2008.10.31 14:06:02.115,1.1536,1.15385,6.00,1.00
2008.10.31 14:06:02.645,1.1536,1.1538,6.00,1.00
2008.10.31 14:06:02.825,1.1536,1.15385,6.00,1.00
2008.10.31 14:06:03.747,1.1536,1.15385,12.10,1.00
2008.10.31 14:06:04.045,1.1536,1.15385,6.00,1.00
2008.10.31 14:06:04.614,1.1536,1.15385,12.10,1.00
2008.10.31 14:06:07.454,1.15365,1.15385,6.00,1.00
2008.10.31 14:06:07.734,1.15365,1.15385,18.00,1.00
2008.10.31 14:06:07.904,1.1537,1.1539,18.00,2.10
2008.10.31 14:06:08.254,1.1537,1.1539,18.60,2.10
2008.10.31 14:06:08.603,1.1537,1.1539,19.30,1.00
2008.10.31 14:06:08.824,1.15375,1.1539,1.00,1.00
2008.10.31 14:06:09.294,1.1537,1.15395,25.50,1.00
2008.10.31 14:06:13.382,1.1537,1.15395,31.50,1.00
2008.10.31 14:06:14.492,1.1537,1.1539,13.50,1.00
2008.10.31 14:06:14.912,1.1537,1.1539,6.00,2.20
2008.10.31 14:06:15.452,1.15365,1.1539,6.00,2.20
2008.10.31 14:06:15.692,1.15365,1.15395,12.10,1.00
2008.10.31 14:06:16.142,1.15365,1.154,18.00,14.20
2008.10.31 14:06:16.492,1.15365,1.15395,6.00,1.00
2008.10.31 14:06:17.301,1.15365,1.15395,6.00,1.00
2008.10.31 14:06:20.591,1.1537,1.15395,1.00,1.00
2008.10.31 14:06:20.890,1.1537,1.1539,1.00,1.00
2008.10.31 14:06:21.231,1.1537,1.15395,1.00,1.20
2008.10.31 14:06:21.521,1.15365,1.1539,6.00,1.00
2008.10.31 14:06:21.810,1.1537,1.15395,1.00,1.00
2008.10.31 14:06:22.280,1.1537,1.1539,1.30,1.00
2008.10.31 14:06:22.580,1.1537,1.1539,7.30,1.00
2008.10.31 14:06:23.100,1.1537,1.154,7.30,2.20
2008.10.31 14:06:23.210,1.1537,1.154,19.30,2.20
2008.10.31 14:06:24.370,1.1537,1.15395,19.30,1.00
2008.10.31 14:06:24.879,1.15375,1.15395,6.00,1.00
2008.10.31 14:06:25.290,1.15375,1.154,6.60,1.00
2008.10.31 14:06:25.729,1.15375,1.154,1.00,1.00
2008.10.31 14:06:25.959,1.1537,1.15395,19.30,1.00
2008.10.31 14:06:26.949,1.15375,1.15395,6.00,1.00
2008.10.31 14:06:27.239,1.15375,1.154,6.00,2.20
2008.10.31 14:06:27.699,1.1538,1.154,6.00,2.10
2008.10.31 14:06:27.929,1.1538,1.154,19.30,1.00
2008.10.31 14:06:28.559,1.1538,1.154,7.30,1.00
2008.10.31 14:06:29.009,1.1538,1.154,1.00,1.00
2008.10.31 14:06:29.299,1.1537,1.1539,6.60,1.00
2008.10.31 14:06:29.538,1.1537,1.1539,1.00,1.00
2008.10.31 14:06:30.288,1.1537,1.15395,7.50,1.00
2008.10.31 14:06:30.578,1.1537,1.15395,7.50,1.00
2008.10.31 14:06:31.038,1.1537,1.15395,13.50,1.00
2008.10.31 14:06:31.748,1.1537,1.15385,18.60,1.00
2008.10.31 14:06:31.858,1.1537,1.15395,19.30,1.00
2008.10.31 14:06:32.138,1.1537,1.15395,25.50,1.00
2008.10.31 14:06:32.358,1.1537,1.1539,6.90,1.00
2008.10.31 14:06:32.588,1.1537,1.1539,6.60,1.00
2008.10.31 14:06:32.758,1.1537,1.1539,1.00,1.00
2008.10.31 14:06:34.327,1.1537,1.15395,7.50,1.00
2008.10.31 14:06:35.077,1.1537,1.15395,13.50,1.00
2008.10.31 14:06:35.967,1.1538,1.154,1.00,1.00
2008.10.31 14:06:36.407,1.1538,1.154,1.30,1.00
2008.10.31 14:06:37.167,1.1538,1.154,1.00,1.00
2008.10.31 14:06:37.457,1.1537,1.15395,13.50,1.00
2008.10.31 14:06:37.917,1.1537,1.1539,6.60,1.00
2008.10.31 14:06:38.386,1.1537,1.15395,7.50,1.00
2008.10.31 14:06:38.806,1.1537,1.15395,13.50,1.00
2008.10.31 14:06:39.156,1.1537,1.15395,7.50,1.00
2008.10.31 14:06:40.046,1.15375,1.154,1.00,13.00
2008.10.31 14:06:40.326,1.1537,1.15395,7.50,1.00
2008.10.31 14:06:40.826,1.1537,1.15395,6.10,1.00
2008.10.31 14:06:41.056,1.15365,1.154,18.10,14.20
2008.10.31 14:06:41.355,1.1537,1.154,6.10,14.20
2008.10.31 14:06:42.055,1.1537,1.15395,6.10,1.00
2008.10.31 14:06:42.355,1.1537,1.15395,6.10,12.10
2008.10.31 14:06:42.645,1.1537,1.1539,6.10,1.00
2008.10.31 14:06:42.875,1.1537,1.1539,6.70,1.00
2008.10.31 14:06:43.165,1.1537,1.15395,6.70,13.00
2008.10.31 14:06:43.505,1.1537,1.15395,7.50,13.00
2008.10.31 14:06:44.475,1.1537,1.15395,1.30,13.00
2008.10.31 14:06:44.655,1.15365,1.15385,18.00,1.00
2008.10.31 14:06:44.895,1.1537,1.15395,7.50,1.00
2008.10.31 14:06:45.465,1.15375,1.15395,6.10,1.00
2008.10.31 14:06:46.075,1.15375,1.15395,6.10,1.00
2008.10.31 14:06:46.364,1.15375,1.15395,1.00,1.00
2008.10.31 14:06:46.774,1.1537,1.15395,12.90,1.00
2008.10.31 14:06:47.244,1.1537,1.1539,6.10,1.00
2008.10.31 14:06:47.714,1.15365,1.1539,30.10,1.00
2008.10.31 14:06:48.224,1.1537,1.1539,6.10,1.00
2008.10.31 14:06:48.604,1.15365,1.1539,30.10,1.00
2008.10.31 14:06:50.373,1.15365,1.1539,24.10,1.00
2008.10.31 14:06:50.843,1.15365,1.1539,12.10,1.00
2008.10.31 14:06:52.463,1.15365,1.1539,18.10,1.00
2008.10.31 14:06:52.813,1.15365,1.1539,30.10,1.00
2008.10.31 14:06:53.463,1.15365,1.1539,12.10,1.00
2008.10.31 14:06:53.883,1.15365,1.15395,12.10,1.00
2008.10.31 14:06:54.712,1.1537,1.15395,6.10,1.00
2008.10.31 14:06:56.362,1.15365,1.15395,12.10,1.00
2008.10.31 14:06:57.612,1.15365,1.15395,12.10,12.00
2008.10.31 14:06:58.252,1.15365,1.15395,6.10,12.00
2008.10.31 14:06:58.611,1.15365,1.15395,12.10,12.00
2008.10.31 14:06:58.951,1.1537,1.15395,6.10,12.00
2008.10.31 14:06:59.701,1.1537,1.15395,12.10,12.00
2008.10.31 14:07:01.721,1.1537,1.1539,12.10,1.00
2008.10.31 14:07:02.471,1.1537,1.15395,12.10,12.00
2008.10.31 14:07:02.710,1.1537,1.154,12.10,14.20
2008.10.31 14:07:03.590,1.1537,1.15395,12.10,1.00
2008.10.31 14:07:03.710,1.1537,1.15395,12.10,1.00
2008.10.31 14:07:03.890,1.1537,1.1539,12.10,1.00
2008.10.31 14:07:04.190,1.1537,1.1539,12.70,1.00
2008.10.31 14:07:04.700,1.1537,1.15395,12.70,1.00
2008.10.31 14:07:04.980,1.1537,1.15395,13.50,1.00
2008.10.31 14:07:06.070,1.1537,1.15395,7.50,1.00
2008.10.31 14:07:06.360,1.15375,1.154,1.00,1.00
2008.10.31 14:07:06.640,1.1537,1.15395,13.50,1.00
2008.10.31 14:07:07.679,1.15375,1.15395,6.90,1.00
2008.10.31 14:07:08.149,1.1537,1.15395,13.50,1.00
2008.10.31 14:07:08.539,1.15375,1.15395,6.90,1.00
2008.10.31 14:07:08.949,1.15375,1.15395,1.00,1.00
2008.10.31 14:07:11.839,1.1537,1.15395,13.50,1.00
2008.10.31 14:07:12.528,1.1537,1.15395,7.50,1.00
2008.10.31 14:07:13.688,1.1537,1.15395,13.50,1.00
2008.10.31 14:07:16.087,1.1537,1.15395,6.10,1.00
2008.10.31 14:07:16.487,1.1537,1.15395,6.10,1.00
2008.10.31 14:07:17.297,1.1537,1.1539,6.10,1.00
2008.10.31 14:07:17.747,1.15365,1.1539,7.30,1.00
2008.10.31 14:07:18.137,1.15365,1.15385,6.00,1.00
2008.10.31 14:07:18.377,1.1537,1.15395,6.10,1.00
2008.10.31 14:07:18.667,1.1537,1.15395,6.10,12.00
2008.10.31 14:07:19.766,1.1537,1.15395,6.70,13.00
2008.10.31 14:07:19.986,1.1537,1.15395,6.70,1.00
2008.10.31 14:07:20.466,1.1537,1.15395,6.10,13.00
2008.10.31 14:07:20.766,1.1537,1.15395,6.10,12.00
2008.10.31 14:07:20.986,1.15365,1.15395,6.00,12.00
2008.10.31 14:07:21.326,1.1536,1.15395,18.60,12.00
2008.10.31 14:07:21.776,1.1536,1.15395,18.60,15.30
2008.10.31 14:07:22.016,1.1536,1.15395,18.00,15.30
2008.10.31 14:07:22.376,1.15365,1.15395,6.10,12.00
2008.10.31 14:07:22.666,1.15365,1.15395,12.10,12.00
2008.10.31 14:07:23.426,1.15365,1.15395,6.00,12.00
2008.10.31 14:07:23.655,1.1536,1.15395,30.10,12.00
2008.10.31 14:07:24.005,1.1536,1.15395,24.00,12.00
2008.10.31 14:07:24.285,1.15365,1.1539,6.10,1.00
2008.10.31 14:07:24.685,1.15365,1.1539,12.10,1.00
2008.10.31 14:07:24.915,1.1536,1.1539,1.20,1.00
2008.10.31 14:07:25.385,1.1536,1.15385,19.30,1.00
2008.10.31 14:07:25.665,1.1536,1.15385,19.30,1.00
2008.10.31 14:07:28.144,1.15365,1.15385,6.00,1.00
2008.10.31 14:07:28.374,1.1537,1.15385,6.10,1.00
2008.10.31 14:07:29.974,1.1537,1.15385,6.70,1.00
2008.10.31 14:07:30.254,1.1537,1.15395,12.70,1.00
2008.10.31 14:07:30.954,1.1537,1.15395,13.50,1.00
2008.10.31 14:07:32.013,1.1537,1.15395,7.50,1.00
2008.10.31 14:07:33.403,1.1537,1.15395,8.70,1.00
2008.10.31 14:07:33.683,1.15375,1.15395,1.00,1.00
2008.10.31 14:07:33.983,1.1538,1.154,1.30,1.00
2008.10.31 14:07:35.622,1.1538,1.154,1.00,1.00
2008.10.31 14:07:37.212,1.1538,1.154,1.30,1.00
2008.10.31 14:07:38.332,1.1538,1.1539,1.00,1.00
2008.10.31 14:07:38.492,1.15375,1.1539,1.00,1.00
2008.10.31 14:07:38.902,1.15375,1.1539,6.60,1.00
2008.10.31 14:07:40.071,1.15375,1.1539,6.00,1.00
2008.10.31 14:07:40.371,1.1537,1.1539,3.70,1.00
2008.10.31 14:07:40.651,1.1537,1.1539,1.00,1.00
2008.10.31 14:07:41.341,1.1537,1.1539,1.00,1.00
2008.10.31 14:07:42.081,1.1537,1.1539,19.30,1.00
2008.10.31 14:07:42.371,1.1537,1.1539,20.50,1.00
2008.10.31 14:07:42.761,1.15375,1.1539,6.00,1.00
2008.10.31 14:07:42.931,1.15375,1.1539,6.60,1.00
2008.10.31 14:07:43.361,1.1538,1.15395,1.00,1.00
2008.10.31 14:07:43.601,1.1538,1.154,1.00,1.00
2008.10.31 14:07:43.891,1.1537,1.15395,13.50,1.00
2008.10.31 14:07:45.020,1.15375,1.15395,6.10,1.00
2008.10.31 14:07:45.470,1.15375,1.15395,12.70,1.00
2008.10.31 14:07:45.760,1.15375,1.154,12.60,1.00
2008.10.31 14:07:45.940,1.1538,1.154,1.00,1.00
2008.10.31 14:07:50.539,1.1538,1.154,1.30,1.00
2008.10.31 14:07:51.409,1.1538,1.154,1.00,1.00
2008.10.31 14:07:51.699,1.1538,1.154,1.30,1.00
2008.10.31 14:07:52.169,1.1538,1.154,7.50,1.00
2008.10.31 14:07:52.399,1.1539,1.1541,1.00,13.00
2008.10.31 14:07:54.468,1.1539,1.1541,1.00,1.00
2008.10.31 14:07:57.627,1.1538,1.15405,8.20,1.00
2008.10.31 14:07:57.797,1.1538,1.15405,7.50,1.00
2008.10.31 14:07:58.197,1.1538,1.15405,13.50,1.00
2008.10.31 14:07:58.647,1.1538,1.15405,7.50,1.00
2008.10.31 14:07:58.927,1.1538,1.15405,13.50,1.00
2008.10.31 14:07:59.717,1.15385,1.15405,1.20,1.00
2008.10.31 14:08:00.127,1.15385,1.15415,1.00,14.20
2008.10.31 14:08:00.356,1.1539,1.1541,1.00,1.00
2008.10.31 14:08:00.656,1.1539,1.15405,1.00,1.00
2008.10.31 14:08:02.476,1.1539,1.15415,1.00,14.20
2008.10.31 14:08:03.176,1.1539,1.1541,1.30,1.00
2008.10.31 14:08:04.766,1.1539,1.1541,1.00,14.20
2008.10.31 14:08:05.285,1.15375,1.15405,32.70,1.00
2008.10.31 14:08:05.925,1.1538,1.15415,13.50,14.20
2008.10.31 14:08:06.105,1.15385,1.1541,1.00,13.00
2008.10.31 14:08:06.565,1.1539,1.1541,1.00,13.00
2008.10.31 14:08:07.315,1.1539,1.15405,1.00,1.00
2008.10.31 14:08:07.665,1.1538,1.15405,14.20,13.00
2008.10.31 14:08:07.905,1.1538,1.15405,13.50,1.00
2008.10.31 14:08:08.315,1.1538,1.15405,1.30,1.00
2008.10.31 14:08:08.735,1.1538,1.154,1.00,12.00
2008.10.31 14:08:09.014,1.1538,1.154,1.00,13.00
2008.10.31 14:08:09.295,1.1538,1.1541,1.00,14.20
2008.10.31 14:08:09.594,1.1538,1.15405,1.30,13.00
2008.10.31 14:08:10.044,1.1538,1.15405,7.50,13.00
2008.10.31 14:08:11.364,1.1538,1.15405,6.90,13.00
2008.10.31 14:08:11.754,1.1538,1.154,6.10,1.00
2008.10.31 14:08:12.664,1.1538,1.154,6.10,1.00
2008.10.31 14:08:12.904,1.1538,1.1541,6.70,14.20
2008.10.31 14:08:13.373,1.1538,1.15405,7.50,13.00
2008.10.31 14:08:14.123,1.15385,1.15415,1.00,14.20
2008.10.31 14:08:14.733,1.15375,1.15405,15.90,13.00
2008.10.31 14:08:14.963,1.1538,1.154,6.10,12.00
2008.10.31 14:08:15.293,1.1537,1.154,12.10,12.00
2008.10.31 14:08:16.113,1.15375,1.154,6.10,12.00
2008.10.31 14:08:16.403,1.1538,1.154,6.10,12.00
2008.10.31 14:08:17.163,1.1537,1.154,12.10,12.00
2008.10.31 14:08:17.853,1.15375,1.1539,6.00,1.00
2008.10.31 14:08:18.152,1.1537,1.154,18.10,2.20
2008.10.31 14:08:18.502,1.1537,1.15395,12.70,1.00
2008.10.31 14:08:18.782,1.1537,1.15395,13.50,1.00
2008.10.31 14:08:18.902,1.1537,1.15395,13.50,1.00
2008.10.31 14:08:19.072,1.1537,1.1539,6.60,1.00
2008.10.31 14:08:19.252,1.1537,1.1539,7.30,1.00
2008.10.31 14:08:19.422,1.1537,1.1539,1.30,1.00
2008.10.31 14:08:19.662,1.1537,1.1539,7.30,1.00
2008.10.31 14:08:22.491,1.1537,1.1539,8.50,1.00
2008.10.31 14:08:22.721,1.1538,1.154,1.00,13.30
2008.10.31 14:08:22.931,1.15365,1.15395,35.10,1.00
2008.10.31 14:08:23.051,1.15375,1.15395,6.00,1.00
2008.10.31 14:08:23.511,1.15365,1.15395,32.70,1.00
2008.10.31 14:08:25.471,1.1537,1.15395,7.50,1.00
2008.10.31 14:08:26.050,1.1537,1.15395,1.30,1.00
2008.10.31 14:08:27.190,1.1537,1.15395,7.50,1.00
2008.10.31 14:08:27.720,1.1537,1.15395,1.30,1.00
2008.10.31 14:08:28.640,1.15375,1.15395,1.00,1.00
2008.10.31 14:08:28.810,1.15375,1.15405,1.00,14.20
2008.10.31 14:08:29.390,1.15375,1.154,1.00,1.20
2008.10.31 14:08:29.560,1.1538,1.154,1.00,1.20
2008.10.31 14:08:29.959,1.1538,1.154,1.00,13.20
2008.10.31 14:08:30.949,1.1539,1.15415,1.30,16.50
2008.10.31 14:08:31.249,1.1539,1.15405,1.30,12.10
2008.10.31 14:08:31.709,1.1538,1.15405,8.50,1.00
2008.10.31 14:08:31.949,1.15395,1.15415,1.20,13.20
2008.10.31 14:08:32.409,1.15395,1.1541,1.20,1.00
2008.10.31 14:08:32.869,1.1538,1.1541,2.10,1.20
2008.10.31 14:08:33.439,1.1539,1.1541,6.60,1.00
2008.10.31 14:08:33.778,1.154,1.15425,1.30,14.40
2008.10.31 14:08:36.048,1.154,1.15415,1.30,1.00
2008.10.31 14:08:36.448,1.15385,1.1541,33.90,1.00
2008.10.31 14:08:36.908,1.1539,1.1541,12.10,1.00
2008.10.31 14:08:37.258,1.1539,1.1542,12.70,14.20
2008.10.31 14:08:37.597,1.1539,1.15415,18.70,1.00
2008.10.31 14:08:38.477,1.1539,1.15415,19.50,1.00
2008.10.31 14:08:38.877,1.154,1.15425,1.00,1.20
2008.10.31 14:08:39.227,1.154,1.1542,1.80,1.00
2008.10.31 14:08:39.507,1.154,1.1542,2.50,1.00
2008.10.31 14:08:40.097,1.154,1.1542,1.30,1.00
2008.10.31 14:08:40.727,1.15385,1.15415,33.90,1.00
2008.10.31 14:08:41.057,1.154,1.15425,1.00,1.10
2008.10.31 14:08:41.167,1.15405,1.15435,1.00,2.20
2008.10.31 14:08:41.467,1.15405,1.1543,1.30,1.00
2008.10.31 14:08:41.647,1.15405,1.1543,1.30,1.00
2008.10.31 14:08:42.496,1.15405,1.15425,2.40,1.00
2008.10.31 14:08:42.837,1.15395,1.15425,20.70,1.00
2008.10.31 14:08:43.066,1.154,1.15425,20.50,1.00
2008.10.31 14:08:43.516,1.15415,1.15425,18.60,1.00
2008.10.31 14:08:43.936,1.15415,1.1545,19.30,1.10
2008.10.31 14:08:44.166,1.1542,1.15445,18.00,1.00
2008.10.31 14:08:45.286,1.15425,1.1544,12.00,1.00
2008.10.31 14:08:45.566,1.15415,1.1544,19.80,1.00
2008.10.31 14:08:46.765,1.1542,1.1544,18.60,1.00
2008.10.31 14:08:47.295,1.15425,1.1544,6.00,1.00
2008.10.31 14:08:47.415,1.15425,1.1544,18.00,1.00
2008.10.31 14:08:49.974,1.1543,1.1544,18.00,1.00
2008.10.31 14:08:50.314,1.1543,1.15455,18.60,2.10
2008.10.31 14:08:50.944,1.15445,1.15475,1.00,7.00
2008.10.31 14:08:52.444,1.1545,1.15465,1.00,1.00
2008.10.31 14:08:52.734,1.1545,1.15465,1.00,1.00
2008.10.31 14:08:53.204,1.1545,1.15465,6.60,1.00
2008.10.31 14:08:53.994,1.1545,1.15465,1.00,1.00
2008.10.31 14:08:54.464,1.15435,1.15465,19.30,1.00
2008.10.31 14:08:54.873,1.15435,1.1546,6.00,1.00
2008.10.31 14:08:55.165,1.15435,1.1545,6.00,1.00
2008.10.31 14:08:56.203,1.15425,1.1545,26.70,1.00
2008.10.31 14:08:57.473,1.15435,1.1545,6.00,1.00
2008.10.31 14:08:57.863,1.15435,1.15445,18.00,1.00
2008.10.31 14:08:58.203,1.15435,1.15455,18.00,1.00
2008.10.31 14:08:59.452,1.15435,1.1545,6.00,1.00
2008.10.31 14:08:59.782,1.15425,1.1545,26.70,1.00
2008.10.31 14:09:00.082,1.1543,1.1545,6.60,1.00
2008.10.31 14:09:00.492,1.1543,1.15445,1.00,1.00
2008.10.31 14:09:00.722,1.1543,1.15445,18.60,1.00
2008.10.31 14:09:01.232,1.1543,1.15455,18.60,2.20
2008.10.31 14:09:01.592,1.15435,1.1545,18.00,1.00
2008.10.31 14:09:01.922,1.15435,1.15465,18.00,4.30
2008.10.31 14:09:02.591,1.1545,1.15475,6.00,10.30
2008.10.31 14:09:02.862,1.15455,1.1547,6.00,1.00
2008.10.31 14:09:03.321,1.15455,1.15495,6.00,10.50
2008.10.31 14:09:03.731,1.1547,1.15495,6.00,1.00
2008.10.31 14:09:03.951,1.1546,1.15495,19.30,1.00
2008.10.31 14:09:04.631,1.1545,1.1549,31.50,13.00
2008.10.31 14:09:04.901,1.15455,1.1549,18.00,12.00
2008.10.31 14:09:05.241,1.1546,1.155,18.00,23.40
2008.10.31 14:09:05.601,1.15465,1.15485,18.00,1.00
2008.10.31 14:09:06.441,1.15455,1.15485,25.90,2.20
2008.10.31 14:09:06.781,1.1546,1.1548,18.60,1.00
2008.10.31 14:09:06.961,1.1546,1.1548,18.60,1.00
2008.10.31 14:09:10.890,1.1545,1.15475,27.40,1.00
2008.10.31 14:09:11.180,1.1545,1.15465,1.00,1.00
2008.10.31 14:09:11.580,1.1544,1.15465,25.30,1.00
2008.10.31 14:09:11.909,1.15445,1.15475,6.00,2.30
2008.10.31 14:09:12.249,1.15455,1.15475,6.00,2.20
2008.10.31 14:09:12.590,1.15455,1.15475,6.00,1.00
2008.10.31 14:09:13.279,1.15455,1.15475,6.00,1.00
2008.10.31 14:09:13.629,1.15455,1.15485,18.00,2.20
2008.10.31 14:09:14.009,1.1546,1.1548,19.30,1.00
2008.10.31 14:09:14.569,1.15465,1.1548,6.00,1.00
2008.10.31 14:09:16.938,1.1547,1.15495,6.60,2.10
2008.10.31 14:09:17.688,1.1548,1.1549,1.00,1.00
2008.10.31 14:09:18.068,1.15465,1.15485,26.40,1.00
2008.10.31 14:09:18.458,1.1547,1.15495,6.70,1.10
2008.10.31 14:09:18.808,1.1547,1.1549,1.00,1.00
2008.10.31 14:09:19.628,1.15475,1.155,1.00,1.10
2008.10.31 14:09:19.978,1.1548,1.15495,1.00,1.00
2008.10.31 14:09:21.777,1.1548,1.15505,1.00,14.20
2008.10.31 14:09:22.357,1.1548,1.155,1.30,1.00
2008.10.31 14:09:23.047,1.15495,1.155,4.20,1.00
2008.10.31 14:09:23.336,1.15495,1.1553,1.00,14.20
2008.10.31 14:09:23.847,1.155,1.1553,1.00,1.00
2008.10.31 14:09:24.137,1.155,1.15525,12.90,13.20
2008.10.31 14:09:24.656,1.155,1.15515,1.00,13.20
2008.10.31 14:09:25.166,1.155,1.15515,1.30,1.00
2008.10.31 14:09:25.736,1.155,1.15515,1.00,12.00
2008.10.31 14:09:26.086,1.1549,1.15515,13.60,13.20
2008.10.31 14:09:26.376,1.15495,1.15515,1.00,1.00
2008.10.31 14:09:26.776,1.15495,1.1551,1.00,1.00
2008.10.31 14:09:27.016,1.15495,1.1551,1.00,1.00
2008.10.31 14:09:27.466,1.15495,1.1552,1.00,2.20
2008.10.31 14:09:27.986,1.15505,1.15515,1.00,1.00
2008.10.31 14:09:28.555,1.15505,1.15515,1.00,1.00
2008.10.31 14:09:28.855,1.15495,1.15525,19.30,2.10
2008.10.31 14:09:29.435,1.155,1.1552,1.00,1.00
2008.10.31 14:09:29.775,1.15505,1.1552,6.00,1.00
2008.10.31 14:09:30.245,1.15495,1.1552,32.70,1.00
2008.10.31 14:09:30.695,1.155,1.1552,1.00,1.00
2008.10.31 14:09:31.215,1.155,1.1552,1.00,13.20
2008.10.31 14:09:32.415,1.155,1.1551,1.00,1.00
2008.10.31 14:09:32.924,1.1549,1.1552,6.10,12.00
2008.10.31 14:09:33.224,1.1549,1.15515,12.10,12.00
2008.10.31 14:09:33.624,1.155,1.15515,1.00,12.00
2008.10.31 14:09:34.024,1.15485,1.15515,9.70,1.00
2008.10.31 14:09:34.264,1.15485,1.15515,1.00,12.00
2008.10.31 14:09:34.494,1.1547,1.15515,31.90,12.00
2008.10.31 14:09:34.894,1.1549,1.1551,6.10,12.00
2008.10.31 14:09:35.184,1.1549,1.1551,6.10,1.00
2008.10.31 14:09:35.524,1.1549,1.1551,12.10,1.00
2008.10.31 14:09:36.054,1.1549,1.1551,6.00,1.00
2008.10.31 14:09:36.453,1.1548,1.1551,12.10,1.00
2008.10.31 14:09:36.903,1.15495,1.1552,1.00,13.20
2008.10.31 14:09:37.373,1.155,1.15515,1.00,1.00
2008.10.31 14:09:37.783,1.155,1.15525,1.30,13.20
2008.10.31 14:09:39.653,1.155,1.15515,18.60,1.00
2008.10.31 14:09:40.173,1.15505,1.15515,1.00,1.00
2008.10.31 14:09:40.403,1.155,1.15525,7.50,13.20
2008.10.31 14:09:40.682,1.155,1.1552,1.30,1.00
2008.10.31 14:09:41.492,1.155,1.1552,19.30,1.00
2008.10.31 14:09:41.772,1.1551,1.1552,1.00,1.00
2008.10.31 14:09:42.172,1.1551,1.1553,1.00,19.00
2008.10.31 14:09:42.592,1.15495,1.1552,14.70,1.00
2008.10.31 14:09:43.082,1.155,1.1552,1.30,1.00
2008.10.31 14:09:43.482,1.155,1.15515,6.60,1.00
2008.10.31 14:09:43.942,1.155,1.15515,1.00,1.00
2008.10.31 14:09:44.062,1.155,1.15525,1.30,13.20
2008.10.31 14:09:45.751,1.155,1.1552,1.30,1.00
2008.10.31 14:09:46.041,1.155,1.15515,1.00,1.00
2008.10.31 14:09:46.321,1.155,1.1551,1.00,1.00
2008.10.31 14:09:46.601,1.15475,1.155,12.70,1.00
2008.10.31 14:09:46.881,1.1548,1.15515,6.10,13.20
2008.10.31 14:09:47.531,1.1548,1.1551,12.10,1.00
2008.10.31 14:09:47.821,1.1549,1.1551,1.00,1.00
2008.10.31 14:09:48.471,1.1548,1.1551,31.50,1.00
2008.10.31 14:09:48.700,1.15485,1.1552,12.10,14.10
2008.10.31 14:09:48.930,1.15485,1.15505,12.10,1.00
2008.10.31 14:09:49.460,1.15485,1.15515,12.10,1.20
2008.10.31 14:09:49.750,1.15495,1.1551,1.00,1.00
2008.10.31 14:09:50.260,1.15495,1.1552,1.00,13.20
2008.10.31 14:09:50.560,1.155,1.1552,1.30,1.00
2008.10.31 14:09:51.110,1.155,1.1552,1.30,1.00
2008.10.31 14:09:51.510,1.155,1.1552,7.50,1.00
2008.10.31 14:09:51.919,1.15505,1.1552,1.00,1.00
2008.10.31 14:09:52.300,1.15495,1.1552,2.50,13.00
2008.10.31 14:09:52.529,1.155,1.15515,1.30,1.00
2008.10.31 14:09:52.930,1.155,1.15525,1.30,13.20
2008.10.31 14:09:53.320,1.155,1.15515,1.30,1.00
2008.10.31 14:09:53.499,1.155,1.1551,1.00,1.00
2008.10.31 14:09:53.779,1.15485,1.15505,1.60,1.00
2008.10.31 14:09:54.279,1.15485,1.15515,6.90,12.00
2008.10.31 14:09:54.679,1.1549,1.15505,6.10,1.00
2008.10.31 14:09:54.979,1.1548,1.15505,32.10,1.00
2008.10.31 14:09:55.209,1.15485,1.15505,12.10,1.00
2008.10.31 14:09:55.489,1.15485,1.15505,6.10,1.00
2008.10.31 14:09:56.429,1.15475,1.15505,33.90,1.00
2008.10.31 14:09:56.779,1.1548,1.15505,19.50,1.00
2008.10.31 14:09:57.008,1.1548,1.15515,6.10,12.00
2008.10.31 14:09:57.228,1.1548,1.1551,12.10,13.20
2008.10.31 14:09:57.648,1.1548,1.155,6.00,1.00
2008.10.31 14:09:57.818,1.15475,1.1551,30.10,1.00
2008.10.31 14:09:58.168,1.1548,1.1552,6.10,12.00
2008.10.31 14:09:58.568,1.1548,1.15515,12.10,12.00
2008.10.31 14:09:59.038,1.15485,1.15525,18.00,17.60
2008.10.31 14:09:59.328,1.15485,1.1551,12.00,1.00
2008.10.31 14:09:59.608,1.15475,1.1551,31.30,1.00
2008.10.31 14:10:00.677,1.1548,1.1551,18.10,1.00
2008.10.31 14:10:00.968,1.1548,1.1551,12.10,1.00
2008.10.31 14:10:01.777,1.1549,1.1551,1.00,1.00
2008.10.31 14:10:02.007,1.1549,1.15505,1.00,1.00
2008.10.31 14:10:02.397,1.15475,1.15505,32.70,1.00
2008.10.31 14:10:02.687,1.1548,1.15515,18.10,12.00
2008.10.31 14:10:03.017,1.1548,1.1551,12.10,12.00
2008.10.31 14:10:05.676,1.1549,1.1551,6.00,12.00
2008.10.31 14:10:05.906,1.15475,1.1551,31.30,1.00
2008.10.31 14:10:06.196,1.1548,1.1551,6.00,1.00
2008.10.31 14:10:06.726,1.1547,1.1551,32.70,3.30
2008.10.31 14:10:07.006,1.15475,1.1551,7.20,15.30
2008.10.31 14:10:07.346,1.15465,1.155,33.90,1.00
2008.10.31 14:10:07.636,1.15465,1.155,30.10,1.00
2008.10.31 14:10:07.926,1.1547,1.1551,6.00,15.30
2008.10.31 14:10:08.496,1.1546,1.15505,31.00,15.30
2008.10.31 14:10:08.836,1.15475,1.1549,6.10,1.00
2008.10.31 14:10:09.246,1.15475,1.15505,6.70,1.00
2008.10.31 14:10:09.415,1.15465,1.15495,15.90,1.00
2008.10.31 14:10:09.706,1.1547,1.15495,7.50,1.00
2008.10.31 14:10:10.285,1.1547,1.15485,1.30,1.00
2008.10.31 14:10:10.745,1.1548,1.15485,1.00,1.00
2008.10.31 14:10:11.205,1.15475,1.15495,6.60,1.10
2008.10.31 14:10:11.475,1.1548,1.1549,19.30,1.00
2008.10.31 14:10:11.775,1.1548,1.15515,7.30,12.00
2008.10.31 14:10:12.005,1.1548,1.1551,12.10,12.00
2008.10.31 14:10:12.245,1.1548,1.1552,18.10,12.00
2008.10.31 14:10:12.885,1.1548,1.1551,18.10,12.00
2008.10.31 14:10:13.184,1.1548,1.1551,6.00,12.00
2008.10.31 14:10:13.365,1.1547,1.1551,25.50,15.30
2008.10.31 14:10:13.994,1.15475,1.1551,6.00,15.30
2008.10.31 14:10:14.284,1.15465,1.15505,30.10,12.00
2008.10.31 14:10:14.874,1.1547,1.15505,24.10,12.00
2008.10.31 14:10:15.524,1.15475,1.15495,6.00,1.00
2008.10.31 14:10:15.804,1.1548,1.1549,12.00,1.00
2008.10.31 14:10:16.214,1.1547,1.1549,7.50,1.00
2008.10.31 14:10:16.784,1.1548,1.1549,1.00,1.00
2008.10.31 14:10:17.474,1.1549,1.1552,1.30,13.20
2008.10.31 14:10:17.753,1.1548,1.1552,18.10,12.00
2008.10.31 14:10:18.093,1.15485,1.1553,24.10,17.50
2008.10.31 14:10:18.213,1.1549,1.15525,6.00,14.10
2008.10.31 14:10:18.443,1.15495,1.15525,6.10,12.00
2008.10.31 14:10:18.613,1.15495,1.1551,6.10,1.00
2008.10.31 14:10:18.833,1.15485,1.155,6.00,1.00
2008.10.31 14:10:19.073,1.15475,1.1551,31.30,1.00
2008.10.31 14:10:19.833,1.15485,1.1551,6.10,1.00
2008.10.31 14:10:20.113,1.1549,1.1551,6.10,1.00
2008.10.31 14:10:20.673,1.1549,1.15515,6.10,12.00
2008.10.31 14:10:21.084,1.15485,1.15505,6.10,1.00
2008.10.31 14:10:21.313,1.1549,1.15515,6.10,12.00
2008.10.31 14:10:21.712,1.15495,1.15515,6.10,12.00
2008.10.31 14:10:23.832,1.1549,1.15505,12.90,1.00
2008.10.31 14:10:24.062,1.1549,1.15505,1.00,1.00
2008.10.31 14:10:24.222,1.1549,1.1551,1.00,1.00
2008.10.31 14:10:24.462,1.1549,1.1551,6.90,1.00
2008.10.31 14:10:24.752,1.1549,1.1551,6.90,1.00
2008.10.31 14:10:25.052,1.1549,1.15515,1.30,1.00
2008.10.31 14:10:25.332,1.15485,1.15515,12.10,12.00
2008.10.31 14:10:25.571,1.15485,1.15515,6.00,12.00
2008.10.31 14:10:25.862,1.15485,1.15515,12.10,12.00
2008.10.31 14:10:26.092,1.15485,1.1551,12.10,12.00
2008.10.31 14:10:26.621,1.1549,1.1551,6.10,12.00
2008.10.31 14:10:27.241,1.1549,1.1551,12.10,1.00
2008.10.31 14:10:27.421,1.1549,1.1551,6.10,1.00
2008.10.31 14:10:27.691,1.1549,1.1551,12.10,1.00
2008.10.31 14:10:28.101,1.1549,1.1551,6.00,1.00
2008.10.31 14:10:28.741,1.15485,1.1551,12.10,1.00
2008.10.31 14:10:29.320,1.1549,1.1551,6.10,1.00
2008.10.31 14:10:30.770,1.15485,1.1551,12.10,1.00
2008.10.31 14:10:31.001,1.15485,1.1551,6.10,1.00
2008.10.31 14:10:31.230,1.1549,1.15515,1.00,13.00
2008.10.31 14:10:31.470,1.1549,1.15515,1.00,1.00
2008.10.31 14:10:31.860,1.1549,1.15515,6.70,1.00
2008.10.31 14:10:32.310,1.1549,1.15515,12.10,1.00
2008.10.31 14:10:32.610,1.1549,1.15515,6.00,1.00
2008.10.31 14:10:32.900,1.1549,1.15505,6.00,1.20
2008.10.31 14:10:33.240,1.1548,1.15505,25.50,1.00
2008.10.31 14:10:33.530,1.1549,1.15505,6.10,1.00
2008.10.31 14:10:33.860,1.1549,1.15515,6.10,12.00
2008.10.31 14:10:34.099,1.1549,1.15515,12.10,12.00
2008.10.31 14:10:35.189,1.15485,1.1551,6.00,1.00
2008.10.31 14:10:35.559,1.1548,1.1551,12.10,1.00
2008.10.31 14:10:35.849,1.15485,1.1551,6.10,1.00
2008.10.31 14:10:36.149,1.1549,1.15515,6.10,12.00
2008.10.31 14:10:36.609,1.1549,1.15515,12.10,12.00
2008.10.31 14:10:36.829,1.1549,1.15515,6.10,12.00
2008.10.31 14:10:37.419,1.1549,1.15515,12.10,12.00
2008.10.31 14:10:38.059,1.1549,1.15515,6.00,1.00
2008.10.31 14:10:38.398,1.1549,1.15515,6.10,1.00
2008.10.31 14:10:38.619,1.1549,1.15515,6.10,12.00
2008.10.31 14:10:38.789,1.15495,1.15515,6.10,12.00
2008.10.31 14:10:39.188,1.15495,1.15515,12.10,12.00
2008.10.31 14:10:39.998,1.15495,1.15515,12.10,1.00
2008.10.31 14:10:40.708,1.15495,1.15515,6.10,12.00
2008.10.31 14:10:41.987,1.15495,1.15515,12.10,12.00
2008.10.31 14:10:43.647,1.15495,1.15515,12.10,1.00
2008.10.31 14:10:43.937,1.15495,1.15505,12.10,1.00
2008.10.31 14:10:44.177,1.15495,1.15505,6.00,1.00
2008.10.31 14:10:44.347,1.15495,1.15505,6.00,1.00
2008.10.31 14:10:44.527,1.1549,1.15505,1.00,1.00
2008.10.31 14:10:44.757,1.1549,1.155,1.00,1.00
2008.10.31 14:10:45.217,1.1549,1.155,12.90,1.00
2008.10.31 14:10:45.637,1.1549,1.155,18.10,1.00
2008.10.31 14:10:45.867,1.15495,1.15525,6.10,12.00
2008.10.31 14:10:46.107,1.15495,1.1552,6.10,12.00
2008.10.31 14:10:46.326,1.15495,1.1552,6.10,1.00
2008.10.31 14:10:46.687,1.15495,1.1552,6.10,1.00
2008.10.31 14:10:48.016,1.15495,1.15515,12.10,1.00
2008.10.31 14:10:49.736,1.15495,1.15515,6.10,1.00
2008.10.31 14:10:51.725,1.15495,1.15515,12.10,1.00
2008.10.31 14:10:51.955,1.1549,1.15515,13.50,1.00
2008.10.31 14:10:53.335,1.15495,1.15515,6.10,1.00
2008.10.31 14:10:53.795,1.15495,1.15515,12.10,1.00
2008.10.31 14:10:57.645,1.15495,1.1551,12.10,1.00
2008.10.31 14:10:57.754,1.15495,1.1551,6.00,1.00
2008.10.31 14:10:58.104,1.1549,1.1551,7.50,1.00
2008.10.31 14:10:58.324,1.1549,1.1551,1.30,1.00
2008.10.31 14:10:58.494,1.1549,1.15505,1.00,1.00
2008.10.31 14:11:01.773,1.1549,1.15505,1.30,1.00
2008.10.31 14:11:02.063,1.1549,1.155,1.30,1.00
2008.10.31 14:11:02.353,1.15495,1.1552,6.10,1.00
2008.10.31 14:11:02.932,1.15495,1.15515,12.10,1.00
2008.10.31 14:11:03.322,1.1549,1.15515,1.30,1.00
2008.10.31 14:11:03.623,1.1549,1.1551,2.50,1.00
2008.10.31 14:11:03.972,1.1549,1.1551,8.70,1.00
2008.10.31 14:11:04.202,1.15495,1.1551,6.10,1.00
2008.10.31 14:11:04.532,1.155,1.1552,1.00,1.00
2008.10.31 14:11:05.052,1.15495,1.15515,12.10,1.00
2008.10.31 14:11:05.392,1.15495,1.15515,6.10,1.00
2008.10.31 14:11:05.902,1.15495,1.15515,12.10,1.00
2008.10.31 14:11:06.012,1.1549,1.1551,7.30,1.00
2008.10.31 14:11:06.362,1.1549,1.1551,1.30,1.00
2008.10.31 14:11:06.652,1.1549,1.15505,1.00,1.00
2008.10.31 14:11:08.491,1.1549,1.15505,1.30,1.00
2008.10.31 14:11:08.661,1.1549,1.1551,1.30,1.00
2008.10.31 14:11:11.230,1.1549,1.15505,1.30,1.00
2008.10.31 14:11:11.521,1.1549,1.15505,1.00,1.00
2008.10.31 14:11:11.681,1.1548,1.155,24.10,1.00
2008.10.31 14:11:12.020,1.1548,1.1552,24.10,12.00
2008.10.31 14:11:12.420,1.15485,1.1552,6.10,12.00
2008.10.31 14:11:12.641,1.1549,1.1552,1.30,1.00
2008.10.31 14:11:12.940,1.1549,1.15515,1.30,1.00
2008.10.31 14:11:13.800,1.15485,1.1552,12.10,12.00
2008.10.31 14:11:13.980,1.1548,1.15515,30.10,12.00
2008.10.31 14:11:14.540,1.1548,1.1551,6.10,1.00
2008.10.31 14:11:15.280,1.1548,1.1551,6.10,12.00
2008.10.31 14:11:15.699,1.1548,1.1551,12.10,1.00
2008.10.31 14:11:16.909,1.1548,1.15515,12.10,12.00
2008.10.31 14:11:17.089,1.1548,1.1551,6.10,12.00
2008.10.31 14:11:17.489,1.1548,1.1551,12.10,12.00
2008.10.31 14:11:18.189,1.15485,1.15515,6.70,12.00
2008.10.31 14:11:18.599,1.1549,1.1551,1.00,1.00
2008.10.31 14:11:18.829,1.155,1.15505,1.00,1.00
2008.10.31 14:11:21.148,1.1549,1.15505,1.00,1.00
2008.10.31 14:11:24.927,1.1548,1.15495,12.60,1.00
2008.10.31 14:11:25.157,1.1548,1.1549,1.30,1.00
2008.10.31 14:11:25.447,1.1548,1.1551,12.90,1.00
2008.10.31 14:11:25.727,1.15485,1.1551,6.10,12.00
2008.10.31 14:11:26.077,1.15485,1.15515,6.10,12.00
2008.10.31 14:11:26.497,1.1549,1.15515,6.10,12.00
2008.10.31 14:11:26.737,1.15485,1.15505,6.90,1.00
2008.10.31 14:11:27.187,1.15485,1.15505,12.90,1.00
2008.10.31 14:11:29.926,1.15485,1.15505,12.10,1.00
2008.10.31 14:11:30.216,1.15485,1.155,6.00,1.00
2008.10.31 14:11:30.576,1.1548,1.155,1.00,1.00
2008.10.31 14:11:31.206,1.1548,1.155,6.60,1.00
2008.10.31 14:11:31.496,1.1548,1.155,1.00,1.00
2008.10.31 14:11:32.055,1.1548,1.15495,1.00,1.00
2008.10.31 14:11:34.635,1.1548,1.15495,1.00,1.00
2008.10.31 14:11:34.875,1.1548,1.1549,1.00,1.00
2008.10.31 14:11:37.524,1.1548,1.1549,1.00,1.00
2008.10.31 14:11:37.814,1.1548,1.1549,1.00,1.00
2008.10.31 14:11:38.314,1.15475,1.15515,24.10,6.00
2008.10.31 14:11:38.524,1.1548,1.1552,6.00,12.00
2008.10.31 14:11:38.984,1.1548,1.1552,24.10,12.00
2008.10.31 14:11:39.234,1.15485,1.15515,6.10,1.00
2008.10.31 14:11:39.574,1.15485,1.15495,12.10,1.00
2008.10.31 14:11:39.924,1.15475,1.15485,1.00,1.00
2008.10.31 14:11:40.263,1.15475,1.1549,1.00,1.00
2008.10.31 14:11:41.593,1.1548,1.15485,1.00,1.00
2008.10.31 14:11:41.873,1.15475,1.15485,6.90,1.00
2008.10.31 14:11:42.103,1.15475,1.1549,1.00,1.00
2008.10.31 14:11:42.583,1.15475,1.15485,1.00,1.00
2008.10.31 14:11:42.993,1.15465,1.1548,6.00,1.00
2008.10.31 14:11:43.393,1.15445,1.15475,13.50,1.00
2008.10.31 14:11:43.693,1.15445,1.15475,12.10,1.00
2008.10.31 14:11:44.153,1.1545,1.1548,6.10,12.00
2008.10.31 14:11:44.543,1.15455,1.15475,6.10,1.00
2008.10.31 14:11:44.952,1.15455,1.1548,6.10,1.00
2008.10.31 14:11:45.292,1.15455,1.1547,6.00,1.00
2008.10.31 14:11:45.773,1.1545,1.1547,1.00,1.00
2008.10.31 14:11:46.072,1.1546,1.1548,6.10,1.00
2008.10.31 14:11:46.532,1.15455,1.15475,12.10,1.00
2008.10.31 14:11:46.952,1.15455,1.15475,6.90,1.00
2008.10.31 14:11:47.422,1.1546,1.15475,6.90,1.20
2008.10.31 14:11:47.662,1.1546,1.15475,6.90,1.00
2008.10.31 14:11:48.392,1.1546,1.1548,13.50,1.00
2008.10.31 14:11:48.871,1.1546,1.1548,19.50,1.00
2008.10.31 14:11:49.112,1.15465,1.1548,1.00,1.00
2008.10.31 14:11:49.561,1.1546,1.1548,6.90,1.00
2008.10.31 14:11:49.801,1.1546,1.15475,6.10,1.00
2008.10.31 14:11:50.021,1.15455,1.1548,12.10,1.00
2008.10.31 14:11:50.681,1.15455,1.15475,6.00,1.00
2008.10.31 14:11:50.971,1.1546,1.15475,6.10,1.00
2008.10.31 14:11:51.741,1.15455,1.15475,18.10,1.00
2008.10.31 14:11:52.231,1.15455,1.15475,12.10,1.00
2008.10.31 14:11:53.100,1.1546,1.15475,6.10,1.00
2008.10.31 14:11:56.280,1.1546,1.15475,6.90,1.00
2008.10.31 14:11:56.670,1.1546,1.15475,6.10,1.00
2008.10.31 14:11:57.019,1.15455,1.15475,12.10,1.00
2008.10.31 14:12:01.498,1.15455,1.1548,12.10,1.00
2008.10.31 14:12:02.078,1.1545,1.1548,12.10,1.00
2008.10.31 14:12:02.438,1.1545,1.1548,6.10,12.00
2008.10.31 14:12:03.528,1.15455,1.15475,6.10,1.00
2008.10.31 14:12:03.808,1.15455,1.15475,6.10,1.00
2008.10.31 14:12:04.148,1.15455,1.15475,12.10,1.00
2008.10.31 14:12:04.418,1.1546,1.1548,6.10,1.00
2008.10.31 14:12:04.768,1.1546,1.15475,6.10,1.00
2008.10.31 14:12:05.058,1.1546,1.1548,6.10,12.00
2008.10.31 14:12:05.467,1.1546,1.15475,6.10,1.00
2008.10.31 14:12:05.747,1.1545,1.15475,30.70,1.00
2008.10.31 14:12:06.028,1.15455,1.15475,6.10,1.00
2008.10.31 14:12:06.507,1.15455,1.1548,6.10,12.00
2008.10.31 14:12:07.017,1.1545,1.1547,8.50,1.00
2008.10.31 14:12:07.477,1.1545,1.1547,20.50,1.00
2008.10.31 14:12:07.887,1.1545,1.1547,7.30,1.00
2008.10.31 14:12:08.247,1.15445,1.15465,18.10,1.00
2008.10.31 14:12:09.037,1.15445,1.15465,12.10,1.00
2008.10.31 14:12:09.477,1.1545,1.15465,6.10,1.00
2008.10.31 14:12:09.817,1.15455,1.15485,6.10,12.00
2008.10.31 14:12:10.866,1.15455,1.1548,12.10,12.00
2008.10.31 14:12:11.386,1.15455,1.1548,6.10,12.00
2008.10.31 14:12:11.726,1.1545,1.1548,12.10,12.00
2008.10.31 14:12:12.466,1.1545,1.15475,12.10,1.00
2008.10.31 14:12:14.255,1.15455,1.15475,6.10,1.00
2008.10.31 14:12:15.075,1.15455,1.15475,12.10,1.00
2008.10.31 14:12:15.365,1.15455,1.15475,6.10,1.00
2008.10.31 14:12:16.225,1.15455,1.1547,6.10,1.00
2008.10.31 14:12:16.565,1.15455,1.1546,6.00,1.00
2008.10.31 14:12:16.855,1.15455,1.1548,12.10,1.00
2008.10.31 14:12:17.455,1.1545,1.15475,20.50,1.00
2008.10.31 14:12:18.044,1.1545,1.15465,20.50,1.00
2008.10.31 14:12:18.545,1.1545,1.15465,8.50,1.00
2008.10.31 14:12:19.604,1.1545,1.15455,13.20,1.00
2008.10.31 14:12:19.884,1.1545,1.15455,1.20,1.00
2008.10.31 14:12:20.504,1.1545,1.1546,1.80,1.00
2008.10.31 14:12:23.403,1.1544,1.15445,13.60,1.00
2008.10.31 14:12:23.613,1.1544,1.15445,1.00,1.00
2008.10.31 14:12:23.963,1.1544,1.1545,7.30,1.00
2008.10.31 14:12:24.303,1.1544,1.1545,1.30,1.00
2008.10.31 14:12:26.222,1.1544,1.1545,1.30,1.00
2008.10.31 14:12:26.393,1.1544,1.15445,1.00,1.00
2008.10.31 14:12:26.852,1.1544,1.15445,1.00,1.00
2008.10.31 14:12:27.272,1.1543,1.1544,18.60,1.00
2008.10.31 14:12:29.212,1.1543,1.1544,19.30,1.00
2008.10.31 14:12:29.782,1.1543,1.1544,18.60,1.00
2008.10.31 14:12:31.591,1.15435,1.15445,6.60,1.00
2008.10.31 14:12:33.891,1.15435,1.15445,1.00,1.00
2008.10.31 14:12:34.190,1.15435,1.15445,1.00,1.00
2008.10.31 14:12:34.420,1.1543,1.1544,18.70,1.00
2008.10.31 14:12:34.920,1.1543,1.15435,1.30,1.00
2008.10.31 14:12:35.550,1.1543,1.15435,1.00,1.08
2008.10.31 14:12:35.960,1.1543,1.15445,1.00,1.80
2008.10.31 14:12:36.250,1.1542,1.15425,1.00,1.00
2008.10.31 14:12:37.830,1.15415,1.1542,6.10,1.00
2008.10.31 14:12:38.220,1.1541,1.1542,12.10,1.00
2008.10.31 14:12:38.399,1.1541,1.15415,1.00,1.00
2008.10.31 14:12:43.498,1.1541,1.1542,1.30,1.00
2008.10.31 14:12:43.618,1.1541,1.1542,7.50,1.00
2008.10.31 14:12:43.908,1.1541,1.1542,13.50,1.00
2008.10.31 14:12:44.468,1.15405,1.15415,18.10,1.00
2008.10.31 14:12:44.588,1.15405,1.1541,6.10,1.00
2008.10.31 14:12:44.818,1.154,1.1541,25.30,1.00
2008.10.31 14:12:45.108,1.154,1.1541,7.30,1.00
2008.10.31 14:12:45.508,1.154,1.1541,1.30,1.00
2008.10.31 14:12:45.748,1.154,1.15405,1.00,1.00
2008.10.31 14:12:46.618,1.1541,1.15425,1.30,1.00
2008.10.31 14:12:46.798,1.1541,1.15415,6.10,1.08
2008.10.31 14:12:47.197,1.1539,1.1541,6.10,1.00
2008.10.31 14:12:47.587,1.1539,1.15425,6.10,12.00
2008.10.31 14:12:48.317,1.1539,1.1542,12.10,12.00
2008.10.31 14:12:48.557,1.1539,1.154,12.10,1.00
2008.10.31 14:12:49.067,1.1539,1.154,6.10,1.00
2008.10.31 14:12:49.407,1.15395,1.1542,6.10,1.00
2008.10.31 14:12:49.867,1.1539,1.154,6.90,1.00
2008.10.31 14:12:50.227,1.1539,1.154,1.00,1.00
2008.10.31 14:12:50.447,1.1539,1.154,7.50,1.00
2008.10.31 14:12:50.687,1.1539,1.15405,13.50,1.00
2008.10.31 14:12:51.096,1.154,1.15405,6.10,1.00
2008.10.31 14:12:51.627,1.15405,1.15415,12.70,1.00
2008.10.31 14:12:51.806,1.1541,1.15455,12.10,12.00
2008.10.31 14:12:51.976,1.15415,1.1546,6.10,12.00
2008.10.31 14:12:52.376,1.1542,1.1546,12.10,12.00
2008.10.31 14:12:52.896,1.1542,1.1544,30.70,1.00
2008.10.31 14:12:53.296,1.1542,1.15435,30.70,1.00
2008.10.31 14:12:53.636,1.1542,1.1543,19.50,1.00
2008.10.31 14:12:53.866,1.1542,1.1543,25.50,1.00
2008.10.31 14:12:54.046,1.1542,1.1543,31.50,1.00
2008.10.31 14:12:54.216,1.15425,1.15435,13.30,1.00
2008.10.31 14:12:54.445,1.1543,1.15435,18.00,1.00
2008.10.31 14:12:54.916,1.15435,1.15445,18.60,1.00
2008.10.31 14:12:55.436,1.1544,1.1545,18.00,1.00
2008.10.31 14:12:55.905,1.1544,1.1545,18.60,1.00
2008.10.31 14:12:57.345,1.15435,1.1544,6.10,1.00
2008.10.31 14:12:57.795,1.15435,1.1544,6.10,1.00
2008.10.31 14:12:58.035,1.1543,1.1544,12.10,1.00
2008.10.31 14:13:00.004,1.1543,1.15445,18.70,1.00
2008.10.31 14:13:00.284,1.1543,1.15445,30.70,1.00
2008.10.31 14:13:00.634,1.1543,1.15445,31.50,1.00
2008.10.31 14:13:04.273,1.1543,1.15445,19.50,1.00
2008.10.31 14:13:04.553,1.1543,1.15445,13.50,1.00
2008.10.31 14:13:04.673,1.1543,1.1544,12.90,1.00
2008.10.31 14:13:04.903,1.1543,1.1544,12.10,1.00
2008.10.31 14:13:05.243,1.1543,1.1545,12.10,12.00
2008.10.31 14:13:05.643,1.1543,1.15445,12.10,1.00
2008.10.31 14:13:05.933,1.15425,1.15445,6.10,1.00
2008.10.31 14:13:06.163,1.1543,1.15445,6.10,1.00
2008.10.31 14:13:06.573,1.1543,1.1545,6.10,12.00
2008.10.31 14:13:07.303,1.1543,1.1544,6.10,1.00
2008.10.31 14:13:08.052,1.1543,1.1544,18.10,1.00
2008.10.31 14:13:10.862,1.1543,1.1544,18.70,1.00
2008.10.31 14:13:11.042,1.1543,1.1544,30.70,1.00
2008.10.31 14:13:11.282,1.1543,1.15435,12.60,1.00
2008.10.31 14:13:11.391,1.1543,1.1544,1.00,1.00
2008.10.31 14:13:11.672,1.1543,1.15445,1.30,1.00
2008.10.31 14:13:11.791,1.1543,1.15445,7.50,1.00
2008.10.31 14:13:12.161,1.1543,1.15445,13.50,1.00
2008.10.31 14:13:12.441,1.15435,1.15445,6.10,1.00
2008.10.31 14:13:12.781,1.15435,1.1544,6.10,1.00
2008.10.31 14:13:13.141,1.15435,1.15445,12.10,1.00
2008.10.31 14:13:13.551,1.15435,1.15445,18.10,1.00
2008.10.31 14:13:13.771,1.15435,1.15445,19.30,1.00
2008.10.31 14:13:15.431,1.15435,1.15445,18.10,1.00
2008.10.31 14:13:17.150,1.15435,1.15445,12.10,1.00
2008.10.31 14:13:20.599,1.1543,1.1544,6.60,1.00
2008.10.31 14:13:20.829,1.15435,1.1544,6.00,1.00
2008.10.31 14:13:21.179,1.1543,1.1544,1.00,1.00
2008.10.31 14:13:22.319,1.1543,1.1544,24.10,1.00
2008.10.31 14:13:22.609,1.1544,1.15445,6.00,1.00
2008.10.31 14:13:22.839,1.1544,1.1545,6.00,1.00
2008.10.31 14:13:23.418,1.1544,1.1545,1.00,1.00
2008.10.31 14:13:23.819,1.1544,1.1545,12.90,1.00
2008.10.31 14:13:24.658,1.1544,1.1545,6.90,1.00
2008.10.31 14:13:24.938,1.1544,1.15445,1.00,1.00
2008.10.31 14:13:25.288,1.1543,1.15435,10.40,1.00
2008.10.31 14:13:25.808,1.15415,1.15435,12.90,1.00
2008.10.31 14:13:26.228,1.15415,1.15435,18.90,1.00
2008.10.31 14:13:26.518,1.15415,1.1543,12.10,1.00
2008.10.31 14:13:27.028,1.1542,1.1543,18.10,1.00
2008.10.31 14:13:27.847,1.15425,1.1543,6.10,1.00
2008.10.31 14:13:28.527,1.15425,1.1543,6.10,1.00
2008.10.31 14:13:28.697,1.1543,1.1544,12.10,1.00
2008.10.31 14:13:28.997,1.1543,1.15435,12.10,1.00
2008.10.31 14:13:29.227,1.1543,1.15435,6.00,1.00
2008.10.31 14:13:29.387,1.15425,1.15435,6.10,1.00
2008.10.31 14:13:29.667,1.15425,1.1544,24.10,1.00
2008.10.31 14:13:30.027,1.15435,1.1544,6.10,1.00
2008.10.31 14:13:30.487,1.15435,1.15445,24.10,1.00
2008.10.31 14:13:30.967,1.15435,1.1545,18.70,1.00
2008.10.31 14:13:31.307,1.1543,1.1544,12.90,1.00
2008.10.31 14:13:31.657,1.15425,1.15445,31.30,1.00
2008.10.31 14:13:32.276,1.1543,1.15445,18.10,1.00
2008.10.31 14:13:32.557,1.1543,1.15435,12.10,1.00
2008.10.31 14:13:32.967,1.1543,1.15435,6.00,1.00
2008.10.31 14:13:33.307,1.1542,1.15435,19.50,1.00
2008.10.31 14:13:33.596,1.1543,1.15435,6.60,1.00
2008.10.31 14:13:33.996,1.1543,1.1544,24.10,1.00
2008.10.31 14:13:34.416,1.1543,1.1544,18.70,1.00
2008.10.31 14:13:34.646,1.1543,1.1544,6.00,1.70
2008.10.31 14:13:34.986,1.1542,1.1544,6.60,1.00
2008.10.31 14:13:35.386,1.1542,1.15445,7.50,1.00
2008.10.31 14:13:35.846,1.1542,1.15435,13.50,1.00
2008.10.31 14:13:36.356,1.1542,1.15435,31.50,1.00
2008.10.31 14:13:36.825,1.15425,1.15435,6.10,1.00
2008.10.31 14:13:37.245,1.1543,1.15435,6.10,1.00
2008.10.31 14:13:37.645,1.15425,1.15435,6.00,1.00
2008.10.31 14:13:38.035,1.1542,1.15435,13.50,1.00
2008.10.31 14:13:38.675,1.15425,1.15435,12.10,1.00
2008.10.31 14:13:39.435,1.1543,1.15435,6.10,1.00
2008.10.31 14:13:39.615,1.15435,1.15445,6.10,1.00
2008.10.31 14:13:41.444,1.15435,1.15445,12.10,1.00
2008.10.31 14:13:41.964,1.15435,1.15445,6.10,1.00
2008.10.31 14:13:42.314,1.1543,1.15445,25.50,1.00
2008.10.31 14:13:42.604,1.1543,1.15435,6.00,1.00
2008.10.31 14:13:42.884,1.1542,1.15435,13.50,1.00
2008.10.31 14:13:43.244,1.1542,1.1543,19.50,1.00
2008.10.31 14:13:43.604,1.1542,1.15425,6.60,1.00
2008.10.31 14:13:44.004,1.1542,1.15435,7.50,1.00
2008.10.31 14:13:44.853,1.1542,1.15435,13.50,1.00
2008.10.31 14:13:46.173,1.15425,1.15435,6.10,1.00
2008.10.31 14:13:46.573,1.15425,1.15435,18.10,1.00
2008.10.31 14:13:46.903,1.15435,1.15445,6.00,1.00
2008.10.31 14:13:47.343,1.1544,1.1545,1.00,1.00
2008.10.31 14:13:49.442,1.1544,1.1545,18.60,1.00
2008.10.31 14:13:49.672,1.1544,1.1545,24.90,1.00
2008.10.31 14:13:49.902,1.1545,1.15455,1.20,1.00
2008.10.31 14:13:50.602,1.1545,1.15455,7.20,1.00
2008.10.31 14:13:50.882,1.1546,1.15465,6.10,1.00
2008.10.31 14:13:51.162,1.1546,1.15465,6.00,1.00
2008.10.31 14:13:51.862,1.15455,1.15465,6.00,1.00
2008.10.31 14:13:52.382,1.1546,1.15485,6.10,1.00
2008.10.31 14:13:52.891,1.1546,1.1548,6.00,1.00
2008.10.31 14:13:53.062,1.15455,1.15475,12.10,1.00
2008.10.31 14:13:53.401,1.1546,1.15475,6.10,1.00
2008.10.31 14:13:53.641,1.1546,1.1548,6.10,1.00
2008.10.31 14:13:53.801,1.1546,1.1547,6.10,1.00
2008.10.31 14:13:54.031,1.15455,1.15465,12.10,1.00
2008.10.31 14:13:54.331,1.1546,1.1549,6.10,13.00
2008.10.31 14:13:55.041,1.1546,1.1549,12.10,13.00
2008.10.31 14:13:57.040,1.15465,1.15485,6.10,13.00
2008.10.31 14:13:57.310,1.1547,1.1549,6.10,2.10
2008.10.31 14:13:57.600,1.15465,1.15485,13.90,1.00
2008.10.31 14:13:57.830,1.15465,1.15485,12.10,1.00
2008.10.31 14:13:58.230,1.1547,1.15485,6.10,1.00
2008.10.31 14:13:58.410,1.1547,1.1548,6.10,1.00
2008.10.31 14:13:58.760,1.1547,1.15485,6.10,1.00
2008.10.31 14:13:59.180,1.1547,1.15485,6.10,1.00
2008.10.31 14:13:59.520,1.15465,1.15485,13.90,1.00
2008.10.31 14:13:59.940,1.15465,1.15485,13.30,1.00
2008.10.31 14:14:00.619,1.15465,1.15485,13.90,1.00
2008.10.31 14:14:01.130,1.1547,1.15485,1.00,1.00
2008.10.31 14:14:01.599,1.1547,1.15485,6.90,1.00
2008.10.31 14:14:01.769,1.1547,1.1549,7.50,1.00
2008.10.31 14:14:01.989,1.1547,1.15485,12.90,1.00
2008.10.31 14:14:02.159,1.1547,1.15485,6.60,2.20
2008.10.31 14:14:02.399,1.1546,1.15475,6.60,1.00
2008.10.31 14:14:02.569,1.1546,1.1547,6.00,1.00
2008.10.31 14:14:02.979,1.15455,1.1547,12.10,1.00
2008.10.31 14:14:03.269,1.15465,1.15475,6.10,1.00
2008.10.31 14:14:03.739,1.1546,1.1547,6.00,1.00
2008.10.31 14:14:03.969,1.15465,1.1547,6.10,1.00
2008.10.31 14:14:04.199,1.1546,1.15475,6.00,1.00
2008.10.31 14:14:04.539,1.15455,1.15475,12.10,1.00
2008.10.31 14:14:04.859,1.1546,1.15465,6.00,1.00
2008.10.31 14:14:05.149,1.1545,1.15465,6.00,1.00
2008.10.31 14:14:05.509,1.15455,1.1546,6.00,1.00
2008.10.31 14:14:05.988,1.1545,1.1547,6.10,1.00
2008.10.31 14:14:06.258,1.1545,1.1547,12.10,1.00
2008.10.31 14:14:07.118,1.1545,1.1546,12.10,1.00
2008.10.31 14:14:07.568,1.1545,1.1547,6.00,1.00
2008.10.31 14:14:07.798,1.1545,1.1547,6.10,1.00
2008.10.31 14:14:08.078,1.15455,1.1547,6.10,1.00
2008.10.31 14:14:08.948,1.1545,1.15465,6.00,1.00
2008.10.31 14:14:09.297,1.1544,1.15455,6.60,1.00
2008.10.31 14:14:09.537,1.15435,1.15455,24.10,1.00
2008.10.31 14:14:09.767,1.15435,1.15475,24.10,16.30
2008.10.31 14:14:10.067,1.15445,1.15475,6.10,12.00
2008.10.31 14:14:10.567,1.15445,1.1548,6.10,12.00
2008.10.31 14:14:10.907,1.15445,1.1545,6.00,1.50
2008.10.31 14:14:11.207,1.15455,1.1547,6.10,1.60
2008.10.31 14:14:11.617,1.1545,1.15475,10.10,1.00
2008.10.31 14:14:12.137,1.1545,1.15465,12.10,1.00
2008.10.31 14:14:12.826,1.1545,1.15475,6.00,8.30
2008.10.31 14:14:13.227,1.15445,1.15475,12.10,8.30
2008.10.31 14:14:13.406,1.1545,1.15475,6.10,8.00
2008.10.31 14:14:14.136,1.1545,1.1547,12.10,8.00
2008.10.31 14:14:14.476,1.15455,1.15495,1.00,16.30
2008.10.31 14:14:14.936,1.15455,1.15485,6.70,1.00
2008.10.31 14:14:15.326,1.1546,1.1548,1.00,1.00
2008.10.31 14:14:15.606,1.15455,1.1548,6.10,9.00
2008.10.31 14:14:15.896,1.1546,1.1548,12.10,1.00
2008.10.31 14:14:16.116,1.15455,1.15465,6.00,1.00
2008.10.31 14:14:16.416,1.15455,1.1548,6.00,12.00
2008.10.31 14:14:16.806,1.15445,1.1548,18.10,12.00
2008.10.31 14:14:17.395,1.1545,1.1548,6.10,1.00
2008.10.31 14:14:17.695,1.1545,1.15475,6.10,12.00
2008.10.31 14:14:17.925,1.1545,1.15465,6.10,1.00
2008.10.31 14:14:18.215,1.1545,1.1546,12.10,1.00
2008.10.31 14:14:18.925,1.1545,1.15475,12.10,1.00
2008.10.31 14:14:19.155,1.1545,1.15475,6.10,1.00
2008.10.31 14:14:19.375,1.1545,1.15475,12.10,1.00
2008.10.31 14:14:19.715,1.15455,1.15485,6.10,12.00
2008.10.31 14:14:20.005,1.15455,1.1548,6.10,1.00
2008.10.31 14:14:20.465,1.1545,1.1548,13.30,1.00
2008.10.31 14:14:21.344,1.1545,1.1548,12.10,12.00
2008.10.31 14:14:21.775,1.1545,1.15465,12.10,1.00
2008.10.31 14:14:22.234,1.1545,1.1547,6.10,1.00
2008.10.31 14:14:22.394,1.1545,1.15465,6.10,1.00
2008.10.31 14:14:22.794,1.1544,1.15485,30.10,3.30
2008.10.31 14:14:23.264,1.1544,1.1547,12.10,3.30
2008.10.31 14:14:23.704,1.1544,1.1547,6.10,15.30
2008.10.31 14:14:23.874,1.15445,1.1547,6.10,12.00
2008.10.31 14:14:24.294,1.1545,1.1547,6.10,12.00
2008.10.31 14:14:24.534,1.1545,1.1548,6.10,14.20
2008.10.31 14:14:24.714,1.15455,1.1548,6.10,12.00
2008.10.31 14:14:25.344,1.15455,1.1548,12.10,1.00
2008.10.31 14:14:26.253,1.15455,1.15465,6.00,1.00
2008.10.31 14:14:26.613,1.1545,1.15465,13.30,1.00
2008.10.31 14:14:26.793,1.1545,1.15465,12.10,1.00
2008.10.31 14:14:27.263,1.15455,1.1547,6.10,1.00
2008.10.31 14:14:27.483,1.15455,1.15485,6.10,1.00
2008.10.31 14:14:29.163,1.1546,1.15485,6.10,12.00
2008.10.31 14:14:29.493,1.1546,1.1547,6.10,1.00
2008.10.31 14:14:29.732,1.15455,1.15485,6.00,12.00
2008.10.31 14:14:29.952,1.15455,1.1548,6.00,1.00
2008.10.31 14:14:30.172,1.1545,1.1548,12.10,12.00
2008.10.31 14:14:30.472,1.1545,1.1548,6.10,12.00
2008.10.31 14:14:36.741,1.1545,1.15475,6.10,1.00
2008.10.31 14:14:36.921,1.1545,1.15465,6.10,1.00
2008.10.31 14:14:37.091,1.1545,1.1546,6.10,1.00
2008.10.31 14:14:37.371,1.1545,1.1548,6.10,1.00
2008.10.31 14:14:37.601,1.15445,1.1548,12.10,12.00
2008.10.31 14:14:37.830,1.1545,1.1548,6.10,12.00
2008.10.31 14:14:38.111,1.1545,1.1548,6.10,1.00
2008.10.31 14:14:38.330,1.15445,1.15455,6.00,1.00
2008.10.31 14:14:38.680,1.1544,1.15455,6.60,1.00
2008.10.31 14:14:38.740,1.1544,1.1546,12.70,1.00
2008.10.31 14:14:39.100,1.1545,1.1546,6.10,1.00
2008.10.31 14:14:39.390,1.1545,1.15455,6.10,1.00
2008.10.31 14:14:39.610,1.1545,1.1547,6.10,1.00
2008.10.31 14:14:40.010,1.15445,1.1545,6.00,1.08
2008.10.31 14:14:40.300,1.15425,1.15445,6.90,1.00
2008.10.31 14:14:40.890,1.15425,1.15445,24.90,1.00
2008.10.31 14:14:42.130,1.1543,1.15435,6.60,1.00
2008.10.31 14:14:42.190,1.1543,1.15435,6.60,1.00
2008.10.31 14:14:42.479,1.1543,1.15435,18.60,1.00
2008.10.31 14:14:42.720,1.1543,1.15435,1.00,1.00
2008.10.31 14:14:43.419,1.1543,1.15435,18.60,1.00
2008.10.31 14:14:43.769,1.15435,1.1544,1.20,1.08
2008.10.31 14:14:44.339,1.15435,1.1544,19.20,1.00
2008.10.31 14:14:44.629,1.1544,1.1546,19.30,1.00
2008.10.31 14:14:44.859,1.1545,1.1546,13.30,1.00
2008.10.31 14:14:45.479,1.1545,1.1546,7.30,1.00
2008.10.31 14:14:45.759,1.1545,1.15455,13.30,1.00
2008.10.31 14:14:46.099,1.15455,1.1546,6.10,1.08
2008.10.31 14:14:46.328,1.15455,1.1546,12.10,1.00
2008.10.31 14:14:46.898,1.1546,1.1547,6.10,1.08
2008.10.31 14:14:47.188,1.1545,1.15455,23.70,1.00
2008.10.31 14:14:47.528,1.1546,1.15465,6.10,1.00
2008.10.31 14:14:47.868,1.1546,1.15465,6.90,1.00
2008.10.31 14:14:48.208,1.15465,1.1547,1.20,1.08
2008.10.31 14:14:49.188,1.1546,1.15465,6.90,1.00
2008.10.31 14:14:49.468,1.15465,1.1547,1.20,1.08
2008.10.31 14:14:49.528,1.1546,1.15465,12.90,1.00
2008.10.31 14:14:49.878,1.1546,1.15465,12.10,1.00
2008.10.31 14:14:50.118,1.1547,1.15475,6.10,1.08
2008.10.31 14:14:50.697,1.15465,1.1547,6.00,1.08
2008.10.31 14:14:51.157,1.1546,1.15465,12.10,1.00
2008.10.31 14:14:51.507,1.15455,1.1546,10.50,1.00
2008.10.31 14:14:52.367,1.1546,1.15465,12.10,1.08
2008.10.31 14:14:52.827,1.1546,1.1548,12.10,1.60
2008.10.31 14:14:53.187,1.15455,1.1547,6.00,8.90
2008.10.31 14:14:53.417,1.1545,1.15455,1.00,1.00
2008.10.31 14:14:54.756,1.1544,1.15445,5.90,1.00
2008.10.31 14:14:54.996,1.1544,1.15445,1.00,1.00
2008.10.31 14:14:58.826,1.1544,1.1545,1.00,1.00
2008.10.31 14:14:59.005,1.1544,1.15445,1.00,1.00
2008.10.31 14:15:01.495,1.15435,1.1544,6.00,1.00
2008.10.31 14:15:01.825,1.1543,1.1544,6.70,1.00
2008.10.31 14:15:02.285,1.15435,1.15445,6.70,1.00
2008.10.31 14:15:04.454,1.1544,1.15445,6.10,1.00
2008.10.31 14:15:04.744,1.1545,1.15455,12.10,1.00
2008.10.31 14:15:05.764,1.1545,1.15455,12.10,1.00
2008.10.31 14:15:06.264,1.15445,1.1545,6.00,1.08
2008.10.31 14:15:06.554,1.1544,1.15445,1.00,1.00
2008.10.31 14:15:07.243,1.1544,1.15445,1.00,1.00
2008.10.31 14:15:07.583,1.1543,1.1544,6.70,1.00
2008.10.31 14:15:07.933,1.15425,1.1543,6.00,1.00
2008.10.31 14:15:08.213,1.1542,1.15425,6.60,1.00
2008.10.31 14:15:08.683,1.1542,1.15425,1.00,1.00
2008.10.31 14:15:09.123,1.1542,1.15425,1.30,1.00
2008.10.31 14:15:09.423,1.1542,1.1543,7.50,1.00
2008.10.31 14:15:09.653,1.1542,1.15425,6.60,1.00
2008.10.31 14:15:09.943,1.15425,1.1543,1.00,1.08
2008.10.31 14:15:10.283,1.1543,1.15435,1.00,1.00
2008.10.31 14:15:10.573,1.1542,1.1543,19.50,1.00
2008.10.31 14:15:11.442,1.15425,1.1543,6.10,1.00
2008.10.31 14:15:11.792,1.1542,1.1543,19.50,1.00
2008.10.31 14:15:12.482,1.1543,1.15435,1.00,1.08
2008.10.31 14:15:12.832,1.1543,1.1544,1.00,1.00
2008.10.31 14:15:13.293,1.15435,1.1544,1.00,1.00
2008.10.31 14:15:13.752,1.1544,1.15445,1.00,1.00
2008.10.31 14:15:16.602,1.15435,1.1544,6.10,1.00
2008.10.31 14:15:16.831,1.1543,1.1544,1.30,1.00
2008.10.31 14:15:17.181,1.1543,1.1544,7.50,1.00
2008.10.31 14:15:19.220,1.1543,1.1544,1.30,1.00
2008.10.31 14:15:19.620,1.15425,1.1543,12.10,1.00
2008.10.31 14:15:19.980,1.15425,1.1543,6.00,1.08
2008.10.31 14:15:20.270,1.15425,1.1543,6.10,1.00
2008.10.31 14:15:20.620,1.15425,1.15435,6.70,1.00
2008.10.31 14:15:20.901,1.15425,1.15435,12.70,1.00
2008.10.31 14:15:21.190,1.15425,1.1543,6.10,1.00
2008.10.31 14:15:21.490,1.15425,1.1543,12.10,1.00
2008.10.31 14:15:23.250,1.15425,1.1543,12.70,1.00
2008.10.31 14:15:23.369,1.1543,1.15435,1.00,1.00
2008.10.31 14:15:23.659,1.1543,1.1544,7.50,1.00
2008.10.31 14:15:23.950,1.1543,1.1544,25.50,1.00
2008.10.31 14:15:24.349,1.15435,1.15445,12.60,1.00
2008.10.31 14:15:24.569,1.15435,1.15445,6.70,1.00
2008.10.31 14:15:24.749,1.15435,1.15445,12.70,1.00
2008.10.31 14:15:25.089,1.1544,1.15445,1.00,1.00
2008.10.31 14:15:25.539,1.15435,1.1544,6.10,1.00
2008.10.31 14:15:27.439,1.15435,1.1544,12.70,1.00
2008.10.31 14:15:27.668,1.15435,1.15445,12.70,1.00
2008.10.31 14:15:27.898,1.1544,1.15445,1.00,1.00
2008.10.31 14:15:28.248,1.1544,1.15445,1.80,1.00
2008.10.31 14:15:29.258,1.15445,1.1546,6.10,1.08
2008.10.31 14:15:29.378,1.15445,1.15455,6.10,1.00
2008.10.31 14:15:29.678,1.1545,1.15455,7.90,1.00
2008.10.31 14:15:30.198,1.1545,1.15455,13.90,1.00
2008.10.31 14:15:30.438,1.1545,1.1546,14.50,1.00
2008.10.31 14:15:31.318,1.1545,1.1546,13.50,1.00
2008.10.31 14:15:31.538,1.1545,1.1546,6.00,1.00
2008.10.31 14:15:31.997,1.1544,1.15445,1.00,1.00
2008.10.31 14:15:32.228,1.1544,1.1545,1.00,1.00
2008.10.31 14:15:32.807,1.1544,1.15445,1.00,1.08
2008.10.31 14:15:33.707,1.1543,1.1544,24.70,1.00
2008.10.31 14:15:34.117,1.15435,1.1544,6.10,1.00
2008.10.31 14:15:34.237,1.1543,1.1544,19.50,1.00
2008.10.31 14:15:34.457,1.1543,1.1544,13.50,1.00
2008.10.31 14:15:35.067,1.15435,1.1544,6.10,1.00
2008.10.31 14:15:35.467,1.15435,1.1544,6.10,1.00
2008.10.31 14:15:35.857,1.1543,1.15435,6.90,1.00
2008.10.31 14:15:36.276,1.1544,1.1545,6.00,1.08
2008.10.31 14:15:36.776,1.1544,1.15445,6.00,1.00
2008.10.31 14:15:38.426,1.15445,1.15455,6.00,1.08
2008.10.31 14:15:38.596,1.15445,1.1545,18.00,1.00
2008.10.31 14:15:39.126,1.15455,1.1547,6.00,1.78
2008.10.31 14:15:39.356,1.15455,1.1546,6.00,1.00
2008.10.31 14:15:39.916,1.15455,1.1546,18.00,1.00
2008.10.31 14:15:40.375,1.1546,1.1547,6.70,1.00
2008.10.31 14:15:40.605,1.15465,1.15485,1.20,1.70
2008.10.31 14:15:40.825,1.1546,1.15465,6.00,1.08
2008.10.31 14:15:41.125,1.15455,1.1546,6.00,1.00
2008.10.31 14:15:47.444,1.15455,1.1546,6.00,1.00
2008.10.31 14:15:47.564,1.1545,1.1546,19.80,1.00
2008.10.31 14:15:47.684,1.1545,1.15455,19.80,1.00
2008.10.31 14:15:47.904,1.15455,1.1546,6.00,1.08
2008.10.31 14:15:48.174,1.15455,1.1546,6.00,1.00
2008.10.31 14:15:48.354,1.15455,1.1546,12.10,1.00
2008.10.31 14:15:48.823,1.15455,1.1546,6.00,1.00
2008.10.31 14:15:49.294,1.15465,1.1547,1.20,1.08
2008.10.31 14:15:49.413,1.15465,1.15485,1.20,4.08
2008.10.31 14:15:49.703,1.15455,1.15465,13.60,1.00
2008.10.31 14:15:55.962,1.15475,1.1549,1.20,4.08
2008.10.31 14:15:56.252,1.15475,1.1548,1.20,1.08
2008.10.31 14:15:56.542,1.15475,1.1548,1.20,1.08
2008.10.31 14:15:57.481,1.15475,1.1548,1.20,1.00
2008.10.31 14:15:59.741,1.15475,1.1548,7.30,1.00
2008.10.31 14:16:00.151,1.1548,1.15485,6.10,1.00
2008.10.31 14:16:00.611,1.15475,1.1548,6.00,1.00
2008.10.31 14:16:01.001,1.1547,1.1548,1.00,1.00
2008.10.31 14:16:01.480,1.1547,1.1548,6.90,1.00
2008.10.31 14:16:02.470,1.1547,1.1548,1.00,1.00
2008.10.31 14:16:02.930,1.1547,1.1548,6.90,1.00
2008.10.31 14:16:03.460,1.1547,1.1548,7.50,1.00
2008.10.31 14:16:03.900,1.1547,1.15485,13.50,1.00
2008.10.31 14:16:04.190,1.1547,1.1548,12.90,1.00
2008.10.31 14:16:04.580,1.1547,1.1548,6.90,1.00
2008.10.31 14:16:06.659,1.1547,1.1548,1.00,1.00
2008.10.31 14:16:07.119,1.1547,1.1548,6.90,1.00
2008.10.31 14:16:07.599,1.1547,1.15485,7.50,1.00
2008.10.31 14:16:07.949,1.15475,1.15485,1.20,1.00
2008.10.31 14:16:08.349,1.1547,1.1548,1.00,1.00
2008.10.31 14:16:09.968,1.1547,1.1548,6.90,1.00
2008.10.31 14:16:10.498,1.1547,1.1548,1.00,1.00
2008.10.31 14:16:10.898,1.1547,1.1548,6.90,1.00
2008.10.31 14:16:11.958,1.1547,1.1548,1.00,1.00
2008.10.31 14:16:13.418,1.1547,1.15485,1.00,1.00
2008.10.31 14:16:17.077,1.1547,1.1548,1.00,1.00
2008.10.31 14:16:17.377,1.1547,1.1548,1.00,1.00
2008.10.31 14:16:17.547,1.1545,1.15475,18.10,1.00
2008.10.31 14:16:18.086,1.1545,1.15475,6.00,1.00
2008.10.31 14:16:18.307,1.15455,1.15475,6.10,1.00
2008.10.31 14:16:20.086,1.15455,1.15475,12.00,1.00
2008.10.31 14:16:20.486,1.15455,1.15475,6.00,1.00
2008.10.31 14:16:21.945,1.15455,1.15475,12.10,1.00
2008.10.31 14:16:22.395,1.1546,1.1548,1.00,1.00
2008.10.31 14:16:22.685,1.15455,1.1548,24.10,1.00
2008.10.31 14:16:23.085,1.15465,1.1548,1.20,1.00
2008.10.31 14:16:23.315,1.15465,1.1548,1.20,1.00
2008.10.31 14:16:23.845,1.1546,1.15475,6.00,1.00
2008.10.31 14:16:24.235,1.15455,1.15475,30.10,1.00
2008.10.31 14:16:24.515,1.1546,1.15475,6.10,1.00
2008.10.31 14:16:25.045,1.1546,1.1548,6.70,1.00
2008.10.31 14:16:25.335,1.1546,1.15475,6.10,1.00
2008.10.31 14:16:25.964,1.1546,1.1548,6.10,1.00
2008.10.31 14:16:27.494,1.1546,1.1547,6.10,1.00
2008.10.31 14:16:27.894,1.15455,1.1547,6.00,1.00
2008.10.31 14:16:28.114,1.15455,1.15475,18.00,1.00
2008.10.31 14:16:28.514,1.15455,1.15475,24.10,1.00
2008.10.31 14:16:29.104,1.15455,1.1548,24.10,1.00
2008.10.31 14:16:29.504,1.1546,1.1548,6.10,1.00
2008.10.31 14:16:30.264,1.1546,1.1548,12.10,1.00
2008.10.31 14:16:30.493,1.1546,1.1548,24.70,1.00
2008.10.31 14:16:30.833,1.15465,1.1548,1.20,1.00
2008.10.31 14:16:31.133,1.15465,1.15485,7.90,1.00
2008.10.31 14:16:31.663,1.15465,1.15485,13.90,1.00
2008.10.31 14:16:31.893,1.15465,1.15475,1.20,1.00
2008.10.31 14:16:32.123,1.15455,1.15475,18.00,1.00
2008.10.31 14:16:32.353,1.15455,1.15475,24.10,1.00
2008.10.31 14:16:36.332,1.1546,1.15475,6.10,1.00
2008.10.31 14:16:37.032,1.1546,1.1548,6.10,1.00
2008.10.31 14:16:37.272,1.15455,1.1548,30.10,1.00
2008.10.31 14:16:37.681,1.15455,1.1548,24.10,1.00
2008.10.31 14:16:38.311,1.15465,1.15475,1.20,1.00
2008.10.31 14:16:38.631,1.15465,1.15485,7.30,1.00
2008.10.31 14:16:38.972,1.15465,1.1548,7.30,1.00
2008.10.31 14:16:39.331,1.15465,1.15485,7.30,1.00
2008.10.31 14:16:39.502,1.15465,1.1548,1.20,1.00
2008.10.31 14:16:39.741,1.15465,1.15475,1.20,1.00
2008.10.31 14:16:40.211,1.15465,1.15485,7.30,1.00
2008.10.31 14:16:40.551,1.15475,1.15485,1.20,1.00
2008.10.31 14:16:41.261,1.15475,1.1549,1.20,1.00
2008.10.31 14:16:41.551,1.1547,1.1549,6.90,1.00
2008.10.31 14:16:42.161,1.15465,1.1548,13.30,1.00
2008.10.31 14:16:42.780,1.15465,1.1548,7.30,1.00
2008.10.31 14:16:43.060,1.15465,1.1548,1.20,1.00
2008.10.31 14:16:43.580,1.1546,1.1548,12.90,1.00
2008.10.31 14:16:44.210,1.15465,1.15475,6.10,1.00
2008.10.31 14:16:44.500,1.1547,1.15485,6.10,1.00
2008.10.31 14:16:44.620,1.15465,1.1548,12.10,1.00
2008.10.31 14:16:44.970,1.15465,1.1548,7.30,1.00
2008.10.31 14:16:45.380,1.15465,1.1548,6.10,1.00
2008.10.31 14:16:45.790,1.1547,1.1549,6.10,1.00
2008.10.31 14:16:46.409,1.15465,1.1548,6.00,1.00
2008.10.31 14:16:46.809,1.1547,1.15475,6.10,1.00
2008.10.31 14:16:48.609,1.15465,1.15475,6.10,1.00
2008.10.31 14:16:50.648,1.1546,1.15475,12.90,1.00
2008.10.31 14:16:53.298,1.1546,1.1547,1.00,1.00
2008.10.31 14:16:53.528,1.1546,1.1547,1.00,1.00
2008.10.31 14:16:53.758,1.1546,1.15465,1.00,1.00
2008.10.31 14:16:53.988,1.1545,1.1546,24.90,1.00
2008.10.31 14:16:54.258,1.1545,1.15465,24.90,1.00
2008.10.31 14:16:54.488,1.15455,1.15465,6.00,1.00
2008.10.31 14:16:55.797,1.15455,1.15465,24.10,1.00
2008.10.31 14:16:56.037,1.1546,1.1547,6.10,1.00
2008.10.31 14:16:56.437,1.1546,1.15475,6.90,1.00
2008.10.31 14:16:56.847,1.1546,1.1547,12.90,1.00
2008.10.31 14:16:57.067,1.1546,1.1547,6.10,1.00
2008.10.31 14:16:59.836,1.15455,1.1547,24.00,1.00
2008.10.31 14:17:00.126,1.15455,1.1547,18.00,1.00
2008.10.31 14:17:00.876,1.1546,1.1547,6.10,1.00
2008.10.31 14:17:01.316,1.15465,1.1547,6.10,1.00
2008.10.31 14:17:01.606,1.15465,1.15475,1.20,1.00
2008.10.31 14:17:02.286,1.1546,1.1547,6.10,1.00
2008.10.31 14:17:02.576,1.1546,1.1547,12.10,1.00
2008.10.31 14:17:03.106,1.1546,1.1547,6.10,1.00
2008.10.31 14:17:03.446,1.15465,1.15475,6.10,1.00
2008.10.31 14:17:04.495,1.15465,1.15475,7.30,1.00
2008.10.31 14:17:05.075,1.1547,1.15475,6.10,1.00
2008.10.31 14:17:05.485,1.1547,1.15475,6.10,1.00
2008.10.31 14:17:05.655,1.1547,1.15475,6.00,1.00
2008.10.31 14:17:05.995,1.15465,1.15475,6.10,1.00
2008.10.31 14:17:06.865,1.15465,1.1547,6.10,1.00
2008.10.31 14:17:07.155,1.15465,1.1547,6.10,1.00
2008.10.31 14:17:09.504,1.15455,1.1547,30.10,1.00
2008.10.31 14:17:12.023,1.15455,1.1547,30.10,1.00
2008.10.31 14:17:12.933,1.15455,1.1547,30.10,1.00
2008.10.31 14:17:13.113,1.15455,1.15465,24.10,1.00
2008.10.31 14:17:13.613,1.1545,1.15465,30.90,1.00
2008.10.31 14:17:13.853,1.1546,1.15465,6.10,1.00
2008.10.31 14:17:14.193,1.1546,1.1547,6.90,1.00
2008.10.31 14:17:15.472,1.1546,1.1547,1.00,1.00
2008.10.31 14:17:16.373,1.1546,1.15465,1.00,1.00
2008.10.31 14:17:16.672,1.15455,1.1546,6.00,1.00
2008.10.31 14:17:17.032,1.1545,1.1546,24.90,1.00
2008.10.31 14:17:17.652,1.1545,1.1546,12.90,1.00
2008.10.31 14:17:18.122,1.1545,1.1546,6.60,1.00
2008.10.31 14:17:18.502,1.15455,1.15465,6.10,1.00
2008.10.31 14:17:18.902,1.1546,1.15465,6.10,1.00
2008.10.31 14:17:19.141,1.15455,1.1547,12.10,1.00
2008.10.31 14:17:19.382,1.15465,1.1548,6.10,1.00
2008.10.31 14:17:20.011,1.15465,1.15475,12.10,1.00
2008.10.31 14:17:20.471,1.1546,1.15475,30.90,1.00
2008.10.31 14:17:20.931,1.1546,1.15465,30.90,1.00
2008.10.31 14:17:21.101,1.1546,1.15465,12.10,1.08
2008.10.31 14:17:21.271,1.1545,1.1546,6.60,1.00
2008.10.31 14:17:21.451,1.1545,1.1546,6.10,1.00
2008.10.31 14:17:21.861,1.1545,1.1546,12.10,1.00
2008.10.31 14:17:22.451,1.15455,1.15465,6.10,1.00
2008.10.31 14:17:23.151,1.1545,1.15465,12.90,1.00
2008.10.31 14:17:23.551,1.1545,1.1546,12.90,1.00
2008.10.31 14:17:23.780,1.1545,1.1546,1.00,1.00
2008.10.31 14:17:24.060,1.1545,1.1546,6.90,1.00
2008.10.31 14:17:24.351,1.1545,1.15455,6.90,1.00
2008.10.31 14:17:24.770,1.1545,1.1546,1.00,1.00
2008.10.31 14:17:25.000,1.1545,1.15465,8.10,1.00
2008.10.31 14:17:25.410,1.1546,1.15475,1.00,1.00
2008.10.31 14:17:25.690,1.15455,1.15465,6.10,1.00
2008.10.31 14:17:25.910,1.1545,1.1547,12.10,1.00
2008.10.31 14:17:26.310,1.1545,1.15465,12.10,1.00
2008.10.31 14:17:26.600,1.1546,1.15465,6.10,1.00
2008.10.31 14:17:26.890,1.1546,1.15465,6.10,1.00
2008.10.31 14:17:27.230,1.15455,1.1546,12.10,1.00
2008.10.31 14:17:27.690,1.1545,1.15465,7.30,1.00
2008.10.31 14:17:28.140,1.1545,1.15465,13.30,1.00
2008.10.31 14:17:28.679,1.15455,1.15465,6.10,1.00
2008.10.31 14:17:29.069,1.15455,1.15465,12.10,1.00
2008.10.31 14:17:30.329,1.1546,1.15465,6.10,1.00
2008.10.31 14:17:30.509,1.1546,1.15465,6.10,1.00
2008.10.31 14:17:31.139,1.1546,1.15475,6.90,1.00
2008.10.31 14:17:31.428,1.1546,1.1547,12.90,1.00
2008.10.31 14:17:31.719,1.1546,1.1548,12.90,1.00
2008.10.31 14:17:32.509,1.1546,1.15475,12.90,1.00
2008.10.31 14:17:32.898,1.1546,1.1547,6.90,1.00
2008.10.31 14:17:33.118,1.1546,1.1547,6.10,1.00
2008.10.31 14:17:33.348,1.15455,1.1547,12.90,1.00
2008.10.31 14:17:33.748,1.15455,1.1547,6.00,1.00
2008.10.31 14:17:34.088,1.15455,1.1547,6.10,1.00
2008.10.31 14:17:34.728,1.1545,1.1547,19.30,1.00
2008.10.31 14:17:37.738,1.1545,1.15465,19.30,1.00
2008.10.31 14:17:38.077,1.15455,1.15465,6.10,1.00
2008.10.31 14:17:38.367,1.15455,1.15465,12.10,1.00
2008.10.31 14:17:38.847,1.15445,1.1546,6.10,1.00
2008.10.31 14:17:39.137,1.15455,1.15465,6.10,1.00
2008.10.31 14:17:39.607,1.1545,1.15465,12.10,1.00
2008.10.31 14:17:39.837,1.15455,1.15465,6.10,1.00
2008.10.31 14:17:40.346,1.1545,1.15465,12.10,1.00
2008.10.31 14:17:41.217,1.15455,1.15465,6.10,1.00
2008.10.31 14:17:43.786,1.15455,1.15465,12.10,1.00
2008.10.31 14:17:44.875,1.15455,1.15465,12.10,1.00
2008.10.31 14:17:45.115,1.15455,1.15475,12.10,1.00
2008.10.31 14:17:45.295,1.1546,1.15475,6.00,1.00
2008.10.31 14:17:45.525,1.1546,1.15475,6.60,1.00
2008.10.31 14:17:46.565,1.15455,1.1547,12.10,1.00
2008.10.31 14:17:46.785,1.15455,1.1547,12.10,1.00
2008.10.31 14:17:48.095,1.15455,1.1547,12.10,1.00
2008.10.31 14:17:48.335,1.1546,1.1547,1.00,1.00
2008.10.31 14:17:48.555,1.15465,1.1548,6.10,1.50
2008.10.31 14:17:48.725,1.15465,1.1547,6.10,1.00
2008.10.31 14:17:48.895,1.1546,1.15475,1.00,1.00
2008.10.31 14:17:49.524,1.15455,1.1547,12.10,1.00
2008.10.31 14:17:52.504,1.15455,1.1547,6.10,1.00
2008.10.31 14:17:53.033,1.15455,1.1547,12.10,1.00
2008.10.31 14:17:53.383,1.15455,1.1547,6.10,1.00
2008.10.31 14:17:54.323,1.15455,1.1547,12.10,1.00
2008.10.31 14:17:55.443,1.1546,1.1547,6.10,1.00
2008.10.31 14:17:55.614,1.1546,1.1547,6.10,1.00
2008.10.31 14:17:55.843,1.15455,1.15475,12.10,1.00
2008.10.31 14:17:56.193,1.15455,1.1547,12.10,1.00
2008.10.31 14:17:56.882,1.15455,1.1547,12.10,1.00
2008.10.31 14:17:57.522,1.15455,1.1547,12.10,1.00
2008.10.31 14:17:58.032,1.15455,1.1547,12.10,1.00
2008.10.31 14:17:58.252,1.15455,1.1547,6.10,1.00
2008.10.31 14:17:59.402,1.15455,1.1547,6.10,1.00
2008.10.31 14:18:02.491,1.1545,1.15465,12.60,1.00
2008.10.31 14:18:02.781,1.1545,1.15465,1.00,1.00
2008.10.31 14:18:03.581,1.1545,1.15455,1.00,1.00
2008.10.31 14:18:03.991,1.1545,1.15465,6.10,1.00
2008.10.31 14:18:04.841,1.15445,1.15465,30.10,1.00
2008.10.31 14:18:05.121,1.15445,1.1546,6.00,1.00
2008.10.31 14:18:05.400,1.1544,1.15455,6.60,1.00
2008.10.31 14:18:05.580,1.1544,1.15455,1.00,1.00
2008.10.31 14:18:06.280,1.1544,1.15455,18.60,1.00
2008.10.31 14:18:06.630,1.15445,1.1546,6.00,1.00
2008.10.31 14:18:06.870,1.15445,1.15465,6.00,1.00
2008.10.31 14:18:07.620,1.15445,1.15465,12.10,1.00
2008.10.31 14:18:08.320,1.15445,1.15465,18.10,1.00
2008.10.31 14:18:08.959,1.1545,1.15465,6.10,1.00
2008.10.31 14:18:09.660,1.15445,1.15465,18.10,1.00
2008.10.31 14:18:11.209,1.15445,1.15465,12.10,1.00
2008.10.31 14:18:11.559,1.1544,1.15465,30.90,1.00
2008.10.31 14:18:11.839,1.15445,1.15465,6.10,1.00
2008.10.31 14:18:12.359,1.15445,1.15465,12.10,1.00
2008.10.31 14:18:12.529,1.1545,1.15465,6.10,1.00
2008.10.31 14:18:13.358,1.1545,1.1546,6.10,1.00
2008.10.31 14:18:18.347,1.1545,1.15465,6.10,1.00
2008.10.31 14:18:18.627,1.1545,1.15465,6.10,1.00
2008.10.31 14:18:18.957,1.1545,1.1547,12.10,1.00
2008.10.31 14:18:19.128,1.15455,1.1547,6.10,1.00
2008.10.31 14:18:20.977,1.15455,1.1547,12.10,1.00
2008.10.31 14:18:21.217,1.15455,1.1547,6.10,1.00
2008.10.31 14:18:25.006,1.15455,1.15465,6.10,1.00
2008.10.31 14:18:25.366,1.1545,1.15465,6.60,1.00
2008.10.31 14:18:25.536,1.1545,1.15465,1.00,1.00
2008.10.31 14:18:26.405,1.1545,1.1547,6.90,1.00
2008.10.31 14:18:26.685,1.1545,1.1547,12.90,1.00
2008.10.31 14:18:28.375,1.15455,1.1547,6.10,1.00
2008.10.31 14:18:28.735,1.15455,1.1547,6.10,1.00
2008.10.31 14:18:29.415,1.1545,1.1547,12.90,1.00
2008.10.31 14:18:30.515,1.1545,1.15465,6.60,1.00
2008.10.31 14:18:30.804,1.1545,1.15465,1.00,1.00
2008.10.31 14:18:37.403,1.1545,1.1546,1.00,1.00
2008.10.31 14:18:37.923,1.1545,1.15465,1.00,1.00
2008.10.31 14:18:38.763,1.1545,1.15455,1.00,1.00
2008.10.31 14:18:38.992,1.1544,1.15455,18.60,1.00
2008.10.31 14:18:39.332,1.15445,1.15465,6.00,1.00
2008.10.31 14:18:39.612,1.15445,1.1547,12.10,1.00
2008.10.31 14:18:39.902,1.15445,1.1546,6.00,1.00
2008.10.31 14:18:40.132,1.15445,1.1546,6.00,1.00
2008.10.31 14:18:41.992,1.15445,1.1546,6.00,1.00
2008.10.31 14:18:42.502,1.15445,1.1546,6.00,1.00
2008.10.31 14:18:42.912,1.15445,1.15465,6.00,1.00
2008.10.31 14:18:45.611,1.15445,1.15465,12.10,1.00
2008.10.31 14:18:46.940,1.15445,1.1546,12.10,1.00
2008.10.31 14:18:47.180,1.15445,1.1546,12.10,1.00
2008.10.31 14:18:47.750,1.15445,1.1546,18.10,1.00
2008.10.31 14:18:47.970,1.15445,1.1546,12.10,1.00
2008.10.31 14:18:48.940,1.15445,1.1546,12.10,1.00
2008.10.31 14:18:49.350,1.15445,1.15465,12.10,1.00
2008.10.31 14:18:49.530,1.15445,1.1546,12.10,1.00
2008.10.31 14:18:49.930,1.15445,1.15455,12.10,1.00
2008.10.31 14:18:51.719,1.15445,1.15455,12.10,1.00
2008.10.31 14:18:51.999,1.15445,1.15455,6.00,1.00
2008.10.31 14:18:52.479,1.15445,1.15455,12.10,1.00
2008.10.31 14:18:53.279,1.15445,1.1546,6.00,1.00
2008.10.31 14:18:53.789,1.15445,1.15455,12.10,1.00
2008.10.31 14:18:54.139,1.15445,1.1546,12.10,1.00
2008.10.31 14:18:54.829,1.15445,1.15455,12.10,1.00
2008.10.31 14:18:57.528,1.15445,1.15455,12.10,1.00
2008.10.31 14:18:57.698,1.15445,1.1546,12.10,1.00
2008.10.31 14:18:58.978,1.15445,1.1546,12.10,1.00
2008.10.31 14:19:00.637,1.15445,1.1546,18.10,1.00
2008.10.31 14:19:04.076,1.1545,1.1546,6.10,1.00
2008.10.31 14:19:04.546,1.1545,1.1546,6.10,1.00
2008.10.31 14:19:04.906,1.1545,1.15465,24.10,1.00
2008.10.31 14:19:05.316,1.15455,1.15465,6.10,1.00
2008.10.31 14:19:05.716,1.1546,1.1547,1.00,1.00
2008.10.31 14:19:06.006,1.1546,1.1548,6.60,1.00
2008.10.31 14:19:06.296,1.1546,1.1548,12.90,1.00
2008.10.31 14:19:06.946,1.1547,1.1548,6.10,1.00
2008.10.31 14:19:07.246,1.1547,1.15485,6.90,1.00
2008.10.31 14:19:07.666,1.1547,1.15485,6.90,1.00
2008.10.31 14:19:07.885,1.1547,1.1548,6.60,1.00
2008.10.31 14:19:08.125,1.1547,1.1548,6.60,1.00
2008.10.31 14:19:08.405,1.1546,1.15475,6.90,1.00
2008.10.31 14:19:08.635,1.1546,1.15475,1.00,1.00
2008.10.31 14:19:09.045,1.1546,1.15475,6.90,1.00
2008.10.31 14:19:09.165,1.1546,1.1548,6.90,1.00
2008.10.31 14:19:09.405,1.1546,1.1548,12.90,1.00
2008.10.31 14:19:09.525,1.15465,1.1548,6.10,1.00
2008.10.31 14:19:10.215,1.1546,1.1548,12.90,1.00
2008.10.31 14:19:10.665,1.1546,1.15475,12.90,1.00
2008.10.31 14:19:10.835,1.1546,1.15475,1.00,1.00
2008.10.31 14:19:11.425,1.1546,1.15475,6.90,1.00
2008.10.31 14:19:14.114,1.1546,1.15475,6.90,1.00
2008.10.31 14:19:14.524,1.1546,1.15475,6.90,1.00
2008.10.31 14:19:14.854,1.1546,1.15475,6.90,1.00
2008.10.31 14:19:14.974,1.1546,1.1548,12.90,1.00
2008.10.31 14:19:15.204,1.15465,1.1548,6.10,1.00
2008.10.31 14:19:16.433,1.15465,1.1548,6.10,1.00
2008.10.31 14:19:16.883,1.15465,1.1548,6.10,1.00
2008.10.31 14:19:17.183,1.15465,1.1548,12.10,1.00
2008.10.31 14:19:17.763,1.15465,1.15475,12.10,1.00
2008.10.31 14:19:17.933,1.1546,1.15475,6.60,1.00
2008.10.31 14:19:18.163,1.1546,1.15475,1.00,1.00
2008.10.31 14:19:18.456,1.1546,1.15475,6.90,1.00
2008.10.31 14:19:18.743,1.1546,1.15475,6.90,1.00
2008.10.31 14:19:19.433,1.15465,1.1548,6.10,1.00
2008.10.31 14:19:19.663,1.15465,1.1548,12.10,1.00
2008.10.31 14:19:19.782,1.1547,1.1548,6.10,1.00
2008.10.31 14:19:21.542,1.15465,1.1548,12.10,1.00
2008.10.31 14:19:23.952,1.15465,1.1548,12.10,1.00
2008.10.31 14:19:25.741,1.15465,1.1548,6.00,1.00
2008.10.31 14:19:25.851,1.1546,1.15475,12.90,1.00
2008.10.31 14:19:26.141,1.1546,1.15475,6.90,1.00
2008.10.31 14:19:26.501,1.1546,1.15475,1.00,1.00
2008.10.31 14:19:28.170,1.1546,1.15475,1.00,1.00
2008.10.31 14:19:28.460,1.1546,1.15475,1.00,1.00
2008.10.31 14:19:29.080,1.1546,1.15475,1.00,1.00
2008.10.31 14:19:31.040,1.1546,1.1548,12.90,1.00
2008.10.31 14:19:31.310,1.15465,1.1548,6.10,1.00
2008.10.31 14:19:31.760,1.1546,1.1548,12.90,1.00
2008.10.31 14:19:32.350,1.15465,1.1548,6.10,1.00
2008.10.31 14:19:33.809,1.1547,1.1548,6.10,1.00
2008.10.31 14:19:33.919,1.1547,1.1548,6.10,1.00
2008.10.31 14:19:34.099,1.1547,1.15485,6.10,1.00
2008.10.31 14:19:34.389,1.1547,1.15485,6.10,1.00
2008.10.31 14:19:34.499,1.1548,1.1549,1.00,1.00
2008.10.31 14:19:34.739,1.15475,1.15485,6.10,1.00
2008.10.31 14:19:35.459,1.1547,1.15485,12.90,1.00
2008.10.31 14:19:35.929,1.15475,1.15485,6.90,1.00
2008.10.31 14:19:36.268,1.15475,1.1548,6.60,1.00
2008.10.31 14:19:36.559,1.15475,1.15485,1.00,1.00
2008.10.31 14:19:36.669,1.15475,1.1549,12.90,1.00
2008.10.31 14:19:36.999,1.15475,1.15485,12.90,1.00
2008.10.31 14:19:37.278,1.15475,1.15485,12.90,1.00
2008.10.31 14:19:38.028,1.15475,1.15485,12.90,1.00
2008.10.31 14:19:40.397,1.15475,1.15485,6.90,1.00
2008.10.31 14:19:40.628,1.1547,1.15485,12.10,1.00
2008.10.31 14:19:41.388,1.1547,1.1549,12.10,1.00
2008.10.31 14:19:42.707,1.15475,1.1549,6.10,1.00
2008.10.31 14:19:42.987,1.15475,1.1549,6.10,1.00
2008.10.31 14:19:43.327,1.15475,1.1549,12.10,1.00
2008.10.31 14:19:43.737,1.15475,1.1549,6.10,1.00
2008.10.31 14:19:44.097,1.15475,1.1549,6.00,1.00
2008.10.31 14:19:44.337,1.1547,1.1549,12.10,1.00
2008.10.31 14:19:44.516,1.1547,1.1549,12.10,1.00
2008.10.31 14:19:47.226,1.1547,1.1549,12.10,1.00
2008.10.31 14:19:50.355,1.1547,1.1549,12.10,1.00
2008.10.31 14:19:50.705,1.1547,1.1549,12.10,1.00
2008.10.31 14:19:51.065,1.15465,1.1549,7.30,1.00
2008.10.31 14:19:51.425,1.15465,1.1549,7.30,1.00
2008.10.31 14:19:51.765,1.15465,1.15485,6.10,1.00
2008.10.31 14:19:52.354,1.15465,1.15485,6.90,1.00
2008.10.31 14:19:53.335,1.15465,1.15485,12.90,1.00
2008.10.31 14:19:54.454,1.15465,1.15485,12.90,1.00
2008.10.31 14:19:54.724,1.15465,1.1549,12.90,1.20
2008.10.31 14:19:54.944,1.15465,1.15485,12.90,1.00
2008.10.31 14:19:55.344,1.15465,1.1549,12.90,1.00
2008.10.31 14:19:55.524,1.15465,1.1549,14.10,1.00
2008.10.31 14:19:56.784,1.1547,1.1549,1.00,1.00
2008.10.31 14:19:57.184,1.15475,1.1549,1.00,1.00
2008.10.31 14:19:57.713,1.1547,1.1549,6.90,1.00
2008.10.31 14:19:58.063,1.1547,1.1549,1.00,1.00
2008.10.31 14:19:58.573,1.1547,1.1549,6.90,1.00
2008.10.31 14:19:59.264,1.15475,1.1549,1.00,1.00
2008.10.31 14:20:14.179,1.15475,1.1549,6.90,1.00
2008.10.31 14:20:14.589,1.15475,1.1549,6.90,1.00
2008.10.31 14:20:15.049,1.15475,1.1549,1.00,1.00
2008.10.31 14:20:15.739,1.15475,1.1549,1.00,1.00
2008.10.31 14:20:19.218,1.15475,1.1549,1.00,1.00
2008.10.31 14:20:21.028,1.15475,1.15485,1.00,1.00
2008.10.31 14:20:21.257,1.15485,1.1549,6.10,1.08
2008.10.31 14:20:21.678,1.15485,1.1549,6.10,1.00
2008.10.31 14:20:22.487,1.15485,1.1549,12.60,1.00
2008.10.31 14:20:22.598,1.1549,1.15515,1.00,4.60
2008.10.31 14:20:22.817,1.1549,1.15515,6.90,4.60
2008.10.31 14:20:23.157,1.15495,1.15515,1.00,1.00
2008.10.31 14:20:23.277,1.155,1.15525,6.90,1.00
2008.10.31 14:20:23.447,1.155,1.15525,1.00,1.00
2008.10.31 14:20:23.568,1.155,1.1552,6.60,1.00
2008.10.31 14:20:23.917,1.155,1.15515,1.00,1.00
2008.10.31 14:20:24.217,1.155,1.1552,6.90,1.00
2008.10.31 14:20:24.557,1.155,1.1552,12.90,1.00
2008.10.31 14:20:27.656,1.155,1.1552,13.50,1.00
2008.10.31 14:20:27.766,1.155,1.1552,19.50,1.00
2008.10.31 14:20:27.886,1.15505,1.15525,6.10,1.00
2008.10.31 14:20:28.586,1.1551,1.15525,1.00,1.00
2008.10.31 14:20:28.766,1.155,1.1552,19.50,1.00
2008.10.31 14:20:29.006,1.15505,1.15525,6.10,1.00
2008.10.31 14:20:29.186,1.1551,1.15525,1.00,1.00
2008.10.31 14:20:32.345,1.1551,1.1553,1.00,1.00
2008.10.31 14:20:32.565,1.1551,1.15525,6.90,1.00
2008.10.31 14:20:33.125,1.1551,1.15525,1.00,1.00
2008.10.31 14:20:36.814,1.1551,1.15525,1.00,1.00
2008.10.31 14:20:39.264,1.1551,1.15525,1.00,1.00
2008.10.31 14:20:40.953,1.1551,1.15525,1.00,1.00
2008.10.31 14:20:41.453,1.1551,1.1553,1.00,1.00
2008.10.31 14:20:41.513,1.1551,1.15525,1.00,1.00
2008.10.31 14:20:47.021,1.1551,1.15525,1.00,1.00
2008.10.31 14:20:50.001,1.1551,1.1553,1.00,1.00
2008.10.31 14:20:50.121,1.1551,1.15525,1.00,1.00
2008.10.31 14:20:50.751,1.1551,1.1553,1.00,1.00
2008.10.31 14:20:50.981,1.1551,1.1553,1.00,1.00
2008.10.31 14:20:52.380,1.1551,1.15525,6.90,1.00
2008.10.31 14:20:52.680,1.1551,1.15525,1.00,1.00
2008.10.31 14:20:55.389,1.1551,1.15525,6.90,1.00
2008.10.31 14:20:56.040,1.1551,1.15525,1.00,1.00
2008.10.31 14:20:56.849,1.1551,1.1552,1.00,1.00
2008.10.31 14:20:57.249,1.155,1.15515,6.60,1.00
2008.10.31 14:20:57.649,1.155,1.1552,12.90,1.00
2008.10.31 14:20:58.169,1.155,1.1552,6.90,1.00
2008.10.31 14:20:58.619,1.15505,1.1552,6.10,1.00
2008.10.31 14:20:59.418,1.155,1.15515,12.90,1.00
2008.10.31 14:20:59.779,1.155,1.15515,1.00,1.00
2008.10.31 14:21:00.348,1.155,1.15515,1.00,1.00
2008.10.31 14:21:02.478,1.155,1.15515,6.90,1.00
2008.10.31 14:21:02.758,1.155,1.1552,12.90,1.00
2008.10.31 14:21:03.657,1.155,1.15515,6.60,1.00
2008.10.31 14:21:04.038,1.155,1.15515,1.00,1.00
2008.10.31 14:21:04.497,1.155,1.1551,1.00,1.00
2008.10.31 14:21:04.837,1.155,1.15515,1.00,1.00
2008.10.31 14:21:05.127,1.155,1.15515,6.90,1.00
2008.10.31 14:21:05.477,1.155,1.1552,6.90,1.00
2008.10.31 14:21:05.817,1.155,1.1552,6.90,1.00
2008.10.31 14:21:06.107,1.155,1.1552,12.90,1.00
2008.10.31 14:21:07.067,1.155,1.1552,12.90,1.00
2008.10.31 14:21:07.536,1.155,1.1552,12.90,1.00
2008.10.31 14:21:11.636,1.155,1.1552,12.90,1.00
2008.10.31 14:21:12.346,1.155,1.15515,6.60,1.00
2008.10.31 14:21:12.695,1.155,1.1551,1.00,1.00
2008.10.31 14:21:13.555,1.155,1.1551,1.00,1.00
2008.10.31 14:21:16.964,1.155,1.15515,1.00,1.00
2008.10.31 14:21:18.354,1.155,1.1552,1.00,1.00
2008.10.31 14:21:18.934,1.155,1.1552,1.00,1.20
2008.10.31 14:21:21.103,1.155,1.1552,1.00,1.00
2008.10.31 14:21:21.433,1.1551,1.1552,1.00,1.00
2008.10.31 14:21:21.853,1.155,1.1552,6.90,1.00
2008.10.31 14:21:22.133,1.15505,1.15525,6.10,1.00
2008.10.31 14:21:22.883,1.15505,1.15525,6.10,1.00
2008.10.31 14:21:23.873,1.15505,1.15525,6.10,1.00
2008.10.31 14:21:25.912,1.155,1.15525,12.90,1.00
2008.10.31 14:21:26.362,1.155,1.15525,12.90,1.00
2008.10.31 14:21:26.642,1.155,1.1552,6.90,1.00
2008.10.31 14:21:26.982,1.155,1.1552,1.00,1.20
2008.10.31 14:21:27.322,1.155,1.15515,1.00,1.00
2008.10.31 14:21:29.701,1.155,1.15525,1.00,1.20
2008.10.31 14:21:29.941,1.155,1.15525,6.90,1.20
2008.10.31 14:21:30.361,1.155,1.15525,12.90,1.20
2008.10.31 14:21:30.871,1.155,1.15525,6.60,1.20
2008.10.31 14:21:31.051,1.155,1.1552,6.60,1.00
2008.10.31 14:21:31.161,1.155,1.1552,6.60,1.00
2008.10.31 14:21:31.331,1.155,1.1552,1.00,1.00
2008.10.31 14:21:32.241,1.155,1.1552,6.90,1.00
2008.10.31 14:21:32.651,1.155,1.1552,6.90,1.00
2008.10.31 14:21:33.021,1.15505,1.15525,6.10,1.00
2008.10.31 14:21:36.070,1.15505,1.15525,6.10,1.00
2008.10.31 14:21:40.119,1.15505,1.15525,12.10,1.00
2008.10.31 14:21:43.458,1.15505,1.1553,12.10,1.00
2008.10.31 14:21:43.578,1.15505,1.1553,12.10,1.00
2008.10.31 14:21:43.918,1.1551,1.1553,1.00,1.00
2008.10.31 14:21:45.437,1.15515,1.1553,1.20,1.00
2008.10.31 14:21:45.607,1.15515,1.1553,1.20,1.00
2008.10.31 14:21:46.117,1.15515,1.1553,1.20,1.00
2008.10.31 14:21:46.437,1.15515,1.1553,19.20,1.00
2008.10.31 14:21:47.217,1.1552,1.1553,18.00,1.00
2008.10.31 14:21:47.507,1.1553,1.1554,6.00,1.00
2008.10.31 14:21:47.867,1.15535,1.1556,6.10,1.00
2008.10.31 14:21:48.337,1.15535,1.1556,18.10,1.00
2008.10.31 14:21:48.796,1.1554,1.1556,6.60,1.00
2008.10.31 14:21:49.136,1.1554,1.1556,18.90,1.00
2008.10.31 14:21:49.466,1.1555,1.1556,24.10,1.00
2008.10.31 14:21:49.857,1.1556,1.15595,6.00,2.10
2008.10.31 14:21:50.256,1.1556,1.15595,12.10,1.00
2008.10.31 14:21:50.676,1.15565,1.15595,6.10,1.00
2008.10.31 14:21:51.626,1.1556,1.15585,25.50,1.00
2008.10.31 14:21:51.896,1.1557,1.1559,7.20,1.00
2008.10.31 14:21:52.526,1.1557,1.1559,1.20,1.00
2008.10.31 14:21:52.746,1.1557,1.1559,1.80,1.00
2008.10.31 14:21:53.476,1.1557,1.15585,1.80,1.00
2008.10.31 14:21:53.826,1.1557,1.1559,2.50,1.00
2008.10.31 14:21:54.115,1.1558,1.1559,1.00,1.00
2008.10.31 14:21:54.695,1.1558,1.1559,1.00,12.00
2008.10.31 14:21:55.045,1.1557,1.1559,8.10,1.00
2008.10.31 14:21:55.465,1.1557,1.1559,1.00,1.00
2008.10.31 14:21:55.815,1.1557,1.1559,1.00,1.00
2008.10.31 14:21:56.095,1.15565,1.15585,6.10,1.00
2008.10.31 14:21:56.715,1.1557,1.1559,7.30,1.00
2008.10.31 14:21:57.224,1.1557,1.15585,6.10,1.00
2008.10.31 14:21:57.455,1.1557,1.1559,12.10,13.00
2008.10.31 14:21:57.924,1.1557,1.1559,20.10,1.00
2008.10.31 14:21:58.364,1.1557,1.1559,14.10,1.00
2008.10.31 14:22:00.534,1.15575,1.1559,6.00,1.00
2008.10.31 14:22:00.774,1.15575,1.15595,18.00,1.00
2008.10.31 14:22:01.254,1.15585,1.156,18.00,1.00
2008.10.31 14:22:01.663,1.15585,1.156,19.20,1.00
2008.10.31 14:22:03.423,1.15595,1.156,6.00,1.00
2008.10.31 14:22:03.773,1.1559,1.15605,6.90,1.00
2008.10.31 14:22:04.003,1.15595,1.15605,18.00,1.00
2008.10.31 14:22:04.253,1.15595,1.15605,12.00,1.00
2008.10.31 14:22:04.603,1.1559,1.15605,30.90,1.00
2008.10.31 14:22:04.873,1.15595,1.1561,12.00,1.00
2008.10.31 14:22:05.912,1.156,1.1561,1.00,1.00
2008.10.31 14:22:06.252,1.15595,1.1561,6.10,1.00
2008.10.31 14:22:06.602,1.1559,1.1561,6.60,1.00
2008.10.31 14:22:07.003,1.1559,1.15605,12.60,1.00
2008.10.31 14:22:07.242,1.1559,1.15605,18.60,1.00
2008.10.31 14:22:07.532,1.15595,1.15605,6.00,1.00
2008.10.31 14:22:07.822,1.15595,1.15605,18.00,1.00
2008.10.31 14:22:08.532,1.156,1.1561,6.00,1.00
2008.10.31 14:22:09.042,1.15595,1.1561,12.10,1.00
2008.10.31 14:22:09.402,1.1559,1.1561,24.90,1.00
2008.10.31 14:22:09.682,1.1559,1.1561,30.90,1.00
2008.10.31 14:22:11.321,1.1559,1.1561,24.90,1.00
2008.10.31 14:22:11.561,1.1559,1.1561,12.90,1.00
2008.10.31 14:22:11.971,1.1559,1.1561,6.60,1.00
2008.10.31 14:22:13.091,1.1559,1.1561,18.60,1.00
2008.10.31 14:22:13.491,1.1559,1.15605,12.60,1.00
2008.10.31 14:22:13.941,1.1559,1.1561,6.60,1.00
2008.10.31 14:22:14.290,1.1559,1.1561,24.60,1.00
2008.10.31 14:22:14.600,1.1559,1.1561,12.90,1.00
2008.10.31 14:22:15.110,1.1559,1.1561,6.90,1.00
2008.10.31 14:22:15.440,1.1559,1.15615,12.90,1.00
2008.10.31 14:22:15.790,1.15595,1.1562,12.10,1.00
2008.10.31 14:22:18.399,1.15595,1.1562,6.00,1.00
2008.10.31 14:22:18.799,1.15595,1.1562,12.00,1.00
2008.10.31 14:22:19.089,1.15595,1.1562,12.10,1.00
2008.10.31 14:22:19.370,1.156,1.1562,6.00,1.00
2008.10.31 14:22:19.939,1.15605,1.1562,6.00,1.00
2008.10.31 14:22:20.239,1.15605,1.1562,18.60,1.00
2008.10.31 14:22:20.629,1.1561,1.1563,1.00,1.00
2008.10.31 14:22:20.969,1.1561,1.1563,6.10,1.00
2008.10.31 14:22:21.499,1.1561,1.1563,12.10,1.00
2008.10.31 14:22:22.129,1.1561,1.15635,18.10,1.00
2008.10.31 14:22:22.468,1.15615,1.1564,6.00,1.00
2008.10.31 14:22:22.759,1.15615,1.1564,18.10,1.00
2008.10.31 14:22:23.178,1.1562,1.1564,1.00,1.00
2008.10.31 14:22:23.638,1.1561,1.15635,32.10,1.00
2008.10.31 14:22:23.938,1.1561,1.15635,30.90,1.00
2008.10.31 14:22:24.578,1.15615,1.15635,6.00,1.00
2008.10.31 14:22:25.048,1.15615,1.1564,24.00,1.00
2008.10.31 14:22:25.438,1.1562,1.1564,1.00,1.00
2008.10.31 14:22:25.888,1.15625,1.15645,7.20,3.30
2008.10.31 14:22:26.407,1.1563,1.15645,6.00,3.30
2008.10.31 14:22:26.918,1.15625,1.1565,6.00,4.30
2008.10.31 14:22:27.147,1.1562,1.1565,25.30,4.30
2008.10.31 14:22:27.447,1.1562,1.1565,13.30,4.30
2008.10.31 14:22:28.037,1.1562,1.1565,6.60,16.30
2008.10.31 14:22:28.447,1.15625,1.1565,18.00,4.30
2008.10.31 14:22:28.787,1.1562,1.1565,24.60,3.30
2008.10.31 14:22:29.187,1.1562,1.1565,24.60,4.30
2008.10.31 14:22:29.637,1.1562,1.1565,18.60,4.30
2008.10.31 14:22:29.987,1.1563,1.1565,6.10,1.00
2008.10.31 14:22:30.257,1.1563,1.1565,6.10,1.00
2008.10.31 14:22:30.707,1.1562,1.1565,12.90,13.20
2008.10.31 14:22:31.286,1.1562,1.15645,6.90,1.00
2008.10.31 14:22:31.627,1.1562,1.1565,13.50,4.30
2008.10.31 14:22:31.906,1.1562,1.15645,6.90,1.00
2008.10.31 14:22:32.546,1.1562,1.15645,13.50,1.00
2008.10.31 14:22:32.846,1.1562,1.1565,19.50,1.00
2008.10.31 14:22:34.736,1.1562,1.1565,19.50,4.30
2008.10.31 14:22:35.185,1.1562,1.1565,13.50,16.50
2008.10.31 14:22:35.585,1.1562,1.15645,12.90,1.00
2008.10.31 14:22:36.045,1.1562,1.15645,6.90,1.00
2008.10.31 14:22:36.945,1.1562,1.15645,12.90,1.00
2008.10.31 14:22:37.965,1.15625,1.15645,1.00,1.00
2008.10.31 14:22:38.135,1.15625,1.1565,18.60,1.00
2008.10.31 14:22:39.184,1.15625,1.15655,1.80,16.30
2008.10.31 14:22:39.604,1.1563,1.15655,1.00,16.30
2008.10.31 14:22:40.294,1.15635,1.15655,6.60,3.30
2008.10.31 14:22:40.714,1.15635,1.15655,1.00,3.30
2008.10.31 14:22:41.354,1.15635,1.15655,6.60,3.30
2008.10.31 14:22:41.774,1.15635,1.15655,1.00,4.30
2008.10.31 14:22:42.234,1.1563,1.15655,12.00,4.30
2008.10.31 14:22:43.754,1.1563,1.15655,12.00,4.50
2008.10.31 14:22:44.213,1.1563,1.1565,12.00,1.00
2008.10.31 14:22:44.633,1.1563,1.1565,6.00,1.00
2008.10.31 14:22:44.803,1.1563,1.1565,12.00,1.00
2008.10.31 14:22:45.083,1.1563,1.1565,6.00,1.00
2008.10.31 14:22:46.303,1.1563,1.1565,12.10,1.00
2008.10.31 14:22:46.703,1.1563,1.1565,18.10,1.00
2008.10.31 14:22:47.432,1.15635,1.15655,6.70,1.00
2008.10.31 14:22:48.192,1.15635,1.15655,12.70,1.00
2008.10.31 14:22:48.592,1.15635,1.15655,6.60,1.00
2008.10.31 14:22:48.942,1.1563,1.15655,24.90,1.00
2008.10.31 14:22:49.392,1.1563,1.15655,6.90,1.00
2008.10.31 14:22:49.972,1.1563,1.1565,6.10,1.00
2008.10.31 14:22:50.312,1.1563,1.1564,6.10,1.00
2008.10.31 14:22:50.652,1.1563,1.1564,6.10,13.00
2008.10.31 14:22:51.002,1.1563,1.1564,6.10,1.00
2008.10.31 14:22:51.351,1.1563,1.15645,6.10,1.00
2008.10.31 14:22:52.601,1.15625,1.15645,6.10,1.00
2008.10.31 14:22:53.621,1.1563,1.15645,1.00,1.00
2008.10.31 14:22:53.901,1.1563,1.15645,1.00,1.00
2008.10.31 14:22:55.011,1.1564,1.1565,1.00,4.30
2008.10.31 14:22:55.411,1.1565,1.1566,1.00,4.00
2008.10.31 14:22:55.810,1.15665,1.1568,1.00,8.00
2008.10.31 14:22:56.160,1.15665,1.1569,1.00,1.00
2008.10.31 14:22:56.510,1.15665,1.15695,1.00,1.00
2008.10.31 14:22:56.850,1.1567,1.15695,1.00,1.00
2008.10.31 14:22:57.250,1.1567,1.15685,1.00,1.00
2008.10.31 14:22:59.570,1.1568,1.1569,1.00,1.00
2008.10.31 14:22:59.960,1.1568,1.15695,1.00,1.00
2008.10.31 14:23:01.209,1.15675,1.1568,1.40,3.30
2008.10.31 14:23:01.619,1.1568,1.15695,1.00,3.30
2008.10.31 14:23:02.499,1.1569,1.15695,1.00,3.30
2008.10.31 14:23:02.789,1.1569,1.157,1.30,4.00
2008.10.31 14:23:03.069,1.157,1.15715,1.00,4.00
2008.10.31 14:23:03.249,1.15705,1.15715,1.00,4.00
2008.10.31 14:23:03.778,1.157,1.1572,6.60,4.00
2008.10.31 14:23:04.398,1.1571,1.1573,6.00,1.00
2008.10.31 14:23:04.729,1.15705,1.1573,18.00,1.00
2008.10.31 14:23:05.068,1.15715,1.1574,6.00,1.00
2008.10.31 14:23:05.348,1.15715,1.15745,6.60,1.00
2008.10.31 14:23:05.758,1.1572,1.15735,19.30,1.00
2008.10.31 14:23:06.048,1.1572,1.15745,19.30,1.00
2008.10.31 14:23:06.498,1.15725,1.15745,1.00,1.00
2008.10.31 14:23:06.898,1.1573,1.15745,1.60,1.00
2008.10.31 14:23:07.178,1.1573,1.1575,13.60,1.00
2008.10.31 14:23:07.577,1.1573,1.1575,1.00,1.00
2008.10.31 14:23:07.987,1.1573,1.1575,7.50,1.00
2008.10.31 14:23:08.377,1.1573,1.15755,26.20,1.00
2008.10.31 14:23:08.827,1.1574,1.15755,1.00,1.00
2008.10.31 14:23:09.277,1.15745,1.1576,12.00,1.00
2008.10.31 14:23:09.558,1.1575,1.15785,18.90,1.00
2008.10.31 14:23:10.657,1.15755,1.1579,24.90,1.00
2008.10.31 14:23:11.047,1.15765,1.1578,1.00,1.00
2008.10.31 14:23:11.337,1.15765,1.15785,1.00,1.00
2008.10.31 14:23:12.966,1.1576,1.15765,5.30,3.30
2008.10.31 14:23:13.376,1.1577,1.1579,1.00,4.00
2008.10.31 14:23:14.016,1.1577,1.15775,1.00,21.08
2008.10.31 14:23:14.416,1.1573,1.15755,1.00,4.30
2008.10.31 14:23:15.066,1.1573,1.15755,1.00,4.50
2008.10.31 14:23:16.345,1.1574,1.1575,1.00,1.00
2008.10.31 14:23:17.036,1.1573,1.15755,1.00,4.50
2008.10.31 14:23:17.385,1.1574,1.15755,1.00,4.30
2008.10.31 14:23:17.956,1.1575,1.15755,1.00,4.30
2008.10.31 14:23:18.775,1.1574,1.15755,1.00,4.30
2008.10.31 14:23:19.235,1.1574,1.1575,1.00,1.00
2008.10.31 14:23:21.474,1.1574,1.15755,1.00,1.20
2008.10.31 14:23:21.824,1.1574,1.15755,1.00,1.00
2008.10.31 14:23:22.234,1.1574,1.15755,1.00,13.00
2008.10.31 14:23:22.584,1.1573,1.15745,6.10,1.00
2008.10.31 14:23:23.274,1.1573,1.1574,6.10,1.00
2008.10.31 14:23:23.634,1.1573,1.15735,6.90,1.00
2008.10.31 14:23:23.984,1.1573,1.15735,6.10,1.00
2008.10.31 14:23:26.113,1.1573,1.15735,6.10,1.00
2008.10.31 14:23:27.433,1.1573,1.15735,6.90,1.00
2008.10.31 14:23:27.783,1.1573,1.15735,6.10,1.00
2008.10.31 14:23:28.653,1.15725,1.15735,24.10,1.00
2008.10.31 14:23:29.172,1.15735,1.15745,6.10,1.00
2008.10.31 14:23:29.573,1.1574,1.1575,6.10,1.00
2008.10.31 14:23:29.803,1.1575,1.15755,6.10,1.50
2008.10.31 14:23:30.492,1.1576,1.15765,6.10,17.50
2008.10.31 14:23:31.722,1.15705,1.15735,6.60,1.00
2008.10.31 14:23:33.041,1.1572,1.15735,1.00,1.00
2008.10.31 14:23:33.331,1.1572,1.15735,6.60,1.20
2008.10.31 14:23:33.671,1.1572,1.15735,1.00,1.00
2008.10.31 14:23:34.611,1.1573,1.15735,6.10,1.00
2008.10.31 14:23:36.111,1.1572,1.15735,10.50,1.20
2008.10.31 14:23:36.451,1.15725,1.15735,10.10,1.00
2008.10.31 14:23:36.851,1.1572,1.15735,10.50,1.00
2008.10.31 14:23:40.550,1.1573,1.15735,6.10,1.00
2008.10.31 14:23:42.009,1.1573,1.15735,6.10,1.00
2008.10.31 14:23:42.419,1.1573,1.15735,6.10,1.00
2008.10.31 14:23:42.759,1.1573,1.15735,6.10,1.00
2008.10.31 14:23:44.179,1.1573,1.15735,6.10,1.00
2008.10.31 14:23:44.459,1.1573,1.1574,6.10,1.00
2008.10.31 14:23:44.918,1.1573,1.15735,6.10,1.00
2008.10.31 14:23:46.148,1.1573,1.15735,6.10,1.00
2008.10.31 14:23:46.618,1.1571,1.1573,10.10,1.00
2008.10.31 14:23:47.318,1.15735,1.1574,6.10,1.80
2008.10.31 14:23:48.048,1.1573,1.1574,6.10,1.80
2008.10.31 14:23:48.637,1.15735,1.15755,6.10,14.60
2008.10.31 14:23:49.098,1.1569,1.15725,6.60,1.00
2008.10.31 14:23:49.568,1.1571,1.15725,6.10,1.00
2008.10.31 14:23:49.967,1.1571,1.1573,6.10,1.00
2008.10.31 14:23:50.597,1.1573,1.15735,6.10,1.00
2008.10.31 14:23:51.627,1.1571,1.15735,6.10,1.00
2008.10.31 14:23:51.907,1.1571,1.15735,6.10,1.00
2008.10.31 14:23:52.377,1.1572,1.15735,6.10,1.00
2008.10.31 14:23:53.047,1.15725,1.1573,6.10,1.00
2008.10.31 14:23:53.456,1.1572,1.1573,6.10,1.00
2008.10.31 14:23:54.366,1.15725,1.1573,6.10,1.00
2008.10.31 14:23:54.716,1.1572,1.1573,6.90,1.00
2008.10.31 14:23:55.066,1.1572,1.1573,6.10,1.00
2008.10.31 14:23:55.706,1.15715,1.1572,10.10,1.00
2008.10.31 14:23:55.926,1.1571,1.1572,10.10,1.00
2008.10.31 14:23:57.006,1.15705,1.1572,10.10,1.00
2008.10.31 14:23:57.645,1.157,1.1572,10.50,1.00
2008.10.31 14:23:57.825,1.157,1.1572,6.70,1.00
2008.10.31 14:23:58.355,1.157,1.15715,6.70,1.00
2008.10.31 14:23:58.746,1.15725,1.1573,6.10,14.50
2008.10.31 14:23:59.315,1.157,1.15715,6.70,1.00
2008.10.31 14:24:00.795,1.1569,1.15715,1.00,1.00
2008.10.31 14:24:01.735,1.157,1.1571,1.00,1.00
2008.10.31 14:24:03.024,1.15715,1.1572,6.10,9.08
2008.10.31 14:24:03.704,1.15695,1.1571,1.00,14.10
2008.10.31 14:24:04.114,1.15675,1.157,6.00,1.00
2008.10.31 14:24:04.514,1.15675,1.15705,12.00,1.00
2008.10.31 14:24:04.914,1.157,1.15705,6.10,1.00
2008.10.31 14:24:05.914,1.157,1.15705,6.10,2.10
2008.10.31 14:24:06.313,1.15665,1.15695,12.00,1.00
2008.10.31 14:24:06.593,1.1566,1.15695,12.60,1.00
2008.10.31 14:24:07.003,1.1566,1.15695,6.60,1.00
2008.10.31 14:24:09.003,1.1567,1.15695,1.00,1.00
2008.10.31 14:24:09.353,1.1567,1.15695,6.60,1.00
2008.10.31 14:24:09.633,1.1567,1.15695,1.00,1.00
2008.10.31 14:24:09.843,1.1567,1.1569,1.00,1.00
2008.10.31 14:24:10.173,1.1567,1.1569,1.00,1.00
2008.10.31 14:24:13.142,1.1567,1.15685,1.00,1.00
2008.10.31 14:24:13.552,1.1566,1.1568,1.00,1.00
2008.10.31 14:24:14.062,1.1565,1.1567,12.60,1.00
2008.10.31 14:24:14.421,1.1565,1.15675,6.60,1.00
2008.10.31 14:24:16.401,1.1565,1.15675,18.60,1.00
2008.10.31 14:24:17.151,1.1566,1.15685,1.00,1.00
2008.10.31 14:24:17.511,1.1566,1.15685,6.60,1.00
2008.10.31 14:24:18.221,1.1566,1.15685,6.00,1.00
2008.10.31 14:24:18.721,1.1567,1.1569,6.00,1.00
2008.10.31 14:24:19.001,1.15695,1.157,6.10,6.00
2008.10.31 14:24:19.390,1.15655,1.157,6.60,1.20
2008.10.31 14:24:19.800,1.15655,1.15695,12.00,1.00
2008.10.31 14:24:20.210,1.15655,1.15695,24.00,1.00
2008.10.31 14:24:20.600,1.15695,1.15705,6.10,1.00
2008.10.31 14:24:21.000,1.1566,1.15695,6.00,1.00
2008.10.31 14:24:21.400,1.15655,1.15695,24.00,1.00
2008.10.31 14:24:21.810,1.15695,1.15705,6.10,9.80
2008.10.31 14:24:22.119,1.1565,1.1569,12.00,1.00
2008.10.31 14:24:22.760,1.1565,1.1569,6.00,1.00
2008.10.31 14:24:23.059,1.1565,1.15685,6.00,1.00
2008.10.31 14:24:24.009,1.15665,1.1569,18.00,1.00
2008.10.31 14:24:24.529,1.15675,1.1569,18.00,1.00
2008.10.31 14:24:24.800,1.1569,1.15715,1.00,6.00
2008.10.31 14:24:25.089,1.1569,1.15725,1.00,19.30
2008.10.31 14:24:25.319,1.1568,1.1571,6.00,1.00
2008.10.31 14:24:25.659,1.157,1.15725,6.10,13.30
2008.10.31 14:24:25.958,1.15705,1.1572,6.10,13.20
2008.10.31 14:24:26.339,1.157,1.1572,1.00,13.20
2008.10.31 14:24:26.819,1.157,1.15715,6.90,13.20
2008.10.31 14:24:27.578,1.15685,1.15695,19.80,1.00
2008.10.31 14:24:27.858,1.1569,1.15695,10.10,1.00
2008.10.31 14:24:28.258,1.1566,1.1569,1.00,1.00
2008.10.31 14:24:28.658,1.15645,1.1568,24.00,1.00
2008.10.31 14:24:29.168,1.15645,1.1568,18.00,1.00
2008.10.31 14:24:29.518,1.15655,1.15675,18.00,1.00
2008.10.31 14:24:30.208,1.1568,1.15685,6.10,1.80
2008.10.31 14:24:32.107,1.15635,1.1568,24.60,1.00
2008.10.31 14:24:32.587,1.1567,1.1568,6.10,1.00
2008.10.31 14:24:32.817,1.1566,1.1569,6.10,1.00
2008.10.31 14:24:33.217,1.15675,1.15685,6.10,1.00
2008.10.31 14:24:33.567,1.1567,1.15685,12.10,1.00
2008.10.31 14:24:35.087,1.1567,1.15685,12.10,1.00
2008.10.31 14:24:35.386,1.1567,1.15685,6.10,1.00
2008.10.31 14:24:35.606,1.1567,1.1568,6.10,1.00
2008.10.31 14:24:36.346,1.15675,1.1568,6.00,1.00
2008.10.31 14:24:36.746,1.15675,1.15705,18.00,3.30
2008.10.31 14:24:37.106,1.15685,1.15705,6.00,3.30
2008.10.31 14:24:37.506,1.1569,1.15705,6.00,3.30
2008.10.31 14:24:37.836,1.157,1.15725,6.00,11.30
2008.10.31 14:24:38.566,1.15695,1.157,24.00,3.30
2008.10.31 14:24:38.926,1.15705,1.15725,12.00,4.00
2008.10.31 14:24:39.376,1.15705,1.15735,12.00,1.00
2008.10.31 14:24:39.655,1.15705,1.15735,6.00,1.00
2008.10.31 14:24:40.066,1.15705,1.1574,12.00,1.00
2008.10.31 14:24:40.245,1.15705,1.15735,12.00,1.00
2008.10.31 14:24:40.475,1.15705,1.15725,6.00,1.00
2008.10.31 14:24:41.275,1.15705,1.15725,12.00,1.00
2008.10.31 14:24:41.565,1.15705,1.1573,24.00,1.00
2008.10.31 14:24:41.965,1.1571,1.1573,1.00,1.00
2008.10.31 14:24:43.345,1.15705,1.15725,6.00,1.00
2008.10.31 14:24:43.655,1.157,1.15725,18.60,1.00
2008.10.31 14:24:43.884,1.1571,1.15725,6.00,1.00
2008.10.31 14:24:44.174,1.1571,1.15725,13.30,1.00
2008.10.31 14:24:44.454,1.1572,1.15735,6.00,1.00
2008.10.31 14:24:45.044,1.1571,1.15725,6.00,1.00
2008.10.31 14:24:45.404,1.157,1.15725,1.00,1.00
2008.10.31 14:24:45.524,1.157,1.15725,1.00,1.00
2008.10.31 14:24:45.854,1.157,1.15725,1.00,1.00
2008.10.31 14:24:46.314,1.157,1.15705,1.00,3.30
2008.10.31 14:24:46.554,1.157,1.15715,1.00,3.30
2008.10.31 14:24:48.003,1.157,1.15705,6.60,3.30
2008.10.31 14:24:48.563,1.157,1.15715,24.00,3.30
2008.10.31 14:24:48.804,1.15715,1.15755,18.00,1.00
2008.10.31 14:24:49.143,1.1572,1.15755,6.00,12.90
2008.10.31 14:24:49.433,1.15715,1.15755,6.60,12.90
2008.10.31 14:24:49.943,1.15725,1.15745,6.00,12.90
2008.10.31 14:24:50.363,1.1572,1.15745,6.60,12.90
2008.10.31 14:24:50.933,1.15725,1.15745,6.00,13.00
2008.10.31 14:24:51.283,1.1572,1.15745,6.60,13.20
2008.10.31 14:24:51.583,1.15725,1.1574,6.00,1.00
2008.10.31 14:24:51.882,1.15725,1.15745,6.00,12.00
2008.10.31 14:24:52.163,1.15725,1.15745,6.00,13.00
2008.10.31 14:24:52.492,1.15725,1.15745,6.00,1.00
2008.10.31 14:24:52.792,1.15725,1.15745,6.00,2.20
2008.10.31 14:24:53.072,1.1572,1.15745,1.30,1.00
2008.10.31 14:24:53.403,1.15725,1.15745,6.00,1.00
2008.10.31 14:24:54.032,1.1572,1.15745,6.60,1.00
2008.10.31 14:24:54.612,1.15725,1.15745,6.00,1.00
2008.10.31 14:24:55.022,1.15725,1.15745,6.00,12.00
2008.10.31 14:24:55.252,1.1573,1.1574,1.00,1.00
2008.10.31 14:24:55.491,1.15725,1.1574,6.60,1.00
2008.10.31 14:24:55.892,1.15725,1.1574,6.00,1.00
2008.10.31 14:24:56.242,1.1572,1.1574,6.00,1.00
2008.10.31 14:24:56.841,1.1572,1.1573,6.00,3.30
2008.10.31 14:24:57.232,1.1572,1.1573,6.00,4.30
2008.10.31 14:24:57.751,1.1571,1.1573,24.60,4.30
2008.10.31 14:24:58.101,1.1571,1.15725,24.60,3.30
2008.10.31 14:24:58.431,1.1571,1.15715,6.60,3.30
2008.10.31 14:24:58.841,1.15705,1.15725,12.00,1.00
2008.10.31 14:24:59.301,1.157,1.1573,13.30,1.00
2008.10.31 14:24:59.870,1.1571,1.15725,6.00,1.00
2008.10.31 14:25:00.090,1.157,1.1573,6.00,4.00
2008.10.31 14:25:00.260,1.15705,1.15735,6.00,1.00
2008.10.31 14:25:00.720,1.157,1.1574,6.00,13.00
2008.10.31 14:25:01.121,1.157,1.1574,6.00,1.00
2008.10.31 14:25:01.420,1.15695,1.15705,24.00,3.30
2008.10.31 14:25:01.690,1.157,1.15705,6.00,3.30
2008.10.31 14:25:02.210,1.157,1.15705,12.00,3.30
2008.10.31 14:25:02.510,1.15705,1.1573,18.00,4.00
2008.10.31 14:25:02.800,1.157,1.15705,19.30,3.30
2008.10.31 14:25:03.430,1.157,1.15705,18.60,3.30
2008.10.31 14:25:03.939,1.157,1.15705,19.30,3.30
2008.10.31 14:25:04.439,1.15705,1.1573,6.00,4.00
2008.10.31 14:25:04.729,1.1571,1.15735,1.00,3.90
2008.10.31 14:25:05.139,1.15715,1.15735,6.00,3.90
2008.10.31 14:25:05.679,1.15705,1.1573,24.00,3.90
2008.10.31 14:25:05.959,1.1571,1.15745,18.60,1.00
2008.10.31 14:25:06.409,1.1571,1.1575,18.60,1.00
2008.10.31 14:25:06.949,1.1572,1.1575,1.00,1.00
2008.10.31 14:25:07.569,1.1572,1.1574,1.00,1.00
2008.10.31 14:25:07.859,1.1572,1.15735,1.00,1.00
2008.10.31 14:25:08.489,1.1572,1.15735,1.00,1.00
2008.10.31 14:25:08.818,1.1572,1.15725,6.60,3.30
2008.10.31 14:25:09.218,1.1572,1.15735,12.60,3.30
2008.10.31 14:25:09.688,1.1572,1.15735,1.00,3.30
2008.10.31 14:25:10.388,1.1572,1.1574,1.00,3.30
2008.10.31 14:25:11.768,1.1572,1.15745,1.00,4.50
2008.10.31 14:25:12.208,1.1572,1.1574,1.00,4.30
2008.10.31 14:25:12.658,1.1572,1.1574,6.90,1.00
2008.10.31 14:25:13.007,1.1573,1.15735,1.00,3.30
2008.10.31 14:25:13.297,1.1573,1.1575,1.00,4.00
2008.10.31 14:25:13.697,1.1573,1.15755,6.60,1.00
2008.10.31 14:25:14.028,1.1574,1.15765,1.00,16.30
2008.10.31 14:25:14.267,1.1574,1.1576,1.00,1.00
2008.10.31 14:25:14.567,1.1574,1.15755,1.00,1.00
2008.10.31 14:25:15.077,1.1573,1.15755,6.00,1.00
2008.10.31 14:25:15.367,1.1573,1.1576,7.30,16.30
2008.10.31 14:25:15.837,1.1574,1.1576,1.00,16.30
2008.10.31 14:25:16.346,1.1573,1.1575,6.00,1.00
2008.10.31 14:25:16.866,1.1573,1.15745,6.00,3.30
2008.10.31 14:25:17.336,1.15725,1.1575,12.10,1.00
2008.10.31 14:25:17.806,1.15725,1.1575,18.10,1.00
2008.10.31 14:25:18.146,1.15725,1.15755,30.10,1.00
2008.10.31 14:25:18.726,1.15725,1.1575,30.10,1.00
2008.10.31 14:25:19.476,1.1573,1.1575,6.00,1.00
2008.10.31 14:25:19.866,1.1573,1.1574,6.00,3.30
2008.10.31 14:25:20.726,1.1573,1.1576,6.00,1.00
2008.10.31 14:25:21.135,1.1573,1.1574,6.00,3.30
2008.10.31 14:25:21.475,1.15735,1.1574,6.00,3.30
2008.10.31 14:25:21.875,1.15735,1.1575,6.00,3.30
2008.10.31 14:25:22.325,1.1574,1.15745,1.00,3.30
2008.10.31 14:25:22.795,1.1573,1.1575,12.60,3.30
2008.10.31 14:25:23.425,1.1573,1.1575,6.60,1.00
2008.10.31 14:25:24.075,1.1574,1.15755,1.00,3.30
2008.10.31 14:25:24.315,1.1575,1.15755,1.00,3.30
2008.10.31 14:25:27.904,1.1576,1.15765,1.00,3.30
2008.10.31 14:25:30.793,1.1575,1.15765,6.60,3.30
2008.10.31 14:25:31.443,1.15755,1.1577,6.60,3.30
2008.10.31 14:25:31.783,1.1576,1.1579,6.60,4.00
2008.10.31 14:25:33.793,1.15765,1.1579,6.00,4.00
2008.10.31 14:25:34.193,1.1577,1.15775,1.00,4.08
2008.10.31 14:25:34.642,1.15765,1.1579,6.00,12.10
2008.10.31 14:25:35.032,1.1576,1.1578,1.00,4.00
2008.10.31 14:25:37.221,1.15765,1.15785,6.00,4.00
2008.10.31 14:25:39.111,1.1577,1.15785,1.00,3.35
2008.10.31 14:25:39.411,1.15765,1.15785,6.00,4.00
2008.10.31 14:25:39.821,1.15765,1.1577,6.00,3.30
2008.10.31 14:25:40.341,1.1576,1.15775,12.60,3.30
2008.10.31 14:25:43.470,1.1576,1.15785,1.00,4.30
2008.10.31 14:25:43.760,1.1576,1.1578,1.00,1.00
2008.10.31 14:25:44.330,1.1576,1.15785,1.00,16.50
2008.10.31 14:25:44.780,1.1576,1.1578,1.00,1.00
2008.10.31 14:25:45.360,1.1576,1.15775,1.00,1.00
2008.10.31 14:25:48.599,1.1576,1.15775,6.90,1.00
2008.10.31 14:25:48.939,1.1576,1.15775,1.00,1.00
2008.10.31 14:25:50.668,1.1576,1.15775,6.90,1.00
2008.10.31 14:25:50.898,1.15765,1.15775,6.10,1.00
2008.10.31 14:25:51.238,1.1577,1.15775,6.10,1.00
2008.10.31 14:25:51.878,1.15765,1.15775,6.10,1.00
2008.10.31 14:25:59.206,1.15765,1.1578,6.10,1.00
2008.10.31 14:25:59.486,1.15765,1.15775,6.10,1.00
2008.10.31 14:26:00.876,1.15765,1.1578,6.10,1.00
2008.10.31 14:26:01.346,1.15765,1.15785,6.10,1.00
2008.10.31 14:26:03.546,1.15765,1.15785,12.10,1.00
2008.10.31 14:26:04.125,1.1577,1.1579,1.00,1.00
2008.10.31 14:26:04.635,1.1577,1.1579,1.00,1.00
2008.10.31 14:26:04.875,1.1577,1.1579,1.00,4.30
2008.10.31 14:26:05.235,1.1577,1.1579,1.00,4.30
2008.10.31 14:26:05.525,1.1577,1.1579,6.60,3.30
2008.10.31 14:26:05.874,1.15775,1.158,6.00,4.30
2008.10.31 14:26:06.224,1.1578,1.158,1.00,4.30
2008.10.31 14:26:06.685,1.1578,1.15795,1.00,1.00
2008.10.31 14:26:07.044,1.1578,1.158,1.00,4.50
2008.10.31 14:26:07.384,1.1577,1.15795,6.60,1.00
2008.10.31 14:26:07.884,1.15775,1.15795,6.00,1.00
2008.10.31 14:26:08.284,1.15765,1.15795,12.70,1.20
2008.10.31 14:26:08.754,1.1577,1.1579,6.00,1.00
2008.10.31 14:26:09.154,1.1576,1.1579,19.50,1.00
2008.10.31 14:26:09.554,1.15765,1.1579,6.00,1.00
2008.10.31 14:26:09.904,1.1578,1.1579,6.00,4.30
2008.10.31 14:26:10.524,1.15765,1.1579,6.00,4.30
2008.10.31 14:26:10.883,1.1576,1.1579,6.00,4.30
2008.10.31 14:26:11.693,1.15765,1.15785,24.00,3.30
2008.10.31 14:26:12.043,1.1577,1.15785,12.00,3.30
2008.10.31 14:26:12.443,1.1577,1.15785,6.00,3.30
2008.10.31 14:26:12.724,1.1577,1.15785,6.60,3.30
2008.10.31 14:26:13.433,1.1577,1.1578,1.00,3.30
2008.10.31 14:26:14.322,1.1577,1.15785,1.00,3.30
2008.10.31 14:26:15.113,1.15775,1.15785,6.00,3.30
2008.10.31 14:26:15.283,1.1578,1.15785,1.00,3.30
2008.10.31 14:26:16.332,1.15785,1.15805,19.20,3.30
2008.10.31 14:26:16.662,1.15785,1.1581,6.00,4.30
2008.10.31 14:26:17.062,1.15785,1.1581,6.00,1.00
2008.10.31 14:26:17.642,1.1578,1.15805,6.90,1.00
2008.10.31 14:26:18.612,1.1579,1.1581,1.00,3.30
2008.10.31 14:26:19.051,1.15785,1.1581,19.20,3.30
2008.10.31 14:26:19.571,1.1579,1.15805,1.00,1.00
2008.10.31 14:26:20.261,1.1578,1.158,6.60,1.00
2008.10.31 14:26:20.801,1.1578,1.158,1.00,1.00
2008.10.31 14:26:21.541,1.1578,1.158,6.60,1.00
2008.10.31 14:26:21.991,1.1579,1.15805,18.60,3.30
2008.10.31 14:26:22.341,1.15795,1.15805,18.00,3.30
2008.10.31 14:26:23.231,1.158,1.15805,6.00,3.30
2008.10.31 14:26:23.571,1.1581,1.1583,6.00,4.00
2008.10.31 14:26:23.980,1.15815,1.1583,6.00,4.00
2008.10.31 14:26:24.380,1.1581,1.15835,12.60,1.00
2008.10.31 14:26:24.970,1.1582,1.1584,1.00,1.00
2008.10.31 14:26:25.310,1.15815,1.15845,1.00,1.00
2008.10.31 14:26:25.880,1.15815,1.15845,1.00,13.20
2008.10.31 14:26:26.270,1.15825,1.1584,1.00,1.00
2008.10.31 14:26:26.550,1.1582,1.1586,18.00,1.00
2008.10.31 14:26:27.439,1.1582,1.15855,1.00,13.20
2008.10.31 14:26:27.950,1.1583,1.1585,1.00,1.00
2008.10.31 14:26:28.519,1.1583,1.1586,18.60,1.00
2008.10.31 14:26:29.279,1.1583,1.1586,12.60,1.20
2008.10.31 14:26:29.739,1.1583,1.15855,1.00,13.20
2008.10.31 14:26:30.149,1.1583,1.1585,1.00,1.00
2008.10.31 14:26:30.559,1.1583,1.15855,1.00,1.00
2008.10.31 14:26:31.129,1.1584,1.15855,7.80,1.00
2008.10.31 14:26:31.478,1.1584,1.15875,18.00,1.00
2008.10.31 14:26:31.778,1.15835,1.15875,24.00,1.00
2008.10.31 14:26:32.128,1.15835,1.15855,24.00,3.30
2008.10.31 14:26:33.448,1.15835,1.15855,24.00,3.30
2008.10.31 14:26:34.208,1.15835,1.1586,24.00,3.30
2008.10.31 14:26:34.737,1.15835,1.15865,24.00,3.30
2008.10.31 14:26:34.908,1.15845,1.1587,6.10,1.00
2008.10.31 14:26:35.188,1.1585,1.1587,6.10,1.00
2008.10.31 14:26:35.487,1.15845,1.1587,6.10,1.00
2008.10.31 14:26:36.057,1.15845,1.15865,6.10,1.00
2008.10.31 14:26:36.847,1.15845,1.1586,6.10,1.00
2008.10.31 14:26:37.247,1.1584,1.1586,1.00,1.00
2008.10.31 14:26:38.327,1.1584,1.15855,1.00,1.00
2008.10.31 14:26:39.707,1.1584,1.15855,18.60,1.00
2008.10.31 14:26:40.556,1.1584,1.1586,18.60,1.00
2008.10.31 14:26:40.956,1.1584,1.15865,19.80,3.30
2008.10.31 14:26:41.296,1.1585,1.15865,1.00,3.30
2008.10.31 14:26:41.656,1.1585,1.15865,6.60,3.30
2008.10.31 14:26:42.006,1.1585,1.15875,12.10,1.00
2008.10.31 14:26:42.666,1.15845,1.15875,6.00,4.30
2008.10.31 14:26:43.835,1.15845,1.1587,6.00,3.30
2008.10.31 14:26:44.175,1.15845,1.1587,6.00,1.00
2008.10.31 14:26:44.465,1.1585,1.15865,1.00,1.00
2008.10.31 14:26:46.665,1.1585,1.1586,1.00,1.00
2008.10.31 14:26:47.005,1.15845,1.1586,6.00,1.00
2008.10.31 14:26:48.164,1.1584,1.15855,6.60,1.00
2008.10.31 14:26:48.844,1.1584,1.15855,1.00,1.00
2008.10.31 14:26:50.044,1.1584,1.1586,1.00,1.00
2008.10.31 14:26:50.424,1.1584,1.15855,1.00,1.00
2008.10.31 14:26:51.074,1.1584,1.1586,6.90,1.00
2008.10.31 14:26:51.364,1.1584,1.1586,12.90,1.00
2008.10.31 14:26:52.643,1.1584,1.1586,18.90,1.00
2008.10.31 14:26:53.493,1.1584,1.1586,12.90,1.00
2008.10.31 14:26:54.673,1.1584,1.1586,24.90,1.00
2008.10.31 14:26:55.343,1.15845,1.1586,6.00,1.00
2008.10.31 14:26:58.252,1.15845,1.1586,18.00,1.00
2008.10.31 14:26:58.662,1.15855,1.1588,6.10,1.00
2008.10.31 14:26:58.992,1.15855,1.15885,12.10,1.00
2008.10.31 14:26:59.461,1.1586,1.15885,6.10,1.00
2008.10.31 14:27:00.092,1.1586,1.1588,6.90,1.00
2008.10.31 14:27:01.771,1.1586,1.1588,1.00,1.00
2008.10.31 14:27:03.281,1.1586,1.1588,6.90,1.00
2008.10.31 14:27:05.270,1.1586,1.1588,1.00,1.00
2008.10.31 14:27:06.610,1.1586,1.1588,1.00,1.00
2008.10.31 14:27:07.430,1.1585,1.1587,30.90,1.00
2008.10.31 14:27:07.889,1.15855,1.1587,6.00,1.00
2008.10.31 14:27:08.180,1.15855,1.1587,12.10,1.00
2008.10.31 14:27:08.530,1.1586,1.1588,1.00,1.00
2008.10.31 14:27:11.069,1.1586,1.15875,1.00,1.00
2008.10.31 14:27:11.239,1.1585,1.1587,6.90,1.00
2008.10.31 14:27:11.639,1.1585,1.1587,6.60,1.00
2008.10.31 14:27:12.089,1.1585,1.1587,1.00,1.00
2008.10.31 14:27:15.658,1.1585,1.1586,1.00,1.00
2008.10.31 14:27:16.018,1.1583,1.1585,6.00,1.00
2008.10.31 14:27:16.498,1.15825,1.1585,24.90,1.00
2008.10.31 14:27:17.018,1.1584,1.1585,6.00,1.00
2008.10.31 14:27:17.367,1.15845,1.1586,6.00,1.00
2008.10.31 14:27:18.247,1.1585,1.1587,6.90,1.00
2008.10.31 14:27:18.537,1.15855,1.1587,6.10,1.00
2008.10.31 14:27:19.117,1.1585,1.1587,18.90,1.00
2008.10.31 14:27:19.407,1.15855,1.1587,6.10,1.00
2008.10.31 14:27:21.187,1.1585,1.1587,18.90,1.00
2008.10.31 14:27:21.426,1.1585,1.1587,12.90,1.00
2008.10.31 14:27:22.516,1.1585,1.1587,24.90,1.00
2008.10.31 14:27:27.295,1.1585,1.1587,6.90,1.00
2008.10.31 14:27:27.575,1.1585,1.1587,6.60,1.00
2008.10.31 14:27:27.925,1.1585,1.1587,6.60,1.00
2008.10.31 14:27:28.785,1.15855,1.1587,6.10,1.00
2008.10.31 14:27:29.084,1.15855,1.1587,6.00,1.00
2008.10.31 14:27:29.594,1.1585,1.1587,12.90,1.00
2008.10.31 14:27:30.094,1.1585,1.1587,18.90,1.00
2008.10.31 14:27:30.274,1.1585,1.1587,18.90,1.00
2008.10.31 14:27:30.744,1.1585,1.15865,30.90,1.00
2008.10.31 14:27:31.084,1.1585,1.1587,18.60,1.00
2008.10.31 14:27:31.364,1.1585,1.1587,12.90,1.00
2008.10.31 14:27:31.864,1.1585,1.1587,1.00,1.00
2008.10.31 14:27:32.204,1.1585,1.1587,6.60,1.00
2008.10.31 14:27:33.444,1.1585,1.1587,1.00,1.00
2008.10.31 14:27:37.263,1.1585,1.15875,12.90,1.00
2008.10.31 14:27:37.623,1.1585,1.1588,12.90,1.00
2008.10.31 14:27:38.572,1.1585,1.1588,18.90,1.00
2008.10.31 14:27:39.312,1.1585,1.15875,6.90,1.00
2008.10.31 14:27:39.592,1.1585,1.15875,6.90,1.00
2008.10.31 14:27:41.491,1.1585,1.15875,12.90,1.00
2008.10.31 14:27:42.291,1.1585,1.15875,6.90,1.00
2008.10.31 14:27:42.591,1.1585,1.15875,1.00,13.00
2008.10.31 14:27:42.821,1.1585,1.15875,6.90,13.00
2008.10.31 14:27:43.631,1.1585,1.15875,1.00,13.00
2008.10.31 14:27:43.871,1.1585,1.1587,1.00,1.00
2008.10.31 14:27:44.271,1.1585,1.1587,12.90,1.00
2008.10.31 14:27:44.491,1.1585,1.1587,6.60,1.00
2008.10.31 14:27:44.891,1.1585,1.1587,1.00,1.00
2008.10.31 14:27:45.361,1.1585,1.1587,1.00,1.00
2008.10.31 14:27:48.400,1.1585,1.15865,1.00,1.00
2008.10.31 14:27:49.850,1.1584,1.1586,6.60,1.00
2008.10.31 14:27:52.689,1.1584,1.1586,6.90,1.00
2008.10.31 14:27:53.209,1.1584,1.1586,7.50,1.00
2008.10.31 14:27:53.848,1.1585,1.1587,1.00,1.00
2008.10.31 14:27:54.128,1.1585,1.1587,6.90,1.00
2008.10.31 14:27:54.588,1.1585,1.1587,1.00,1.00
2008.10.31 14:27:57.028,1.1585,1.15865,1.00,1.00
2008.10.31 14:28:02.876,1.1585,1.15865,6.60,1.00
2008.10.31 14:28:03.836,1.1585,1.1587,18.90,1.00
2008.10.31 14:28:04.246,1.1586,1.15875,1.00,1.00
2008.10.31 14:28:05.336,1.1585,1.1587,12.90,1.00
2008.10.31 14:28:05.706,1.1585,1.1587,6.60,1.00
2008.10.31 14:28:06.436,1.1585,1.1588,12.90,1.20
2008.10.31 14:28:07.335,1.1585,1.1588,18.90,1.20
2008.10.31 14:28:08.025,1.1585,1.1588,12.90,1.20
2008.10.31 14:28:11.304,1.1585,1.1588,6.90,1.20
2008.10.31 14:28:11.664,1.1585,1.15875,6.90,1.00
2008.10.31 14:28:12.174,1.1585,1.15875,1.00,1.00
2008.10.31 14:28:12.474,1.1585,1.1587,6.60,1.00
2008.10.31 14:28:13.344,1.1585,1.1587,18.60,1.00
2008.10.31 14:28:13.584,1.15855,1.1587,6.10,1.00
2008.10.31 14:28:13.824,1.1586,1.15875,1.00,1.00
2008.10.31 14:28:15.164,1.1586,1.1588,1.00,1.00
2008.10.31 14:28:16.303,1.1586,1.1588,1.80,1.00
2008.10.31 14:28:16.573,1.1587,1.15885,1.00,1.00
2008.10.31 14:28:16.913,1.1586,1.1588,6.60,1.00
2008.10.31 14:28:17.423,1.1586,1.1588,1.00,1.00
2008.10.31 14:28:17.773,1.1586,1.1588,6.90,1.00
2008.10.31 14:28:18.473,1.1586,1.1588,19.50,1.00
2008.10.31 14:28:18.823,1.1587,1.1589,1.00,1.20
2008.10.31 14:28:19.283,1.15865,1.1589,12.10,13.20
2008.10.31 14:28:19.642,1.1587,1.1589,6.90,13.00
2008.10.31 14:28:20.142,1.1587,1.1589,1.00,13.00
2008.10.31 14:28:20.492,1.1587,1.1589,6.10,1.00
2008.10.31 14:28:20.773,1.1587,1.1589,6.90,1.00
2008.10.31 14:28:21.452,1.1588,1.15895,1.00,1.00
2008.10.31 14:28:22.711,1.1588,1.15895,1.00,1.00
2008.10.31 14:28:23.581,1.1588,1.159,1.00,1.00
2008.10.31 14:28:23.921,1.1587,1.15895,30.90,1.00
2008.10.31 14:28:24.321,1.1587,1.15895,1.00,1.00
2008.10.31 14:28:24.621,1.1587,1.1589,1.00,1.00
2008.10.31 14:28:25.391,1.15865,1.1589,18.00,1.00
2008.10.31 14:28:25.681,1.15865,1.1589,6.00,1.00
2008.10.31 14:28:26.061,1.1586,1.15885,18.90,1.00
2008.10.31 14:28:26.371,1.1586,1.15885,12.90,1.00
2008.10.31 14:28:26.551,1.1586,1.15885,6.90,1.00
2008.10.31 14:28:27.021,1.1586,1.1589,12.90,13.20
2008.10.31 14:28:27.830,1.1586,1.1589,19.50,1.00
2008.10.31 14:28:28.120,1.15865,1.1589,24.10,1.00
2008.10.31 14:28:28.870,1.15865,1.1589,30.10,1.00
2008.10.31 14:28:29.211,1.15865,1.1589,24.10,1.00
2008.10.31 14:28:29.560,1.15875,1.15895,6.10,1.00
2008.10.31 14:28:30.030,1.15875,1.159,6.10,13.20
2008.10.31 14:28:30.270,1.15865,1.15895,6.90,1.00
2008.10.31 14:28:30.660,1.1587,1.15895,1.00,1.00
2008.10.31 14:28:31.470,1.1587,1.15895,1.00,1.00
2008.10.31 14:28:31.929,1.1587,1.15895,6.90,1.00
2008.10.31 14:28:32.209,1.1587,1.15895,12.90,1.00
2008.10.31 14:28:32.559,1.1587,1.15895,18.60,1.00
2008.10.31 14:28:33.309,1.1587,1.15895,6.60,1.00
2008.10.31 14:28:33.719,1.1587,1.15895,1.00,1.00
2008.10.31 14:28:34.639,1.1587,1.1589,1.80,1.00
2008.10.31 14:28:35.369,1.1587,1.15885,1.80,1.00
2008.10.31 14:28:36.158,1.1587,1.15905,7.90,19.00
2008.10.31 14:28:36.448,1.1587,1.15905,13.90,16.30
2008.10.31 14:28:36.798,1.15875,1.15905,7.80,1.00
2008.10.31 14:28:37.488,1.1588,1.159,1.80,1.00
2008.10.31 14:28:38.868,1.1588,1.159,19.80,1.00
2008.10.31 14:28:39.947,1.15885,1.15905,7.90,1.00
2008.10.31 14:28:40.168,1.15885,1.15905,6.70,1.00
2008.10.31 14:28:40.347,1.1588,1.15905,20.10,1.00
2008.10.31 14:28:40.517,1.1588,1.15905,7.90,1.00
2008.10.31 14:28:41.087,1.1589,1.15905,1.00,1.00
2008.10.31 14:28:41.427,1.1589,1.15905,1.00,1.00
2008.10.31 14:28:42.227,1.1589,1.15905,1.00,1.60
2008.10.31 14:28:42.457,1.1588,1.159,18.00,1.00
2008.10.31 14:28:43.107,1.1588,1.159,18.60,1.00
2008.10.31 14:28:43.577,1.15885,1.159,6.00,1.00
2008.10.31 14:28:43.746,1.15885,1.159,18.00,1.00
2008.10.31 14:28:44.266,1.1589,1.1591,1.00,1.00
2008.10.31 14:28:45.046,1.1589,1.15905,6.90,1.00
2008.10.31 14:28:48.235,1.1589,1.15905,1.00,1.00
2008.10.31 14:28:48.835,1.1589,1.159,6.90,1.00
2008.10.31 14:28:49.525,1.1589,1.159,1.00,1.00
2008.10.31 14:28:49.945,1.1589,1.15905,1.00,1.00
2008.10.31 14:28:50.395,1.1589,1.15905,1.00,2.20
2008.10.31 14:28:50.845,1.15865,1.159,31.90,1.00
2008.10.31 14:28:51.245,1.15865,1.159,25.90,1.00
2008.10.31 14:28:51.525,1.15865,1.159,6.90,1.00
2008.10.31 14:28:52.085,1.1587,1.159,6.90,4.50
2008.10.31 14:28:52.295,1.1587,1.15895,6.90,1.00
2008.10.31 14:28:53.374,1.1587,1.15895,13.50,1.00
2008.10.31 14:28:53.494,1.1587,1.159,12.90,4.30
2008.10.31 14:28:53.894,1.1587,1.159,12.90,16.30
2008.10.31 14:28:54.364,1.1587,1.15895,1.00,4.30
2008.10.31 14:28:54.714,1.1587,1.1589,1.00,3.30
2008.10.31 14:28:55.334,1.1587,1.1589,1.00,4.30
2008.10.31 14:28:55.734,1.1587,1.1589,1.00,1.00
2008.10.31 14:28:56.084,1.1587,1.1589,6.60,1.00
2008.10.31 14:28:56.833,1.1587,1.1589,1.00,1.00
2008.10.31 14:29:05.331,1.1587,1.1589,6.60,1.00
2008.10.31 14:29:13.289,1.1587,1.1589,12.90,1.00
2008.10.31 14:29:13.699,1.1587,1.1589,6.60,1.00
2008.10.31 14:29:15.399,1.1587,1.1589,1.00,1.00
2008.10.31 14:29:17.909,1.1587,1.1589,6.60,1.00
2008.10.31 14:29:20.698,1.1589,1.159,1.00,3.20
2008.10.31 14:29:21.208,1.1589,1.15915,6.10,5.40
2008.10.31 14:29:21.547,1.1589,1.15915,6.10,1.00
2008.10.31 14:29:21.897,1.15905,1.1593,6.10,1.00
2008.10.31 14:29:22.347,1.1591,1.15935,6.10,1.00
2008.10.31 14:29:22.937,1.15915,1.15935,6.10,1.00
2008.10.31 14:29:23.287,1.15915,1.1593,6.10,1.00
2008.10.31 14:29:23.647,1.1591,1.15935,6.10,2.20
2008.10.31 14:29:24.007,1.1592,1.15935,6.10,1.00
2008.10.31 14:29:24.237,1.1591,1.15935,12.10,1.00
2008.10.31 14:29:24.807,1.1591,1.15935,6.10,1.00
2008.10.31 14:29:26.597,1.1591,1.15935,6.10,1.00
2008.10.31 14:29:26.996,1.15915,1.1593,6.10,1.00
2008.10.31 14:29:27.286,1.1592,1.15935,6.10,1.00
2008.10.31 14:29:27.636,1.1592,1.1594,6.10,1.00
2008.10.31 14:29:28.046,1.15925,1.15945,6.10,1.00
2008.10.31 14:29:28.696,1.15925,1.1595,6.10,13.20
2008.10.31 14:29:29.046,1.15935,1.15955,1.00,3.30
2008.10.31 14:29:29.385,1.15935,1.1596,6.60,1.00
2008.10.31 14:29:29.795,1.15935,1.1596,1.00,1.00
2008.10.31 14:29:30.885,1.1594,1.1596,1.00,1.00
2008.10.31 14:29:31.175,1.1593,1.1595,12.10,1.00
2008.10.31 14:29:31.465,1.1593,1.15955,6.90,1.00
2008.10.31 14:29:31.745,1.15975,1.15995,1.00,3.30
2008.10.31 14:29:32.145,1.15975,1.1602,7.50,1.00
2008.10.31 14:29:32.505,1.15975,1.16025,6.90,12.00
2008.10.31 14:29:33.065,1.16005,1.16025,1.20,12.00
2008.10.31 14:29:33.285,1.16,1.16025,6.10,1.00
2008.10.31 14:29:33.625,1.16005,1.1603,12.60,1.00
2008.10.31 14:29:33.924,1.16,1.1603,12.10,12.00
2008.10.31 14:29:34.274,1.16015,1.16035,6.00,12.00
2008.10.31 14:29:34.734,1.16005,1.1602,6.00,1.00
2008.10.31 14:29:34.914,1.1598,1.16015,18.00,1.00
2008.10.31 14:29:35.204,1.1598,1.16025,18.00,3.30
2008.10.31 14:29:35.554,1.15985,1.16015,6.10,1.00
2008.10.31 14:29:35.724,1.15975,1.1602,25.50,1.00
2008.10.31 14:29:36.004,1.1599,1.1601,6.00,1.00
2008.10.31 14:29:36.174,1.15985,1.1601,12.10,1.00
2008.10.31 14:29:36.634,1.15985,1.1601,6.10,1.00
2008.10.31 14:29:36.934,1.1599,1.1601,1.00,1.00
2008.10.31 14:29:37.563,1.1599,1.1601,1.00,13.20
2008.10.31 14:29:37.853,1.1599,1.16005,1.00,12.00
2008.10.31 14:29:38.083,1.16,1.16005,6.00,12.00
2008.10.31 14:29:38.423,1.1601,1.16015,6.10,1.00
2008.10.31 14:29:38.533,1.1601,1.16025,6.10,5.40
2008.10.31 14:29:38.843,1.1601,1.1603,6.00,4.30
2008.10.31 14:29:39.453,1.16,1.1603,1.30,4.30
2008.10.31 14:29:39.853,1.16,1.1602,24.90,1.00
2008.10.31 14:29:40.193,1.16,1.1602,6.60,1.00
2008.10.31 14:29:40.653,1.16,1.16025,18.60,1.00
2008.10.31 14:29:41.053,1.16,1.1602,18.60,1.00
2008.10.31 14:29:41.513,1.16005,1.16025,6.00,1.00
2008.10.31 14:29:41.862,1.16015,1.16035,6.00,5.40
2008.10.31 14:29:42.203,1.16015,1.16055,24.10,20.70
2008.10.31 14:29:42.602,1.16015,1.16055,30.10,15.30
2008.10.31 14:29:43.082,1.1603,1.1606,6.70,5.40
2008.10.31 14:29:43.602,1.1604,1.1606,1.00,1.00
2008.10.31 14:29:44.052,1.1605,1.1606,6.10,1.00
2008.10.31 14:29:44.502,1.1606,1.1608,6.90,1.00
2008.10.31 14:29:44.952,1.1606,1.1608,1.00,1.00
2008.10.31 14:29:45.602,1.1605,1.16075,24.60,1.00
2008.10.31 14:29:45.822,1.1605,1.1607,18.60,1.00
2008.10.31 14:29:47.861,1.1605,1.1606,1.00,1.00
2008.10.31 14:29:48.151,1.1604,1.16055,6.10,1.00
2008.10.31 14:29:48.492,1.16035,1.16055,6.00,1.00
2008.10.31 14:29:48.851,1.16015,1.16055,24.10,16.30
2008.10.31 14:29:49.311,1.1601,1.16045,6.00,3.30
2008.10.31 14:29:49.541,1.16005,1.16045,18.00,3.30
2008.10.31 14:29:49.931,1.16005,1.16035,18.00,3.30
2008.10.31 14:29:50.160,1.1601,1.16045,18.00,5.50
2008.10.31 14:29:50.451,1.1601,1.1604,18.00,4.30
2008.10.31 14:29:50.860,1.1601,1.1604,6.00,4.30
2008.10.31 14:29:51.090,1.1601,1.1604,12.10,1.00
2008.10.31 14:29:52.020,1.1601,1.1604,18.10,1.00
2008.10.31 14:29:52.490,1.1601,1.16045,18.70,16.30
2008.10.31 14:29:52.730,1.1601,1.16045,30.70,16.30
2008.10.31 14:29:53.130,1.1601,1.16045,31.50,16.30
2008.10.31 14:29:53.300,1.16015,1.16045,6.00,4.30
2008.10.31 14:29:53.640,1.16015,1.1604,6.00,3.30
2008.10.31 14:29:53.929,1.1601,1.1604,18.60,3.30
2008.10.31 14:29:54.039,1.1601,1.1604,18.60,4.50
2008.10.31 14:29:54.259,1.1601,1.16035,18.60,3.30
2008.10.31 14:29:54.430,1.16005,1.16035,24.00,4.30
2008.10.31 14:29:54.709,1.16005,1.16035,18.00,4.30
2008.10.31 14:29:55.339,1.16005,1.1603,18.00,1.00
2008.10.31 14:29:55.759,1.16005,1.16035,18.00,4.30
2008.10.31 14:29:55.929,1.16005,1.16035,18.00,5.50
2008.10.31 14:29:56.209,1.16,1.16035,30.90,5.50
2008.10.31 14:29:56.329,1.16005,1.1603,18.00,1.00
2008.10.31 14:29:56.909,1.16005,1.1603,18.00,4.30
2008.10.31 14:29:58.078,1.16005,1.16025,18.00,1.00
2008.10.31 14:30:00.258,1.16005,1.1603,18.00,4.30
2008.10.31 14:30:00.558,1.16005,1.1603,12.00,4.30
2008.10.31 14:30:00.798,1.16,1.16025,6.90,2.10
2008.10.31 14:30:01.208,1.16005,1.1603,6.00,4.30
2008.10.31 14:30:01.568,1.16,1.16025,24.90,1.00
2008.10.31 14:30:02.028,1.16,1.1603,18.60,4.50
2008.10.31 14:30:02.558,1.16,1.16025,18.60,1.00
2008.10.31 14:30:03.127,1.16,1.16025,24.90,1.00
2008.10.31 14:30:03.627,1.16,1.16025,18.60,1.00
2008.10.31 14:30:04.087,1.16,1.16025,6.60,1.00
2008.10.31 14:30:04.497,1.16,1.1602,1.00,1.00
2008.10.31 14:30:05.077,1.16,1.16015,12.90,1.00
2008.10.31 14:30:05.557,1.16,1.16015,6.90,1.00
2008.10.31 14:30:06.147,1.16,1.1602,1.00,1.00
2008.10.31 14:30:06.676,1.16,1.1602,1.00,4.30
2008.10.31 14:30:07.086,1.16,1.16015,1.00,1.00
2008.10.31 14:30:08.796,1.16,1.16015,6.60,1.00
2008.10.31 14:30:10.745,1.16,1.16015,1.00,1.00
2008.10.31 14:30:11.145,1.1599,1.1601,6.60,4.30
2008.10.31 14:30:11.476,1.1599,1.1601,1.00,4.30
2008.10.31 14:30:11.765,1.1598,1.16005,19.30,1.00
2008.10.31 14:30:12.225,1.1598,1.16,19.30,1.00
2008.10.31 14:30:12.925,1.1598,1.16,6.60,1.00
2008.10.31 14:30:13.095,1.1598,1.16,6.60,4.30
2008.10.31 14:30:13.325,1.1598,1.16,1.00,4.30
2008.10.31 14:30:14.614,1.1598,1.16,1.00,1.00
2008.10.31 14:30:15.034,1.1598,1.16,18.90,1.00
2008.10.31 14:30:15.374,1.1599,1.16005,1.00,1.00
2008.10.31 14:30:17.384,1.1598,1.16,12.90,1.00
2008.10.31 14:30:18.524,1.15985,1.16,6.00,1.00
2008.10.31 14:30:18.863,1.1598,1.16,1.00,1.00
2008.10.31 14:30:19.163,1.1598,1.16,1.00,4.30
2008.10.31 14:30:19.513,1.1597,1.1599,12.90,1.00
2008.10.31 14:30:19.853,1.1597,1.1599,6.90,1.00
2008.10.31 14:30:21.353,1.1597,1.1599,12.90,1.00
2008.10.31 14:30:21.403,1.1597,1.1599,24.90,1.00
2008.10.31 14:30:21.813,1.15975,1.1599,6.00,1.00
2008.10.31 14:30:21.873,1.15975,1.1599,18.00,1.00
2008.10.31 14:30:22.483,1.1598,1.1599,6.00,1.00
2008.10.31 14:30:22.913,1.1598,1.16,1.00,1.00
2008.10.31 14:30:23.412,1.15975,1.1599,18.00,1.00
2008.10.31 14:30:26.142,1.1597,1.1599,13.50,1.00
2008.10.31 14:30:26.322,1.15975,1.1599,6.00,1.00
2008.10.31 14:30:30.951,1.1597,1.1599,18.90,1.00
2008.10.31 14:30:31.360,1.15965,1.1598,7.20,1.00
2008.10.31 14:30:31.590,1.1596,1.1598,6.90,1.00
2008.10.31 14:30:31.810,1.15965,1.1598,6.10,1.00
2008.10.31 14:30:32.380,1.15975,1.1598,6.10,1.00
2008.10.31 14:30:32.730,1.15975,1.15985,6.10,1.00
2008.10.31 14:30:32.960,1.1597,1.15985,6.00,1.00
2008.10.31 14:30:33.080,1.15965,1.15985,12.10,1.00
2008.10.31 14:30:34.600,1.1597,1.1599,6.90,1.00
2008.10.31 14:30:34.960,1.1597,1.1599,24.90,1.00
2008.10.31 14:30:35.190,1.1597,1.1599,30.90,1.00
2008.10.31 14:30:35.490,1.1597,1.1599,24.90,1.00
2008.10.31 14:30:35.850,1.15975,1.1599,6.00,1.00
2008.10.31 14:30:38.699,1.1597,1.1599,6.90,1.00
2008.10.31 14:30:39.109,1.15965,1.1598,6.10,1.00
2008.10.31 14:30:39.519,1.1596,1.1598,1.00,1.00
2008.10.31 14:30:39.858,1.1596,1.1598,6.60,1.00
2008.10.31 14:30:40.219,1.15965,1.1598,1.00,1.00
2008.10.31 14:30:40.609,1.15965,1.15985,13.30,1.00
2008.10.31 14:30:41.178,1.15965,1.15985,6.10,1.00
2008.10.31 14:30:41.508,1.15955,1.1598,12.10,1.00
2008.10.31 14:30:41.848,1.15955,1.15975,6.10,1.00
2008.10.31 14:30:42.158,1.1596,1.15975,6.10,1.00
2008.10.31 14:30:42.618,1.15965,1.15975,6.10,1.00
2008.10.31 14:30:43.937,1.15965,1.1598,6.10,1.00
2008.10.31 14:30:45.637,1.15965,1.15975,6.10,1.00
2008.10.31 14:30:46.387,1.1596,1.15975,24.90,1.00
2008.10.31 14:30:46.657,1.1597,1.15975,6.10,1.00
2008.10.31 14:30:47.157,1.15965,1.1598,6.90,1.00
2008.10.31 14:30:47.507,1.1597,1.15985,6.10,1.00
2008.10.31 14:30:48.087,1.1598,1.15995,6.10,6.30
2008.10.31 14:30:48.896,1.1597,1.1599,30.70,1.00
2008.10.31 14:30:49.296,1.1597,1.15985,1.00,1.00
2008.10.31 14:30:49.746,1.1596,1.15975,1.00,1.00
2008.10.31 14:30:50.126,1.1595,1.15975,6.90,1.00
2008.10.31 14:30:50.366,1.1595,1.15975,6.90,1.00
2008.10.31 14:30:50.776,1.1595,1.15975,1.00,13.00
2008.10.31 14:30:52.445,1.1595,1.1597,6.90,13.00
2008.10.31 14:30:52.855,1.1595,1.1597,6.90,1.00
2008.10.31 14:30:53.206,1.1595,1.1597,6.90,13.00
2008.10.31 14:30:53.605,1.1595,1.1597,1.00,13.00
2008.10.31 14:30:55.945,1.1595,1.1597,12.60,1.00
2008.10.31 14:30:56.115,1.1595,1.1597,18.60,1.00
2008.10.31 14:30:56.355,1.15955,1.1597,6.00,1.00
2008.10.31 14:30:56.645,1.1596,1.1597,18.00,1.00
2008.10.31 14:30:56.994,1.15955,1.1597,24.10,1.00
2008.10.31 14:30:57.554,1.1596,1.1597,1.00,1.00
2008.10.31 14:30:57.964,1.1595,1.1597,24.60,1.00
2008.10.31 14:30:58.264,1.1595,1.1597,18.60,1.00
2008.10.31 14:30:58.494,1.1595,1.15965,18.60,1.00
2008.10.31 14:30:59.074,1.15955,1.15965,6.00,1.00
2008.10.31 14:30:59.813,1.1595,1.15965,6.60,1.00
2008.10.31 14:31:00.854,1.1595,1.15965,18.60,1.00
2008.10.31 14:31:01.254,1.1595,1.15975,24.70,1.00
2008.10.31 14:31:01.613,1.15955,1.1597,6.00,1.00
2008.10.31 14:31:01.893,1.15955,1.1598,18.00,1.00
2008.10.31 14:31:03.203,1.1596,1.15975,6.00,1.00
2008.10.31 14:31:03.643,1.1595,1.15975,18.60,1.00
2008.10.31 14:31:04.202,1.1595,1.15975,1.00,1.00
2008.10.31 14:31:04.662,1.1595,1.1597,6.60,1.00
2008.10.31 14:31:05.172,1.15955,1.15965,6.00,1.00
2008.10.31 14:31:05.342,1.15955,1.15975,6.00,1.00
2008.10.31 14:31:07.442,1.15955,1.1597,18.00,1.00
2008.10.31 14:31:07.912,1.1596,1.1597,1.80,1.00
2008.10.31 14:31:08.022,1.15965,1.1597,6.10,1.00
2008.10.31 14:31:08.082,1.15965,1.1598,6.10,1.00
2008.10.31 14:31:08.422,1.1597,1.15975,1.00,1.00
2008.10.31 14:31:08.992,1.1597,1.1599,1.00,1.10
2008.10.31 14:31:12.251,1.1597,1.1598,1.00,1.00
2008.10.31 14:31:15.110,1.15965,1.1598,1.00,1.00
2008.10.31 14:31:15.460,1.15945,1.1598,12.90,1.20
2008.10.31 14:31:15.860,1.15955,1.1598,6.00,1.00
2008.10.31 14:31:16.489,1.1596,1.1598,24.90,1.00
2008.10.31 14:31:16.819,1.1596,1.1598,30.90,1.00
2008.10.31 14:31:17.160,1.1596,1.1598,24.90,1.00
2008.10.31 14:31:18.639,1.1596,1.1598,12.90,1.00
2008.10.31 14:31:19.009,1.15955,1.1597,7.20,1.00
2008.10.31 14:31:19.409,1.15955,1.1597,6.10,1.00
2008.10.31 14:31:19.939,1.15945,1.1596,6.10,1.00
2008.10.31 14:31:20.438,1.1595,1.15975,12.90,13.20
2008.10.31 14:31:21.168,1.1595,1.1597,6.60,1.00
2008.10.31 14:31:21.508,1.1595,1.1597,1.00,1.00
2008.10.31 14:31:25.617,1.1595,1.15965,1.00,1.00
2008.10.31 14:31:25.847,1.1595,1.15965,1.00,1.20
2008.10.31 14:31:26.077,1.1595,1.15955,6.10,1.00
2008.10.31 14:31:26.307,1.1595,1.15975,6.90,13.00
2008.10.31 14:31:26.477,1.1595,1.15975,6.90,1.00
2008.10.31 14:31:26.937,1.1596,1.15985,1.00,12.00
2008.10.31 14:31:27.177,1.1596,1.15985,1.00,13.00
2008.10.31 14:31:28.727,1.1596,1.1598,6.90,13.00
2008.10.31 14:31:29.016,1.1596,1.1598,6.90,13.00
2008.10.31 14:31:29.356,1.1596,1.1598,1.00,1.00
2008.10.31 14:31:30.416,1.1596,1.1598,6.90,1.00
2008.10.31 14:31:30.756,1.1596,1.1598,12.90,1.00
2008.10.31 14:31:31.336,1.1594,1.15965,6.10,1.00
2008.10.31 14:31:34.195,1.15945,1.1596,6.10,1.00
2008.10.31 14:31:34.476,1.15955,1.15975,1.00,13.00
2008.10.31 14:31:34.815,1.15955,1.1597,7.50,1.00
2008.10.31 14:31:35.435,1.1597,1.16,6.10,18.30
2008.10.31 14:31:35.675,1.15965,1.16,12.10,6.30
2008.10.31 14:31:35.955,1.15965,1.16,12.10,6.30
2008.10.31 14:31:36.415,1.15965,1.16,6.90,6.30
2008.10.31 14:31:36.695,1.1597,1.15995,6.90,6.30
2008.10.31 14:31:37.104,1.1597,1.15995,6.90,18.30
2008.10.31 14:31:37.504,1.1597,1.15995,6.60,24.00
2008.10.31 14:31:37.745,1.1597,1.15995,12.90,6.30
2008.10.31 14:31:38.034,1.1597,1.15995,18.90,6.30
2008.10.31 14:31:38.314,1.15975,1.15995,6.10,6.30
2008.10.31 14:31:38.704,1.15975,1.15995,12.10,6.30
2008.10.31 14:31:39.094,1.1598,1.15995,1.00,6.30
2008.10.31 14:31:42.243,1.1598,1.15995,1.30,6.30
2008.10.31 14:31:42.643,1.16,1.16035,1.00,16.50
2008.10.31 14:31:43.043,1.15995,1.16025,6.00,1.00
2008.10.31 14:31:43.453,1.1599,1.16025,6.90,1.00
2008.10.31 14:31:43.903,1.1601,1.1602,1.00,1.00
2008.10.31 14:31:44.313,1.16005,1.16015,1.00,1.00
2008.10.31 14:31:44.553,1.15995,1.16015,1.00,1.00
2008.10.31 14:31:44.893,1.15995,1.16015,6.70,1.00
2008.10.31 14:31:45.293,1.16,1.16015,1.00,1.00
2008.10.31 14:31:45.853,1.16,1.1603,1.00,16.30
2008.10.31 14:31:46.202,1.16,1.16025,6.60,1.00
2008.10.31 14:31:46.593,1.16,1.16025,13.30,1.00
2008.10.31 14:31:46.982,1.16005,1.16035,12.70,13.00
2008.10.31 14:31:47.322,1.1601,1.1603,12.70,1.00
2008.10.31 14:31:47.852,1.1601,1.1603,6.90,1.00
2008.10.31 14:31:48.832,1.1601,1.1603,1.00,13.20
2008.10.31 14:31:49.062,1.16005,1.16025,12.00,1.00
2008.10.31 14:31:49.232,1.1601,1.16035,6.70,13.00
2008.10.31 14:31:49.472,1.16015,1.1603,6.10,1.00
2008.10.31 14:31:49.822,1.1602,1.1603,1.00,1.00
2008.10.31 14:31:50.291,1.1602,1.16045,1.00,1.00
2008.10.31 14:31:50.811,1.1602,1.1604,6.90,1.00
2008.10.31 14:31:51.381,1.1603,1.1604,6.10,1.00
2008.10.31 14:31:51.681,1.1603,1.16065,12.70,16.30
2008.10.31 14:31:52.041,1.1603,1.16065,13.50,16.30
2008.10.31 14:31:52.431,1.1603,1.1606,7.50,1.00
2008.10.31 14:31:52.941,1.1603,1.1605,6.10,1.00
2008.10.31 14:31:53.241,1.16035,1.1605,6.10,1.00
2008.10.31 14:31:53.581,1.1603,1.1606,6.10,5.50
2008.10.31 14:31:54.041,1.16025,1.1605,24.10,1.00
2008.10.31 14:31:54.430,1.1603,1.1605,12.10,1.00
2008.10.31 14:31:54.870,1.16035,1.16065,6.70,9.70
2008.10.31 14:31:55.250,1.16025,1.1605,6.00,4.30
2008.10.31 14:31:55.430,1.1602,1.1605,25.50,4.30
2008.10.31 14:31:55.880,1.1603,1.1605,1.00,1.00
2008.10.31 14:31:56.170,1.1603,1.1605,18.60,1.00
2008.10.31 14:31:57.040,1.1604,1.1605,18.00,1.00
2008.10.31 14:31:57.390,1.1605,1.1606,1.00,4.30
2008.10.31 14:31:57.629,1.16045,1.1608,1.00,21.80
2008.10.31 14:31:58.029,1.16045,1.16075,1.00,4.30
2008.10.31 14:31:58.619,1.1605,1.16075,1.00,1.00
2008.10.31 14:31:59.079,1.1605,1.1607,1.00,4.30
2008.10.31 14:31:59.909,1.1605,1.1608,1.00,21.70
2008.10.31 14:32:00.489,1.1606,1.16075,1.00,4.30
2008.10.31 14:32:00.879,1.16055,1.1607,12.60,3.30
2008.10.31 14:32:01.699,1.1606,1.1608,6.10,18.60
2008.10.31 14:32:02.099,1.1605,1.16075,1.00,1.00
2008.10.31 14:32:02.398,1.1605,1.16085,13.50,21.90
2008.10.31 14:32:02.738,1.1605,1.1608,25.50,4.30
2008.10.31 14:32:03.088,1.1606,1.1608,1.00,4.30
2008.10.31 14:32:04.458,1.1606,1.1608,1.00,1.00
2008.10.31 14:32:04.918,1.1606,1.1609,1.00,16.50
2008.10.31 14:32:05.268,1.1606,1.16075,1.00,1.00
2008.10.31 14:32:05.608,1.1607,1.16075,12.00,1.00
2008.10.31 14:32:05.888,1.1608,1.16105,6.10,18.50
2008.10.31 14:32:06.228,1.16075,1.161,5.80,1.00
2008.10.31 14:32:06.618,1.16075,1.161,6.10,1.00
2008.10.31 14:32:06.907,1.1608,1.161,1.00,1.00
2008.10.31 14:32:07.617,1.1608,1.1609,1.00,1.00
2008.10.31 14:32:07.967,1.1608,1.1609,6.90,1.00
2008.10.31 14:32:08.267,1.1608,1.161,6.90,13.00
2008.10.31 14:32:08.497,1.16075,1.1609,5.80,1.00
2008.10.31 14:32:09.157,1.1605,1.1608,11.80,4.50
2008.10.31 14:32:09.497,1.16045,1.1608,25.50,4.30
2008.10.31 14:32:09.797,1.16045,1.16075,7.30,1.00
2008.10.31 14:32:10.237,1.16045,1.16065,7.30,3.30
2008.10.31 14:32:10.536,1.1605,1.16065,1.00,1.00
2008.10.31 14:32:10.807,1.1605,1.16075,1.00,22.90
2008.10.31 14:32:11.337,1.1605,1.16065,1.00,1.00
2008.10.31 14:32:11.726,1.1605,1.16065,1.00,5.40
2008.10.31 14:32:12.126,1.1605,1.16075,1.00,16.30
2008.10.31 14:32:12.576,1.1606,1.16075,1.00,1.00
2008.10.31 14:32:12.926,1.1605,1.16065,1.00,3.30
2008.10.31 14:32:13.386,1.16045,1.1606,1.20,4.30
2008.10.31 14:32:13.796,1.16025,1.1606,18.00,3.30
2008.10.31 14:32:14.146,1.16025,1.16055,18.60,4.30
2008.10.31 14:32:14.855,1.16025,1.1605,12.60,4.30
2008.10.31 14:32:15.295,1.16025,1.1604,6.00,3.30
2008.10.31 14:32:15.405,1.1602,1.1604,6.60,3.30
2008.10.31 14:32:15.745,1.1602,1.1605,6.60,9.70
2008.10.31 14:32:15.975,1.1602,1.16045,19.30,4.30
2008.10.31 14:32:16.275,1.16025,1.1606,6.10,20.70
2008.10.31 14:32:16.625,1.1603,1.16055,1.00,8.70
2008.10.31 14:32:16.985,1.1603,1.16055,6.60,3.30
2008.10.31 14:32:17.215,1.1603,1.16055,1.30,3.30
2008.10.31 14:32:17.515,1.1603,1.1605,1.30,3.30
2008.10.31 14:32:20.614,1.1603,1.16045,6.60,1.00
2008.10.31 14:32:21.274,1.1603,1.16045,18.60,1.00
2008.10.31 14:32:22.664,1.1604,1.1606,6.10,1.00
2008.10.31 14:32:23.083,1.16035,1.16055,5.80,1.00
2008.10.31 14:32:23.493,1.16015,1.1605,12.60,5.50
2008.10.31 14:32:23.604,1.1601,1.1604,6.40,3.30
2008.10.31 14:32:23.943,1.16,1.16025,5.80,3.30
2008.10.31 14:32:24.293,1.1597,1.16015,12.90,3.30
2008.10.31 14:32:24.633,1.1597,1.1601,30.70,1.00
2008.10.31 14:32:25.053,1.1597,1.1601,30.70,1.00
2008.10.31 14:32:25.393,1.1598,1.16005,1.00,1.00
2008.10.31 14:32:25.853,1.1598,1.16,1.00,1.00
2008.10.31 14:32:26.123,1.1598,1.16,1.00,13.00
2008.10.31 14:32:26.472,1.1599,1.16,6.00,13.00
2008.10.31 14:32:26.863,1.15985,1.16015,18.00,1.20
2008.10.31 14:32:27.382,1.1599,1.1601,1.00,5.70
2008.10.31 14:32:27.773,1.1598,1.16,1.00,1.00
2008.10.31 14:32:28.252,1.1599,1.16015,1.00,9.70
2008.10.31 14:32:28.722,1.1599,1.1601,7.50,1.00
2008.10.31 14:32:28.952,1.16,1.1601,1.00,1.00
2008.10.31 14:32:30.642,1.16,1.1602,1.00,1.00
2008.10.31 14:32:32.162,1.16,1.16015,1.00,1.00
2008.10.31 14:32:32.391,1.16,1.1601,1.00,1.00
2008.10.31 14:32:32.731,1.1599,1.1601,6.10,1.20
2008.10.31 14:32:32.901,1.1598,1.16005,7.20,1.00
2008.10.31 14:32:33.871,1.1598,1.16,7.20,1.00
2008.10.31 14:32:34.231,1.1598,1.16,13.30,1.00
2008.10.31 14:32:34.641,1.15995,1.16,6.10,1.00
2008.10.31 14:32:35.241,1.1599,1.16015,5.80,16.50
2008.10.31 14:32:35.541,1.15975,1.1601,6.10,1.00
2008.10.31 14:32:35.720,1.1599,1.1601,1.00,1.00
2008.10.31 14:32:35.950,1.1599,1.1602,1.00,16.50
2008.10.31 14:32:36.120,1.1599,1.16015,1.00,1.00
2008.10.31 14:32:37.410,1.1599,1.16005,1.00,1.00
2008.10.31 14:32:39.669,1.1599,1.16,1.00,1.00
2008.10.31 14:32:40.119,1.16,1.1601,1.00,1.00
2008.10.31 14:32:40.420,1.16,1.1603,1.00,13.00
2008.10.31 14:32:41.009,1.16005,1.16025,1.00,1.00
2008.10.31 14:32:41.349,1.1601,1.1604,6.90,13.00
2008.10.31 14:32:42.349,1.1602,1.1603,18.60,1.00
2008.10.31 14:32:42.689,1.1602,1.1603,12.60,1.00
2008.10.31 14:32:43.099,1.1602,1.1604,6.90,1.00
2008.10.31 14:32:43.439,1.1603,1.16035,1.00,1.00
2008.10.31 14:32:43.858,1.1603,1.1605,1.00,1.00
2008.10.31 14:32:44.878,1.16035,1.1606,6.00,2.20
2008.10.31 14:32:45.208,1.16035,1.1606,6.00,3.30
2008.10.31 14:32:45.558,1.1603,1.1606,18.60,3.30
2008.10.31 14:32:45.978,1.1603,1.16055,1.00,1.00
2008.10.31 14:32:46.338,1.1603,1.1605,1.00,1.00
2008.10.31 14:32:46.688,1.1603,1.1605,1.00,4.30
2008.10.31 14:32:47.128,1.1603,1.16045,1.00,1.00
2008.10.31 14:32:47.538,1.1603,1.16055,1.30,1.00
2008.10.31 14:32:47.967,1.1603,1.1605,1.00,3.40
2008.10.31 14:32:48.417,1.1602,1.1604,1.00,1.00
2008.10.31 14:32:49.127,1.1602,1.16035,1.00,1.00
2008.10.31 14:32:49.527,1.1602,1.16045,1.00,5.50
2008.10.31 14:32:49.927,1.1602,1.1603,1.00,1.00
2008.10.31 14:32:50.847,1.1602,1.1604,12.60,1.00
2008.10.31 14:32:51.227,1.1602,1.16035,18.60,1.00
2008.10.31 14:32:51.567,1.16025,1.16045,24.10,1.00
2008.10.31 14:32:51.857,1.1603,1.1604,1.00,1.00
2008.10.31 14:32:52.546,1.1603,1.1605,6.60,1.00
2008.10.31 14:32:53.126,1.1603,1.16045,24.90,1.00
2008.10.31 14:32:53.576,1.1603,1.16045,18.60,1.00
2008.10.31 14:32:54.656,1.1603,1.16045,24.90,1.00
2008.10.31 14:32:55.996,1.1603,1.16045,18.60,1.00
2008.10.31 14:32:57.325,1.1603,1.1604,18.60,1.00
2008.10.31 14:32:57.565,1.1603,1.1604,12.60,1.00
2008.10.31 14:32:57.805,1.1603,1.1604,1.00,1.00
2008.10.31 14:32:58.035,1.16035,1.1604,1.00,1.00
2008.10.31 14:32:58.215,1.1604,1.16065,1.00,3.20
2008.10.31 14:32:58.615,1.1603,1.1605,1.00,1.00
2008.10.31 14:32:58.785,1.1602,1.1604,25.00,1.00
2008.10.31 14:32:59.065,1.1602,1.1604,23.20,1.00
2008.10.31 14:32:59.365,1.1602,1.1604,18.60,1.00
2008.10.31 14:33:00.755,1.1602,1.1604,6.60,1.00
2008.10.31 14:33:01.224,1.1602,1.1604,18.60,1.00
2008.10.31 14:33:01.904,1.16025,1.1604,6.00,1.00
2008.10.31 14:33:02.125,1.1603,1.16035,6.60,1.00
2008.10.31 14:33:02.534,1.1603,1.16035,1.00,1.00
2008.10.31 14:33:02.874,1.1603,1.16045,1.00,1.00
2008.10.31 14:33:03.224,1.1603,1.1604,6.60,1.00
2008.10.31 14:33:03.624,1.1604,1.1607,6.90,19.60
2008.10.31 14:33:04.144,1.1604,1.16055,6.10,1.00
2008.10.31 14:33:04.743,1.1602,1.16055,6.00,4.30
2008.10.31 14:33:05.083,1.16015,1.16045,19.20,1.00
2008.10.31 14:33:07.103,1.16025,1.16045,12.70,1.00
2008.10.31 14:33:07.273,1.16025,1.1604,17.40,1.00
2008.10.31 14:33:07.793,1.16025,1.1604,11.10,1.00
2008.10.31 14:33:08.092,1.16025,1.1604,13.30,1.00
2008.10.31 14:33:08.493,1.16025,1.1604,7.30,1.00
2008.10.31 14:33:09.063,1.1603,1.1605,1.00,1.00
2008.10.31 14:33:09.522,1.1603,1.16045,1.30,1.00
2008.10.31 14:33:09.822,1.1603,1.16045,1.00,1.00
2008.10.31 14:33:11.682,1.1603,1.16045,7.30,1.00
2008.10.31 14:33:11.972,1.1604,1.16055,1.00,1.00
2008.10.31 14:33:12.442,1.1603,1.1605,23.70,1.00
2008.10.31 14:33:12.872,1.1603,1.1605,5.70,1.00
2008.10.31 14:33:13.271,1.1603,1.1605,1.30,1.00
2008.10.31 14:33:13.662,1.1603,1.1606,1.30,4.30
2008.10.31 14:33:15.741,1.1603,1.16045,1.00,1.00
2008.10.31 14:33:22.839,1.1603,1.1604,1.00,1.00
2008.10.31 14:33:24.289,1.1602,1.1604,12.90,1.00
2008.10.31 14:33:24.629,1.1602,1.16035,6.60,1.00
2008.10.31 14:33:25.029,1.1602,1.1603,6.10,1.00
2008.10.31 14:33:25.368,1.16015,1.1603,4.50,1.00
2008.10.31 14:33:25.828,1.1601,1.1603,17.50,1.00
2008.10.31 14:33:26.458,1.1601,1.1603,6.10,13.20
2008.10.31 14:33:26.758,1.16005,1.16025,4.50,1.00
2008.10.31 14:33:27.268,1.16,1.16015,1.00,1.00
2008.10.31 14:33:28.118,1.1599,1.1601,6.90,1.00
2008.10.31 14:33:30.547,1.1599,1.1601,12.90,1.00
2008.10.31 14:33:31.287,1.16,1.16035,6.90,16.30
2008.10.31 14:33:31.467,1.16,1.1603,11.50,13.00
2008.10.31 14:33:31.797,1.16,1.16025,11.50,1.00
2008.10.31 14:33:32.027,1.16,1.16035,11.50,14.20
2008.10.31 14:33:32.487,1.16,1.1602,1.00,1.00
2008.10.31 14:33:33.067,1.16,1.16015,1.00,1.00
2008.10.31 14:33:33.656,1.16,1.16025,1.00,13.00
2008.10.31 14:33:33.937,1.16,1.16015,1.00,1.00
2008.10.31 14:33:34.276,1.1599,1.16015,11.50,13.00
2008.10.31 14:33:34.856,1.1599,1.16015,1.00,13.00
2008.10.31 14:33:36.316,1.1599,1.1601,1.00,13.00
2008.10.31 14:33:40.705,1.1599,1.16005,1.00,1.00
2008.10.31 14:33:40.945,1.1599,1.16005,1.00,1.00
2008.10.31 14:33:41.575,1.1598,1.16,6.90,1.00
2008.10.31 14:33:43.714,1.15985,1.16,6.10,1.00
2008.10.31 14:33:44.004,1.1598,1.1601,5.20,16.50
2008.10.31 14:33:44.174,1.1598,1.16005,11.50,1.00
2008.10.31 14:33:44.534,1.1598,1.16005,12.60,1.00
2008.10.31 14:33:44.824,1.1598,1.16005,18.60,1.00
2008.10.31 14:33:45.394,1.1598,1.16015,25.50,16.50
2008.10.31 14:33:45.724,1.1598,1.16015,25.50,4.30
2008.10.31 14:33:46.903,1.1598,1.16005,1.00,1.00
2008.10.31 14:33:50.592,1.1598,1.1599,1.00,3.30
2008.10.31 14:33:50.822,1.1598,1.15985,1.00,1.00
2008.10.31 14:33:51.052,1.15955,1.15995,1.00,22.00
2008.10.31 14:33:51.412,1.15955,1.1599,1.00,4.50
2008.10.31 14:33:51.592,1.1596,1.15985,10.80,1.00
2008.10.31 14:33:51.942,1.1596,1.1598,6.10,1.00
2008.10.31 14:33:52.112,1.15965,1.1598,6.10,13.00
2008.10.31 14:33:53.812,1.15965,1.1598,6.10,1.00
2008.10.31 14:33:54.432,1.1596,1.1598,10.80,1.00
2008.10.31 14:33:56.241,1.1596,1.1598,10.80,1.00
2008.10.31 14:33:57.501,1.1596,1.1598,4.50,1.00
2008.10.31 14:33:57.791,1.1596,1.1598,6.10,1.00
2008.10.31 14:33:58.121,1.1596,1.1597,6.10,1.00
2008.10.31 14:33:58.411,1.1596,1.15995,1.00,16.30
2008.10.31 14:33:58.651,1.1596,1.1599,6.90,1.00
2008.10.31 14:33:59.290,1.1596,1.1599,6.90,1.00
2008.10.31 14:33:59.750,1.1596,1.15985,1.00,1.00
2008.10.31 14:34:02.589,1.1596,1.15985,1.00,13.00
2008.10.31 14:34:02.949,1.1596,1.1598,1.00,1.00
2008.10.31 14:34:03.969,1.1597,1.15995,6.10,18.60
2008.10.31 14:34:04.319,1.1597,1.15995,10.80,1.00
2008.10.31 14:34:04.709,1.1597,1.15995,11.50,1.00
2008.10.31 14:34:05.219,1.15975,1.15995,6.10,1.00
2008.10.31 14:34:05.919,1.15975,1.16005,6.10,13.10
2008.10.31 14:34:06.498,1.1598,1.16,1.00,13.00
2008.10.31 14:34:09.478,1.1598,1.15995,1.00,12.00
2008.10.31 14:34:09.658,1.1597,1.15995,6.90,13.00
2008.10.31 14:34:12.827,1.1597,1.15995,6.90,1.00
2008.10.31 14:34:13.167,1.1597,1.15995,12.90,1.00
2008.10.31 14:34:13.347,1.1597,1.16005,13.50,16.30
2008.10.31 14:34:13.807,1.1597,1.16,18.10,1.00
2008.10.31 14:34:14.207,1.1598,1.16,1.00,1.00
2008.10.31 14:34:14.946,1.1598,1.1601,19.30,9.70
2008.10.31 14:34:15.296,1.1598,1.1601,25.50,1.00
2008.10.31 14:34:15.876,1.15985,1.1602,6.00,20.70
2008.10.31 14:34:16.436,1.1598,1.16,5.20,1.00
2008.10.31 14:34:16.726,1.15985,1.16,4.50,1.00
2008.10.31 14:34:16.956,1.1598,1.16,1.00,1.00
2008.10.31 14:34:18.986,1.1598,1.15995,1.00,1.00
2008.10.31 14:34:19.386,1.1597,1.1599,1.00,1.00
2008.10.31 14:34:20.145,1.1597,1.1599,1.00,1.00
2008.10.31 14:34:20.915,1.1597,1.1599,1.00,1.00
2008.10.31 14:34:21.965,1.1597,1.1599,1.00,1.00
2008.10.31 14:34:22.255,1.1597,1.1599,1.00,1.00
2008.10.31 14:34:23.534,1.15975,1.1599,1.00,1.00
2008.10.31 14:34:23.825,1.15975,1.1599,6.00,1.00
2008.10.31 14:34:24.104,1.1597,1.1599,1.00,1.00
2008.10.31 14:34:24.434,1.15975,1.1599,1.00,1.00
2008.10.31 14:34:24.724,1.1598,1.16005,1.00,21.90
2008.10.31 14:34:25.544,1.15985,1.16,6.00,1.00
2008.10.31 14:34:26.014,1.1598,1.16,1.00,1.00
2008.10.31 14:34:26.704,1.15985,1.16,1.00,1.00
2008.10.31 14:34:27.593,1.15985,1.16,6.70,1.00
2008.10.31 14:34:27.823,1.15985,1.16,24.70,1.00
2008.10.31 14:34:28.053,1.15985,1.16,18.60,1.00
2008.10.31 14:34:28.293,1.1599,1.16015,1.00,10.90
2008.10.31 14:34:28.623,1.1599,1.16015,1.00,10.90
2008.10.31 14:34:28.793,1.1599,1.16015,1.00,1.00
2008.10.31 14:34:28.973,1.1599,1.16015,6.60,1.00
2008.10.31 14:34:29.893,1.15995,1.16015,6.00,1.00
2008.10.31 14:34:30.293,1.15995,1.16025,6.00,4.40
2008.10.31 14:34:30.593,1.15995,1.1602,6.00,1.00
2008.10.31 14:34:30.833,1.16,1.1602,1.00,1.00
2008.10.31 14:34:31.642,1.16,1.1602,1.00,1.00
2008.10.31 14:34:31.982,1.16,1.1602,1.00,1.00
2008.10.31 14:34:33.832,1.16,1.1602,12.60,1.00
2008.10.31 14:34:34.282,1.1601,1.1603,1.00,6.40
2008.10.31 14:34:34.613,1.1601,1.1603,1.00,1.00
2008.10.31 14:34:34.962,1.1602,1.16045,1.00,21.90
2008.10.31 14:34:35.302,1.1602,1.16035,6.90,1.00
2008.10.31 14:34:35.832,1.1602,1.16035,1.00,1.00
2008.10.31 14:34:36.121,1.1602,1.1605,1.00,21.90
2008.10.31 14:34:36.471,1.1602,1.16045,12.90,1.00
2008.10.31 14:34:37.101,1.1602,1.16045,24.90,1.00
2008.10.31 14:34:37.441,1.1602,1.16055,18.90,5.50
2008.10.31 14:34:37.561,1.1602,1.16045,1.00,1.00
2008.10.31 14:34:37.951,1.1602,1.16045,1.00,13.00
2008.10.31 14:34:38.491,1.1602,1.16045,6.90,12.00
2008.10.31 14:34:38.931,1.1602,1.16055,7.50,16.40
2008.10.31 14:34:39.271,1.1602,1.16045,6.90,1.00
2008.10.31 14:34:39.680,1.1602,1.16045,11.50,12.00
2008.10.31 14:34:39.911,1.1602,1.16045,6.90,12.00
2008.10.31 14:34:40.320,1.1602,1.1604,6.90,1.00
2008.10.31 14:34:40.890,1.1602,1.16055,12.10,16.30
2008.10.31 14:34:41.180,1.1603,1.1605,1.00,1.00
2008.10.31 14:34:41.470,1.1603,1.1605,1.00,1.00
2008.10.31 14:34:42.880,1.16025,1.1604,1.00,1.00
2008.10.31 14:34:43.480,1.1602,1.1604,4.50,1.00
2008.10.31 14:34:43.819,1.1601,1.1605,6.90,15.30
2008.10.31 14:34:44.110,1.1601,1.16035,6.10,12.00
2008.10.31 14:34:44.330,1.16015,1.16035,6.10,12.00
2008.10.31 14:34:44.689,1.16015,1.16045,6.10,15.30
2008.10.31 14:34:46.139,1.16025,1.1604,6.10,12.00
2008.10.31 14:34:46.429,1.16025,1.1603,6.10,1.00
2008.10.31 14:34:46.659,1.1602,1.1603,5.70,1.00
2008.10.31 14:34:46.899,1.16035,1.1607,1.00,17.50
2008.10.31 14:34:47.249,1.16035,1.1606,1.00,5.40
2008.10.31 14:34:47.649,1.16035,1.1607,1.00,16.30
2008.10.31 14:34:47.939,1.1602,1.16045,1.00,1.00
2008.10.31 14:34:48.349,1.1601,1.16055,18.00,16.30
2008.10.31 14:34:48.748,1.1601,1.16045,10.80,1.00
2008.10.31 14:34:48.988,1.16015,1.1604,10.80,1.00
2008.10.31 14:34:49.238,1.1603,1.1604,6.10,1.00
2008.10.31 14:34:49.538,1.1603,1.1604,6.70,1.00
2008.10.31 14:34:49.928,1.1603,1.16055,6.10,1.20
2008.10.31 14:34:50.378,1.16035,1.16065,6.70,14.10
2008.10.31 14:34:50.818,1.16035,1.16055,5.10,15.40
2008.10.31 14:34:51.168,1.16015,1.16045,11.50,1.00
2008.10.31 14:34:51.518,1.16015,1.1606,16.80,16.30
2008.10.31 14:34:51.968,1.1602,1.16055,6.10,12.00
2008.10.31 14:34:52.318,1.16025,1.1605,10.80,1.00
2008.10.31 14:34:52.647,1.16025,1.1605,10.80,1.00
2008.10.31 14:34:52.998,1.16025,1.1605,6.10,1.00
2008.10.31 14:34:53.457,1.16025,1.1605,6.10,12.00
2008.10.31 14:34:53.877,1.16025,1.1605,10.80,12.00
2008.10.31 14:34:54.287,1.1602,1.16045,10.80,12.00
2008.10.31 14:34:54.697,1.1602,1.16055,10.80,15.30
2008.10.31 14:34:55.097,1.1602,1.1605,6.10,12.00
2008.10.31 14:34:55.626,1.1602,1.1605,10.80,12.00
2008.10.31 14:34:56.267,1.16025,1.1605,6.10,12.00
2008.10.31 14:34:56.787,1.16025,1.1605,6.10,1.00
2008.10.31 14:34:57.126,1.16025,1.1605,10.80,1.00
2008.10.31 14:34:57.476,1.1603,1.1605,6.10,13.00
2008.10.31 14:34:57.716,1.1603,1.1605,6.10,1.00
2008.10.31 14:34:58.006,1.16025,1.1605,10.80,1.00
2008.10.31 14:34:58.486,1.16025,1.1605,10.80,1.00
2008.10.31 14:34:58.896,1.1603,1.1605,6.10,1.00
2008.10.31 14:34:59.196,1.16055,1.1608,1.00,10.00
2008.10.31 14:34:59.486,1.16035,1.16065,1.00,5.40
2008.10.31 14:34:59.896,1.16025,1.1608,25.50,9.90
2008.10.31 14:35:00.186,1.1603,1.16075,18.00,1.00
2008.10.31 14:35:00.596,1.16045,1.16075,24.70,4.50
2008.10.31 14:35:00.986,1.16045,1.1607,12.00,1.00
2008.10.31 14:35:01.445,1.1605,1.1607,12.00,4.30
2008.10.31 14:35:01.845,1.1605,1.1608,12.00,5.50
2008.10.31 14:35:02.125,1.16045,1.16075,19.20,4.30
2008.10.31 14:35:02.535,1.1605,1.16075,18.00,4.50
2008.10.31 14:35:03.055,1.1605,1.1607,12.00,3.30
2008.10.31 14:35:03.485,1.1605,1.1606,1.00,3.30
2008.10.31 14:35:03.825,1.1605,1.16075,6.60,9.70
2008.10.31 14:35:04.235,1.1606,1.16085,1.00,23.10
2008.10.31 14:35:04.525,1.1606,1.1608,1.00,1.00
2008.10.31 14:35:05.154,1.1605,1.16075,5.80,1.00
2008.10.31 14:35:05.554,1.1605,1.16075,1.00,1.00
2008.10.31 14:35:06.284,1.1605,1.16075,1.00,1.00
2008.10.31 14:35:06.714,1.1605,1.16075,1.00,1.00
2008.10.31 14:35:07.124,1.1605,1.16075,1.00,3.30
2008.10.31 14:35:07.634,1.1605,1.16075,1.00,4.30
2008.10.31 14:35:08.144,1.1605,1.16075,6.60,4.30
2008.10.31 14:35:08.713,1.1605,1.16075,12.90,1.00
2008.10.31 14:35:09.273,1.1605,1.16075,6.90,1.00
2008.10.31 14:35:09.563,1.1605,1.16075,1.00,1.00
2008.10.31 14:35:09.853,1.1605,1.16075,6.90,1.00
2008.10.31 14:35:11.983,1.16055,1.16075,6.10,1.00
2008.10.31 14:35:12.792,1.1605,1.16075,11.50,1.00
2008.10.31 14:35:13.182,1.16055,1.16075,6.10,1.00
2008.10.31 14:35:14.042,1.1606,1.16085,6.10,13.20
2008.10.31 14:35:14.562,1.1606,1.1608,7.30,1.00
2008.10.31 14:35:14.962,1.1606,1.1608,1.80,1.00
2008.10.31 14:35:16.532,1.1606,1.1608,1.80,4.30
2008.10.31 14:35:16.832,1.1607,1.1608,1.20,4.30
2008.10.31 14:35:17.412,1.1606,1.1608,1.00,1.20
2008.10.31 14:35:17.712,1.1606,1.1608,1.00,1.00
2008.10.31 14:35:20.891,1.1606,1.1608,1.00,1.00
2008.10.31 14:35:21.570,1.1607,1.16085,1.00,1.00
2008.10.31 14:35:22.540,1.16065,1.1609,6.70,12.00
2008.10.31 14:35:23.060,1.1606,1.1609,5.80,16.50
2008.10.31 14:35:23.290,1.1606,1.16085,1.00,12.00
2008.10.31 14:35:25.260,1.1606,1.16085,1.00,15.30
2008.10.31 14:35:25.610,1.1606,1.16085,1.00,12.00
2008.10.31 14:35:27.219,1.1606,1.16095,1.30,21.90
2008.10.31 14:35:27.389,1.1606,1.1609,12.10,13.00
2008.10.31 14:35:27.849,1.1607,1.1609,1.00,13.00
2008.10.31 14:35:30.988,1.1607,1.1608,1.00,1.00
2008.10.31 14:35:31.278,1.1605,1.1608,12.00,13.00
2008.10.31 14:35:31.638,1.16055,1.16095,1.30,21.70
2008.10.31 14:35:31.968,1.16065,1.1609,1.00,13.00
2008.10.31 14:35:35.617,1.1607,1.1609,1.30,13.00
2008.10.31 14:35:35.897,1.1608,1.1609,6.00,1.00
2008.10.31 14:35:38.397,1.1608,1.16095,1.00,12.00
2008.10.31 14:35:38.696,1.1608,1.16105,6.10,13.00
2008.10.31 14:35:38.996,1.16075,1.161,10.80,1.00
2008.10.31 14:35:39.176,1.16075,1.161,6.10,1.00
2008.10.31 14:35:39.856,1.1607,1.161,18.10,1.00
2008.10.31 14:35:41.196,1.16075,1.161,6.10,1.00
2008.10.31 14:35:42.006,1.1607,1.161,18.10,1.00
2008.10.31 14:35:42.705,1.1607,1.161,11.80,4.30
2008.10.31 14:35:43.035,1.1607,1.16095,1.30,1.00
2008.10.31 14:35:43.485,1.1607,1.16095,6.90,1.00
2008.10.31 14:35:43.965,1.1607,1.16095,1.00,1.00
2008.10.31 14:35:45.295,1.1607,1.1609,1.00,1.00
2008.10.31 14:35:45.644,1.16065,1.161,6.10,17.50
2008.10.31 14:35:45.985,1.16065,1.16095,6.10,1.00
2008.10.31 14:35:46.145,1.16065,1.16095,12.10,1.00
2008.10.31 14:35:46.465,1.16065,1.16095,6.00,4.30
2008.10.31 14:35:46.764,1.16065,1.1609,6.00,3.30
2008.10.31 14:35:47.064,1.16065,1.1609,6.00,4.30
2008.10.31 14:35:47.944,1.1606,1.1609,19.80,4.30
2008.10.31 14:35:48.234,1.1606,1.1609,13.20,4.50
2008.10.31 14:35:48.504,1.16055,1.1608,6.10,1.00
2008.10.31 14:35:48.664,1.16055,1.1608,6.10,1.00
2008.10.31 14:35:49.084,1.1605,1.16075,6.00,3.30
2008.10.31 14:35:49.544,1.1605,1.1607,6.00,3.30
2008.10.31 14:35:49.824,1.1605,1.1607,6.10,1.00
2008.10.31 14:35:52.503,1.16025,1.16045,6.10,1.00
2008.10.31 14:35:54.252,1.1603,1.16045,6.10,1.00
2008.10.31 14:35:54.592,1.16045,1.1609,12.90,17.70
2008.10.31 14:35:54.943,1.1605,1.1609,18.00,4.30
2008.10.31 14:35:55.283,1.1605,1.161,18.00,16.30
2008.10.31 14:35:55.923,1.16055,1.16085,6.00,3.30
2008.10.31 14:35:56.212,1.1605,1.16085,25.50,3.40
2008.10.31 14:35:56.542,1.16055,1.16085,18.00,4.30
2008.10.31 14:35:56.722,1.1606,1.16085,6.00,3.30
2008.10.31 14:35:57.462,1.1606,1.1608,6.00,3.30
2008.10.31 14:35:57.802,1.1606,1.1609,6.00,3.30
2008.10.31 14:35:58.152,1.1606,1.1609,12.10,3.30
2008.10.31 14:35:58.591,1.1606,1.1609,6.10,3.30
2008.10.31 14:35:59.161,1.1606,1.1609,6.10,13.20
2008.10.31 14:35:59.332,1.1606,1.1609,12.10,1.20
2008.10.31 14:35:59.561,1.1606,1.1609,6.00,4.60
2008.10.31 14:35:59.741,1.1606,1.16085,6.00,1.00
2008.10.31 14:36:00.141,1.1606,1.16095,6.00,20.70
2008.10.31 14:36:00.481,1.1606,1.1609,18.00,3.30
2008.10.31 14:36:00.891,1.1606,1.1608,18.00,3.30
2008.10.31 14:36:02.661,1.16065,1.1608,6.00,3.30
2008.10.31 14:36:03.570,1.1606,1.1609,6.00,8.70
2008.10.31 14:36:03.980,1.16055,1.1608,18.00,3.30
2008.10.31 14:36:05.000,1.1605,1.1608,21.00,3.30
2008.10.31 14:36:05.230,1.1605,1.1608,20.40,3.30
2008.10.31 14:36:05.400,1.16055,1.1608,6.00,3.30
2008.10.31 14:36:06.160,1.16055,1.1608,18.00,3.30
2008.10.31 14:36:06.330,1.16055,1.1608,18.00,4.30
2008.10.31 14:36:06.629,1.16055,1.1608,6.00,3.30
2008.10.31 14:36:07.379,1.1605,1.1608,3.00,15.30
2008.10.31 14:36:07.649,1.1605,1.1608,2.40,15.30
2008.10.31 14:36:07.889,1.1605,1.16075,2.40,3.30
2008.10.31 14:36:08.349,1.1605,1.16085,2.40,20.70
2008.10.31 14:36:09.779,1.1606,1.16085,6.70,17.40
2008.10.31 14:36:10.069,1.1606,1.16085,6.90,12.00
2008.10.31 14:36:10.479,1.1607,1.16085,1.00,1.00
2008.10.31 14:36:10.829,1.1607,1.16095,1.00,21.70
2008.10.31 14:36:11.298,1.1607,1.1609,1.00,13.00
2008.10.31 14:36:17.747,1.1607,1.1609,1.00,1.00
2008.10.31 14:36:29.484,1.1607,1.1609,1.00,1.00
2008.10.31 14:36:29.784,1.16075,1.1609,6.10,1.00
2008.10.31 14:36:30.624,1.1608,1.16115,1.00,17.50
2008.10.31 14:36:31.074,1.16055,1.16095,23.20,4.30
2008.10.31 14:36:31.424,1.16055,1.1609,6.00,3.30
2008.10.31 14:36:31.843,1.16055,1.161,6.00,20.70
2008.10.31 14:36:32.143,1.1606,1.1609,12.10,1.00
2008.10.31 14:36:32.433,1.1606,1.1609,6.00,3.30
2008.10.31 14:36:32.893,1.16075,1.1609,6.10,1.00
2008.10.31 14:36:33.243,1.16075,1.16105,6.70,6.40
2008.10.31 14:36:33.593,1.1609,1.16105,1.00,1.00
2008.10.31 14:36:33.933,1.161,1.1612,1.00,17.70
2008.10.31 14:36:34.223,1.1608,1.16105,1.20,1.00
2008.10.31 14:36:34.583,1.16065,1.161,5.20,1.00
2008.10.31 14:36:34.873,1.1606,1.161,29.40,3.30
2008.10.31 14:36:35.113,1.1606,1.161,24.10,3.30
2008.10.31 14:36:37.172,1.1608,1.161,6.70,12.00
2008.10.31 14:36:37.412,1.1608,1.1611,11.40,1.00
2008.10.31 14:36:37.642,1.16095,1.1611,1.00,1.00
2008.10.31 14:36:39.162,1.161,1.16115,1.00,13.20
2008.10.31 14:36:40.891,1.161,1.16105,1.00,1.00
2008.10.31 14:36:41.461,1.16075,1.16095,12.10,1.00
2008.10.31 14:36:41.741,1.16055,1.16085,4.50,1.20
2008.10.31 14:36:42.031,1.16045,1.1608,19.00,1.00
2008.10.31 14:36:42.431,1.16045,1.1608,2.40,15.30
2008.10.31 14:36:42.881,1.1605,1.1607,2.40,3.30
2008.10.31 14:36:43.621,1.1605,1.16075,2.40,1.00
2008.10.31 14:36:44.080,1.1605,1.16075,3.00,1.00
2008.10.31 14:36:44.310,1.1605,1.16075,9.90,1.00
2008.10.31 14:36:44.801,1.1606,1.1608,1.00,1.00
2008.10.31 14:36:47.290,1.16065,1.1608,1.00,1.00
2008.10.31 14:36:47.590,1.16075,1.1609,1.00,12.00
2008.10.31 14:36:47.980,1.1606,1.1609,12.10,1.00
2008.10.31 14:36:48.330,1.1606,1.1608,6.00,1.00
2008.10.31 14:36:49.149,1.16055,1.1608,16.80,1.00
2008.10.31 14:36:49.329,1.16055,1.1608,12.10,1.00
2008.10.31 14:36:49.609,1.16055,1.1608,6.00,1.00
2008.10.31 14:36:50.399,1.1606,1.1608,6.10,1.00
2008.10.31 14:36:50.859,1.1606,1.1608,12.10,1.00
2008.10.31 14:36:51.149,1.1606,1.1608,12.70,1.00
2008.10.31 14:36:51.329,1.1606,1.16065,6.10,1.00
2008.10.31 14:36:51.559,1.16055,1.16065,6.00,2.20
2008.10.31 14:36:51.999,1.1606,1.16075,6.00,1.20
2008.10.31 14:36:52.349,1.1606,1.1608,6.00,1.00
2008.10.31 14:36:52.639,1.1606,1.1608,6.60,2.20
2008.10.31 14:36:53.688,1.1607,1.1608,1.00,2.20
2008.10.31 14:36:54.038,1.16075,1.1609,6.00,2.20
2008.10.31 14:36:56.658,1.16075,1.1609,6.00,1.20
2008.10.31 14:36:56.948,1.16075,1.161,6.00,2.20
2008.10.31 14:36:57.238,1.1608,1.161,18.00,2.20
2008.10.31 14:36:58.077,1.1608,1.161,18.60,2.20
2008.10.31 14:36:58.537,1.16085,1.161,6.70,2.20
2008.10.31 14:36:58.927,1.1609,1.161,1.00,1.20
2008.10.31 14:36:59.177,1.16085,1.1609,5.70,1.00
2008.10.31 14:36:59.867,1.1608,1.1609,1.00,1.00
2008.10.31 14:37:00.267,1.16075,1.1609,18.00,2.20
2008.10.31 14:37:00.826,1.16075,1.1609,6.00,2.20
2008.10.31 14:37:01.266,1.16075,1.161,6.00,2.20
2008.10.31 14:37:01.786,1.1608,1.161,18.00,2.20
2008.10.31 14:37:05.076,1.1608,1.161,18.00,2.20
2008.10.31 14:37:06.055,1.1608,1.161,6.00,2.20
2008.10.31 14:37:06.646,1.1607,1.1609,22.80,1.00
2008.10.31 14:37:07.095,1.16065,1.16085,1.00,3.30
2008.10.31 14:37:07.385,1.16065,1.1608,1.00,3.30
2008.10.31 14:37:07.725,1.16065,1.16075,1.00,3.30
2008.10.31 14:37:08.025,1.16065,1.1607,1.00,11.30
2008.10.31 14:37:08.415,1.16045,1.16065,2.40,4.50
2008.10.31 14:37:08.744,1.16045,1.1606,2.40,1.00
2008.10.31 14:37:09.084,1.16045,1.16065,2.40,1.00
2008.10.31 14:37:09.415,1.16045,1.16065,2.40,1.00
2008.10.31 14:37:09.764,1.1605,1.16065,2.40,1.00
2008.10.31 14:37:10.284,1.1605,1.1607,2.40,2.20
2008.10.31 14:37:10.674,1.1605,1.1607,8.50,1.00
2008.10.31 14:37:10.964,1.16055,1.16075,6.10,1.00
2008.10.31 14:37:12.424,1.16065,1.16075,1.00,1.00
2008.10.31 14:37:12.654,1.1607,1.1608,1.00,1.20
2008.10.31 14:37:13.063,1.16075,1.1609,6.10,2.20
2008.10.31 14:37:14.633,1.1608,1.161,1.00,2.20
2008.10.31 14:37:14.933,1.1608,1.161,1.00,1.00
2008.10.31 14:37:16.943,1.1608,1.161,6.60,1.00
2008.10.31 14:37:17.443,1.1608,1.161,1.00,1.00
2008.10.31 14:37:18.402,1.1608,1.16095,19.20,1.00
2008.10.31 14:37:18.812,1.1609,1.16105,1.00,5.40
2008.10.31 14:37:19.102,1.1608,1.16095,4.50,3.30
2008.10.31 14:37:19.782,1.1606,1.16095,24.70,1.00
2008.10.31 14:37:20.212,1.1606,1.16095,16.80,1.00
2008.10.31 14:37:20.732,1.1606,1.16095,10.50,3.30
2008.10.31 14:37:21.082,1.16065,1.16095,6.10,15.30
2008.10.31 14:37:21.661,1.16065,1.16095,6.10,12.00
2008.10.31 14:37:21.932,1.1606,1.16095,28.80,15.30
2008.10.31 14:37:22.572,1.1606,1.1609,16.80,3.30
2008.10.31 14:37:22.931,1.1606,1.16085,6.00,3.30
2008.10.31 14:37:23.551,1.1605,1.1608,26.20,4.30
2008.10.31 14:37:23.781,1.1605,1.1608,21.70,4.30
2008.10.31 14:37:24.891,1.16055,1.16085,12.10,17.40
2008.10.31 14:37:25.282,1.16055,1.16085,16.80,1.00
2008.10.31 14:37:25.681,1.16055,1.1608,6.00,3.30
2008.10.31 14:37:26.391,1.1605,1.1608,3.70,16.50
2008.10.31 14:37:30.529,1.1605,1.1608,9.00,4.50
2008.10.31 14:37:30.879,1.1605,1.16075,3.00,1.00
2008.10.31 14:37:31.349,1.1605,1.1608,21.00,4.50
2008.10.31 14:37:31.689,1.16055,1.1608,6.00,4.50
2008.10.31 14:37:32.039,1.16055,1.1608,18.00,1.00
2008.10.31 14:37:32.609,1.16065,1.1609,1.00,3.30
2008.10.31 14:37:32.939,1.16055,1.1609,23.80,4.50
2008.10.31 14:37:33.289,1.16055,1.16085,1.00,3.30
2008.10.31 14:37:33.569,1.1605,1.16085,6.00,3.30
2008.10.31 14:37:34.218,1.16055,1.16085,12.10,1.00
2008.10.31 14:37:35.198,1.16055,1.16075,6.00,1.00
2008.10.31 14:37:35.548,1.1606,1.16095,1.30,16.50
2008.10.31 14:37:35.848,1.1605,1.16085,21.70,4.50
2008.10.31 14:37:36.558,1.1605,1.1608,15.70,4.50
2008.10.31 14:37:36.918,1.1605,1.1608,3.70,16.50
2008.10.31 14:37:37.488,1.1606,1.16075,1.00,1.00
2008.10.31 14:37:37.838,1.1606,1.1608,1.00,1.00
2008.10.31 14:37:38.067,1.1606,1.1608,1.00,1.00
2008.10.31 14:37:38.468,1.1606,1.1608,1.30,1.00
2008.10.31 14:37:38.877,1.1606,1.1609,1.00,15.30
2008.10.31 14:37:39.208,1.16055,1.1608,12.00,3.30
2008.10.31 14:37:39.507,1.1605,1.1608,21.70,4.50
2008.10.31 14:37:39.787,1.16055,1.1608,6.00,4.30
2008.10.31 14:37:40.137,1.16055,1.1608,6.00,4.50
2008.10.31 14:37:40.497,1.1605,1.1608,21.70,4.50
2008.10.31 14:37:42.746,1.1605,1.16075,21.70,3.30
2008.10.31 14:37:44.036,1.1605,1.16075,3.70,3.30
2008.10.31 14:37:44.396,1.1605,1.16075,3.00,3.30
2008.10.31 14:37:44.786,1.1605,1.1607,3.00,1.20
2008.10.31 14:37:45.146,1.1605,1.1607,3.00,16.50
2008.10.31 14:37:45.786,1.1605,1.1607,3.00,13.20
2008.10.31 14:37:46.086,1.1605,1.1607,3.00,16.50
2008.10.31 14:37:46.495,1.1605,1.1607,3.00,13.20
2008.10.31 14:37:47.205,1.1605,1.1607,3.00,16.50
2008.10.31 14:37:48.865,1.1605,1.16065,3.00,1.00
2008.10.31 14:37:50.465,1.1605,1.1606,3.00,1.00
2008.10.31 14:37:50.984,1.1605,1.1606,2.40,4.50
2008.10.31 14:37:51.204,1.1605,1.1606,2.40,4.50
2008.10.31 14:37:52.094,1.1605,1.1606,2.40,1.00
2008.10.31 14:37:52.674,1.1605,1.16065,2.40,3.30
2008.10.31 14:37:53.144,1.1605,1.1606,2.40,4.50
2008.10.31 14:37:53.724,1.1605,1.1606,2.40,4.50
2008.10.31 14:37:54.524,1.1605,1.16055,2.40,3.30
2008.10.31 14:37:54.824,1.16025,1.16055,1.00,18.60
2008.10.31 14:37:55.233,1.16025,1.1605,1.00,3.30
2008.10.31 14:37:55.573,1.16025,1.16055,1.00,6.60
2008.10.31 14:37:55.983,1.1603,1.1605,1.00,3.30
2008.10.31 14:37:56.973,1.1603,1.1605,1.00,4.30
2008.10.31 14:37:57.493,1.1603,1.16055,1.00,6.60
2008.10.31 14:37:58.123,1.1603,1.16055,1.00,1.00
2008.10.31 14:37:58.742,1.1603,1.16055,6.60,1.00
2008.10.31 14:37:59.272,1.16035,1.1606,6.70,1.00
2008.10.31 14:37:59.492,1.1604,1.1606,6.60,1.00
2008.10.31 14:37:59.662,1.1604,1.1606,18.60,1.00
2008.10.31 14:37:59.832,1.16045,1.1606,6.00,1.00
2008.10.31 14:38:00.072,1.16055,1.1606,6.00,1.00
2008.10.31 14:38:00.482,1.16055,1.16065,6.00,1.00
2008.10.31 14:38:00.772,1.16055,1.16075,6.00,4.30
2008.10.31 14:38:01.122,1.16055,1.16075,18.00,4.30
2008.10.31 14:38:01.412,1.1606,1.1608,6.00,3.30
2008.10.31 14:38:02.532,1.1606,1.16085,6.00,8.70
2008.10.31 14:38:03.001,1.1606,1.16085,6.00,3.30
2008.10.31 14:38:05.391,1.1606,1.16085,18.00,3.30
2008.10.31 14:38:06.141,1.1606,1.1609,18.00,3.30
2008.10.31 14:38:06.481,1.1606,1.16085,18.00,3.30
2008.10.31 14:38:07.001,1.1606,1.16085,6.00,3.30
2008.10.31 14:38:07.540,1.16055,1.16085,18.00,3.30
2008.10.31 14:38:07.930,1.16055,1.1608,24.10,1.00
2008.10.31 14:38:08.270,1.16055,1.16085,24.10,3.30
2008.10.31 14:38:08.840,1.1606,1.16085,6.00,3.30
2008.10.31 14:38:09.770,1.1606,1.1608,6.00,3.30
2008.10.31 14:38:10.920,1.1606,1.16085,6.00,3.30
2008.10.31 14:38:11.579,1.1606,1.16085,18.00,3.30
2008.10.31 14:38:12.220,1.1606,1.1608,6.00,3.30
2008.10.31 14:38:12.509,1.1606,1.16075,6.00,3.30
2008.10.31 14:38:12.919,1.1606,1.1608,6.00,4.30
2008.10.31 14:38:13.199,1.1606,1.1608,6.00,3.30
2008.10.31 14:38:13.789,1.1606,1.16075,18.00,3.30
2008.10.31 14:38:14.589,1.16055,1.1607,18.00,3.30
2008.10.31 14:38:15.158,1.1606,1.1607,19.30,3.30
2008.10.31 14:38:15.608,1.1606,1.1608,18.00,8.70
2008.10.31 14:38:15.889,1.1606,1.1608,18.00,3.30
2008.10.31 14:38:16.168,1.1606,1.1608,6.00,3.30
2008.10.31 14:38:16.638,1.1606,1.1607,6.00,1.00
2008.10.31 14:38:16.868,1.1605,1.1607,18.60,1.00
2008.10.31 14:38:17.218,1.1606,1.1607,6.00,1.00
2008.10.31 14:38:17.818,1.1606,1.1608,6.00,4.30
2008.10.31 14:38:18.168,1.1606,1.1608,18.00,3.30
2008.10.31 14:38:19.668,1.1606,1.1608,6.00,3.30
2008.10.31 14:38:20.137,1.1606,1.1608,18.00,3.30
2008.10.31 14:38:20.767,1.1606,1.1608,18.00,4.30
2008.10.31 14:38:22.577,1.1606,1.1608,18.00,3.30
2008.10.31 14:38:22.937,1.1606,1.16085,18.00,4.30
2008.10.31 14:38:23.437,1.1606,1.16085,6.00,4.30
2008.10.31 14:38:23.777,1.1606,1.1608,18.00,3.30
2008.10.31 14:38:24.936,1.1606,1.1608,6.00,3.30
2008.10.31 14:38:25.466,1.1606,1.1608,6.00,4.30
2008.10.31 14:38:26.336,1.1606,1.1608,18.00,4.30
2008.10.31 14:38:27.665,1.1606,1.1608,18.00,3.30
2008.10.31 14:38:27.946,1.1606,1.1608,6.00,3.30
2008.10.31 14:38:31.195,1.16055,1.1608,18.00,3.30
2008.10.31 14:38:31.724,1.1606,1.1608,18.00,3.30
2008.10.31 14:38:32.125,1.1606,1.1608,6.00,3.30
2008.10.31 14:38:33.094,1.1606,1.16085,6.00,3.30
2008.10.31 14:38:33.964,1.1606,1.1608,6.00,3.30
2008.10.31 14:38:34.504,1.1606,1.1608,18.00,3.30
2008.10.31 14:38:34.904,1.1606,1.1609,18.00,10.90
2008.10.31 14:38:35.304,1.1606,1.16085,18.00,1.00
2008.10.31 14:38:35.874,1.1606,1.16085,18.60,1.00
2008.10.31 14:38:36.623,1.1606,1.16085,18.60,1.00
2008.10.31 14:38:36.844,1.1606,1.1608,6.60,1.00
2008.10.31 14:38:37.363,1.1606,1.1608,18.60,1.00
2008.10.31 14:38:37.773,1.1606,1.1608,24.90,1.00
2008.10.31 14:38:38.463,1.1606,1.1608,6.60,1.00
2008.10.31 14:38:38.983,1.1606,1.1608,24.90,1.00
2008.10.31 14:38:39.553,1.16065,1.1608,6.00,1.00
2008.10.31 14:38:40.002,1.1607,1.1609,1.00,1.00
2008.10.31 14:38:40.402,1.1606,1.1608,1.00,1.00
2008.10.31 14:38:41.282,1.1606,1.1608,6.60,1.00
2008.10.31 14:38:41.712,1.16065,1.1608,6.00,1.00
2008.10.31 14:38:42.062,1.16065,1.1609,6.00,4.30
2008.10.31 14:38:42.402,1.16075,1.1609,1.00,4.30
2008.10.31 14:38:42.752,1.16065,1.1609,18.00,4.30
2008.10.31 14:38:42.982,1.16065,1.16085,6.00,4.30
2008.10.31 14:38:43.732,1.1606,1.1608,18.00,3.30
2008.10.31 14:38:44.081,1.1606,1.16085,18.00,5.40
2008.10.31 14:38:44.421,1.1606,1.1609,18.00,3.30
2008.10.31 14:38:44.841,1.1606,1.16085,18.00,3.30
2008.10.31 14:38:45.071,1.1606,1.16075,12.00,1.00
2008.10.31 14:38:45.421,1.1605,1.1607,4.50,4.30
2008.10.31 14:38:45.721,1.1603,1.1607,28.80,3.30
2008.10.31 14:38:46.002,1.1603,1.1606,18.00,3.30
2008.10.31 14:38:46.471,1.1603,1.16055,18.00,1.00
2008.10.31 14:38:46.591,1.1603,1.16055,6.00,1.00
2008.10.31 14:38:46.941,1.1603,1.16055,18.60,1.00
2008.10.31 14:38:47.101,1.1603,1.1605,1.00,12.00
2008.10.31 14:38:47.451,1.1603,1.16045,1.00,1.00
2008.10.31 14:38:47.751,1.1603,1.16045,6.90,1.00
2008.10.31 14:38:48.221,1.1603,1.16055,6.90,13.20
2008.10.31 14:38:48.750,1.1603,1.1605,6.90,13.20
2008.10.31 14:38:49.271,1.1603,1.16045,1.00,12.10
2008.10.31 14:38:49.661,1.1603,1.16045,1.00,13.20
2008.10.31 14:38:50.010,1.1603,1.1605,1.00,13.20
2008.10.31 14:38:50.310,1.1603,1.1605,6.90,13.20
2008.10.31 14:38:50.780,1.1603,1.16045,1.00,12.10
2008.10.31 14:38:51.120,1.1603,1.1604,1.00,12.10
2008.10.31 14:38:51.590,1.1602,1.1604,6.90,13.20
2008.10.31 14:38:52.080,1.1602,1.16035,6.90,1.00
2008.10.31 14:38:52.310,1.1602,1.16035,1.00,1.20
2008.10.31 14:38:52.729,1.16015,1.16025,6.10,1.00
2008.10.31 14:38:53.319,1.15995,1.1602,1.00,1.00
2008.10.31 14:38:53.729,1.15995,1.1602,1.00,1.00
2008.10.31 14:38:54.209,1.15995,1.1602,1.00,13.20
2008.10.31 14:38:54.529,1.16,1.16005,1.00,1.00
2008.10.31 14:38:54.919,1.1598,1.16005,4.50,1.00
2008.10.31 14:38:55.419,1.15975,1.16,1.00,1.00
2008.10.31 14:38:55.889,1.1597,1.1599,1.00,13.20
2008.10.31 14:38:56.589,1.1598,1.15995,1.00,3.30
2008.10.31 14:38:56.929,1.1598,1.16,1.00,1.20
2008.10.31 14:38:57.218,1.1598,1.16,1.00,13.20
2008.10.31 14:38:57.498,1.1598,1.15995,1.00,12.10
2008.10.31 14:38:57.908,1.1598,1.15995,1.00,13.20
2008.10.31 14:38:58.318,1.1597,1.1599,1.00,1.00
2008.10.31 14:39:01.117,1.1597,1.1599,6.60,1.00
2008.10.31 14:39:01.538,1.1598,1.15995,1.00,1.00
2008.10.31 14:39:01.947,1.1598,1.16005,1.00,1.00
2008.10.31 14:39:02.348,1.1598,1.16005,1.00,4.50
2008.10.31 14:39:02.577,1.1598,1.16,1.00,1.00
2008.10.31 14:39:03.027,1.1598,1.16,1.00,1.20
2008.10.31 14:39:03.327,1.1598,1.15995,1.00,3.30
2008.10.31 14:39:03.617,1.1597,1.15985,1.00,3.30
2008.10.31 14:39:04.247,1.1597,1.1599,1.00,4.50
2008.10.31 14:39:05.317,1.1597,1.15985,1.00,3.30
2008.10.31 14:39:05.496,1.1597,1.15985,1.00,4.30
2008.10.31 14:39:05.846,1.1597,1.15985,1.00,4.50
2008.10.31 14:39:06.366,1.1597,1.15975,1.00,1.00
2008.10.31 14:39:06.826,1.15945,1.1597,18.60,1.00
2008.10.31 14:39:07.116,1.15955,1.1598,1.00,4.50
2008.10.31 14:39:07.936,1.1596,1.15975,1.00,1.00
2008.10.31 14:39:08.296,1.1596,1.15975,6.60,1.00
2008.10.31 14:39:08.696,1.1596,1.1598,19.30,1.00
2008.10.31 14:39:08.996,1.15965,1.1598,6.00,1.00
2008.10.31 14:39:09.466,1.15965,1.1599,18.00,1.00
2008.10.31 14:39:09.756,1.15965,1.1599,19.20,1.00
2008.10.31 14:39:10.145,1.1597,1.1599,1.00,1.00
2008.10.31 14:39:10.715,1.1597,1.15985,1.00,1.00
2008.10.31 14:39:11.465,1.1597,1.1599,1.00,1.00
2008.10.31 14:39:11.975,1.1597,1.15985,1.00,1.00
2008.10.31 14:39:12.365,1.1596,1.1598,6.60,1.00
2008.10.31 14:39:12.655,1.1596,1.1598,1.00,1.00
2008.10.31 14:39:13.185,1.15955,1.15975,1.00,1.00
2008.10.31 14:39:13.524,1.15955,1.1597,1.00,1.00
2008.10.31 14:39:13.925,1.1595,1.1597,1.00,1.00
2008.10.31 14:39:15.854,1.1595,1.1596,1.00,1.00
2008.10.31 14:39:16.084,1.1595,1.15965,1.00,1.00
2008.10.31 14:39:16.744,1.1595,1.15965,1.00,1.00
2008.10.31 14:39:17.554,1.1595,1.15965,1.00,13.00
2008.10.31 14:39:19.203,1.1595,1.15955,1.00,1.00
2008.10.31 14:39:19.603,1.1593,1.1595,6.00,1.00
2008.10.31 14:39:19.943,1.15915,1.1595,12.10,12.00
2008.10.31 14:39:20.393,1.15915,1.15945,6.10,12.00
2008.10.31 14:39:20.963,1.1592,1.1594,6.10,1.00
2008.10.31 14:39:21.083,1.1592,1.1594,6.10,1.00
2008.10.31 14:39:21.912,1.1592,1.1594,6.10,1.00
2008.10.31 14:39:22.312,1.1592,1.1594,12.10,1.00
2008.10.31 14:39:22.732,1.1592,1.15945,12.10,13.00
2008.10.31 14:39:23.662,1.1592,1.1594,6.10,1.00
2008.10.31 14:39:24.132,1.1592,1.15945,6.10,12.00
2008.10.31 14:39:24.592,1.1592,1.15945,6.10,1.00
2008.10.31 14:39:25.052,1.1592,1.15945,6.10,12.00
2008.10.31 14:39:26.311,1.1592,1.1594,6.10,1.00
2008.10.31 14:39:26.881,1.1592,1.1594,6.10,1.00
2008.10.31 14:39:27.141,1.1592,1.1594,6.10,1.00
2008.10.31 14:39:27.991,1.1592,1.1594,12.10,1.00
2008.10.31 14:39:28.401,1.1592,1.1593,6.00,1.00
2008.10.31 14:39:28.741,1.1591,1.1593,1.00,1.00
2008.10.31 14:39:29.501,1.1591,1.1593,12.90,1.00
2008.10.31 14:39:29.851,1.1591,1.1593,6.60,1.00
2008.10.31 14:39:30.240,1.1591,1.1593,1.00,1.00
2008.10.31 14:39:31.350,1.1591,1.15925,1.00,13.20
2008.10.31 14:39:31.760,1.1587,1.1591,30.90,1.00
2008.10.31 14:39:32.180,1.1587,1.1591,24.60,1.00
2008.10.31 14:39:32.350,1.15875,1.1591,6.00,1.00
2008.10.31 14:39:32.580,1.15895,1.15915,6.70,1.00
2008.10.31 14:39:33.200,1.1591,1.15915,6.10,12.00
2008.10.31 14:39:33.540,1.1591,1.1594,18.70,1.00
2008.10.31 14:39:33.929,1.1591,1.15945,31.50,1.00
2008.10.31 14:39:34.329,1.15915,1.15945,6.10,1.20
2008.10.31 14:39:34.549,1.15915,1.15935,6.10,1.00
2008.10.31 14:39:34.909,1.1592,1.15935,1.00,1.00
2008.10.31 14:39:35.419,1.15915,1.1593,6.10,1.00
2008.10.31 14:39:35.709,1.15915,1.15935,6.10,1.00
2008.10.31 14:39:36.119,1.15915,1.1594,6.10,1.00
2008.10.31 14:39:36.589,1.15915,1.1594,6.10,1.00
2008.10.31 14:39:36.869,1.1592,1.15935,1.00,1.00
2008.10.31 14:39:37.049,1.1592,1.15935,1.00,1.00
2008.10.31 14:39:37.529,1.1592,1.1594,1.00,13.00
2008.10.31 14:39:37.939,1.1592,1.15935,1.00,1.00
2008.10.31 14:39:38.239,1.1591,1.1593,12.10,1.00
2008.10.31 14:39:38.528,1.15905,1.1593,12.00,1.00
2008.10.31 14:39:38.908,1.15905,1.1593,6.00,1.00
2008.10.31 14:39:39.758,1.159,1.1592,6.90,2.40
2008.10.31 14:39:40.048,1.1589,1.15915,24.90,1.00
2008.10.31 14:39:40.348,1.1589,1.1591,12.60,1.00
2008.10.31 14:39:41.388,1.1589,1.1591,18.60,1.00
2008.10.31 14:39:41.988,1.1589,1.1591,1.00,1.00
2008.10.31 14:39:42.317,1.1589,1.15905,1.00,1.00
2008.10.31 14:39:43.008,1.1589,1.159,1.00,2.40
2008.10.31 14:39:43.417,1.1589,1.159,1.00,2.40
2008.10.31 14:39:43.807,1.1587,1.15895,6.00,1.00
2008.10.31 14:39:44.147,1.1587,1.15915,12.10,20.70
2008.10.31 14:39:44.537,1.15875,1.1591,6.10,1.00
2008.10.31 14:39:44.877,1.1588,1.15905,6.10,1.00
2008.10.31 14:39:45.517,1.1588,1.1589,6.00,1.00
2008.10.31 14:39:45.917,1.1587,1.1589,1.00,3.40
2008.10.31 14:39:46.217,1.1587,1.1588,1.00,2.40
2008.10.31 14:39:47.646,1.1587,1.1589,1.00,1.00
2008.10.31 14:39:47.986,1.1587,1.1589,6.90,1.00
2008.10.31 14:39:48.966,1.15865,1.1588,6.10,1.00
2008.10.31 14:39:49.626,1.15865,1.15885,1.00,1.00
2008.10.31 14:39:49.956,1.15865,1.1588,6.10,2.20
2008.10.31 14:39:50.286,1.1587,1.1588,6.10,2.20
2008.10.31 14:39:50.696,1.1587,1.159,6.10,12.00
2008.10.31 14:39:53.165,1.1587,1.15895,12.10,1.00
2008.10.31 14:39:53.455,1.1587,1.1589,12.10,1.00
2008.10.31 14:39:53.635,1.1587,1.1589,6.00,4.50
2008.10.31 14:39:54.155,1.1586,1.15885,26.70,1.00
2008.10.31 14:39:54.455,1.1587,1.1589,6.10,1.00
2008.10.31 14:39:54.845,1.1587,1.1589,6.10,1.00
2008.10.31 14:39:56.045,1.1587,1.1589,6.10,1.00
2008.10.31 14:39:56.684,1.1587,1.1589,6.10,3.30
2008.10.31 14:39:56.974,1.1587,1.1589,6.10,2.20
2008.10.31 14:39:57.274,1.1587,1.1589,6.10,3.30
2008.10.31 14:39:57.444,1.15875,1.159,6.10,13.00
2008.10.31 14:39:57.944,1.1588,1.159,1.00,13.00
2008.10.31 14:39:59.384,1.1588,1.159,1.00,1.00
2008.10.31 14:40:01.693,1.1588,1.159,1.00,1.00
2008.10.31 14:40:08.681,1.1588,1.15905,6.60,1.00
2008.10.31 14:40:09.021,1.1588,1.15905,12.90,1.00
2008.10.31 14:40:11.571,1.1588,1.15905,30.90,1.00
2008.10.31 14:40:13.530,1.15885,1.15905,6.10,1.00
2008.10.31 14:40:13.980,1.1588,1.15905,30.90,1.00
2008.10.31 14:40:16.639,1.1588,1.1591,31.50,1.00
2008.10.31 14:40:16.929,1.15885,1.15905,6.10,1.00
2008.10.31 14:40:17.099,1.15885,1.1591,6.10,1.00
2008.10.31 14:40:17.379,1.1588,1.1591,19.50,1.00
2008.10.31 14:40:17.659,1.1588,1.1591,30.90,1.00
2008.10.31 14:40:17.999,1.1588,1.15905,12.90,1.00
2008.10.31 14:40:18.519,1.1588,1.1591,13.50,13.00
2008.10.31 14:40:18.849,1.1589,1.1591,1.00,1.00
2008.10.31 14:40:20.198,1.1589,1.1591,1.00,1.00
2008.10.31 14:40:22.098,1.1589,1.1591,6.90,1.00
2008.10.31 14:40:22.488,1.1589,1.1591,12.90,1.00
2008.10.31 14:40:22.838,1.15905,1.1593,1.00,1.00
2008.10.31 14:40:23.348,1.15905,1.15935,1.30,1.00
2008.10.31 14:40:23.577,1.15905,1.15945,7.30,4.30
2008.10.31 14:40:23.878,1.15915,1.1594,6.10,1.00
2008.10.31 14:40:24.278,1.15915,1.15945,12.10,15.30
2008.10.31 14:40:24.897,1.15925,1.15955,6.00,8.70
2008.10.31 14:40:25.308,1.1593,1.15965,25.30,16.30
2008.10.31 14:40:25.527,1.1594,1.15965,18.00,4.50
2008.10.31 14:40:25.867,1.15935,1.1596,18.00,4.50
2008.10.31 14:40:26.267,1.1594,1.1596,1.00,1.00
2008.10.31 14:40:26.687,1.15945,1.1597,6.00,4.30
2008.10.31 14:40:26.977,1.1595,1.15975,20.40,5.70
2008.10.31 14:40:27.377,1.1595,1.15975,20.40,1.00
2008.10.31 14:40:28.127,1.15955,1.15975,18.00,1.00
2008.10.31 14:40:28.356,1.15955,1.1598,18.60,4.30
2008.10.31 14:40:28.746,1.1596,1.1598,1.30,4.30
2008.10.31 14:40:29.026,1.1596,1.15985,19.30,4.30
2008.10.31 14:40:29.556,1.1596,1.1599,19.30,9.70
2008.10.31 14:40:29.956,1.1597,1.16,6.00,16.50
2008.10.31 14:40:30.546,1.1597,1.16,18.00,3.30
2008.10.31 14:40:30.966,1.1597,1.16005,24.10,1.00
2008.10.31 14:40:31.556,1.15975,1.16005,30.10,1.00
2008.10.31 14:40:31.966,1.15975,1.16005,12.10,1.00
2008.10.31 14:40:32.895,1.15975,1.15995,6.00,3.30
2008.10.31 14:40:33.295,1.1597,1.15995,6.60,3.30
2008.10.31 14:40:33.595,1.1597,1.15995,18.60,4.30
2008.10.31 14:40:34.265,1.1597,1.15995,6.60,4.30
2008.10.31 14:40:34.735,1.1597,1.1599,6.60,1.00
2008.10.31 14:40:35.035,1.1597,1.15995,6.60,1.00
2008.10.31 14:40:35.335,1.15975,1.15995,6.00,1.00
2008.10.31 14:40:36.025,1.1597,1.15995,1.00,4.30
2008.10.31 14:40:36.305,1.1597,1.1599,1.00,3.30
2008.10.31 14:40:36.815,1.1597,1.1599,1.00,1.00
2008.10.31 14:40:37.854,1.1597,1.15985,1.00,1.00
2008.10.31 14:40:39.074,1.1597,1.1599,1.00,1.00
2008.10.31 14:40:39.414,1.1597,1.15995,1.00,1.00
2008.10.31 14:40:40.624,1.1597,1.15995,1.00,4.50
2008.10.31 14:40:41.353,1.1597,1.1599,1.00,1.00
2008.10.31 14:40:41.863,1.1597,1.1598,1.00,2.20
2008.10.31 14:40:42.433,1.1597,1.1598,1.00,3.70
2008.10.31 14:40:42.793,1.1596,1.1597,19.20,2.20
2008.10.31 14:40:43.063,1.1596,1.1597,7.20,2.20
2008.10.31 14:40:43.363,1.15955,1.1597,13.20,2.20
2008.10.31 14:40:43.713,1.1595,1.1598,19.20,5.50
2008.10.31 14:40:44.183,1.1595,1.1598,1.20,17.50
2008.10.31 14:40:44.473,1.1595,1.1598,1.20,15.30
2008.10.31 14:40:45.203,1.1595,1.1598,7.20,3.30
2008.10.31 14:40:45.382,1.15955,1.15985,18.00,4.50
2008.10.31 14:40:45.672,1.1596,1.15985,1.00,1.00
2008.10.31 14:40:46.062,1.15955,1.15975,18.00,3.30
2008.10.31 14:40:46.412,1.1596,1.1598,18.00,1.00
2008.10.31 14:40:46.632,1.1596,1.1599,18.60,4.50
2008.10.31 14:40:47.092,1.15965,1.1599,6.00,3.30
2008.10.31 14:40:47.272,1.15965,1.1599,6.00,4.30
2008.10.31 14:40:47.622,1.15965,1.15985,6.00,3.30
2008.10.31 14:40:51.471,1.15965,1.1599,18.00,4.30
2008.10.31 14:40:51.821,1.15965,1.1599,6.00,4.30
2008.10.31 14:40:52.051,1.15965,1.15995,12.10,4.50
2008.10.31 14:40:52.401,1.1597,1.1599,1.00,1.00
2008.10.31 14:40:53.161,1.1597,1.1599,1.00,1.00
2008.10.31 14:40:53.731,1.15965,1.15985,6.10,1.00
2008.10.31 14:40:54.200,1.1596,1.15985,12.90,1.00
2008.10.31 14:40:54.441,1.1596,1.1598,6.10,1.00
2008.10.31 14:40:55.000,1.1596,1.15985,6.10,1.00
2008.10.31 14:40:55.520,1.15955,1.1598,6.00,2.20
2008.10.31 14:40:55.690,1.1595,1.1597,6.10,2.20
2008.10.31 14:40:55.970,1.15945,1.1597,18.10,2.20
2008.10.31 14:40:57.220,1.15945,1.1598,18.10,15.30
2008.10.31 14:40:57.749,1.15945,1.15975,12.10,12.00
2008.10.31 14:40:58.039,1.1594,1.15965,6.00,3.30
2008.10.31 14:40:58.329,1.15935,1.15965,18.00,4.50
2008.10.31 14:40:58.739,1.15935,1.15965,18.00,4.30
2008.10.31 14:40:59.189,1.15935,1.1596,6.10,2.20
2008.10.31 14:40:59.759,1.1593,1.15955,24.00,3.30
2008.10.31 14:41:00.229,1.1593,1.1596,6.00,3.30
2008.10.31 14:41:00.509,1.1593,1.15955,6.00,3.30
2008.10.31 14:41:00.909,1.1592,1.1595,12.10,3.30
2008.10.31 14:41:01.369,1.15925,1.1595,19.80,3.30
2008.10.31 14:41:01.718,1.1593,1.15955,6.60,4.30
2008.10.31 14:41:02.058,1.1593,1.15955,6.60,3.30
2008.10.31 14:41:02.238,1.1593,1.15955,6.60,3.30
2008.10.31 14:41:02.568,1.1593,1.15955,18.60,3.30
2008.10.31 14:41:02.798,1.1593,1.1596,18.60,3.30
2008.10.31 14:41:03.328,1.1593,1.15955,6.60,3.30
2008.10.31 14:41:03.598,1.1593,1.15955,6.60,4.50
2008.10.31 14:41:03.898,1.1593,1.1595,6.60,1.00
2008.10.31 14:41:05.787,1.1593,1.1595,1.00,1.00
2008.10.31 14:41:06.497,1.15935,1.1595,6.00,1.00
2008.10.31 14:41:06.847,1.15935,1.1595,18.00,1.00
2008.10.31 14:41:07.627,1.15935,1.1595,6.00,1.00
2008.10.31 14:41:08.617,1.15935,1.1595,18.00,1.00
2008.10.31 14:41:11.756,1.1593,1.1595,18.60,1.00
2008.10.31 14:41:12.106,1.15935,1.1595,18.00,1.00
2008.10.31 14:41:15.105,1.15945,1.15955,6.00,1.00
2008.10.31 14:41:15.455,1.1594,1.15955,6.60,1.00
2008.10.31 14:41:15.845,1.1593,1.15955,19.30,4.30
2008.10.31 14:41:16.185,1.1593,1.15955,19.20,4.30
2008.10.31 14:41:16.985,1.1593,1.1595,19.20,1.00
2008.10.31 14:41:17.155,1.1593,1.1595,18.60,1.00
2008.10.31 14:41:17.615,1.15935,1.1595,18.00,1.00
2008.10.31 14:41:18.055,1.1593,1.1595,19.20,1.00
2008.10.31 14:41:18.674,1.1593,1.1595,18.60,1.00
2008.10.31 14:41:19.074,1.1593,1.1595,18.60,4.30
2008.10.31 14:41:19.474,1.15935,1.15945,12.00,1.00
2008.10.31 14:41:19.824,1.15925,1.15945,18.00,4.30
2008.10.31 14:41:20.184,1.15925,1.15945,19.20,1.00
2008.10.31 14:41:20.954,1.1593,1.15945,1.00,1.00
2008.10.31 14:41:23.143,1.1593,1.15945,1.00,4.30
2008.10.31 14:41:23.253,1.15925,1.15945,12.00,4.30
2008.10.31 14:41:23.603,1.1592,1.15945,18.60,4.30
2008.10.31 14:41:23.773,1.15915,1.15945,18.00,4.30
2008.10.31 14:41:24.153,1.15915,1.1594,18.00,3.30
2008.10.31 14:41:24.663,1.15915,1.15935,18.00,3.30
2008.10.31 14:41:24.883,1.15915,1.15935,6.00,3.30
2008.10.31 14:41:25.113,1.1591,1.15935,18.00,3.30
2008.10.31 14:41:27.142,1.1591,1.1593,18.00,3.30
2008.10.31 14:41:29.072,1.15915,1.15935,18.00,3.30
2008.10.31 14:41:29.532,1.15915,1.15935,6.00,3.30
2008.10.31 14:41:31.771,1.1591,1.15935,6.00,3.30
2008.10.31 14:41:32.061,1.1591,1.15935,6.00,4.30
2008.10.31 14:41:32.461,1.15905,1.1593,18.00,3.30
2008.10.31 14:41:32.801,1.1591,1.15925,18.00,3.30
2008.10.31 14:41:33.141,1.1591,1.15925,6.00,3.30
2008.10.31 14:41:33.721,1.15905,1.15925,18.00,3.30
2008.10.31 14:41:34.051,1.1591,1.15925,12.00,3.30
2008.10.31 14:41:34.171,1.1591,1.1592,12.00,3.30
2008.10.31 14:41:34.570,1.15905,1.1592,18.00,3.30
2008.10.31 14:41:34.961,1.159,1.15925,19.20,4.30
2008.10.31 14:41:36.640,1.159,1.15925,18.60,4.30
2008.10.31 14:41:36.920,1.159,1.1592,6.00,3.30
2008.10.31 14:41:37.970,1.15895,1.1592,18.00,3.30
2008.10.31 14:41:38.959,1.159,1.1592,6.00,3.30
2008.10.31 14:41:39.809,1.159,1.1592,18.00,3.30
2008.10.31 14:41:40.149,1.159,1.1591,12.00,3.30
2008.10.31 14:41:40.379,1.1589,1.1591,18.00,3.30
2008.10.31 14:41:40.719,1.1589,1.15905,18.00,2.20
2008.10.31 14:41:41.009,1.159,1.15905,6.00,2.20
2008.10.31 14:41:41.789,1.159,1.15925,6.00,3.30
2008.10.31 14:41:42.239,1.159,1.15915,6.00,3.30
2008.10.31 14:41:42.589,1.15895,1.15915,12.00,3.30
2008.10.31 14:41:42.709,1.1589,1.15915,18.60,3.30
2008.10.31 14:41:43.118,1.1589,1.1591,18.60,4.30
2008.10.31 14:41:46.698,1.159,1.15925,1.00,6.40
2008.10.31 14:41:46.988,1.159,1.15925,1.00,1.00
2008.10.31 14:41:47.447,1.159,1.15925,1.00,4.30
2008.10.31 14:41:47.857,1.159,1.1592,24.90,1.00
2008.10.31 14:41:48.217,1.1591,1.15925,1.00,1.00
2008.10.31 14:41:50.057,1.159,1.15915,1.00,3.30
2008.10.31 14:41:50.407,1.15895,1.1591,18.00,3.30
2008.10.31 14:41:50.816,1.1589,1.1591,18.60,6.60
2008.10.31 14:41:51.347,1.1589,1.15905,18.60,1.00
2008.10.31 14:41:52.446,1.1589,1.15905,18.00,1.00
2008.10.31 14:41:52.736,1.15885,1.15905,1.00,4.30
2008.10.31 14:41:53.076,1.15885,1.159,18.00,1.00
2008.10.31 14:41:54.636,1.1589,1.159,6.00,1.00
2008.10.31 14:41:54.995,1.15885,1.15895,1.00,1.00
2008.10.31 14:41:55.285,1.1588,1.15895,18.60,1.00
2008.10.31 14:41:55.625,1.1589,1.15895,1.20,1.00
2008.10.31 14:41:55.956,1.15885,1.15915,6.10,1.00
2008.10.31 14:41:56.825,1.15885,1.1591,18.00,3.30
2008.10.31 14:41:57.005,1.15885,1.1591,18.00,4.30
2008.10.31 14:41:57.765,1.15885,1.159,18.00,3.30
2008.10.31 14:41:58.545,1.15885,1.15905,18.00,3.30
2008.10.31 14:42:01.474,1.15895,1.15905,6.00,3.30
2008.10.31 14:42:01.994,1.1589,1.15905,6.00,3.30
2008.10.31 14:42:08.102,1.15885,1.1592,24.10,4.50
2008.10.31 14:42:08.402,1.1588,1.15915,12.70,1.00
2008.10.31 14:42:08.623,1.1588,1.15915,12.90,1.20
2008.10.31 14:42:11.122,1.1588,1.1591,18.90,1.20
2008.10.31 14:42:12.361,1.1588,1.1591,12.60,4.50
2008.10.31 14:42:12.591,1.1588,1.1591,6.60,4.50
2008.10.31 14:42:13.701,1.1588,1.1591,1.00,4.50
2008.10.31 14:42:13.821,1.1588,1.1591,1.00,16.50
2008.10.31 14:42:14.341,1.1588,1.15905,1.00,4.30
2008.10.31 14:42:14.681,1.1588,1.15905,1.00,4.30
2008.10.31 14:42:15.041,1.1588,1.159,1.00,1.00
2008.10.31 14:42:16.080,1.1588,1.159,1.00,1.00
2008.10.31 14:42:19.570,1.15885,1.159,6.00,1.00
2008.10.31 14:42:19.850,1.15885,1.1591,6.00,1.00
2008.10.31 14:42:23.479,1.15885,1.1591,6.00,4.30
2008.10.31 14:42:23.769,1.15885,1.15905,6.00,1.00
2008.10.31 14:42:23.999,1.15885,1.15905,6.00,4.30
2008.10.31 14:42:27.708,1.15885,1.15905,6.00,4.30
2008.10.31 14:42:28.767,1.15885,1.15905,6.00,4.30
2008.10.31 14:42:31.117,1.15885,1.1591,6.00,4.50
2008.10.31 14:42:31.626,1.1588,1.1591,18.60,4.50
2008.10.31 14:42:31.927,1.1588,1.1591,18.00,5.50
2008.10.31 14:42:32.287,1.1588,1.15905,12.00,1.00
2008.10.31 14:42:32.626,1.15875,1.159,12.00,3.30
2008.10.31 14:42:32.926,1.1587,1.159,1.30,16.50
2008.10.31 14:42:33.096,1.1587,1.1589,1.00,4.50
2008.10.31 14:42:33.436,1.1587,1.1589,1.00,1.00
2008.10.31 14:42:34.136,1.1587,1.1589,1.00,4.30
2008.10.31 14:42:34.486,1.1586,1.15885,1.00,1.00
2008.10.31 14:42:35.006,1.1586,1.1588,1.00,1.00
2008.10.31 14:42:35.706,1.1586,1.1588,1.00,1.00
2008.10.31 14:42:36.056,1.1586,1.1587,6.60,1.00
2008.10.31 14:42:36.346,1.15865,1.1587,6.00,1.00
2008.10.31 14:42:36.696,1.1587,1.1589,1.00,1.00
2008.10.31 14:42:36.985,1.15865,1.15895,24.10,1.00
2008.10.31 14:42:37.335,1.15865,1.15895,6.00,1.00
2008.10.31 14:42:37.745,1.1586,1.1589,6.60,4.50
2008.10.31 14:42:37.965,1.1586,1.1589,6.60,4.50
2008.10.31 14:42:38.265,1.1586,1.1589,1.00,4.60
2008.10.31 14:42:38.496,1.1586,1.15885,1.00,1.00
2008.10.31 14:42:38.725,1.1586,1.15885,1.00,4.50
2008.10.31 14:42:39.205,1.1586,1.1588,1.00,1.00
2008.10.31 14:42:40.055,1.1586,1.15885,1.00,1.00
2008.10.31 14:42:40.225,1.1586,1.15885,1.00,1.00
2008.10.31 14:42:40.395,1.1586,1.15885,1.00,13.20
2008.10.31 14:42:40.784,1.1586,1.1588,1.00,1.00
2008.10.31 14:42:41.714,1.1586,1.15875,1.00,1.00
2008.10.31 14:42:42.104,1.1585,1.1587,6.60,1.00
2008.10.31 14:42:42.454,1.1585,1.1587,1.00,1.00
2008.10.31 14:42:42.734,1.1585,1.1586,1.00,1.00
2008.10.31 14:42:43.144,1.1584,1.1586,6.90,1.00
2008.10.31 14:42:43.664,1.1584,1.1586,6.90,1.00
2008.10.31 14:42:47.313,1.15835,1.15855,6.00,1.00
2008.10.31 14:42:47.613,1.1583,1.15855,12.10,13.20
2008.10.31 14:42:47.953,1.1583,1.1585,6.00,1.00
2008.10.31 14:42:48.133,1.15825,1.1585,12.10,1.20
2008.10.31 14:42:48.303,1.1583,1.1585,6.10,1.20
2008.10.31 14:42:48.763,1.1583,1.1585,6.10,1.00
2008.10.31 14:42:49.263,1.1583,1.1585,6.10,1.00
2008.10.31 14:42:49.562,1.15835,1.1586,6.10,1.20
2008.10.31 14:42:50.013,1.15835,1.1586,12.10,1.20
2008.10.31 14:42:50.362,1.1583,1.15855,12.10,1.00
2008.10.31 14:42:50.642,1.15835,1.15855,6.10,2.20
2008.10.31 14:42:50.942,1.1583,1.1585,6.00,1.00
2008.10.31 14:42:51.342,1.15825,1.1585,12.90,1.00
2008.10.31 14:42:54.661,1.1583,1.15845,6.10,1.00
2008.10.31 14:42:54.901,1.15825,1.1585,12.10,1.00
2008.10.31 14:42:55.291,1.15825,1.1585,6.00,16.50
2008.10.31 14:42:55.811,1.15825,1.1585,12.10,1.00
2008.10.31 14:42:56.261,1.15825,1.1585,18.10,1.00
2008.10.31 14:42:56.831,1.15825,1.1585,32.50,1.00
2008.10.31 14:42:57.280,1.1583,1.1585,6.10,1.00
2008.10.31 14:42:57.571,1.1583,1.1585,6.10,1.20
2008.10.31 14:42:57.740,1.15825,1.1585,12.10,1.20
2008.10.31 14:42:59.780,1.15825,1.1585,12.10,13.20
2008.10.31 14:43:00.070,1.1583,1.1585,6.10,13.00
2008.10.31 14:43:00.600,1.1583,1.1585,1.00,13.00
2008.10.31 14:43:00.900,1.1583,1.15845,1.00,1.00
2008.10.31 14:43:01.250,1.1583,1.1585,6.10,2.20
2008.10.31 14:43:01.539,1.1583,1.1585,1.00,2.20
2008.10.31 14:43:01.880,1.15825,1.1585,30.10,1.00
2008.10.31 14:43:02.799,1.15825,1.1585,18.10,1.00
2008.10.31 14:43:03.039,1.15825,1.1585,12.10,1.00
2008.10.31 14:43:03.269,1.15825,1.1585,18.10,1.00
2008.10.31 14:43:03.569,1.15825,1.1585,30.10,1.00
2008.10.31 14:43:04.480,1.15825,1.1585,24.10,2.20
2008.10.31 14:43:04.599,1.1582,1.15845,12.10,13.20
2008.10.31 14:43:04.889,1.15815,1.1584,12.10,1.00
2008.10.31 14:43:05.349,1.1582,1.1584,6.10,1.00
2008.10.31 14:43:05.469,1.1582,1.1584,12.10,1.00
2008.10.31 14:43:05.929,1.1582,1.1584,6.00,1.00
2008.10.31 14:43:06.258,1.15815,1.1584,6.00,1.00
2008.10.31 14:43:07.058,1.1581,1.1583,1.00,1.00
2008.10.31 14:43:07.408,1.1579,1.1582,6.00,1.00
2008.10.31 14:43:07.738,1.15785,1.1582,30.90,1.00
2008.10.31 14:43:08.218,1.15805,1.1582,6.00,1.00
2008.10.31 14:43:08.508,1.15805,1.1582,18.10,1.00
2008.10.31 14:43:08.808,1.158,1.1581,18.00,3.30
2008.10.31 14:43:09.268,1.158,1.1582,6.10,5.40
2008.10.31 14:43:09.617,1.15805,1.1583,12.10,1.00
2008.10.31 14:43:10.147,1.15805,1.1583,12.10,1.00
2008.10.31 14:43:10.478,1.15805,1.1583,12.10,1.20
2008.10.31 14:43:11.577,1.15805,1.15825,6.00,1.00
2008.10.31 14:43:11.977,1.158,1.15825,6.60,1.00
2008.10.31 14:43:12.267,1.158,1.1582,1.00,1.00
2008.10.31 14:43:12.847,1.15805,1.1582,6.10,1.00
2008.10.31 14:43:13.367,1.158,1.1582,12.90,1.00
2008.10.31 14:43:13.657,1.15805,1.1582,6.10,1.00
2008.10.31 14:43:14.116,1.15805,1.1582,6.10,1.00
2008.10.31 14:43:14.447,1.15805,1.1583,12.10,13.00
2008.10.31 14:43:14.776,1.15805,1.1583,12.10,1.00
2008.10.31 14:43:15.126,1.1581,1.1583,6.00,1.00
2008.10.31 14:43:15.536,1.15805,1.1583,18.10,1.00
2008.10.31 14:43:15.936,1.1581,1.1583,1.00,1.00
2008.10.31 14:43:16.326,1.15805,1.1583,12.90,13.20
2008.10.31 14:43:16.656,1.15805,1.1583,6.10,13.20
2008.10.31 14:43:17.056,1.15805,1.15825,6.10,1.00
2008.10.31 14:43:17.406,1.15805,1.15825,6.10,13.20
2008.10.31 14:43:17.646,1.15795,1.15825,12.10,15.30
2008.10.31 14:43:17.996,1.158,1.15825,6.10,12.00
2008.10.31 14:43:18.405,1.15805,1.1583,6.10,1.20
2008.10.31 14:43:18.905,1.158,1.15825,12.90,13.00
2008.10.31 14:43:19.375,1.158,1.15825,12.90,1.00
2008.10.31 14:43:19.745,1.158,1.15825,6.90,1.00
2008.10.31 14:43:20.385,1.158,1.15825,6.90,1.00
2008.10.31 14:43:21.405,1.158,1.15825,1.00,1.00
2008.10.31 14:43:22.465,1.158,1.15825,1.00,1.00
2008.10.31 14:43:22.804,1.158,1.15825,1.00,13.00
2008.10.31 14:43:23.134,1.158,1.15825,1.00,1.00
2008.10.31 14:43:23.714,1.158,1.15825,1.00,16.30
2008.10.31 14:43:24.224,1.158,1.1582,1.00,1.00
2008.10.31 14:43:25.724,1.158,1.1582,1.00,1.00
2008.10.31 14:43:26.533,1.158,1.1582,1.00,4.50
2008.10.31 14:43:26.764,1.1579,1.1581,1.00,3.30
2008.10.31 14:43:27.803,1.1579,1.1581,1.00,4.30
2008.10.31 14:43:28.503,1.1579,1.15805,1.00,1.00
2008.10.31 14:43:30.532,1.1579,1.15815,1.00,16.30
2008.10.31 14:43:30.822,1.1579,1.15815,1.00,3.30
2008.10.31 14:43:32.632,1.1579,1.15815,1.00,4.30
2008.10.31 14:43:32.862,1.1579,1.15815,1.00,4.30
2008.10.31 14:43:33.502,1.1579,1.15815,1.00,4.30
2008.10.31 14:43:33.842,1.1579,1.1581,1.00,1.00
2008.10.31 14:43:34.472,1.1579,1.1581,1.00,4.50
2008.10.31 14:43:34.761,1.1579,1.15805,1.00,1.00
2008.10.31 14:43:35.051,1.158,1.1581,6.00,3.20
2008.10.31 14:43:35.401,1.15795,1.158,12.00,1.00
2008.10.31 14:43:35.681,1.1579,1.1581,1.00,1.00
2008.10.31 14:43:35.861,1.1579,1.1581,1.20,1.00
2008.10.31 14:43:36.481,1.1579,1.1582,1.20,15.30
2008.10.31 14:43:36.901,1.1579,1.1582,13.30,12.00
2008.10.31 14:43:37.191,1.158,1.15825,18.00,1.00
2008.10.31 14:43:37.551,1.158,1.1583,18.00,4.50
2008.10.31 14:43:37.941,1.158,1.1583,18.60,4.50
2008.10.31 14:43:38.581,1.15805,1.1583,6.00,4.50
2008.10.31 14:43:39.091,1.15805,1.1583,24.10,1.00
2008.10.31 14:43:39.430,1.1581,1.1583,1.00,1.00
2008.10.31 14:43:40.800,1.1581,1.1583,6.90,1.00
2008.10.31 14:43:41.140,1.1581,1.1583,1.00,1.00
2008.10.31 14:43:42.120,1.15815,1.1583,1.00,1.00
2008.10.31 14:43:43.609,1.1582,1.15835,1.00,1.00
2008.10.31 14:43:43.949,1.1582,1.1584,1.00,1.00
2008.10.31 14:43:45.109,1.1582,1.1583,1.00,1.00
2008.10.31 14:43:45.499,1.158,1.15825,18.00,1.00
2008.10.31 14:43:45.849,1.15795,1.15825,12.60,4.30
2008.10.31 14:43:46.139,1.15795,1.1582,1.00,4.30
2008.10.31 14:43:47.528,1.158,1.15815,1.00,1.00
2008.10.31 14:43:49.208,1.158,1.1582,1.00,1.00
2008.10.31 14:43:49.488,1.158,1.15815,1.00,1.00
2008.10.31 14:43:50.538,1.1579,1.15815,1.00,1.00
2008.10.31 14:43:50.958,1.1579,1.1581,1.00,13.20
2008.10.31 14:43:51.417,1.1579,1.1581,1.00,16.50
2008.10.31 14:43:51.818,1.15785,1.158,1.00,1.00
2008.10.31 14:43:54.047,1.15785,1.158,6.60,1.00
2008.10.31 14:43:54.377,1.1579,1.1581,1.00,1.00
2008.10.31 14:43:54.717,1.1579,1.15815,1.00,13.00
2008.10.31 14:43:54.997,1.1579,1.15815,2.50,4.30
2008.10.31 14:43:55.287,1.1579,1.1581,2.40,1.00
2008.10.31 14:43:55.636,1.158,1.15805,1.00,12.00
2008.10.31 14:43:55.936,1.1578,1.15795,1.00,1.00
2008.10.31 14:43:56.886,1.15785,1.1581,1.00,1.00
2008.10.31 14:43:57.176,1.1579,1.1581,1.00,1.00
2008.10.31 14:43:57.646,1.1579,1.1581,1.00,13.00
2008.10.31 14:43:58.346,1.1578,1.158,1.00,16.50
2008.10.31 14:43:58.756,1.15775,1.1579,1.00,1.00
2008.10.31 14:44:00.595,1.15775,1.1579,1.00,1.20
2008.10.31 14:44:01.295,1.15755,1.15785,12.10,13.20
2008.10.31 14:44:01.625,1.1575,1.1578,6.00,13.20
2008.10.31 14:44:02.045,1.15745,1.1578,12.90,13.20
2008.10.31 14:44:02.335,1.1575,1.15775,6.90,1.00
2008.10.31 14:44:03.165,1.15755,1.1578,6.10,13.00
2008.10.31 14:44:03.794,1.1576,1.1578,1.00,13.00
2008.10.31 14:44:07.614,1.1576,1.1578,1.00,16.30
2008.10.31 14:44:08.024,1.1575,1.1577,1.00,1.00
2008.10.31 14:44:08.584,1.1574,1.15765,1.00,1.00
2008.10.31 14:44:09.113,1.1574,1.1576,1.00,1.00
2008.10.31 14:44:09.583,1.15735,1.1575,1.00,3.30
2008.10.31 14:44:09.983,1.1573,1.15755,1.00,3.30
2008.10.31 14:44:10.333,1.1573,1.15755,6.60,3.30
2008.10.31 14:44:10.743,1.1573,1.15755,6.00,3.30
2008.10.31 14:44:11.143,1.1573,1.15755,6.00,4.50
2008.10.31 14:44:11.373,1.1573,1.15755,6.00,3.30
2008.10.31 14:44:11.783,1.15725,1.15755,1.20,5.50
2008.10.31 14:44:12.133,1.1572,1.1575,31.90,3.30
2008.10.31 14:44:12.413,1.15725,1.15745,18.00,3.30
2008.10.31 14:44:13.102,1.1572,1.15735,1.00,1.00
2008.10.31 14:44:13.342,1.1572,1.15735,18.60,1.00
2008.10.31 14:44:13.702,1.15725,1.15735,12.00,1.00
2008.10.31 14:44:13.942,1.1572,1.15725,18.50,1.00
2008.10.31 14:44:14.412,1.1572,1.15725,1.00,1.00
2008.10.31 14:44:14.652,1.15715,1.1572,12.10,1.00
2008.10.31 14:44:15.052,1.15695,1.1572,18.60,1.00
2008.10.31 14:44:15.352,1.15695,1.1572,24.90,1.00
2008.10.31 14:44:15.762,1.157,1.1572,1.00,1.00
2008.10.31 14:44:16.211,1.1571,1.1573,1.00,13.00
2008.10.31 14:44:16.782,1.1571,1.15725,1.00,12.00
2008.10.31 14:44:17.361,1.1569,1.1572,6.00,1.00
2008.10.31 14:44:17.641,1.1569,1.15725,6.00,3.30
2008.10.31 14:44:18.171,1.1569,1.15715,6.00,3.30
2008.10.31 14:44:18.581,1.1569,1.15715,6.10,12.00
2008.10.31 14:44:18.751,1.1569,1.1572,25.50,1.00
2008.10.31 14:44:19.271,1.15695,1.15725,18.00,3.30
2008.10.31 14:44:19.501,1.157,1.15725,18.00,3.30
2008.10.31 14:44:20.291,1.15705,1.15725,6.00,3.30
2008.10.31 14:44:20.581,1.1571,1.15735,6.00,8.80
2008.10.31 14:44:20.860,1.1571,1.15735,6.00,3.40
2008.10.31 14:44:21.480,1.15705,1.15735,24.10,3.40
2008.10.31 14:44:21.770,1.15705,1.15735,18.10,3.40
2008.10.31 14:44:22.130,1.15705,1.15735,6.10,4.50
2008.10.31 14:44:22.530,1.157,1.15725,13.90,1.00
2008.10.31 14:44:22.770,1.157,1.15725,12.10,1.00
2008.10.31 14:44:23.160,1.157,1.15725,6.00,1.00
2008.10.31 14:44:23.560,1.15695,1.15725,18.10,1.00
2008.10.31 14:44:23.910,1.157,1.15725,6.10,1.00
2008.10.31 14:44:24.309,1.157,1.15725,6.10,1.00
2008.10.31 14:44:24.719,1.15705,1.1573,18.60,1.00
2008.10.31 14:44:25.069,1.15705,1.1573,24.70,1.00
2008.10.31 14:44:25.530,1.1571,1.1573,6.00,1.00
2008.10.31 14:44:25.879,1.1571,1.1573,1.00,1.00
2008.10.31 14:44:26.209,1.15715,1.1574,6.00,1.00
2008.10.31 14:44:26.549,1.15715,1.15745,6.00,4.30
2008.10.31 14:44:26.839,1.1571,1.1574,18.70,2.10
2008.10.31 14:44:27.119,1.1571,1.1574,18.70,1.00
2008.10.31 14:44:27.419,1.1571,1.1574,18.10,1.00
2008.10.31 14:44:27.799,1.1571,1.1574,30.90,1.00
2008.10.31 14:44:28.159,1.1571,1.1574,30.10,2.20
2008.10.31 14:44:28.579,1.15715,1.1574,18.00,1.00
2008.10.31 14:44:28.868,1.15715,1.1574,12.00,1.00
2008.10.31 14:44:29.329,1.1571,1.1573,6.10,1.00
2008.10.31 14:44:29.678,1.15705,1.1573,24.00,1.00
2008.10.31 14:44:30.258,1.15705,1.1573,18.00,1.00
2008.10.31 14:44:30.638,1.157,1.1573,12.90,14.20
2008.10.31 14:44:31.038,1.157,1.15725,18.10,1.00
2008.10.31 14:44:31.588,1.15695,1.15725,30.10,1.00
2008.10.31 14:44:31.928,1.15705,1.15725,8.50,1.00
2008.10.31 14:44:32.148,1.1571,1.15745,6.00,1.00
2008.10.31 14:44:32.558,1.15715,1.15745,1.00,1.00
2008.10.31 14:44:32.787,1.15715,1.1575,1.00,3.30
2008.10.31 14:44:33.167,1.1572,1.15745,1.00,16.30
2008.10.31 14:44:33.457,1.1572,1.15745,1.00,4.30
2008.10.31 14:44:33.807,1.1572,1.1574,1.00,1.00
2008.10.31 14:44:34.437,1.1572,1.1574,1.00,1.00
2008.10.31 14:44:34.727,1.1572,1.1574,1.00,4.30
2008.10.31 14:44:35.357,1.1571,1.1573,6.90,1.00
2008.10.31 14:44:35.857,1.15705,1.1573,1.00,1.00
2008.10.31 14:44:36.307,1.157,1.1573,30.70,1.00
2008.10.31 14:44:36.587,1.1571,1.1575,31.30,16.30
2008.10.31 14:44:36.936,1.1571,1.1575,32.70,15.30
2008.10.31 14:44:37.166,1.1571,1.15745,18.10,1.00
2008.10.31 14:44:38.226,1.1571,1.1574,18.10,1.20
2008.10.31 14:44:38.566,1.15705,1.15735,12.10,16.30
2008.10.31 14:44:38.866,1.157,1.15735,30.10,15.30
2008.10.31 14:44:39.216,1.15705,1.1573,6.10,1.00
2008.10.31 14:44:39.456,1.15705,1.1573,12.10,13.00
2008.10.31 14:44:39.816,1.15705,1.1573,6.00,13.00
2008.10.31 14:44:40.176,1.157,1.1573,12.10,12.00
2008.10.31 14:44:40.575,1.157,1.15725,12.60,1.00
2008.10.31 14:44:40.856,1.157,1.1573,7.30,4.30
2008.10.31 14:44:41.526,1.1571,1.15735,6.10,18.60
2008.10.31 14:44:41.825,1.1571,1.1573,6.10,1.00
2008.10.31 14:44:42.295,1.1571,1.15735,6.10,13.00
2008.10.31 14:44:42.915,1.15705,1.1573,12.10,1.00
2008.10.31 14:44:43.275,1.15705,1.1573,6.00,1.00
2008.10.31 14:44:43.575,1.157,1.1573,14.50,1.00
2008.10.31 14:44:43.795,1.157,1.1573,20.50,1.00
2008.10.31 14:44:44.205,1.15705,1.1573,1.00,1.00
2008.10.31 14:44:44.785,1.157,1.15725,6.90,1.00
2008.10.31 14:44:45.255,1.157,1.15725,1.00,4.30
2008.10.31 14:44:45.475,1.157,1.15725,6.60,4.30
2008.10.31 14:44:45.824,1.15705,1.15725,1.00,3.30
2008.10.31 14:44:46.264,1.15705,1.1573,1.00,3.30
2008.10.31 14:44:46.654,1.15705,1.1573,18.60,3.30
2008.10.31 14:44:47.064,1.15705,1.15725,6.60,3.30
2008.10.31 14:44:47.344,1.157,1.15725,19.30,3.30
2008.10.31 14:44:48.094,1.157,1.15725,7.30,3.30
2008.10.31 14:44:48.614,1.157,1.1572,1.00,4.30
2008.10.31 14:44:48.773,1.1569,1.1571,6.90,1.00
2008.10.31 14:44:49.244,1.15685,1.157,14.70,1.00
2008.10.31 14:44:49.533,1.15685,1.1569,6.00,1.00
2008.10.31 14:44:49.883,1.15665,1.1569,6.60,4.50
2008.10.31 14:44:50.213,1.15665,1.1569,1.00,4.50
2008.10.31 14:44:50.573,1.15655,1.1568,24.90,1.00
2008.10.31 14:44:51.243,1.15665,1.1567,6.00,1.00
2008.10.31 14:44:52.163,1.1566,1.1568,24.90,1.00
2008.10.31 14:44:53.533,1.1566,1.1568,6.60,1.00
2008.10.31 14:44:53.932,1.1566,1.1568,1.00,4.30
2008.10.31 14:44:54.392,1.1566,1.1568,1.00,4.30
2008.10.31 14:44:54.862,1.15655,1.1568,18.00,3.30
2008.10.31 14:44:55.212,1.1565,1.1568,18.60,4.30
2008.10.31 14:44:55.392,1.1565,1.1567,18.60,1.00
2008.10.31 14:44:55.972,1.15655,1.1567,6.00,1.00
2008.10.31 14:44:56.442,1.15655,1.1569,6.60,10.90
2008.10.31 14:44:56.782,1.15655,1.15685,6.00,1.00
2008.10.31 14:44:57.192,1.15655,1.15685,6.00,1.00
2008.10.31 14:44:57.473,1.1566,1.1568,6.00,1.00
2008.10.31 14:44:58.271,1.1566,1.15685,6.00,4.50
2008.10.31 14:44:58.611,1.1566,1.15685,18.00,1.00
2008.10.31 14:44:58.851,1.1566,1.15685,1.00,1.00
2008.10.31 14:44:59.421,1.1566,1.1568,1.00,1.00
2008.10.31 14:45:00.381,1.1566,1.1568,6.60,1.00
2008.10.31 14:45:00.731,1.1566,1.1567,1.00,1.00
2008.10.31 14:45:01.571,1.1566,1.1568,1.00,1.00
2008.10.31 14:45:01.851,1.1565,1.15675,12.90,2.10
2008.10.31 14:45:02.210,1.1565,1.15665,1.00,1.00
2008.10.31 14:45:02.661,1.15645,1.1566,18.00,1.00
2008.10.31 14:45:03.430,1.1565,1.1566,12.00,1.00
2008.10.31 14:45:03.710,1.1565,1.1566,18.60,1.00
2008.10.31 14:45:03.980,1.15655,1.1566,18.00,1.00
2008.10.31 14:45:04.560,1.1565,1.15685,18.60,5.50
2008.10.31 14:45:04.860,1.1565,1.15675,24.90,1.00
2008.10.31 14:45:05.250,1.1565,1.15675,18.60,1.00
2008.10.31 14:45:06.280,1.1566,1.1567,6.00,1.00
2008.10.31 14:45:07.089,1.1566,1.1568,6.00,4.30
2008.10.31 14:45:07.789,1.1566,1.1568,6.00,1.00
2008.10.31 14:45:09.309,1.1566,1.15685,18.00,3.30
2008.10.31 14:45:09.869,1.1566,1.15685,6.00,4.30
2008.10.31 14:45:10.218,1.1566,1.15685,18.00,4.30
2008.10.31 14:45:10.609,1.1566,1.15685,18.00,3.30
2008.10.31 14:45:10.969,1.15655,1.15675,18.00,1.00
2008.10.31 14:45:15.547,1.1566,1.1568,18.00,1.00
2008.10.31 14:45:15.947,1.15665,1.1569,6.00,4.30
2008.10.31 14:45:16.397,1.15665,1.15695,6.00,8.70
2008.10.31 14:45:16.917,1.1567,1.1569,12.10,1.00
2008.10.31 14:45:17.207,1.1567,1.15685,18.00,1.00
2008.10.31 14:45:17.547,1.15675,1.1569,12.00,1.00
2008.10.31 14:45:17.827,1.1567,1.15695,12.90,1.00
2008.10.31 14:45:18.167,1.1567,1.15695,6.90,1.00
2008.10.31 14:45:18.456,1.15665,1.157,18.10,18.10
2008.10.31 14:45:18.846,1.15665,1.1569,30.10,1.00
2008.10.31 14:45:19.286,1.1567,1.1569,6.00,1.00
2008.10.31 14:45:19.796,1.15675,1.15695,18.00,1.00
2008.10.31 14:45:20.156,1.1568,1.157,12.70,1.00
2008.10.31 14:45:21.066,1.15685,1.157,6.10,1.00
2008.10.31 14:45:21.476,1.15695,1.1571,11.70,1.00
2008.10.31 14:45:21.816,1.15685,1.15715,18.00,3.30
2008.10.31 14:45:22.106,1.15685,1.15715,18.60,1.00
2008.10.31 14:45:22.575,1.15695,1.15715,6.60,1.00
2008.10.31 14:45:23.305,1.157,1.1572,6.90,1.00
2008.10.31 14:45:23.745,1.157,1.1573,6.10,16.30
2008.10.31 14:45:24.025,1.157,1.1573,6.10,12.00
2008.10.31 14:45:24.315,1.157,1.15735,12.10,15.30
2008.10.31 14:45:24.625,1.15705,1.15735,12.10,3.30
2008.10.31 14:45:25.175,1.15705,1.15735,12.10,4.50
2008.10.31 14:45:25.525,1.157,1.1573,29.70,1.00
2008.10.31 14:45:26.065,1.157,1.1573,25.50,1.00
2008.10.31 14:45:26.415,1.157,1.1573,31.00,1.00
2008.10.31 14:45:27.674,1.15705,1.1573,6.00,1.00
2008.10.31 14:45:27.894,1.1571,1.1573,6.60,1.00
2008.10.31 14:45:28.284,1.1572,1.1574,1.00,1.00
2008.10.31 14:45:28.564,1.1572,1.15745,1.00,4.30
2008.10.31 14:45:29.394,1.1572,1.15745,1.00,13.20
2008.10.31 14:45:29.754,1.1571,1.1574,18.40,1.00
2008.10.31 14:45:30.104,1.1572,1.15745,1.00,4.30
2008.10.31 14:45:30.503,1.1572,1.15745,1.00,1.00
2008.10.31 14:45:31.023,1.1572,1.15745,18.00,1.00
2008.10.31 14:45:31.493,1.1573,1.1574,6.90,1.00
2008.10.31 14:45:32.004,1.1573,1.15745,1.00,13.00
2008.10.31 14:45:32.363,1.1572,1.1574,12.30,1.00
2008.10.31 14:45:32.603,1.1572,1.15735,5.40,1.00
2008.10.31 14:45:32.933,1.1571,1.15735,19.00,1.00
2008.10.31 14:45:33.423,1.1571,1.15735,18.40,1.00
2008.10.31 14:45:33.823,1.1572,1.1574,1.00,3.30
2008.10.31 14:45:34.233,1.1572,1.1574,1.00,4.50
2008.10.31 14:45:34.572,1.1571,1.15735,24.90,1.00
2008.10.31 14:45:35.262,1.1572,1.15735,1.00,1.00
2008.10.31 14:45:36.972,1.1572,1.15735,6.90,1.00
2008.10.31 14:45:37.362,1.1572,1.15735,12.40,1.00
2008.10.31 14:45:38.502,1.1572,1.15745,12.40,1.00
2008.10.31 14:45:38.802,1.1572,1.15745,18.40,1.00
2008.10.31 14:45:39.152,1.1572,1.1575,18.40,1.00
2008.10.31 14:45:39.561,1.1572,1.1575,30.40,1.00
2008.10.31 14:45:41.001,1.1572,1.15745,24.10,3.30
2008.10.31 14:45:41.331,1.1572,1.15745,18.60,4.30
2008.10.31 14:45:41.891,1.1572,1.15745,18.60,1.00
2008.10.31 14:45:42.641,1.15725,1.1575,12.10,1.00
2008.10.31 14:45:43.380,1.15725,1.1575,17.70,1.00
2008.10.31 14:45:43.940,1.15725,1.1575,6.00,1.00
2008.10.31 14:45:45.980,1.1572,1.1575,25.50,1.00
2008.10.31 14:45:46.220,1.1572,1.1575,13.50,1.20
2008.10.31 14:45:46.510,1.1572,1.15745,6.90,1.00
2008.10.31 14:45:46.740,1.1572,1.15745,7.50,1.00
2008.10.31 14:45:46.970,1.1572,1.1575,25.50,1.00
2008.10.31 14:45:47.420,1.1572,1.1575,31.00,1.00
2008.10.31 14:45:47.589,1.1572,1.15745,12.40,1.00
2008.10.31 14:45:48.169,1.15725,1.15745,6.00,1.00
2008.10.31 14:45:48.220,1.15725,1.1575,6.00,1.00
2008.10.31 14:45:49.719,1.15725,1.15745,6.00,3.30
2008.10.31 14:45:50.019,1.15725,1.1575,1.00,1.00
2008.10.31 14:45:50.419,1.15735,1.15755,6.10,5.40
2008.10.31 14:45:50.799,1.15735,1.1576,6.10,13.00
2008.10.31 14:45:51.089,1.1573,1.1576,13.00,13.00
2008.10.31 14:45:52.638,1.15735,1.1576,1.00,13.00
2008.10.31 14:45:54.738,1.15735,1.15755,1.00,12.00
2008.10.31 14:45:54.978,1.15735,1.15755,1.00,14.20
2008.10.31 14:45:55.148,1.1573,1.15745,1.00,1.00
2008.10.31 14:45:55.438,1.1573,1.1574,1.00,1.00
2008.10.31 14:45:57.257,1.1572,1.1574,6.10,1.00
2008.10.31 14:45:57.547,1.1572,1.1574,1.00,1.00
2008.10.31 14:45:58.817,1.1572,1.1574,6.60,1.00
2008.10.31 14:45:59.216,1.1572,1.15745,6.60,4.50
2008.10.31 14:45:59.737,1.1572,1.1574,6.60,1.00
2008.10.31 14:46:05.375,1.1572,1.1574,1.00,1.00
2008.10.31 14:46:05.785,1.1572,1.1574,6.10,1.00
2008.10.31 14:46:06.015,1.1572,1.1574,1.00,1.00
2008.10.31 14:46:06.555,1.1572,1.1574,6.60,1.00
2008.10.31 14:46:07.245,1.15725,1.1574,1.00,1.00
2008.10.31 14:46:07.465,1.1573,1.15745,1.00,3.40
2008.10.31 14:46:07.945,1.1572,1.1574,6.10,1.00
2008.10.31 14:46:08.465,1.15715,1.1573,6.10,1.00
2008.10.31 14:46:09.044,1.1569,1.15725,24.10,3.30
2008.10.31 14:46:09.404,1.1569,1.15715,6.10,1.00
2008.10.31 14:46:09.744,1.1569,1.15715,6.10,1.00
2008.10.31 14:46:10.134,1.1569,1.15715,5.40,1.00
2008.10.31 14:46:10.864,1.15695,1.157,6.10,1.00
2008.10.31 14:46:11.434,1.15695,1.1572,6.10,1.00
2008.10.31 14:46:11.724,1.1569,1.15715,6.10,1.00
2008.10.31 14:46:12.293,1.1569,1.1572,6.10,1.00
2008.10.31 14:46:12.584,1.15695,1.1571,6.10,1.00
2008.10.31 14:46:12.823,1.15695,1.15715,6.10,1.00
2008.10.31 14:46:13.343,1.15695,1.15715,5.40,1.00
2008.10.31 14:46:13.633,1.15695,1.15715,11.70,1.00
2008.10.31 14:46:14.153,1.1569,1.15715,1.00,1.00
2008.10.31 14:46:14.843,1.1569,1.1571,1.00,3.30
2008.10.31 14:46:15.293,1.15685,1.1571,18.00,1.00
2008.10.31 14:46:18.932,1.15685,1.15715,18.00,4.50
2008.10.31 14:46:19.432,1.15685,1.1571,18.00,1.00
2008.10.31 14:46:20.242,1.15685,1.1571,18.00,4.30
2008.10.31 14:46:20.832,1.15685,1.15705,18.00,3.30
2008.10.31 14:46:21.471,1.15685,1.15705,18.00,3.30
2008.10.31 14:46:21.991,1.1568,1.157,1.00,1.00
2008.10.31 14:46:22.461,1.1568,1.157,1.00,1.00
2008.10.31 14:46:22.981,1.1568,1.157,1.00,13.00
2008.10.31 14:46:23.151,1.1568,1.157,1.00,13.00
2008.10.31 14:46:25.680,1.1568,1.15695,1.00,1.00
2008.10.31 14:46:26.060,1.15675,1.15695,1.00,13.00
2008.10.31 14:46:26.590,1.1567,1.15695,1.00,13.00
2008.10.31 14:46:30.439,1.1567,1.15695,1.00,1.00
2008.10.31 14:46:30.959,1.1567,1.15695,1.30,1.00
2008.10.31 14:46:31.319,1.1567,1.157,7.50,13.00
2008.10.31 14:46:31.659,1.1568,1.157,1.00,13.00
2008.10.31 14:46:31.939,1.1568,1.157,6.90,1.00
2008.10.31 14:46:32.398,1.1568,1.15705,6.90,13.00
2008.10.31 14:46:32.799,1.1568,1.15705,1.00,1.00
2008.10.31 14:46:33.139,1.1568,1.157,1.00,1.00
2008.10.31 14:46:33.318,1.15675,1.157,5.50,1.00
2008.10.31 14:46:33.659,1.15675,1.157,17.50,1.00
2008.10.31 14:46:33.998,1.15675,1.157,24.10,1.00
2008.10.31 14:46:34.408,1.1568,1.157,1.00,1.00
2008.10.31 14:46:37.467,1.1568,1.157,1.00,1.00
2008.10.31 14:46:38.047,1.1567,1.1569,11.70,1.00
2008.10.31 14:46:38.667,1.1567,1.15695,17.70,1.00
2008.10.31 14:46:38.887,1.1567,1.15695,29.70,1.00
2008.10.31 14:46:39.127,1.1567,1.157,30.40,1.00
2008.10.31 14:46:39.347,1.1567,1.15695,30.40,1.00
2008.10.31 14:46:39.517,1.15675,1.15695,12.70,1.00
2008.10.31 14:46:39.997,1.15685,1.157,6.10,1.00
2008.10.31 14:46:40.287,1.1569,1.15725,24.10,1.00
2008.10.31 14:46:40.597,1.1569,1.15725,6.00,1.00
2008.10.31 14:46:40.936,1.15695,1.15725,1.00,1.00
2008.10.31 14:46:49.464,1.157,1.1572,1.00,1.00
2008.10.31 14:46:50.644,1.157,1.1572,6.60,1.00
2008.10.31 14:46:52.824,1.157,1.1572,12.90,1.00
2008.10.31 14:46:53.154,1.1571,1.15725,7.80,1.00
2008.10.31 14:46:53.554,1.15725,1.15735,6.10,1.00
2008.10.31 14:46:53.844,1.1573,1.15755,6.10,1.00
2008.10.31 14:46:54.143,1.1573,1.1576,6.10,1.00
2008.10.31 14:46:54.733,1.15735,1.15765,6.10,1.20
2008.10.31 14:46:55.063,1.15735,1.1576,12.10,1.00
2008.10.31 14:46:55.423,1.15735,1.1576,31.00,1.00
2008.10.31 14:46:55.593,1.1574,1.1576,6.90,1.00
2008.10.31 14:46:56.063,1.1574,1.1577,1.00,16.50
2008.10.31 14:46:56.343,1.1574,1.15765,1.00,1.00
2008.10.31 14:46:56.743,1.15745,1.1577,6.10,13.00
2008.10.31 14:46:57.033,1.15745,1.1577,12.90,1.00
2008.10.31 14:46:57.532,1.15745,1.1577,13.60,1.00
2008.10.31 14:46:57.812,1.1575,1.1577,6.10,1.00
2008.10.31 14:46:58.152,1.1575,1.1577,24.90,1.00
2008.10.31 14:46:58.323,1.1576,1.1577,6.00,1.00
2008.10.31 14:46:59.012,1.1577,1.1581,6.10,19.60
2008.10.31 14:46:59.412,1.1578,1.1582,6.10,12.00
2008.10.31 14:46:59.702,1.1578,1.1582,11.70,12.00
2008.10.31 14:47:00.182,1.1579,1.15815,6.10,12.00
2008.10.31 14:47:00.572,1.15785,1.1581,6.10,1.00
2008.10.31 14:47:00.962,1.15785,1.1582,18.40,16.30
2008.10.31 14:47:01.382,1.1579,1.1581,5.40,2.10
2008.10.31 14:47:01.672,1.15785,1.15805,5.40,1.00
2008.10.31 14:47:02.021,1.15795,1.1581,6.10,1.00
2008.10.31 14:47:02.421,1.15805,1.15825,6.10,12.00
2008.10.31 14:47:02.811,1.15805,1.15835,6.10,14.10
2008.10.31 14:47:03.141,1.15805,1.1583,6.10,1.00
2008.10.31 14:47:03.481,1.15805,1.1584,7.90,1.10
2008.10.31 14:47:03.831,1.1581,1.1583,1.00,1.00
2008.10.31 14:47:04.121,1.1583,1.1586,1.00,1.00
2008.10.31 14:47:04.361,1.1584,1.1588,1.00,25.50
2008.10.31 14:47:04.721,1.1584,1.1587,1.00,5.40
2008.10.31 14:47:05.351,1.15855,1.1589,12.00,9.80
2008.10.31 14:47:05.671,1.1587,1.1591,1.00,13.20
2008.10.31 14:47:06.000,1.15865,1.15885,5.40,13.60
2008.10.31 14:47:06.291,1.15845,1.15865,6.10,1.20
2008.10.31 14:47:06.880,1.1583,1.1586,4.80,1.00
2008.10.31 14:47:07.590,1.15825,1.1585,11.70,1.00
2008.10.31 14:47:07.910,1.1583,1.15845,10.90,12.00
2008.10.31 14:47:08.490,1.15825,1.15845,6.10,13.00
2008.10.31 14:47:08.880,1.1582,1.15835,4.80,1.00
2008.10.31 14:47:09.330,1.1581,1.15835,4.80,4.30
2008.10.31 14:47:09.620,1.15805,1.1583,4.80,1.00
2008.10.31 14:47:09.910,1.158,1.1583,10.90,13.00
2008.10.31 14:47:10.420,1.158,1.1582,1.00,1.00
2008.10.31 14:47:11.359,1.15795,1.15805,6.90,1.00
2008.10.31 14:47:11.729,1.15795,1.1582,6.10,14.20
2008.10.31 14:47:12.069,1.1577,1.15805,11.70,1.00
2008.10.31 14:47:12.349,1.1577,1.15805,10.90,1.00
2008.10.31 14:47:12.709,1.1579,1.158,18.00,3.30
2008.10.31 14:47:12.999,1.15795,1.1584,12.00,4.50
2008.10.31 14:47:13.639,1.15805,1.1583,18.00,1.00
2008.10.31 14:47:13.969,1.15815,1.15845,12.00,4.30
2008.10.31 14:47:14.249,1.1581,1.1583,1.00,1.00
2008.10.31 14:47:14.719,1.1581,1.1584,1.00,16.50
2008.10.31 14:47:15.118,1.158,1.15825,4.80,1.00
2008.10.31 14:47:15.418,1.1579,1.1582,11.40,1.00
2008.10.31 14:47:15.838,1.15795,1.1582,18.00,1.00
2008.10.31 14:47:16.018,1.15785,1.15815,1.20,3.30
2008.10.31 14:47:16.478,1.1578,1.1581,18.00,3.30
2008.10.31 14:47:17.068,1.1578,1.15805,16.90,13.00
2008.10.31 14:47:17.888,1.1578,1.15805,10.90,1.00
2008.10.31 14:47:18.178,1.15785,1.1582,6.10,22.20
2008.10.31 14:47:18.477,1.1579,1.15815,6.10,12.00
2008.10.31 14:47:18.748,1.15795,1.15815,6.10,1.00
2008.10.31 14:47:19.097,1.1579,1.15825,10.80,17.70
2008.10.31 14:47:19.387,1.1579,1.15815,24.10,1.00
2008.10.31 14:47:19.847,1.15795,1.1583,24.10,21.10
2008.10.31 14:47:20.187,1.1579,1.15825,30.30,3.30
2008.10.31 14:47:20.468,1.158,1.15835,6.10,16.30
2008.10.31 14:47:20.807,1.15805,1.1583,6.10,1.00
2008.10.31 14:47:21.157,1.1581,1.1584,6.10,13.00
2008.10.31 14:47:21.547,1.15805,1.15835,10.90,1.00
2008.10.31 14:47:21.957,1.15805,1.15835,6.10,1.00
2008.10.31 14:47:22.186,1.15815,1.15835,6.10,1.00
2008.10.31 14:47:22.526,1.1581,1.15835,11.50,12.00
2008.10.31 14:47:22.887,1.1581,1.15825,10.90,1.00
2008.10.31 14:47:22.996,1.1581,1.15825,4.80,1.00
2008.10.31 14:47:23.287,1.158,1.15825,11.70,1.00
2008.10.31 14:47:23.566,1.158,1.15835,11.70,12.00
2008.10.31 14:47:24.146,1.15805,1.15825,6.10,1.00
2008.10.31 14:47:24.476,1.15805,1.1584,6.10,21.30
2008.10.31 14:47:24.886,1.15805,1.15825,6.90,12.00
2008.10.31 14:47:25.326,1.15805,1.1582,6.90,1.00
2008.10.31 14:47:25.836,1.15805,1.1583,6.90,12.00
2008.10.31 14:47:26.066,1.15805,1.1584,6.00,21.10
2008.10.31 14:47:26.356,1.15805,1.1583,6.00,1.00
2008.10.31 14:47:26.636,1.158,1.15815,6.90,1.00
2008.10.31 14:47:26.995,1.1579,1.15815,1.00,3.30
2008.10.31 14:47:27.345,1.1579,1.15815,1.00,4.50
2008.10.31 14:47:27.635,1.15795,1.15815,12.10,1.00
2008.10.31 14:47:28.045,1.15795,1.15825,12.10,10.30
2008.10.31 14:47:28.215,1.15795,1.1582,10.90,1.00
2008.10.31 14:47:28.395,1.15795,1.1582,10.90,12.00
2008.10.31 14:47:28.575,1.158,1.1582,6.10,12.00
2008.10.31 14:47:28.915,1.158,1.1583,6.90,14.20
2008.10.31 14:47:29.145,1.158,1.1582,10.90,12.00
2008.10.31 14:47:29.595,1.15795,1.1581,1.00,3.40
2008.10.31 14:47:29.875,1.1579,1.1581,1.00,4.50
2008.10.31 14:47:30.165,1.1579,1.1581,1.00,1.20
2008.10.31 14:47:30.445,1.1579,1.15805,1.00,13.20
2008.10.31 14:47:30.785,1.1579,1.158,1.00,1.00
2008.10.31 14:47:31.135,1.1578,1.158,10.90,1.00
2008.10.31 14:47:31.524,1.1579,1.158,1.00,1.00
2008.10.31 14:47:31.994,1.1578,1.158,30.70,1.00
2008.10.31 14:47:32.554,1.1579,1.15825,1.00,17.70
2008.10.31 14:47:33.184,1.1579,1.15815,1.00,1.00
2008.10.31 14:47:34.304,1.1579,1.1581,6.90,1.00
2008.10.31 14:47:34.764,1.1579,1.1582,6.90,20.10
2008.10.31 14:47:35.114,1.1579,1.1581,5.40,12.00
2008.10.31 14:47:35.473,1.15785,1.1581,6.90,13.00
2008.10.31 14:47:35.883,1.15785,1.1581,1.00,13.00
2008.10.31 14:47:36.233,1.15785,1.15825,26.10,22.30
2008.10.31 14:47:36.513,1.1579,1.1582,18.60,4.30
2008.10.31 14:47:37.103,1.15795,1.1583,1.00,17.40
2008.10.31 14:47:37.903,1.15795,1.1582,1.00,17.50
2008.10.31 14:47:38.173,1.15795,1.15815,1.00,12.00
2008.10.31 14:47:38.463,1.15795,1.1581,1.00,12.00
2008.10.31 14:47:38.803,1.1579,1.15805,1.00,1.00
2008.10.31 14:47:39.153,1.15785,1.158,1.00,1.00
2008.10.31 14:47:40.812,1.15775,1.158,6.90,1.00
2008.10.31 14:47:41.092,1.15775,1.158,1.00,1.00
2008.10.31 14:47:42.302,1.15785,1.158,1.20,1.00
2008.10.31 14:47:42.702,1.15785,1.15815,1.80,17.80
2008.10.31 14:47:43.111,1.15785,1.1581,1.00,4.30
2008.10.31 14:47:43.391,1.1579,1.1581,6.60,1.00
2008.10.31 14:47:43.672,1.1579,1.1582,6.90,14.20
2008.10.31 14:47:44.152,1.15795,1.15815,6.10,1.00
2008.10.31 14:47:44.491,1.15795,1.1581,6.10,1.20
2008.10.31 14:47:44.891,1.1579,1.15805,4.80,1.00
2008.10.31 14:47:45.181,1.15785,1.15815,1.00,17.50
2008.10.31 14:47:45.571,1.15785,1.1581,1.00,5.50
2008.10.31 14:47:46.211,1.15785,1.158,1.00,1.00
2008.10.31 14:47:46.571,1.1578,1.158,1.00,1.00
2008.10.31 14:47:51.040,1.15785,1.158,1.00,1.00
2008.10.31 14:47:51.320,1.15785,1.158,1.00,1.00
2008.10.31 14:47:51.550,1.1578,1.15795,1.00,12.00
2008.10.31 14:47:51.899,1.15775,1.1579,1.00,1.00
2008.10.31 14:47:52.249,1.15775,1.15805,1.00,22.30
2008.10.31 14:47:52.679,1.15775,1.158,6.90,14.20
2008.10.31 14:47:54.179,1.1577,1.15795,11.70,1.00
2008.10.31 14:47:54.539,1.1577,1.15785,11.70,1.00
2008.10.31 14:47:54.889,1.1577,1.1578,4.80,2.10
2008.10.31 14:47:55.209,1.15765,1.1578,1.00,14.20
2008.10.31 14:47:55.598,1.1576,1.1578,1.00,14.20
2008.10.31 14:47:56.008,1.1576,1.1578,1.00,1.00
2008.10.31 14:47:56.359,1.1576,1.15775,1.00,1.00
2008.10.31 14:47:56.998,1.15755,1.15775,1.00,12.00
2008.10.31 14:47:58.948,1.15755,1.1577,1.00,1.00
2008.10.31 14:47:59.128,1.15755,1.1577,1.80,1.00
2008.10.31 14:47:59.418,1.15755,1.15785,1.80,16.30
2008.10.31 14:47:59.658,1.15765,1.15795,7.90,18.90
2008.10.31 14:48:00.018,1.15775,1.15805,10.90,13.00
2008.10.31 14:48:00.597,1.1579,1.15805,6.10,1.00
2008.10.31 14:48:00.918,1.1578,1.15805,11.70,1.00
2008.10.31 14:48:01.717,1.15785,1.15815,6.90,14.10
2008.10.31 14:48:02.067,1.15785,1.158,1.00,1.00
2008.10.31 14:48:02.527,1.15785,1.158,1.00,2.20
2008.10.31 14:48:02.877,1.1578,1.15795,1.00,1.00
2008.10.31 14:48:03.167,1.15775,1.15785,1.00,1.00
2008.10.31 14:48:03.847,1.1577,1.15785,1.00,1.00
2008.10.31 14:48:04.566,1.1576,1.1578,1.00,1.00
2008.10.31 14:48:04.876,1.15755,1.15775,5.40,1.00
2008.10.31 14:48:05.176,1.15755,1.1577,5.40,1.00
2008.10.31 14:48:05.466,1.1575,1.1576,1.00,12.00
2008.10.31 14:48:05.806,1.1574,1.1576,5.40,13.00
2008.10.31 14:48:06.336,1.15735,1.1576,1.00,13.00
2008.10.31 14:48:06.826,1.15735,1.1576,1.00,1.00
2008.10.31 14:48:07.966,1.1574,1.1576,1.00,1.00
2008.10.31 14:48:12.095,1.15745,1.1576,1.00,1.00
2008.10.31 14:48:13.644,1.1574,1.1576,1.00,1.00
2008.10.31 14:48:14.045,1.1574,1.1576,6.90,1.00
2008.10.31 14:48:14.324,1.15745,1.1577,1.00,17.50
2008.10.31 14:48:14.844,1.1574,1.1576,1.00,1.00
2008.10.31 14:48:15.264,1.1574,1.15755,1.00,1.20
2008.10.31 14:48:15.774,1.1572,1.15745,4.80,1.00
2008.10.31 14:48:16.064,1.1571,1.15745,1.00,1.00
2008.10.31 14:48:17.093,1.15715,1.1574,1.00,1.00
2008.10.31 14:48:19.892,1.15715,1.1574,1.00,1.00
2008.10.31 14:48:20.293,1.15715,1.1574,6.90,1.00
2008.10.31 14:48:20.762,1.1572,1.1574,7.80,1.00
2008.10.31 14:48:21.472,1.1573,1.1574,1.00,1.00
2008.10.31 14:48:21.812,1.1571,1.1575,18.00,20.10
2008.10.31 14:48:22.102,1.15715,1.15745,6.00,3.30
2008.10.31 14:48:22.442,1.15715,1.15755,6.00,20.10
2008.10.31 14:48:22.952,1.15725,1.1575,1.20,3.30
2008.10.31 14:48:23.532,1.15725,1.1575,7.80,3.30
2008.10.31 14:48:24.442,1.15725,1.1575,1.00,3.30
2008.10.31 14:48:24.561,1.1575,1.1576,1.20,5.80
2008.10.31 14:48:24.801,1.1575,1.1578,1.00,12.00
2008.10.31 14:48:25.101,1.1575,1.1579,1.00,4.50
2008.10.31 14:48:25.322,1.1575,1.15785,6.00,3.30
2008.10.31 14:48:25.601,1.15745,1.15795,12.10,21.10
2008.10.31 14:48:25.831,1.1576,1.1579,6.10,1.00
2008.10.31 14:48:26.521,1.1577,1.1579,1.00,4.30
2008.10.31 14:48:27.001,1.1577,1.1579,1.80,1.00
2008.10.31 14:48:27.231,1.15775,1.1579,1.00,1.00
2008.10.31 14:48:27.911,1.15775,1.1579,7.80,1.00
2008.10.31 14:48:28.251,1.1578,1.158,6.00,1.00
2008.10.31 14:48:28.371,1.1578,1.15795,18.00,1.00
2008.10.31 14:48:28.551,1.1578,1.15795,18.60,1.00
2008.10.31 14:48:28.891,1.1579,1.15795,6.00,1.00
2008.10.31 14:48:29.510,1.15785,1.15805,6.60,3.30
2008.10.31 14:48:29.860,1.1579,1.15825,19.80,10.30
2008.10.31 14:48:30.090,1.1579,1.15825,25.20,4.30
2008.10.31 14:48:30.560,1.158,1.1584,1.80,22.30
2008.10.31 14:48:30.800,1.158,1.15835,2.40,3.30
2008.10.31 14:48:31.210,1.15805,1.15835,6.70,20.10
2008.10.31 14:48:31.610,1.15815,1.15835,6.10,12.00
2008.10.31 14:48:32.010,1.1582,1.1585,18.00,4.30
2008.10.31 14:48:32.430,1.1582,1.15845,6.00,5.50
2008.10.31 14:48:32.710,1.15835,1.1587,6.10,5.80
2008.10.31 14:48:32.989,1.15825,1.1586,13.90,4.80
2008.10.31 14:48:33.340,1.15825,1.1587,17.50,16.30
2008.10.31 14:48:33.720,1.1584,1.15865,6.10,12.00
2008.10.31 14:48:34.009,1.1582,1.15855,10.80,15.30
2008.10.31 14:48:34.309,1.1582,1.15855,4.80,15.30
2008.10.31 14:48:34.599,1.1581,1.15845,16.90,1.00
2008.10.31 14:48:34.949,1.1581,1.1584,10.90,13.00
2008.10.31 14:48:35.579,1.1581,1.1583,11.70,1.00
2008.10.31 14:48:36.049,1.158,1.1582,5.40,2.20
2008.10.31 14:48:36.379,1.15795,1.1582,6.10,2.20
2008.10.31 14:48:36.728,1.1579,1.1582,28.90,2.10
2008.10.31 14:48:37.138,1.1579,1.15815,10.90,12.00
2008.10.31 14:48:37.598,1.1579,1.15805,10.90,12.00
2008.10.31 14:48:38.248,1.1578,1.15795,4.80,12.00
2008.10.31 14:48:38.538,1.15755,1.15785,4.80,1.00
2008.10.31 14:48:39.068,1.15775,1.15795,2.40,3.30
2008.10.31 14:48:39.398,1.1578,1.15815,6.10,12.00
2008.10.31 14:48:39.798,1.1578,1.15825,6.70,16.30
2008.10.31 14:48:40.138,1.15785,1.1582,12.30,4.30
2008.10.31 14:48:40.498,1.15785,1.1581,1.00,15.30
2008.10.31 14:48:40.827,1.15785,1.1581,1.00,17.50
2008.10.31 14:48:41.118,1.15785,1.15805,1.00,5.50
2008.10.31 14:48:41.637,1.15785,1.15805,1.00,2.10
2008.10.31 14:48:41.917,1.1578,1.158,6.10,1.00
2008.10.31 14:48:42.147,1.15785,1.1581,24.10,1.10
2008.10.31 14:48:42.677,1.15785,1.1581,24.10,1.00
2008.10.31 14:48:43.097,1.15785,1.15805,25.90,1.00
2008.10.31 14:48:43.317,1.15795,1.1583,8.40,9.10
2008.10.31 14:48:43.727,1.15805,1.1584,1.80,4.30
2008.10.31 14:48:44.127,1.1581,1.1584,7.20,1.00
2008.10.31 14:48:44.417,1.15815,1.1584,6.00,1.00
2008.10.31 14:48:44.717,1.1582,1.1584,13.20,1.00
2008.10.31 14:48:45.007,1.15825,1.1585,1.80,4.30
2008.10.31 14:48:45.976,1.15825,1.15845,7.80,4.30
2008.10.31 14:48:46.426,1.15825,1.15845,19.80,4.30
2008.10.31 14:48:46.716,1.15835,1.15855,6.00,9.10
2008.10.31 14:48:47.406,1.1583,1.1585,18.00,4.30
2008.10.31 14:48:47.867,1.1583,1.15845,18.00,3.30
2008.10.31 14:48:48.146,1.1583,1.15845,6.00,3.30
2008.10.31 14:48:48.906,1.15825,1.15845,19.80,3.30
2008.10.31 14:48:49.356,1.15825,1.15845,18.60,3.30
2008.10.31 14:48:49.646,1.1583,1.15855,6.00,9.10
2008.10.31 14:48:49.825,1.1583,1.1585,18.00,1.00
2008.10.31 14:48:50.106,1.1583,1.1585,18.00,4.30
2008.10.31 14:48:50.395,1.1583,1.1585,18.00,3.30
2008.10.31 14:48:50.575,1.1583,1.1586,18.00,4.30
2008.10.31 14:48:51.985,1.1584,1.1586,1.20,1.00
2008.10.31 14:48:52.445,1.1584,1.1587,7.20,9.10
2008.10.31 14:48:52.775,1.1584,1.1586,6.70,5.80
2008.10.31 14:48:52.895,1.1582,1.1585,7.80,3.30
2008.10.31 14:48:53.685,1.1582,1.1585,1.00,3.30
2008.10.31 14:48:53.924,1.1582,1.1584,19.80,3.30
2008.10.31 14:48:54.194,1.1582,1.1584,12.60,3.30
2008.10.31 14:48:54.544,1.158,1.1583,6.60,3.30
2008.10.31 14:48:54.954,1.1579,1.1583,8.40,3.30
2008.10.31 14:48:55.244,1.15795,1.1583,1.80,3.30
2008.10.31 14:48:55.474,1.15795,1.1583,1.00,16.30
2008.10.31 14:48:55.754,1.158,1.1581,1.00,3.30
2008.10.31 14:48:56.114,1.1579,1.15825,18.60,5.40
2008.10.31 14:48:56.404,1.15795,1.15815,7.20,3.30
2008.10.31 14:48:56.634,1.15795,1.15825,7.20,9.10
2008.10.31 14:48:56.994,1.158,1.1582,1.80,1.00
2008.10.31 14:48:57.104,1.15805,1.1583,1.80,9.10
2008.10.31 14:48:57.403,1.158,1.15825,7.80,4.30
2008.10.31 14:48:57.824,1.158,1.15825,1.80,4.30
2008.10.31 14:48:58.214,1.158,1.15825,1.00,4.30
2008.10.31 14:48:59.063,1.158,1.15825,1.00,3.30
2008.10.31 14:48:59.423,1.1579,1.15815,12.00,3.30
2008.10.31 14:48:59.873,1.15785,1.15815,10.80,3.30
2008.10.31 14:49:00.153,1.15765,1.15795,4.80,1.00
2008.10.31 14:49:00.663,1.15755,1.1579,1.00,3.30
2008.10.31 14:49:01.063,1.15745,1.15785,16.90,2.20
2008.10.31 14:49:01.413,1.1575,1.15775,6.00,4.30
2008.10.31 14:49:01.923,1.1575,1.15775,6.00,3.30
2008.10.31 14:49:02.313,1.1575,1.15775,6.60,3.30
2008.10.31 14:49:02.662,1.1575,1.15775,18.60,3.30
2008.10.31 14:49:03.152,1.1575,1.15775,20.50,3.30
2008.10.31 14:49:03.322,1.1575,1.1579,26.50,22.30
2008.10.31 14:49:03.942,1.1575,1.1578,24.90,5.80
2008.10.31 14:49:04.672,1.1575,1.15775,18.60,3.30
2008.10.31 14:49:05.072,1.1575,1.1577,1.00,16.30
2008.10.31 14:49:05.362,1.1575,1.15785,18.60,22.30
2008.10.31 14:49:05.732,1.1575,1.1578,20.40,3.30
2008.10.31 14:49:06.091,1.15755,1.1578,6.00,3.30
2008.10.31 14:49:06.561,1.1576,1.1579,12.10,5.70
2008.10.31 14:49:06.892,1.1576,1.1579,12.10,5.70
2008.10.31 14:49:07.181,1.15765,1.15785,13.90,1.00
2008.10.31 14:49:07.421,1.1577,1.15795,1.00,1.00
2008.10.31 14:49:07.711,1.1577,1.1579,6.90,1.00
2008.10.31 14:49:08.161,1.1577,1.158,12.90,13.00
2008.10.31 14:49:08.391,1.15775,1.158,18.00,1.00
2008.10.31 14:49:08.691,1.15775,1.158,18.60,1.00
2008.10.31 14:49:09.161,1.1578,1.158,6.00,1.00
2008.10.31 14:49:09.861,1.15785,1.158,18.00,1.00
2008.10.31 14:49:10.341,1.15795,1.15825,6.60,9.10
2008.10.31 14:49:10.580,1.15795,1.1582,7.30,1.00
2008.10.31 14:49:10.910,1.15795,1.1583,1.00,4.30
2008.10.31 14:49:11.430,1.158,1.1582,6.60,1.00
2008.10.31 14:49:11.770,1.1581,1.15835,18.00,9.10
2008.10.31 14:49:12.120,1.15815,1.15835,18.00,1.00
2008.10.31 14:49:12.520,1.15825,1.15845,6.00,5.80
2008.10.31 14:49:12.880,1.15815,1.15835,18.00,3.30
2008.10.31 14:49:13.290,1.1581,1.15845,6.10,22.30
2008.10.31 14:49:13.580,1.15805,1.1583,18.00,3.30
2008.10.31 14:49:13.980,1.15815,1.1583,7.20,3.30
2008.10.31 14:49:14.319,1.15825,1.1584,6.00,5.80
2008.10.31 14:49:14.610,1.15825,1.15865,25.90,22.30
2008.10.31 14:49:15.009,1.15835,1.1586,6.00,8.10
2008.10.31 14:49:15.359,1.15835,1.15855,6.00,3.30
2008.10.31 14:49:15.709,1.15835,1.15855,12.00,9.10
2008.10.31 14:49:16.179,1.15825,1.1585,6.00,5.50
2008.10.31 14:49:16.579,1.15825,1.1585,18.00,4.30
2008.10.31 14:49:17.899,1.1583,1.1585,7.20,4.30
2008.10.31 14:49:18.129,1.1583,1.1585,1.80,4.30
2008.10.31 14:49:18.529,1.1583,1.1585,1.20,4.30
2008.10.31 14:49:18.830,1.1584,1.15865,1.00,4.50
2008.10.31 14:49:19.308,1.1585,1.1586,6.00,1.00
2008.10.31 14:49:19.828,1.1585,1.15875,7.80,1.20
2008.10.31 14:49:20.188,1.15845,1.1587,24.00,4.30
2008.10.31 14:49:20.578,1.15845,1.1587,1.00,4.30
2008.10.31 14:49:21.028,1.1584,1.1587,25.90,5.50
2008.10.31 14:49:21.258,1.1584,1.15865,1.00,3.30
2008.10.31 14:49:21.548,1.1584,1.15865,1.00,15.30
2008.10.31 14:49:21.898,1.15835,1.1586,1.80,1.00
2008.10.31 14:49:22.358,1.15835,1.1586,19.80,1.00
2008.10.31 14:49:22.818,1.1584,1.1586,7.30,1.00
2008.10.31 14:49:23.047,1.1584,1.1586,8.10,1.00
2008.10.31 14:49:23.387,1.1584,1.1586,20.10,1.00
2008.10.31 14:49:23.657,1.1584,1.1587,1.00,5.50
2008.10.31 14:49:23.818,1.1584,1.15865,1.00,4.30
2008.10.31 14:49:24.167,1.1584,1.1586,19.80,1.00
2008.10.31 14:49:24.397,1.1584,1.1586,25.90,1.00
2008.10.31 14:49:24.907,1.15845,1.1587,6.00,4.30
2008.10.31 14:49:25.307,1.1585,1.15865,6.00,1.00
2008.10.31 14:49:25.657,1.1585,1.15875,6.00,4.30
2008.10.31 14:49:25.957,1.15845,1.1587,19.80,1.00
2008.10.31 14:49:27.406,1.15845,1.1587,25.90,1.00
2008.10.31 14:49:27.697,1.1585,1.1587,6.00,1.00
2008.10.31 14:49:27.996,1.1585,1.1587,1.00,1.00
2008.10.31 14:49:28.286,1.15845,1.1587,25.90,1.00
2008.10.31 14:49:29.226,1.1585,1.1587,6.00,1.00
2008.10.31 14:49:30.866,1.15855,1.1587,25.30,1.00
2008.10.31 14:49:31.165,1.15865,1.15915,1.20,22.20
2008.10.31 14:49:31.395,1.15865,1.1591,1.80,4.30
2008.10.31 14:49:31.745,1.1587,1.1591,6.00,4.30
2008.10.31 14:49:33.055,1.1587,1.159,19.80,4.30
2008.10.31 14:49:33.445,1.15875,1.159,1.00,4.30
2008.10.31 14:49:33.785,1.15875,1.15895,1.00,3.30
2008.10.31 14:49:34.644,1.1587,1.15895,1.00,3.30
2008.10.31 14:49:35.234,1.1587,1.1589,1.00,1.00
2008.10.31 14:49:37.874,1.1587,1.1589,6.90,1.00
2008.10.31 14:49:38.214,1.15875,1.1589,1.20,1.00
2008.10.31 14:49:38.504,1.15875,1.15905,1.80,16.30
2008.10.31 14:49:38.724,1.15875,1.159,1.80,13.00
2008.10.31 14:49:39.204,1.15875,1.1589,1.00,1.00
2008.10.31 14:49:39.623,1.1587,1.159,1.00,17.40
2008.10.31 14:49:39.803,1.1587,1.159,6.90,12.00
2008.10.31 14:49:40.733,1.15875,1.15895,6.10,12.00
2008.10.31 14:49:41.133,1.15875,1.15905,8.10,14.20
2008.10.31 14:49:41.513,1.1588,1.159,1.00,1.00
2008.10.31 14:49:44.742,1.15885,1.159,1.00,1.00
2008.10.31 14:49:45.302,1.15885,1.159,1.20,1.00
2008.10.31 14:49:45.802,1.15885,1.1591,1.80,21.10
2008.10.31 14:49:46.342,1.15885,1.1591,1.80,4.30
2008.10.31 14:49:46.862,1.15885,1.1591,19.80,4.30
2008.10.31 14:49:47.202,1.15885,1.1592,19.80,22.30
2008.10.31 14:49:47.591,1.15885,1.15915,19.80,3.30
2008.10.31 14:49:47.941,1.15895,1.1591,6.00,3.30
2008.10.31 14:49:48.171,1.15905,1.15935,1.80,3.30
2008.10.31 14:49:48.511,1.15905,1.15935,1.80,3.30
2008.10.31 14:49:48.901,1.15905,1.15935,7.80,3.30
2008.10.31 14:49:50.441,1.15905,1.15935,1.20,5.50
2008.10.31 14:49:50.721,1.159,1.15935,30.70,17.50
2008.10.31 14:49:51.411,1.15905,1.15935,18.00,5.50
2008.10.31 14:49:51.711,1.159,1.1593,30.70,1.00
2008.10.31 14:49:52.061,1.159,1.1593,19.80,4.30
2008.10.31 14:49:53.350,1.159,1.15925,19.80,3.30
2008.10.31 14:49:53.630,1.1589,1.1592,23.40,5.50
2008.10.31 14:49:53.970,1.15895,1.15915,18.00,3.30
2008.10.31 14:49:54.490,1.15895,1.15925,18.00,10.20
2008.10.31 14:49:56.559,1.1591,1.1592,1.00,1.00
2008.10.31 14:49:56.849,1.1591,1.1593,1.00,5.80
2008.10.31 14:49:57.489,1.159,1.1593,19.80,4.30
2008.10.31 14:49:57.779,1.1591,1.1593,1.00,1.00
2008.10.31 14:49:58.009,1.15905,1.1593,7.80,4.30
2008.10.31 14:49:58.349,1.15905,1.15925,7.80,3.30
2008.10.31 14:49:58.699,1.15905,1.1594,7.80,22.20
2008.10.31 14:49:59.039,1.15905,1.1593,7.80,3.30
2008.10.31 14:49:59.629,1.15905,1.1594,19.80,17.50
2008.10.31 14:50:00.178,1.15915,1.1594,19.80,5.80
2008.10.31 14:50:00.528,1.15915,1.1594,19.80,1.00
2008.10.31 14:50:01.158,1.15915,1.1594,7.80,1.00
2008.10.31 14:50:01.458,1.15915,1.1594,1.80,1.00
2008.10.31 14:50:02.668,1.15925,1.1594,1.80,1.00
2008.10.31 14:50:02.948,1.15925,1.1594,1.00,1.00
2008.10.31 14:50:03.248,1.15925,1.1594,18.00,1.00
2008.10.31 14:50:03.968,1.15925,1.15955,19.80,4.50
2008.10.31 14:50:04.378,1.15925,1.1595,19.80,1.00
2008.10.31 14:50:05.057,1.1593,1.1595,7.20,1.00
2008.10.31 14:50:05.457,1.15935,1.15965,12.10,10.30
2008.10.31 14:50:05.747,1.1594,1.1596,1.20,1.00
2008.10.31 14:50:05.867,1.1594,1.15975,1.80,17.40
2008.10.31 14:50:06.337,1.1594,1.1597,7.80,4.30
2008.10.31 14:50:06.557,1.1594,1.1597,19.80,4.30
2008.10.31 14:50:08.096,1.15945,1.1597,6.10,1.00
2008.10.31 14:50:09.066,1.1595,1.15985,25.30,23.40
2008.10.31 14:50:09.586,1.1595,1.1598,1.00,5.50
2008.10.31 14:50:09.876,1.15945,1.1598,30.70,5.50
2008.10.31 14:50:10.106,1.15945,1.1598,30.70,17.50
2008.10.31 14:50:10.736,1.1595,1.1597,1.00,3.30
2008.10.31 14:50:11.186,1.15945,1.15985,1.80,22.20
2008.10.31 14:50:11.406,1.15945,1.1598,1.20,4.30
2008.10.31 14:50:12.096,1.15945,1.15975,1.80,3.30
2008.10.31 14:50:12.546,1.1595,1.15975,1.00,3.30
2008.10.31 14:50:13.005,1.15945,1.15975,1.80,16.50
2008.10.31 14:50:13.345,1.15945,1.15975,6.60,5.50
2008.10.31 14:50:13.515,1.1595,1.1597,6.00,1.00
2008.10.31 14:50:14.115,1.15945,1.1597,18.60,1.00
2008.10.31 14:50:14.625,1.15945,1.1597,12.60,1.00
2008.10.31 14:50:14.905,1.15945,1.1597,1.80,2.10
2008.10.31 14:50:15.075,1.15945,1.1597,1.00,5.50
2008.10.31 14:50:15.705,1.15945,1.1597,18.60,1.00
2008.10.31 14:50:15.985,1.15945,1.1597,18.60,4.30
2008.10.31 14:50:16.894,1.1595,1.1597,6.60,1.00
2008.10.31 14:50:17.174,1.1595,1.1598,1.00,10.60
2008.10.31 14:50:17.474,1.1595,1.1597,1.00,4.30
2008.10.31 14:50:17.714,1.15945,1.1597,18.60,4.30
2008.10.31 14:50:18.284,1.1595,1.1597,20.40,3.30
2008.10.31 14:50:18.464,1.1595,1.1598,20.50,6.00
2008.10.31 14:50:18.704,1.1595,1.1598,5.40,4.30
2008.10.31 14:50:18.944,1.1595,1.1598,24.10,4.30
2008.10.31 14:50:19.064,1.1595,1.1598,26.50,1.00
2008.10.31 14:50:19.464,1.15955,1.1598,12.00,1.00
2008.10.31 14:50:19.584,1.15955,1.1598,18.00,1.00
2008.10.31 14:50:20.783,1.15955,1.1598,24.90,1.00
2008.10.31 14:50:21.833,1.1596,1.1598,6.00,1.00
2008.10.31 14:50:22.123,1.1596,1.1598,18.00,1.00
2008.10.31 14:50:22.503,1.15965,1.1598,6.00,1.00
2008.10.31 14:50:22.783,1.15965,1.1599,6.00,4.30
2008.10.31 14:50:24.983,1.15965,1.1599,6.00,4.30
2008.10.31 14:50:26.282,1.1596,1.1599,18.60,5.50
2008.10.31 14:50:26.632,1.1596,1.15985,18.60,1.00
2008.10.31 14:50:26.872,1.1596,1.15985,12.60,4.30
2008.10.31 14:50:27.222,1.1596,1.15985,1.00,5.50
2008.10.31 14:50:27.402,1.15955,1.1598,24.10,1.00
2008.10.31 14:50:29.321,1.15955,1.15975,24.10,1.00
2008.10.31 14:50:29.561,1.1595,1.1597,1.00,4.30
2008.10.31 14:50:29.861,1.1595,1.1597,12.00,3.30
2008.10.31 14:50:30.211,1.15945,1.1598,24.70,21.30
2008.10.31 14:50:30.601,1.1594,1.15965,11.40,3.30
2008.10.31 14:50:30.931,1.15945,1.15965,1.00,3.30
2008.10.31 14:50:31.171,1.15935,1.15965,24.10,3.30
2008.10.31 14:50:31.351,1.15935,1.15965,18.00,3.30
2008.10.31 14:50:31.691,1.15945,1.1598,6.10,22.30
2008.10.31 14:50:32.031,1.1595,1.15975,1.00,13.00
2008.10.31 14:50:32.391,1.1595,1.15965,1.20,3.30
2008.10.31 14:50:32.501,1.1594,1.15965,1.00,3.30
2008.10.31 14:50:32.791,1.15935,1.15965,6.60,4.30
2008.10.31 14:50:33.070,1.15935,1.15965,6.00,4.30
2008.10.31 14:50:33.370,1.1593,1.15955,10.90,1.00
2008.10.31 14:50:33.681,1.1592,1.15955,29.70,1.00
2008.10.31 14:50:34.260,1.1592,1.15935,1.00,1.00
2008.10.31 14:50:34.670,1.1591,1.15935,4.80,13.00
2008.10.31 14:50:34.971,1.159,1.15925,1.00,1.00
2008.10.31 14:50:35.320,1.15895,1.1592,1.00,3.30
2008.10.31 14:50:35.590,1.15885,1.15915,18.60,3.30
2008.10.31 14:50:36.060,1.1589,1.15915,6.00,3.30
2008.10.31 14:50:36.370,1.1589,1.15925,12.10,21.30
2008.10.31 14:50:36.710,1.1589,1.1592,29.50,1.00
2008.10.31 14:50:37.059,1.15895,1.1593,6.00,17.40
2008.10.31 14:50:37.509,1.15895,1.15925,6.60,4.30
2008.10.31 14:50:38.080,1.15895,1.15925,14.50,4.30
2008.10.31 14:50:38.309,1.159,1.15925,1.00,4.30
2008.10.31 14:50:38.649,1.159,1.15935,1.00,22.30
2008.10.31 14:50:39.169,1.159,1.1593,6.60,4.30
2008.10.31 14:50:39.619,1.159,1.1593,19.30,4.30
2008.10.31 14:50:39.849,1.15905,1.1593,1.00,4.30
2008.10.31 14:50:40.869,1.15905,1.1593,12.60,4.30
2008.10.31 14:50:41.169,1.15905,1.1593,18.60,4.30
2008.10.31 14:50:41.899,1.15915,1.1593,6.10,1.00
2008.10.31 14:50:42.189,1.1592,1.1593,1.00,1.00
2008.10.31 14:50:42.518,1.1592,1.15945,6.70,1.00
2008.10.31 14:50:42.638,1.15915,1.1594,11.40,4.30
2008.10.31 14:50:42.868,1.15915,1.1594,5.40,5.70
2008.10.31 14:50:42.978,1.1591,1.15935,6.60,3.30
2008.10.31 14:50:43.218,1.1591,1.15935,1.00,3.30
2008.10.31 14:50:43.528,1.1591,1.15935,1.00,4.30
2008.10.31 14:50:43.918,1.1591,1.15935,6.60,4.30
2008.10.31 14:50:44.998,1.1591,1.1593,20.40,1.00
2008.10.31 14:50:45.388,1.1591,1.1593,1.00,4.30
2008.10.31 14:50:45.498,1.15905,1.15925,18.60,3.30
2008.10.31 14:50:45.727,1.15905,1.15925,6.60,3.30
2008.10.31 14:50:46.077,1.15905,1.15925,1.00,4.30
2008.10.31 14:50:46.257,1.159,1.15925,19.80,4.30
2008.10.31 14:50:46.597,1.1591,1.15925,6.00,1.00
2008.10.31 14:50:46.957,1.15905,1.15935,19.20,9.10
2008.10.31 14:50:47.407,1.15905,1.1593,19.80,3.30
2008.10.31 14:50:47.917,1.15915,1.15945,1.00,9.10
2008.10.31 14:50:48.317,1.15915,1.15935,6.00,3.30
2008.10.31 14:50:48.787,1.1591,1.15925,1.00,3.30
2008.10.31 14:50:49.197,1.159,1.15925,6.60,4.30
2008.10.31 14:50:49.537,1.15905,1.15925,6.00,4.30
2008.10.31 14:50:50.066,1.159,1.1592,20.40,1.00
2008.10.31 14:50:50.576,1.159,1.1593,20.40,9.10
2008.10.31 14:50:50.936,1.15905,1.15925,6.00,3.30
2008.10.31 14:50:51.466,1.15905,1.15935,6.00,9.10
2008.10.31 14:50:51.816,1.1591,1.15935,18.00,9.10
2008.10.31 14:50:52.166,1.15915,1.15935,19.80,3.30
2008.10.31 14:50:52.576,1.1592,1.15945,18.00,8.10
2008.10.31 14:50:52.926,1.15925,1.15945,6.00,3.30
2008.10.31 14:50:53.906,1.15925,1.15955,6.00,10.30
2008.10.31 14:50:55.055,1.1592,1.1595,18.60,4.30
2008.10.31 14:50:56.075,1.1592,1.1595,6.60,4.30
2008.10.31 14:50:56.835,1.15915,1.1594,11.50,1.20
2008.10.31 14:50:57.115,1.15915,1.15935,4.80,4.30
2008.10.31 14:50:57.415,1.15915,1.15935,10.80,4.30
2008.10.31 14:50:57.825,1.15915,1.15935,6.00,3.30
2008.10.31 14:50:58.115,1.1591,1.15945,20.40,9.10
2008.10.31 14:50:59.654,1.1591,1.1593,14.40,1.00
2008.10.31 14:51:00.114,1.159,1.1592,4.80,4.30
2008.10.31 14:51:00.554,1.1589,1.15915,18.60,1.00
2008.10.31 14:51:00.794,1.1589,1.15915,1.00,1.00
2008.10.31 14:51:01.194,1.15885,1.1591,24.10,1.00
2008.10.31 14:51:01.924,1.15885,1.1591,12.00,4.50
2008.10.31 14:51:02.203,1.1588,1.15905,18.60,1.00
2008.10.31 14:51:02.603,1.1588,1.15905,6.60,1.00
2008.10.31 14:51:02.953,1.1588,1.159,1.00,2.10
2008.10.31 14:51:03.063,1.15875,1.15895,10.90,1.00
2008.10.31 14:51:03.413,1.1587,1.1589,4.80,2.10
2008.10.31 14:51:03.653,1.15865,1.1589,6.10,2.10
2008.10.31 14:51:04.043,1.1587,1.159,12.10,2.20
2008.10.31 14:51:04.513,1.1588,1.159,6.10,2.10
2008.10.31 14:51:04.843,1.1588,1.159,6.10,1.00
2008.10.31 14:51:05.253,1.1588,1.159,24.10,1.00
2008.10.31 14:51:05.773,1.15875,1.159,28.90,1.00
2008.10.31 14:51:06.013,1.1587,1.159,29.70,1.00
2008.10.31 14:51:06.822,1.1587,1.159,28.90,2.10
2008.10.31 14:51:06.993,1.1587,1.1591,28.90,15.30
2008.10.31 14:51:07.342,1.1587,1.15905,28.90,16.50
2008.10.31 14:51:07.732,1.1587,1.159,16.90,14.20
2008.10.31 14:51:08.142,1.1587,1.159,16.90,1.00
2008.10.31 14:51:08.472,1.15875,1.1591,6.00,15.30
2008.10.31 14:51:08.982,1.1587,1.15905,28.90,3.30
2008.10.31 14:51:09.382,1.1587,1.15905,16.90,15.30
2008.10.31 14:51:09.682,1.1588,1.15905,6.10,12.00
2008.10.31 14:51:09.982,1.15885,1.15905,6.10,12.00
2008.10.31 14:51:10.501,1.15885,1.15915,6.10,12.00
2008.10.31 14:51:11.121,1.15885,1.15905,6.10,1.00
2008.10.31 14:51:11.571,1.1588,1.15905,10.90,1.00
2008.10.31 14:51:12.091,1.1588,1.15915,4.80,16.30
2008.10.31 14:51:12.331,1.15875,1.1591,24.10,15.30
2008.10.31 14:51:12.561,1.15875,1.15905,12.10,1.00
2008.10.31 14:51:12.851,1.15875,1.15905,16.90,1.00
2008.10.31 14:51:13.081,1.15875,1.15915,28.90,20.10
2008.10.31 14:51:13.261,1.1588,1.1591,6.10,15.30
2008.10.31 14:51:14.171,1.1588,1.1591,6.10,3.30
2008.10.31 14:51:14.351,1.1588,1.15905,6.10,12.00
2008.10.31 14:51:15.181,1.15875,1.159,10.90,12.00
2008.10.31 14:51:15.870,1.1587,1.15895,4.80,3.30
2008.10.31 14:51:16.140,1.1587,1.1589,4.80,3.30
2008.10.31 14:51:16.480,1.1586,1.1589,24.70,1.00
2008.10.31 14:51:17.050,1.1586,1.15885,18.60,3.30
2008.10.31 14:51:17.500,1.15855,1.15885,18.60,4.30
2008.10.31 14:51:18.719,1.15855,1.15885,24.70,1.00
2008.10.31 14:51:19.109,1.15855,1.15885,12.70,1.00
2008.10.31 14:51:19.469,1.1586,1.15885,18.60,4.30
2008.10.31 14:51:19.979,1.1586,1.15885,1.00,4.30
2008.10.31 14:51:20.319,1.1586,1.15885,1.00,5.50
2008.10.31 14:51:20.899,1.15855,1.15885,18.60,5.50
2008.10.31 14:51:21.139,1.1585,1.1588,24.70,1.00
2008.10.31 14:51:21.479,1.15855,1.1588,6.60,1.00
2008.10.31 14:51:22.968,1.15855,1.1588,12.70,1.00
2008.10.31 14:51:23.258,1.15855,1.1588,6.60,1.00
2008.10.31 14:51:23.658,1.15855,1.1588,6.60,4.30
2008.10.31 14:51:23.838,1.15855,1.1588,6.60,1.00
2008.10.31 14:51:27.947,1.15855,1.1588,6.00,1.00
2008.10.31 14:51:28.177,1.15855,1.1588,6.00,4.30
2008.10.31 14:51:30.117,1.15855,1.15875,6.00,1.00
2008.10.31 14:51:30.507,1.1585,1.15875,18.60,4.30
2008.10.31 14:51:30.737,1.1585,1.1587,1.00,3.30
2008.10.31 14:51:31.197,1.1585,1.1587,1.00,1.00
2008.10.31 14:51:31.726,1.1585,1.15865,1.00,1.00
2008.10.31 14:51:32.067,1.1585,1.15875,19.80,4.30
2008.10.31 14:51:32.796,1.1585,1.1587,7.80,1.00
2008.10.31 14:51:33.956,1.1585,1.15865,7.80,1.00
2008.10.31 14:51:34.196,1.1585,1.15865,1.00,1.00
2008.10.31 14:51:34.996,1.1585,1.15865,1.00,1.00
2008.10.31 14:51:36.045,1.1585,1.15865,7.80,1.00
2008.10.31 14:51:36.385,1.1585,1.15865,7.80,1.00
2008.10.31 14:51:37.665,1.1585,1.15875,1.00,9.10
2008.10.31 14:51:38.085,1.1585,1.15875,1.00,5.80
2008.10.31 14:51:38.375,1.1585,1.15865,1.00,1.00
2008.10.31 14:51:39.005,1.15825,1.15855,1.00,1.00
2008.10.31 14:51:39.644,1.15825,1.1585,1.00,3.30
2008.10.31 14:51:39.915,1.15825,1.1585,1.00,15.30
2008.10.31 14:51:40.264,1.1583,1.1586,6.10,16.30
2008.10.31 14:51:40.554,1.1583,1.1585,6.10,1.00
2008.10.31 14:51:41.064,1.15825,1.1585,6.10,1.00
2008.10.31 14:51:41.304,1.1583,1.1585,6.10,1.00
2008.10.31 14:51:41.804,1.1583,1.1586,6.10,15.30
2008.10.31 14:51:43.764,1.1583,1.1586,7.30,3.30
2008.10.31 14:51:44.053,1.1583,1.1586,7.90,1.00
2008.10.31 14:51:44.293,1.15835,1.1586,6.10,1.00
2008.10.31 14:51:44.683,1.15835,1.1586,1.20,1.00
2008.10.31 14:51:44.973,1.15835,1.1586,1.80,13.00
2008.10.31 14:51:45.733,1.15835,1.1586,1.00,13.00
2008.10.31 14:51:46.203,1.1583,1.1586,18.70,1.00
2008.10.31 14:51:46.543,1.15835,1.1586,1.80,1.00
2008.10.31 14:51:46.833,1.15845,1.15875,1.80,15.30
2008.10.31 14:51:47.193,1.15845,1.15875,7.90,12.00
2008.10.31 14:51:47.722,1.1585,1.15875,1.80,1.00
2008.10.31 14:51:48.132,1.1585,1.1587,1.00,1.00
2008.10.31 14:51:48.352,1.1585,1.1588,1.00,17.40
2008.10.31 14:51:48.633,1.1585,1.15875,1.00,16.50
2008.10.31 14:51:48.992,1.1584,1.1587,11.50,13.00
2008.10.31 14:51:49.332,1.1584,1.1586,4.80,1.00
2008.10.31 14:51:49.612,1.15835,1.1586,12.70,1.00
2008.10.31 14:51:50.292,1.15835,1.1586,1.00,2.10
2008.10.31 14:51:50.692,1.1583,1.1586,29.50,2.10
2008.10.31 14:51:53.731,1.15835,1.1586,6.10,2.10
2008.10.31 14:51:54.421,1.15835,1.15855,12.10,1.00
2008.10.31 14:51:54.651,1.1584,1.15865,24.10,1.00
2008.10.31 14:51:54.891,1.1584,1.15865,24.90,1.00
2008.10.31 14:51:55.231,1.15845,1.15865,6.60,1.00
2008.10.31 14:51:55.880,1.15845,1.15865,18.60,1.00
2008.10.31 14:51:56.530,1.1584,1.15865,18.60,4.30
2008.10.31 14:51:56.940,1.1583,1.1586,17.50,2.20
2008.10.31 14:51:57.500,1.1583,1.15855,10.90,1.00
2008.10.31 14:51:58.010,1.15835,1.15855,6.10,1.00
2008.10.31 14:51:58.300,1.1583,1.15855,28.90,1.00
2008.10.31 14:51:58.530,1.1583,1.1585,4.80,15.30
2008.10.31 14:51:58.930,1.1581,1.1584,10.90,2.10
2008.10.31 14:51:59.270,1.1581,1.15835,6.00,1.00
2008.10.31 14:51:59.919,1.1581,1.15835,23.40,1.00
2008.10.31 14:52:00.220,1.15805,1.1583,18.60,4.30
2008.10.31 14:52:00.669,1.15805,1.1583,18.00,4.30
2008.10.31 14:52:01.129,1.15805,1.1583,18.00,1.00
2008.10.31 14:52:01.480,1.15805,1.1583,24.10,1.00
2008.10.31 14:52:01.929,1.15815,1.1583,6.00,1.00
2008.10.31 14:52:02.329,1.15825,1.15855,1.00,1.00
2008.10.31 14:52:02.689,1.15825,1.15855,1.00,16.30
2008.10.31 14:52:02.979,1.15825,1.15845,1.00,1.00
2008.10.31 14:52:03.389,1.1582,1.1584,1.00,1.00
2008.10.31 14:52:03.909,1.1582,1.1584,1.00,1.00
2008.10.31 14:52:04.199,1.1581,1.1583,1.00,2.20
2008.10.31 14:52:04.438,1.158,1.15825,5.40,3.30
2008.10.31 14:52:04.868,1.158,1.15825,1.00,4.30
2008.10.31 14:52:05.158,1.158,1.15825,6.60,3.30
2008.10.31 14:52:05.448,1.15805,1.15825,6.00,3.30
2008.10.31 14:52:05.968,1.158,1.1582,14.40,1.00
2008.10.31 14:52:06.248,1.1578,1.15805,1.00,3.30
2008.10.31 14:52:06.918,1.15775,1.15805,1.00,3.30
2008.10.31 14:52:07.148,1.1577,1.15815,12.10,22.30
2008.10.31 14:52:07.718,1.15775,1.15805,24.10,3.30
2008.10.31 14:52:08.138,1.15775,1.15805,18.10,4.30
2008.10.31 14:52:08.468,1.1577,1.158,16.90,14.20
2008.10.31 14:52:08.928,1.1577,1.15795,10.90,1.00
2008.10.31 14:52:09.387,1.15765,1.15795,16.90,1.00
2008.10.31 14:52:09.717,1.15765,1.15795,28.90,1.00
2008.10.31 14:52:10.268,1.1577,1.15795,18.00,3.30
2008.10.31 14:52:11.137,1.15775,1.1581,6.10,22.30
2008.10.31 14:52:11.377,1.15775,1.1581,24.10,15.30
2008.10.31 14:52:11.607,1.1578,1.15805,18.00,3.30
2008.10.31 14:52:12.726,1.1578,1.15805,18.00,4.30
2008.10.31 14:52:13.126,1.15785,1.15805,6.00,4.30
2008.10.31 14:52:13.306,1.15785,1.15795,6.00,3.30
2008.10.31 14:52:13.486,1.15785,1.1581,6.00,9.10
2008.10.31 14:52:13.896,1.15785,1.15805,6.00,4.80
2008.10.31 14:52:14.366,1.15785,1.1582,6.00,20.10
2008.10.31 14:52:14.806,1.15795,1.1582,6.00,3.30
2008.10.31 14:52:15.146,1.15785,1.1582,28.90,3.30
2008.10.31 14:52:16.006,1.15785,1.1582,28.90,15.30
2008.10.31 14:52:16.516,1.15795,1.1582,6.10,12.00
2008.10.31 14:52:16.745,1.1579,1.1582,6.10,1.00
2008.10.31 14:52:17.086,1.15785,1.15815,10.90,1.00
2008.10.31 14:52:17.795,1.1579,1.15825,6.10,15.30
2008.10.31 14:52:18.135,1.1579,1.1582,6.10,1.00
2008.10.31 14:52:18.656,1.1579,1.1582,16.90,1.00
2008.10.31 14:52:18.955,1.15795,1.1582,6.10,1.00
2008.10.31 14:52:19.255,1.15805,1.1582,6.10,1.00
2008.10.31 14:52:19.555,1.158,1.1582,10.90,12.00
2008.10.31 14:52:19.725,1.158,1.1583,6.10,13.00
2008.10.31 14:52:19.845,1.158,1.15825,6.10,12.00
2008.10.31 14:52:20.075,1.158,1.15825,6.10,1.00
2008.10.31 14:52:20.305,1.158,1.15825,11.70,1.00
2008.10.31 14:52:20.745,1.158,1.15835,6.90,17.50
2008.10.31 14:52:21.854,1.15805,1.1583,6.10,1.00
2008.10.31 14:52:22.125,1.15805,1.1583,25.90,1.00
2008.10.31 14:52:22.664,1.15805,1.15845,31.30,17.50
2008.10.31 14:52:23.018,1.15815,1.1584,24.10,1.00
2008.10.31 14:52:23.364,1.15815,1.1584,18.10,1.00
2008.10.31 14:52:23.544,1.15815,1.1584,6.10,1.00
2008.10.31 14:52:24.384,1.1581,1.1584,29.70,1.00
2008.10.31 14:52:24.794,1.15815,1.1584,6.10,2.20
2008.10.31 14:52:25.264,1.15815,1.1584,16.90,1.00
2008.10.31 14:52:25.683,1.1582,1.15855,10.90,15.40
2008.10.31 14:52:25.863,1.1582,1.15845,10.80,3.30
2008.10.31 14:52:26.253,1.1583,1.15855,6.10,16.80
2008.10.31 14:52:26.543,1.1583,1.15865,18.00,21.10
2008.10.31 14:52:26.903,1.15835,1.1586,18.00,3.30
2008.10.31 14:52:27.493,1.1583,1.1586,12.00,3.30
2008.10.31 14:52:27.833,1.15825,1.1585,18.00,3.30
2008.10.31 14:52:28.113,1.1582,1.1585,22.80,3.30
2008.10.31 14:52:28.573,1.1582,1.15845,18.00,3.30
2008.10.31 14:52:28.863,1.1581,1.1584,18.60,4.30
2008.10.31 14:52:29.332,1.15805,1.15835,28.90,1.00
2008.10.31 14:52:29.512,1.1581,1.15835,6.00,4.30
2008.10.31 14:52:29.913,1.1581,1.15835,6.00,3.30
2008.10.31 14:52:30.133,1.1581,1.15845,6.00,20.10
2008.10.31 14:52:30.482,1.15815,1.1584,6.00,4.80
2008.10.31 14:52:30.722,1.15815,1.15855,25.30,22.40
2008.10.31 14:52:31.182,1.1582,1.1585,18.00,5.50
2008.10.31 14:52:31.572,1.1582,1.1585,18.00,4.30
2008.10.31 14:52:32.042,1.1582,1.1585,18.00,3.30
2008.10.31 14:52:32.492,1.1582,1.1586,24.10,21.10
2008.10.31 14:52:33.002,1.1583,1.15855,6.00,3.30
2008.10.31 14:52:33.241,1.1583,1.15865,6.00,20.10
2008.10.31 14:52:33.412,1.1583,1.1586,18.00,3.30
2008.10.31 14:52:34.361,1.1583,1.1586,10.80,3.30
2008.10.31 14:52:34.641,1.1583,1.1586,6.00,3.30
2008.10.31 14:52:35.051,1.1583,1.1587,16.90,21.10
2008.10.31 14:52:35.441,1.1583,1.15855,10.80,3.30
2008.10.31 14:52:35.851,1.15825,1.15865,24.10,8.10
2008.10.31 14:52:36.191,1.1583,1.15865,18.00,3.30
2008.10.31 14:52:36.531,1.1583,1.15855,18.00,3.30
2008.10.31 14:52:36.751,1.1583,1.1587,24.10,21.10
2008.10.31 14:52:37.101,1.1583,1.15865,28.90,16.30
2008.10.31 14:52:37.460,1.1583,1.15865,28.90,4.30
2008.10.31 14:52:39.170,1.1583,1.15855,22.80,3.30
2008.10.31 14:52:39.400,1.1583,1.15855,18.00,3.30
2008.10.31 14:52:39.700,1.1583,1.1585,18.00,3.30
2008.10.31 14:52:39.820,1.15825,1.1585,12.00,3.30
2008.10.31 14:52:39.940,1.1582,1.1585,24.70,3.30
2008.10.31 14:52:40.290,1.15825,1.1586,6.10,20.10
2008.10.31 14:52:40.630,1.15825,1.15855,10.90,1.00
2008.10.31 14:52:40.990,1.1583,1.15865,6.00,21.10
2008.10.31 14:52:41.979,1.1583,1.1586,18.00,4.30
2008.10.31 14:52:42.320,1.15835,1.1586,1.80,4.30
2008.10.31 14:52:42.599,1.1584,1.15875,13.50,16.50
2008.10.31 14:52:42.959,1.1584,1.1587,8.50,4.30
2008.10.31 14:52:43.429,1.1584,1.1587,20.40,4.30
2008.10.31 14:52:44.169,1.15845,1.15865,6.00,4.30
2008.10.31 14:52:44.399,1.1584,1.15865,8.40,4.30
2008.10.31 14:52:44.619,1.1584,1.15865,7.20,4.30
2008.10.31 14:52:45.079,1.1584,1.1586,1.00,3.30
2008.10.31 14:52:45.189,1.1584,1.1586,1.00,3.30
2008.10.31 14:52:45.588,1.1583,1.15855,6.00,3.30
2008.10.31 14:52:46.219,1.1584,1.15865,20.40,4.30
2008.10.31 14:52:46.619,1.1584,1.1586,18.00,4.30
2008.10.31 14:52:47.089,1.15835,1.1586,18.00,4.30
2008.10.31 14:52:47.438,1.15835,1.1586,6.00,4.30
2008.10.31 14:52:48.178,1.15835,1.15855,6.00,3.30
2008.10.31 14:52:48.408,1.1583,1.15855,18.00,3.30
2008.10.31 14:52:48.908,1.1583,1.15865,18.00,21.10
2008.10.31 14:52:49.259,1.1584,1.15855,6.00,3.30
2008.10.31 14:52:49.608,1.1584,1.15865,6.00,9.10
2008.10.31 14:52:49.888,1.1584,1.15865,6.00,1.00
2008.10.31 14:52:50.227,1.1584,1.15865,6.00,3.30
2008.10.31 14:52:50.707,1.15845,1.15865,18.00,3.30
2008.10.31 14:52:51.107,1.15845,1.15875,18.00,9.10
2008.10.31 14:52:51.917,1.15845,1.15865,18.00,1.00
2008.10.31 14:52:53.387,1.1585,1.15865,6.00,1.00
2008.10.31 14:52:54.237,1.1585,1.15865,18.00,1.00
2008.10.31 14:52:54.596,1.1586,1.1588,6.00,4.30
2008.10.31 14:52:54.947,1.15855,1.15875,18.00,3.30
2008.10.31 14:52:55.347,1.1585,1.1587,18.60,3.30
2008.10.31 14:52:55.706,1.1585,1.1587,18.00,3.30
2008.10.31 14:52:55.946,1.15845,1.15865,18.60,3.30
2008.10.31 14:52:56.546,1.15845,1.15865,18.00,3.30
2008.10.31 14:52:56.896,1.15845,1.15865,18.00,4.30
2008.10.31 14:52:57.296,1.1584,1.15875,18.00,9.10
2008.10.31 14:52:57.646,1.15835,1.15865,6.00,3.30
2008.10.31 14:52:58.516,1.15835,1.15865,18.00,3.30
2008.10.31 14:52:58.796,1.1584,1.15875,1.20,21.10
2008.10.31 14:52:59.355,1.1584,1.15865,1.80,1.00
2008.10.31 14:52:59.645,1.1584,1.1586,1.00,3.30
2008.10.31 14:52:59.875,1.15835,1.1586,6.00,4.30
2008.10.31 14:53:00.205,1.1583,1.1586,18.00,5.50
2008.10.31 14:53:00.745,1.1582,1.15845,5.40,3.30
2008.10.31 14:53:00.985,1.1583,1.1586,6.00,9.10
2008.10.31 14:53:01.495,1.1583,1.1585,6.00,3.30
2008.10.31 14:53:01.795,1.15825,1.15845,6.00,4.30
2008.10.31 14:53:02.084,1.1582,1.1584,1.00,1.00
2008.10.31 14:53:02.385,1.1582,1.1584,1.00,4.30
2008.10.31 14:53:02.804,1.1582,1.15835,1.00,1.00
2008.10.31 14:53:03.104,1.1581,1.1583,18.60,1.00
2008.10.31 14:53:03.454,1.15815,1.1583,6.00,1.00
2008.10.31 14:53:03.734,1.15815,1.1584,18.00,4.30
2008.10.31 14:53:04.074,1.15815,1.15835,12.00,1.00
2008.10.31 14:53:04.354,1.1581,1.15835,20.40,4.30
2008.10.31 14:53:04.714,1.1582,1.15835,18.00,1.00
2008.10.31 14:53:05.054,1.1582,1.15845,18.00,5.80
2008.10.31 14:53:05.494,1.1583,1.15865,6.00,4.40
2008.10.31 14:53:05.774,1.1583,1.1586,6.00,1.00
2008.10.31 14:53:06.534,1.1583,1.1586,24.10,1.00
2008.10.31 14:53:06.884,1.1584,1.1586,19.20,4.30
2008.10.31 14:53:07.393,1.1584,1.1586,19.80,1.00
2008.10.31 14:53:08.613,1.15845,1.1586,6.00,1.00
2008.10.31 14:53:09.203,1.15845,1.1587,18.00,4.30
2008.10.31 14:53:09.643,1.1584,1.1586,1.00,1.00
2008.10.31 14:53:09.993,1.1583,1.15855,18.60,1.00
2008.10.31 14:53:10.553,1.1583,1.1585,1.00,1.00
2008.10.31 14:53:11.012,1.15825,1.1585,18.00,4.30
2008.10.31 14:53:12.062,1.15825,1.1585,24.10,1.00
2008.10.31 14:53:12.472,1.1583,1.1585,6.00,3.30
2008.10.31 14:53:12.982,1.15825,1.1586,22.80,15.30
2008.10.31 14:53:13.632,1.15825,1.15855,24.10,3.30
2008.10.31 14:53:13.872,1.1583,1.15865,24.10,21.10
2008.10.31 14:53:14.182,1.1583,1.1585,18.00,3.30
2008.10.31 14:53:14.532,1.15825,1.1585,18.00,3.30
2008.10.31 14:53:14.761,1.15825,1.1585,6.00,3.30
2008.10.31 14:53:15.301,1.15825,1.1586,13.30,21.10
2008.10.31 14:53:15.811,1.15825,1.15855,12.70,5.70
2008.10.31 14:53:16.111,1.1582,1.15845,23.40,4.30
2008.10.31 14:53:16.401,1.1582,1.15845,1.00,16.50
2008.10.31 14:53:16.691,1.1581,1.1584,19.80,5.50
2008.10.31 14:53:17.091,1.15815,1.1584,6.00,4.30
2008.10.31 14:53:18.081,1.15815,1.15835,6.00,3.30
2008.10.31 14:53:18.371,1.1581,1.1583,12.00,3.30
2008.10.31 14:53:18.641,1.15805,1.1583,12.00,3.30
2008.10.31 14:53:18.921,1.158,1.15825,18.00,3.30
2008.10.31 14:53:19.431,1.158,1.1582,12.00,3.30
2008.10.31 14:53:19.840,1.1579,1.1582,20.40,3.30
2008.10.31 14:53:20.230,1.1579,1.15815,18.60,3.30
2008.10.31 14:53:20.580,1.1579,1.15815,1.00,4.30
2008.10.31 14:53:20.930,1.1578,1.15805,1.00,1.00
2008.10.31 14:53:21.440,1.1578,1.15805,1.00,2.10
2008.10.31 14:53:21.850,1.15775,1.158,18.00,1.00
2008.10.31 14:53:22.800,1.15775,1.158,6.10,1.00
2008.10.31 14:53:23.199,1.1577,1.158,18.00,4.30
2008.10.31 14:53:23.490,1.1577,1.158,12.10,1.00
2008.10.31 14:53:24.539,1.1577,1.158,6.10,14.20
2008.10.31 14:53:24.719,1.1577,1.15795,6.10,1.00
2008.10.31 14:53:25.219,1.1577,1.1579,6.10,1.20
2008.10.31 14:53:25.619,1.15765,1.15785,4.80,1.00
2008.10.31 14:53:25.849,1.1576,1.15785,4.80,1.00
2008.10.31 14:53:26.079,1.15755,1.15785,28.90,1.00
2008.10.31 14:53:26.429,1.15755,1.1578,22.80,3.30
2008.10.31 14:53:26.829,1.15745,1.15775,28.90,3.30
2008.10.31 14:53:27.129,1.1574,1.15765,6.00,3.30
2008.10.31 14:53:27.478,1.15735,1.15765,12.00,4.60
2008.10.31 14:53:27.888,1.1573,1.1576,1.00,3.30
2008.10.31 14:53:28.178,1.15725,1.15755,6.00,4.30
2008.10.31 14:53:28.888,1.15725,1.15755,7.80,3.30
2008.10.31 14:53:29.058,1.15725,1.15755,18.00,3.30
2008.10.31 14:53:29.408,1.1573,1.15755,6.00,3.30
2008.10.31 14:53:29.748,1.1573,1.15755,12.00,4.30
2008.10.31 14:53:30.098,1.15725,1.1575,6.00,4.30
2008.10.31 14:53:31.468,1.1572,1.1575,24.10,4.30
2008.10.31 14:53:31.748,1.15725,1.1575,6.00,1.00
2008.10.31 14:53:32.787,1.15725,1.15745,12.10,1.00
2008.10.31 14:53:33.247,1.15725,1.15745,24.10,1.00
2008.10.31 14:53:33.587,1.15725,1.15755,18.00,4.30
2008.10.31 14:53:34.107,1.1572,1.15745,18.60,1.00
2008.10.31 14:53:34.447,1.1572,1.15745,18.00,4.30
2008.10.31 14:53:34.797,1.15715,1.15745,18.00,4.30
2008.10.31 14:53:35.147,1.15715,1.1574,18.00,1.00
2008.10.31 14:53:35.537,1.15725,1.1575,6.00,4.30
2008.10.31 14:53:36.547,1.1572,1.15745,19.30,1.00
2008.10.31 14:53:37.246,1.1572,1.1574,6.00,4.30
2008.10.31 14:53:37.586,1.15715,1.15735,7.20,1.00
2008.10.31 14:53:38.116,1.1571,1.15725,1.00,1.00
2008.10.31 14:53:38.456,1.157,1.1572,1.00,16.60
2008.10.31 14:53:38.856,1.1569,1.1571,6.10,1.00
2008.10.31 14:53:39.036,1.1569,1.1572,12.10,5.50
2008.10.31 14:53:39.456,1.1569,1.15715,6.00,1.00
2008.10.31 14:53:40.445,1.1569,1.15715,6.00,4.30
2008.10.31 14:53:40.685,1.1569,1.1571,6.00,1.00
2008.10.31 14:53:42.125,1.15685,1.1571,18.00,4.30
2008.10.31 14:53:42.355,1.1568,1.1571,24.10,1.00
2008.10.31 14:53:42.695,1.1568,1.1571,24.10,4.30
2008.10.31 14:53:43.215,1.1568,1.15705,6.10,1.00
2008.10.31 14:53:43.505,1.15675,1.15705,28.90,2.10
2008.10.31 14:53:43.675,1.15675,1.157,28.90,1.00
2008.10.31 14:53:43.844,1.1568,1.157,6.00,1.00
2008.10.31 14:53:44.124,1.1568,1.157,12.10,1.00
2008.10.31 14:53:44.694,1.1568,1.157,24.10,1.00
2008.10.31 14:53:45.154,1.1568,1.157,18.00,1.00
2008.10.31 14:53:47.244,1.1568,1.157,24.10,1.00
2008.10.31 14:53:48.753,1.15685,1.157,6.00,1.00
2008.10.31 14:53:49.103,1.1569,1.157,6.00,1.00
2008.10.31 14:53:49.563,1.1569,1.15725,12.10,9.30
2008.10.31 14:53:49.973,1.1569,1.1572,6.10,1.00
2008.10.31 14:53:50.543,1.15685,1.15715,28.90,1.00
2008.10.31 14:53:50.883,1.1569,1.1571,6.10,1.00
2008.10.31 14:53:51.733,1.1569,1.1572,6.10,14.10
2008.10.31 14:53:51.963,1.1569,1.15715,10.90,1.00
2008.10.31 14:53:52.702,1.1569,1.15715,6.90,1.00
2008.10.31 14:53:53.042,1.1569,1.15715,6.10,1.00
2008.10.31 14:53:54.482,1.1569,1.1571,6.10,1.00
2008.10.31 14:53:54.662,1.15685,1.1571,12.10,1.00
2008.10.31 14:53:54.932,1.1569,1.1571,6.10,1.00
2008.10.31 14:53:55.102,1.1569,1.1572,12.10,1.10
2008.10.31 14:53:55.452,1.1569,1.15715,16.90,1.00
2008.10.31 14:53:55.802,1.1569,1.15715,17.70,1.00
2008.10.31 14:53:56.381,1.15695,1.15715,6.10,1.00
2008.10.31 14:53:56.741,1.1569,1.15715,6.60,1.00
2008.10.31 14:53:57.161,1.1569,1.15715,12.90,1.00
2008.10.31 14:53:57.441,1.1569,1.15715,24.90,1.00
2008.10.31 14:53:57.781,1.1569,1.15715,12.90,1.00
2008.10.31 14:53:58.181,1.15685,1.15715,17.50,1.00
2008.10.31 14:53:58.571,1.15685,1.1571,16.90,1.00
2008.10.31 14:53:58.741,1.15685,1.1571,6.00,4.30
2008.10.31 14:53:59.031,1.1568,1.1571,24.60,5.50
2008.10.31 14:53:59.311,1.1568,1.15705,12.10,1.00
2008.10.31 14:53:59.721,1.15675,1.15705,29.50,1.00
2008.10.31 14:54:00.011,1.1568,1.15705,6.10,1.00
2008.10.31 14:54:00.461,1.1568,1.15705,24.10,1.00
2008.10.31 14:54:00.750,1.1568,1.15705,29.70,1.00
2008.10.31 14:54:01.380,1.15685,1.15705,6.00,1.00
2008.10.31 14:54:01.720,1.1568,1.15705,18.60,1.00
2008.10.31 14:54:02.080,1.15685,1.15705,6.00,1.00
2008.10.31 14:54:02.720,1.15685,1.15705,24.10,1.00
2008.10.31 14:54:04.070,1.15685,1.15705,18.00,1.00
2008.10.31 14:54:04.700,1.15685,1.15705,18.60,1.00
2008.10.31 14:54:04.939,1.15685,1.15705,1.00,4.30
2008.10.31 14:54:05.209,1.15685,1.157,18.00,1.00
2008.10.31 14:54:05.509,1.15685,1.157,6.00,1.00
2008.10.31 14:54:06.249,1.15685,1.157,18.00,1.00
2008.10.31 14:54:06.689,1.1569,1.157,6.00,1.00
2008.10.31 14:54:07.259,1.15695,1.157,6.00,1.00
2008.10.31 14:54:08.349,1.15695,1.157,18.00,1.00
2008.10.31 14:54:08.919,1.15695,1.1571,6.00,1.00
2008.10.31 14:54:09.328,1.15695,1.15735,12.10,22.30
2008.10.31 14:54:09.668,1.15695,1.1573,12.10,4.30
2008.10.31 14:54:09.898,1.15695,1.1573,24.10,4.30
2008.10.31 14:54:10.548,1.15695,1.15725,24.10,1.00
2008.10.31 14:54:11.078,1.157,1.15725,6.00,1.00
2008.10.31 14:54:11.198,1.157,1.15725,18.00,4.30
2008.10.31 14:54:11.998,1.157,1.15725,18.00,3.30
2008.10.31 14:54:12.518,1.157,1.15735,18.00,8.10
2008.10.31 14:54:14.067,1.157,1.15735,24.10,8.10
2008.10.31 14:54:14.597,1.15705,1.15735,6.10,4.80
2008.10.31 14:54:15.177,1.15705,1.15745,12.10,22.30
2008.10.31 14:54:15.767,1.1571,1.1574,18.10,2.20
2008.10.31 14:54:16.217,1.1571,1.15735,31.30,1.00
2008.10.31 14:54:16.907,1.1571,1.15735,25.50,1.00
2008.10.31 14:54:17.376,1.1571,1.15735,5.40,1.00
2008.10.31 14:54:17.936,1.1571,1.15745,6.90,17.70
2008.10.31 14:54:18.226,1.157,1.1573,28.90,1.00
2008.10.31 14:54:18.506,1.15705,1.1574,6.00,16.30
2008.10.31 14:54:18.846,1.15705,1.15735,18.00,3.30
2008.10.31 14:54:19.266,1.15715,1.15725,6.00,3.30
2008.10.31 14:54:19.606,1.15705,1.15725,10.80,3.30
2008.10.31 14:54:19.876,1.157,1.1572,4.80,1.00
2008.10.31 14:54:20.266,1.15695,1.1572,18.00,1.00
2008.10.31 14:54:20.956,1.15695,1.1572,12.00,4.30
2008.10.31 14:54:21.355,1.1569,1.1572,18.60,4.50
2008.10.31 14:54:21.535,1.1569,1.15715,1.00,4.30
2008.10.31 14:54:21.875,1.1569,1.15715,1.00,4.30
2008.10.31 14:54:22.645,1.1569,1.15705,1.00,1.00
2008.10.31 14:54:23.055,1.1569,1.15715,1.00,4.30
2008.10.31 14:54:24.565,1.1569,1.15705,1.00,1.00
2008.10.31 14:54:26.794,1.1569,1.15715,1.00,4.30
2008.10.31 14:54:27.094,1.1569,1.1571,1.00,1.00
2008.10.31 14:54:27.324,1.1569,1.15705,1.00,1.00
2008.10.31 14:54:27.604,1.15685,1.15705,6.00,1.00
2008.10.31 14:54:27.784,1.1568,1.15705,26.10,1.00
2008.10.31 14:54:30.053,1.15685,1.15705,6.00,1.00
2008.10.31 14:54:30.473,1.15685,1.15705,7.20,1.00
2008.10.31 14:54:30.753,1.15685,1.157,7.80,1.00
2008.10.31 14:54:31.673,1.15685,1.1571,7.80,1.00
2008.10.31 14:54:32.883,1.15685,1.15705,19.80,1.00
2008.10.31 14:54:33.463,1.1569,1.15705,7.20,1.00
2008.10.31 14:54:33.743,1.1569,1.1573,7.80,22.20
2008.10.31 14:54:34.102,1.1569,1.15725,13.90,1.00
2008.10.31 14:54:34.512,1.1569,1.15725,7.90,1.00
2008.10.31 14:54:34.872,1.1569,1.1572,12.70,1.00
2008.10.31 14:54:36.302,1.1569,1.1572,7.90,1.00
2008.10.31 14:54:37.012,1.1569,1.1572,1.80,4.30
2008.10.31 14:54:37.372,1.1569,1.15715,1.00,3.30
2008.10.31 14:54:37.782,1.1569,1.15715,1.00,3.30
2008.10.31 14:54:40.011,1.1569,1.15715,1.00,4.30
2008.10.31 14:54:52.898,1.1569,1.15715,1.00,4.30
2008.10.31 14:54:53.178,1.1569,1.15715,1.80,3.30
2008.10.31 14:54:54.028,1.1569,1.1571,1.00,3.30
2008.10.31 14:54:54.317,1.1569,1.1571,1.00,3.30
2008.10.31 14:54:54.718,1.15685,1.1571,1.00,4.30
2008.10.31 14:54:55.067,1.15695,1.1572,1.20,9.30
2008.10.31 14:54:55.177,1.15695,1.15715,1.80,1.00
2008.10.31 14:54:56.107,1.157,1.1573,1.00,5.40
2008.10.31 14:54:57.377,1.157,1.15725,1.00,4.30
2008.10.31 14:55:00.656,1.157,1.15725,6.90,1.00
2008.10.31 14:55:01.176,1.15715,1.1575,1.20,11.50
2008.10.31 14:55:01.646,1.15715,1.15765,6.70,10.30
2008.10.31 14:55:02.166,1.1572,1.15765,6.10,1.00
2008.10.31 14:55:02.676,1.15735,1.15775,12.10,9.70
2008.10.31 14:55:03.125,1.15735,1.1577,12.10,3.30
2008.10.31 14:55:03.426,1.1574,1.1577,1.80,3.30
2008.10.31 14:55:03.875,1.1574,1.1577,7.90,1.00
2008.10.31 14:55:04.645,1.1574,1.1577,12.70,1.00
2008.10.31 14:55:04.875,1.1574,1.1577,6.60,4.30
2008.10.31 14:55:05.115,1.1574,1.15765,1.80,3.30
2008.10.31 14:55:05.635,1.1574,1.15765,1.80,3.30
2008.10.31 14:55:05.915,1.1574,1.15765,1.00,3.30
2008.10.31 14:55:07.134,1.1574,1.15775,6.90,22.30
2008.10.31 14:55:07.434,1.15745,1.1577,1.20,1.00
2008.10.31 14:55:07.784,1.15745,1.15765,1.80,1.00
2008.10.31 14:55:08.064,1.1575,1.15775,1.20,4.30
2008.10.31 14:55:08.534,1.1575,1.1577,1.80,1.00
2008.10.31 14:55:09.114,1.1575,1.1577,1.00,1.00
2008.10.31 14:55:09.404,1.1575,1.1578,1.00,4.30
2008.10.31 14:55:09.814,1.1575,1.15775,1.80,3.30
2008.10.31 14:55:10.274,1.1575,1.15785,1.80,10.20
2008.10.31 14:55:12.333,1.1575,1.15775,1.80,4.30
2008.10.31 14:55:12.673,1.1575,1.15775,1.00,4.30
2008.10.31 14:55:13.413,1.1575,1.15775,1.80,4.30
2008.10.31 14:55:13.643,1.15755,1.1579,1.00,9.20
2008.10.31 14:55:13.933,1.1575,1.15785,13.50,9.10
2008.10.31 14:55:14.453,1.15755,1.15785,6.10,1.00
2008.10.31 14:55:14.753,1.1576,1.15785,6.00,1.00
2008.10.31 14:55:15.043,1.15765,1.158,6.10,9.10
2008.10.31 14:55:15.383,1.15765,1.15795,7.30,1.00
2008.10.31 14:55:15.972,1.15765,1.15805,7.90,22.30
2008.10.31 14:55:16.432,1.1577,1.158,6.70,4.30
2008.10.31 14:55:16.772,1.1577,1.158,6.10,4.30
2008.10.31 14:55:17.233,1.1577,1.158,11.50,2.10
2008.10.31 14:55:17.582,1.1578,1.15815,6.10,9.10
2008.10.31 14:55:17.932,1.1579,1.15825,6.10,22.30
2008.10.31 14:55:18.392,1.15795,1.15825,6.10,1.00
2008.10.31 14:55:18.672,1.15795,1.15835,6.10,21.10
2008.10.31 14:55:18.962,1.15805,1.15835,6.10,4.80
2008.10.31 14:55:19.302,1.15805,1.1583,6.10,1.00
2008.10.31 14:55:19.581,1.158,1.1582,4.80,1.00
2008.10.31 14:55:19.861,1.15775,1.15815,5.40,4.30
2008.10.31 14:55:20.161,1.15775,1.15815,1.00,4.30
2008.10.31 14:55:20.682,1.15775,1.158,1.00,3.30
2008.10.31 14:55:21.011,1.1578,1.1581,2.40,4.30
2008.10.31 14:55:21.291,1.15785,1.158,1.00,3.30
2008.10.31 14:55:21.581,1.15785,1.1581,1.20,9.10
2008.10.31 14:55:22.441,1.15785,1.1583,12.70,5.60
2008.10.31 14:55:23.171,1.1579,1.15825,6.10,2.20
2008.10.31 14:55:23.590,1.15795,1.1582,6.10,2.20
2008.10.31 14:55:23.931,1.1579,1.1581,4.80,3.30
2008.10.31 14:55:24.231,1.1578,1.15805,1.00,3.30
2008.10.31 14:55:24.700,1.1578,1.15805,1.00,3.30
2008.10.31 14:55:25.040,1.1578,1.15805,1.00,3.30
2008.10.31 14:55:25.770,1.1578,1.158,1.00,1.00
2008.10.31 14:55:26.270,1.1578,1.158,1.00,4.30
2008.10.31 14:55:26.690,1.15775,1.158,1.00,4.30
2008.10.31 14:55:27.040,1.15785,1.158,1.80,3.30
2008.10.31 14:55:27.340,1.15785,1.15825,1.00,5.50
2008.10.31 14:55:27.630,1.15785,1.15825,8.70,1.00
2008.10.31 14:55:27.960,1.158,1.1584,13.90,2.10
2008.10.31 14:55:28.480,1.15805,1.1584,8.70,1.00
2008.10.31 14:55:28.939,1.1581,1.1584,7.20,3.30
2008.10.31 14:55:29.219,1.15815,1.1584,1.80,3.30
2008.10.31 14:55:30.020,1.1582,1.1585,1.80,4.30
2008.10.31 14:55:30.359,1.1582,1.15845,1.80,4.30
2008.10.31 14:55:30.829,1.1582,1.1584,1.00,3.30
2008.10.31 14:55:31.298,1.1581,1.1584,6.10,3.30
2008.10.31 14:55:31.759,1.15815,1.1585,1.80,10.30
2008.10.31 14:55:32.048,1.1582,1.1584,1.00,3.30
2008.10.31 14:55:32.388,1.1582,1.1585,1.00,22.50
2008.10.31 14:55:32.718,1.1581,1.1584,6.70,2.10
2008.10.31 14:55:33.348,1.15815,1.1584,1.80,4.30
2008.10.31 14:55:33.688,1.15805,1.1583,1.80,1.00
2008.10.31 14:55:33.958,1.1581,1.1584,1.00,9.10
2008.10.31 14:55:34.298,1.1581,1.1583,1.00,1.00
2008.10.31 14:55:34.698,1.1581,1.1584,1.00,5.50
2008.10.31 14:55:35.218,1.1581,1.1583,8.10,1.00
2008.10.31 14:55:35.558,1.15815,1.1584,1.80,4.30
2008.10.31 14:55:35.998,1.15815,1.1584,7.90,1.00
2008.10.31 14:55:36.817,1.15815,1.1584,1.80,4.30
2008.10.31 14:55:37.217,1.15815,1.1584,2.40,1.00
2008.10.31 14:55:37.747,1.1582,1.1584,1.00,1.00
2008.10.31 14:55:38.047,1.15835,1.15865,1.80,5.80
2008.10.31 14:55:38.687,1.1585,1.1586,1.20,4.80
2008.10.31 14:55:38.747,1.1585,1.15885,1.80,4.30
2008.10.31 14:55:39.617,1.15855,1.1588,1.00,1.00
2008.10.31 14:55:39.907,1.15855,1.15875,1.00,4.30
2008.10.31 14:55:40.427,1.1585,1.1587,1.00,3.30
2008.10.31 14:55:40.896,1.15855,1.1587,1.00,4.30
2008.10.31 14:55:41.516,1.15845,1.15865,7.80,1.00
2008.10.31 14:55:41.746,1.1585,1.15865,1.80,1.00
2008.10.31 14:55:44.256,1.1585,1.15865,1.00,1.00
2008.10.31 14:55:44.605,1.1584,1.15865,1.00,1.00
2008.10.31 14:55:44.885,1.15835,1.1586,6.60,4.30
2008.10.31 14:55:45.225,1.15825,1.15845,1.00,3.30
2008.10.31 14:55:45.675,1.1582,1.15845,1.00,3.30
2008.10.31 14:55:45.915,1.1582,1.15845,2.40,4.30
2008.10.31 14:55:46.265,1.1582,1.1584,1.00,3.30
2008.10.31 14:55:46.555,1.1582,1.1584,1.00,4.30
2008.10.31 14:55:46.835,1.15815,1.1584,1.00,4.30
2008.10.31 14:55:47.225,1.15815,1.15835,1.00,1.00
2008.10.31 14:55:48.095,1.1582,1.15835,1.00,1.00
2008.10.31 14:55:48.784,1.1582,1.15835,1.80,1.00
2008.10.31 14:55:49.304,1.15825,1.15845,1.20,4.30
2008.10.31 14:55:49.744,1.15825,1.15845,1.80,3.30
2008.10.31 14:55:50.044,1.15825,1.15855,1.80,9.10
2008.10.31 14:55:50.454,1.1583,1.1585,1.80,1.00
2008.10.31 14:55:50.904,1.1583,1.1585,1.80,4.30
2008.10.31 14:55:51.314,1.1583,1.1585,1.00,4.30
2008.10.31 14:55:51.784,1.1583,1.15845,1.00,1.00
2008.10.31 14:55:52.134,1.15825,1.15845,1.80,1.00
2008.10.31 14:55:53.393,1.15825,1.15845,8.40,1.00
2008.10.31 14:55:53.633,1.1583,1.15845,1.80,1.00
2008.10.31 14:55:53.983,1.1583,1.15845,1.00,1.00
2008.10.31 14:55:54.433,1.15825,1.15855,1.80,4.30
2008.10.31 14:55:55.993,1.15825,1.1585,1.80,1.00
2008.10.31 14:55:56.223,1.1582,1.15845,8.10,1.00
2008.10.31 14:55:56.493,1.1582,1.15845,1.00,1.00
2008.10.31 14:55:56.842,1.15815,1.1584,6.60,4.30
2008.10.31 14:55:57.132,1.1581,1.1584,2.50,4.30
2008.10.31 14:55:58.352,1.1581,1.15835,1.80,4.30
2008.10.31 14:55:58.522,1.1581,1.15835,1.00,4.30
2008.10.31 14:55:58.692,1.15805,1.1583,1.00,4.30
2008.10.31 14:55:58.932,1.15805,1.15825,1.00,3.30
2008.10.31 14:55:59.162,1.158,1.15835,2.40,9.30
2008.10.31 14:55:59.512,1.1581,1.1583,7.90,1.00
2008.10.31 14:56:00.222,1.1581,1.1584,7.90,9.10
2008.10.31 14:56:00.582,1.15805,1.15825,5.40,3.30
2008.10.31 14:56:00.801,1.15785,1.15815,4.80,1.00
2008.10.31 14:56:01.151,1.1578,1.15815,10.90,1.00
2008.10.31 14:56:01.451,1.15775,1.15815,12.70,1.00
2008.10.31 14:56:01.751,1.15775,1.15815,6.70,5.50
2008.10.31 14:56:02.211,1.1578,1.15805,6.10,2.10
2008.10.31 14:56:02.571,1.15775,1.158,18.70,1.00
2008.10.31 14:56:03.731,1.1578,1.158,7.30,1.00
2008.10.31 14:56:04.191,1.15785,1.158,7.30,1.00
2008.10.31 14:56:04.481,1.15785,1.1581,7.90,1.00
2008.10.31 14:56:05.710,1.1579,1.15805,1.20,1.00
2008.10.31 14:56:06.060,1.1579,1.1582,1.80,4.30
2008.10.31 14:56:06.870,1.15795,1.15815,1.20,1.00
2008.10.31 14:56:07.150,1.158,1.15815,1.20,1.00
2008.10.31 14:56:07.320,1.15795,1.15815,1.80,1.00
2008.10.31 14:56:08.989,1.1579,1.15815,2.40,1.00
2008.10.31 14:56:09.209,1.1579,1.15815,1.80,1.00
2008.10.31 14:56:09.499,1.15795,1.15815,1.20,1.00
2008.10.31 14:56:09.619,1.15795,1.15815,1.80,1.00
2008.10.31 14:56:10.189,1.15795,1.15825,1.80,9.10
2008.10.31 14:56:10.429,1.15795,1.1582,1.00,4.30
2008.10.31 14:56:10.829,1.1579,1.1582,12.90,1.00
2008.10.31 14:56:11.069,1.158,1.1582,1.80,1.00
2008.10.31 14:56:11.649,1.158,1.1582,1.00,1.00
2008.10.31 14:56:12.629,1.158,1.1582,1.00,1.00
2008.10.31 14:56:13.088,1.158,1.1582,1.80,1.00
2008.10.31 14:56:17.217,1.158,1.1582,1.00,1.00
2008.10.31 14:56:17.958,1.158,1.15815,1.00,1.00
2008.10.31 14:56:18.128,1.15795,1.15815,7.90,1.00
2008.10.31 14:56:18.837,1.15795,1.15825,7.90,4.30
2008.10.31 14:56:19.357,1.15795,1.1582,1.80,1.00
2008.10.31 14:56:20.747,1.15795,1.1582,1.00,1.00
2008.10.31 14:56:21.027,1.15795,1.1582,6.70,1.00
2008.10.31 14:56:23.016,1.15795,1.1582,1.00,1.00
2008.10.31 14:56:23.486,1.15795,1.1582,1.80,3.30
2008.10.31 14:56:23.766,1.15795,1.1583,1.80,10.30
2008.10.31 14:56:23.986,1.15795,1.15825,1.80,4.30
2008.10.31 14:56:24.146,1.15795,1.1582,1.00,3.30
2008.10.31 14:56:24.556,1.1579,1.1583,14.50,10.30
2008.10.31 14:56:25.945,1.1579,1.1582,14.50,1.00
2008.10.31 14:56:26.116,1.1579,1.1583,13.90,10.30
2008.10.31 14:56:26.515,1.1579,1.15825,13.30,4.30
2008.10.31 14:56:26.745,1.1579,1.1582,12.10,3.30
2008.10.31 14:56:27.305,1.15795,1.1583,6.10,10.30
2008.10.31 14:56:27.575,1.158,1.15825,6.10,1.00
2008.10.31 14:56:27.995,1.1581,1.1585,7.80,10.30
2008.10.31 14:56:28.295,1.1582,1.1586,1.00,9.30
2008.10.31 14:56:28.695,1.15825,1.15855,1.80,9.10
2008.10.31 14:56:29.035,1.1583,1.15855,1.00,4.30
2008.10.31 14:56:29.595,1.1583,1.15865,7.50,9.30
2008.10.31 14:56:29.944,1.15835,1.1586,6.00,3.30
2008.10.31 14:56:32.514,1.1584,1.1586,7.90,1.00
2008.10.31 14:56:32.794,1.1584,1.1586,6.90,1.00
2008.10.31 14:56:33.314,1.1584,1.1587,6.90,4.30
2008.10.31 14:56:34.183,1.15845,1.15865,6.00,1.00
2008.10.31 14:56:34.523,1.1585,1.15865,1.00,1.00
2008.10.31 14:56:34.903,1.1585,1.15865,2.50,1.00
2008.10.31 14:56:35.303,1.15855,1.15875,1.20,4.30
2008.10.31 14:56:35.483,1.1586,1.15885,1.00,1.00
2008.10.31 14:56:36.833,1.1587,1.15885,1.00,1.00
2008.10.31 14:56:37.293,1.1587,1.15885,1.80,1.00
2008.10.31 14:56:37.632,1.1587,1.15895,6.60,4.30
2008.10.31 14:56:37.983,1.15875,1.1589,1.00,4.30
2008.10.31 14:56:39.592,1.15875,1.1589,1.00,1.00
2008.10.31 14:56:39.982,1.15875,1.159,1.00,10.20
2008.10.31 14:56:40.612,1.15875,1.15895,1.00,3.30
2008.10.31 14:56:41.122,1.15875,1.15905,1.00,10.20
2008.10.31 14:56:41.742,1.15875,1.159,12.70,1.00
2008.10.31 14:56:42.042,1.1589,1.1591,1.00,1.00
2008.10.31 14:56:42.272,1.1589,1.1593,2.50,4.30
2008.10.31 14:56:42.621,1.15895,1.1593,1.20,4.30
2008.10.31 14:56:43.171,1.15905,1.1593,1.80,4.30
2008.10.31 14:56:43.701,1.15915,1.15925,1.20,4.30
2008.10.31 14:56:43.971,1.15915,1.15935,1.20,1.00
2008.10.31 14:56:44.191,1.15915,1.1593,1.00,1.00
2008.10.31 14:56:44.771,1.1591,1.1593,1.00,1.00
2008.10.31 14:56:45.001,1.159,1.15925,7.80,4.30
2008.10.31 14:56:46.473,1.1589,1.1592,12.70,1.00
2008.10.31 14:56:46.591,1.1589,1.15915,6.60,3.30
2008.10.31 14:56:46.710,1.1589,1.15905,5.40,3.30
2008.10.31 14:56:47.120,1.1589,1.15905,1.00,3.30
2008.10.31 14:56:47.470,1.15885,1.15905,1.00,3.30
2008.10.31 14:56:47.990,1.15885,1.15905,7.20,3.30
2008.10.31 14:56:48.330,1.15885,1.15905,7.80,4.30
2008.10.31 14:56:48.920,1.15885,1.15915,7.80,9.10
2008.10.31 14:56:49.150,1.15885,1.1591,7.80,1.00
2008.10.31 14:56:49.440,1.15885,1.1591,1.80,1.00
2008.10.31 14:56:49.660,1.15885,1.1591,2.40,1.00
2008.10.31 14:56:50.050,1.1589,1.1591,1.80,1.00
2008.10.31 14:56:50.430,1.1589,1.1592,1.00,4.40
2008.10.31 14:56:51.369,1.1589,1.1591,1.00,1.00
2008.10.31 14:56:51.649,1.15885,1.15905,1.80,1.00
2008.10.31 14:56:53.209,1.15885,1.15905,1.00,4.30
2008.10.31 14:56:53.619,1.15865,1.15895,1.20,1.00
2008.10.31 14:56:54.009,1.1587,1.15905,1.00,4.30
2008.10.31 14:56:54.349,1.15865,1.159,1.80,4.30
2008.10.31 14:56:54.638,1.1587,1.15895,7.80,4.30
2008.10.31 14:56:55.158,1.1587,1.1589,7.80,1.00
2008.10.31 14:56:55.498,1.15875,1.159,7.20,9.10
2008.10.31 14:56:55.728,1.1588,1.159,6.60,1.00
2008.10.31 14:56:56.118,1.1588,1.159,7.30,1.00
2008.10.31 14:56:56.408,1.1589,1.1591,2.50,5.80
2008.10.31 14:56:56.868,1.1589,1.15905,1.80,1.00
2008.10.31 14:56:57.158,1.1588,1.159,1.00,3.30
2008.10.31 14:56:57.558,1.1588,1.159,1.00,3.30
2008.10.31 14:56:57.848,1.1586,1.1589,13.80,1.00
2008.10.31 14:56:58.148,1.15865,1.159,1.80,9.10
2008.10.31 14:56:58.547,1.15865,1.1589,1.80,1.00
2008.10.31 14:56:59.227,1.1587,1.159,1.80,9.10
2008.10.31 14:56:59.557,1.1587,1.159,1.00,9.10
2008.10.31 14:56:59.737,1.1587,1.159,1.00,4.30
2008.10.31 14:57:00.017,1.15875,1.159,1.00,3.30
2008.10.31 14:57:00.837,1.1588,1.159,1.20,3.30
2008.10.31 14:57:01.177,1.1588,1.1591,6.90,5.80
2008.10.31 14:57:01.347,1.1588,1.1591,5.40,4.30
2008.10.31 14:57:01.757,1.15885,1.1591,1.00,4.30
2008.10.31 14:57:02.726,1.1588,1.159,1.80,1.00
2008.10.31 14:57:03.177,1.1589,1.15915,6.10,2.20
2008.10.31 14:57:03.286,1.15885,1.15905,4.80,1.00
2008.10.31 14:57:03.396,1.15885,1.15915,4.80,4.30
2008.10.31 14:57:03.696,1.1588,1.1591,1.20,4.30
2008.10.31 14:57:03.976,1.1588,1.15905,1.00,4.30
2008.10.31 14:57:04.096,1.1588,1.15905,1.20,3.30
2008.10.31 14:57:04.326,1.1588,1.15905,2.40,3.30
2008.10.31 14:57:04.796,1.1588,1.15915,2.40,9.10
2008.10.31 14:57:05.086,1.1588,1.1591,8.40,3.30
2008.10.31 14:57:05.816,1.15885,1.1591,1.80,3.30
2008.10.31 14:57:06.046,1.1589,1.1592,1.20,9.10
2008.10.31 14:57:06.326,1.1589,1.1592,8.10,1.00
2008.10.31 14:57:06.446,1.1589,1.1592,13.50,1.00
2008.10.31 14:57:06.556,1.1589,1.1592,13.30,1.00
2008.10.31 14:57:06.735,1.1589,1.1592,13.50,1.00
2008.10.31 14:57:07.145,1.15895,1.1592,1.00,1.00
2008.10.31 14:57:09.005,1.159,1.1593,8.50,1.00
2008.10.31 14:57:09.615,1.159,1.15925,1.80,4.30
2008.10.31 14:57:10.115,1.159,1.1592,1.00,1.00
2008.10.31 14:57:10.355,1.159,1.1592,1.00,3.30
2008.10.31 14:57:10.705,1.159,1.1592,1.00,4.30
2008.10.31 14:57:11.065,1.1588,1.1591,4.80,3.30
2008.10.31 14:57:11.404,1.15875,1.1591,1.00,3.30
2008.10.31 14:57:11.974,1.15875,1.1591,1.00,4.30
2008.10.31 14:57:12.784,1.1588,1.159,1.00,1.00
2008.10.31 14:57:13.144,1.1588,1.15895,1.00,1.00
2008.10.31 14:57:14.384,1.15875,1.15895,1.00,1.00
2008.10.31 14:57:14.724,1.1587,1.15895,19.30,1.00
2008.10.31 14:57:14.944,1.1587,1.15895,14.50,1.00
2008.10.31 14:57:15.173,1.15875,1.15895,1.00,1.00
2008.10.31 14:57:15.763,1.15875,1.15895,1.80,1.00
2008.10.31 14:57:16.293,1.1587,1.15895,1.20,4.30
2008.10.31 14:57:16.643,1.1587,1.1589,1.00,1.00
2008.10.31 14:57:17.223,1.1586,1.1589,19.30,1.00
2008.10.31 14:57:17.533,1.1586,1.1589,14.50,1.00
2008.10.31 14:57:17.933,1.15865,1.15885,6.60,1.00
2008.10.31 14:57:18.273,1.15865,1.15885,1.00,1.00
2008.10.31 14:57:18.573,1.15865,1.15895,1.00,5.50
2008.10.31 14:57:18.913,1.15865,1.15885,1.00,1.00
2008.10.31 14:57:19.213,1.15865,1.15885,7.20,1.00
2008.10.31 14:57:19.552,1.1587,1.15885,1.00,1.00
2008.10.31 14:57:20.203,1.1588,1.15895,1.00,1.00
2008.10.31 14:57:20.432,1.15875,1.1589,1.00,1.00
2008.10.31 14:57:20.822,1.15855,1.1588,6.10,1.00
2008.10.31 14:57:21.162,1.15855,1.1588,12.90,1.00
2008.10.31 14:57:21.502,1.15855,1.1589,12.90,4.30
2008.10.31 14:57:22.132,1.15865,1.15885,1.00,1.00
2008.10.31 14:57:23.402,1.15865,1.15885,6.60,1.00
2008.10.31 14:57:24.032,1.1587,1.159,14.70,1.00
2008.10.31 14:57:24.422,1.1587,1.15895,8.50,1.00
2008.10.31 14:57:24.771,1.15875,1.15895,1.00,1.00
2008.10.31 14:57:25.061,1.15875,1.1589,1.00,1.00
2008.10.31 14:57:25.231,1.1587,1.159,1.00,4.30
2008.10.31 14:57:25.791,1.15865,1.1589,1.80,3.30
2008.10.31 14:57:26.261,1.15865,1.1589,1.00,3.30
2008.10.31 14:57:26.491,1.1587,1.159,8.50,5.80
2008.10.31 14:57:27.071,1.1587,1.159,13.30,1.00
2008.10.31 14:57:27.571,1.15875,1.159,1.00,1.00
2008.10.31 14:57:27.980,1.15875,1.159,1.00,4.30
2008.10.31 14:57:28.800,1.15875,1.159,1.00,1.00
2008.10.31 14:57:29.150,1.15875,1.159,6.60,1.00
2008.10.31 14:57:29.620,1.1588,1.1591,1.00,4.30
2008.10.31 14:57:29.950,1.1587,1.15895,4.80,4.30
2008.10.31 14:57:30.470,1.15865,1.15895,1.00,4.30
2008.10.31 14:57:30.700,1.15865,1.15895,8.40,4.30
2008.10.31 14:57:31.000,1.1587,1.15895,1.80,3.30
2008.10.31 14:57:31.350,1.1587,1.15905,8.40,9.10
2008.10.31 14:57:31.700,1.1587,1.159,8.40,3.30
2008.10.31 14:57:31.979,1.1587,1.1591,14.50,10.30
2008.10.31 14:57:32.310,1.15875,1.15905,1.20,9.10
2008.10.31 14:57:32.650,1.1588,1.15915,2.40,9.10
2008.10.31 14:57:33.049,1.1588,1.1591,8.40,3.30
2008.10.31 14:57:35.389,1.1588,1.1592,14.50,11.50
2008.10.31 14:57:35.789,1.1589,1.1592,8.50,5.80
2008.10.31 14:57:36.349,1.1589,1.1592,13.30,1.00
2008.10.31 14:57:36.809,1.15895,1.1592,1.00,1.00
2008.10.31 14:57:39.658,1.15895,1.15915,1.00,1.00
2008.10.31 14:57:42.757,1.159,1.15915,1.00,1.00
2008.10.31 14:57:43.207,1.159,1.1591,1.00,1.00
2008.10.31 14:57:43.327,1.1589,1.1591,8.10,1.00
2008.10.31 14:57:43.677,1.1589,1.1591,1.00,1.00
2008.10.31 14:57:46.366,1.1589,1.15905,2.50,1.00
2008.10.31 14:57:46.596,1.15895,1.15905,1.00,1.00
2008.10.31 14:57:46.836,1.159,1.15905,1.00,1.00
2008.10.31 14:57:48.705,1.1589,1.15915,1.80,4.30
2008.10.31 14:57:49.046,1.1589,1.15905,1.00,1.00
2008.10.31 14:57:49.225,1.1588,1.159,1.00,1.00
2008.10.31 14:57:49.915,1.1588,1.159,1.00,1.00
2008.10.31 14:57:50.155,1.1588,1.159,1.00,4.50
2008.10.31 14:57:50.625,1.1587,1.15895,1.80,4.50
2008.10.31 14:57:50.905,1.1587,1.1591,12.70,9.10
2008.10.31 14:57:51.365,1.15875,1.1591,6.10,8.10
2008.10.31 14:57:51.655,1.1588,1.1591,6.10,1.20
2008.10.31 14:57:52.125,1.1588,1.1591,6.10,1.00
2008.10.31 14:57:52.515,1.1588,1.1591,11.50,1.00
2008.10.31 14:57:52.804,1.1588,1.1591,6.90,1.00
2008.10.31 14:57:53.304,1.1588,1.15905,1.00,3.30
2008.10.31 14:57:53.864,1.1588,1.159,1.00,1.00
2008.10.31 14:57:54.954,1.1588,1.159,7.80,1.00
2008.10.31 14:57:55.334,1.1588,1.159,8.40,1.00
2008.10.31 14:57:55.794,1.1588,1.15895,8.40,1.00
2008.10.31 14:57:55.964,1.1588,1.15895,2.40,1.00
2008.10.31 14:57:57.793,1.1588,1.15895,1.80,1.00
2008.10.31 14:57:58.423,1.1588,1.15905,8.50,1.00
2008.10.31 14:57:58.653,1.1588,1.159,8.70,1.00
2008.10.31 14:57:58.993,1.1589,1.159,1.00,1.00
2008.10.31 14:58:00.203,1.1589,1.1591,1.00,1.00
2008.10.31 14:58:00.482,1.1589,1.159,1.00,1.00
2008.10.31 14:58:01.472,1.1589,1.1591,1.00,1.00
2008.10.31 14:58:02.082,1.1589,1.159,1.00,1.00
2008.10.31 14:58:02.502,1.1589,1.1591,1.00,4.30
2008.10.31 14:58:02.903,1.1588,1.159,1.00,1.00
2008.10.31 14:58:03.293,1.1588,1.15895,1.00,1.00
2008.10.31 14:58:03.632,1.15875,1.1589,1.20,1.00
2008.10.31 14:58:03.802,1.1587,1.1589,8.10,1.00
2008.10.31 14:58:04.222,1.1587,1.1589,1.00,1.00
2008.10.31 14:58:04.582,1.15865,1.15885,5.40,1.00
2008.10.31 14:58:05.051,1.1586,1.15885,7.80,4.30
2008.10.31 14:58:05.211,1.1586,1.15885,7.80,1.00
2008.10.31 14:58:05.951,1.1586,1.15885,8.40,1.00
2008.10.31 14:58:06.351,1.15865,1.15885,6.00,4.30
2008.10.31 14:58:06.771,1.1586,1.15885,6.60,4.30
2008.10.31 14:58:07.181,1.1586,1.1588,1.00,1.00
2008.10.31 14:58:07.481,1.1586,1.1588,11.70,1.00
2008.10.31 14:58:08.301,1.1586,1.1588,6.90,1.00
2008.10.31 14:58:09.720,1.1586,1.1589,6.90,1.00
2008.10.31 14:58:10.131,1.15865,1.15885,6.10,1.00
2008.10.31 14:58:10.420,1.1587,1.15895,6.10,1.00
2008.10.31 14:58:10.770,1.1587,1.1589,10.90,1.00
2008.10.31 14:58:11.460,1.1587,1.1589,4.80,1.00
2008.10.31 14:58:11.750,1.1586,1.1589,19.50,1.00
2008.10.31 14:58:11.980,1.1587,1.1589,1.00,1.00
2008.10.31 14:58:12.560,1.1587,1.15885,1.00,1.00
2008.10.31 14:58:13.430,1.1587,1.15885,7.50,1.00
2008.10.31 14:58:13.769,1.1587,1.15895,13.30,1.00
2008.10.31 14:58:14.289,1.1588,1.1589,1.00,1.00
2008.10.31 14:58:15.209,1.1588,1.159,1.00,4.30
2008.10.31 14:58:21.977,1.15875,1.1589,1.00,1.00
2008.10.31 14:58:22.718,1.1587,1.1589,1.00,1.00
2008.10.31 14:58:23.517,1.1587,1.1589,1.00,1.00
2008.10.31 14:58:23.637,1.1587,1.1589,1.00,4.50
2008.10.31 14:58:24.147,1.15865,1.1588,1.00,1.00
2008.10.31 14:58:24.497,1.1586,1.1588,1.80,1.00
2008.10.31 14:58:24.787,1.1586,1.1589,1.00,4.30
2008.10.31 14:58:24.957,1.1586,1.15885,1.00,1.00
2008.10.31 14:58:25.307,1.1585,1.1588,19.30,3.30
2008.10.31 14:58:25.477,1.1585,1.1588,13.20,3.30
2008.10.31 14:58:25.877,1.1585,1.1588,8.40,3.30
2008.10.31 14:58:26.166,1.1585,1.15875,6.60,3.30
2008.10.31 14:58:26.556,1.1585,1.15875,1.00,3.30
2008.10.31 14:58:26.786,1.1585,1.15885,7.80,10.30
2008.10.31 14:58:27.016,1.1585,1.1588,7.80,4.30
2008.10.31 14:58:27.546,1.1585,1.1588,8.40,4.30
2008.10.31 14:58:27.896,1.1585,1.1588,8.40,3.30
2008.10.31 14:58:28.176,1.15855,1.1588,6.00,3.30
2008.10.31 14:58:28.406,1.15855,1.1588,7.80,3.30
2008.10.31 14:58:28.856,1.15855,1.1589,8.40,9.20
2008.10.31 14:58:29.026,1.15855,1.15885,8.40,4.30
2008.10.31 14:58:29.606,1.1586,1.15885,1.00,1.00
2008.10.31 14:58:29.885,1.1586,1.15895,1.00,10.30
2008.10.31 14:58:31.385,1.1586,1.1589,6.90,4.50
2008.10.31 14:58:34.505,1.1586,1.1589,12.90,4.50
2008.10.31 14:58:34.794,1.15865,1.15905,6.10,9.10
2008.10.31 14:58:34.964,1.15865,1.159,10.90,3.30
2008.10.31 14:58:35.304,1.15865,1.15895,10.90,3.30
2008.10.31 14:58:35.644,1.1586,1.1589,17.70,1.00
2008.10.31 14:58:35.934,1.1586,1.159,18.70,5.50
2008.10.31 14:58:36.214,1.1586,1.1589,18.70,1.00
2008.10.31 14:58:36.484,1.1586,1.1589,18.90,1.00
2008.10.31 14:58:37.074,1.1586,1.1589,14.10,1.00
2008.10.31 14:58:37.934,1.15865,1.1589,6.00,1.00
2008.10.31 14:58:38.283,1.15865,1.159,6.00,9.10
2008.10.31 14:58:38.463,1.1586,1.15895,13.50,4.30
2008.10.31 14:58:38.883,1.1586,1.15895,14.10,5.50
2008.10.31 14:58:39.403,1.1586,1.15895,13.50,4.30
2008.10.31 14:58:39.863,1.1586,1.15895,13.90,5.50
2008.10.31 14:58:40.313,1.1586,1.1589,13.90,1.00
2008.10.31 14:58:42.162,1.1586,1.1589,18.70,1.00
2008.10.31 14:58:42.682,1.15865,1.15905,12.10,9.10
2008.10.31 14:58:42.962,1.15865,1.159,16.90,3.30
2008.10.31 14:58:43.842,1.15875,1.1591,6.10,10.30
2008.10.31 14:58:44.193,1.1588,1.15905,6.10,1.00
2008.10.31 14:58:44.362,1.1588,1.15905,6.10,1.00
2008.10.31 14:58:44.592,1.1588,1.15905,6.10,1.00
2008.10.31 14:58:45.172,1.1588,1.15905,10.90,1.00
2008.10.31 14:58:48.131,1.1588,1.15905,10.90,1.00
2008.10.31 14:58:48.411,1.1588,1.15915,10.90,5.50
2008.10.31 14:58:48.931,1.1588,1.1591,11.70,1.00
2008.10.31 14:58:51.500,1.15885,1.1591,6.10,1.00
2008.10.31 14:58:53.820,1.1589,1.1591,6.10,1.00
2008.10.31 14:58:54.100,1.1589,1.1591,6.90,1.00
2008.10.31 14:58:54.530,1.15895,1.1591,1.00,1.00
2008.10.31 14:58:55.579,1.159,1.15925,1.00,5.50
2008.10.31 14:58:56.499,1.159,1.15915,1.00,3.30
2008.10.31 14:58:56.849,1.159,1.15925,12.90,7.00
2008.10.31 14:58:57.199,1.15905,1.1592,6.00,1.00
2008.10.31 14:58:57.439,1.1591,1.15945,7.80,10.30
2008.10.31 14:58:57.679,1.1591,1.1594,8.40,3.30
2008.10.31 14:58:58.009,1.1591,1.1594,7.30,3.30
2008.10.31 14:58:58.418,1.1591,1.1594,1.00,4.30
2008.10.31 14:58:59.009,1.1592,1.1594,1.00,1.00
2008.10.31 14:59:00.288,1.1592,1.1594,7.50,1.00
2008.10.31 14:59:00.578,1.1593,1.1595,1.00,1.00
2008.10.31 14:59:00.918,1.1593,1.1595,1.00,1.00
2008.10.31 14:59:03.077,1.1592,1.15945,8.40,4.30
2008.10.31 14:59:03.238,1.1592,1.15945,1.80,4.30
2008.10.31 14:59:03.467,1.1592,1.15945,1.00,4.30
2008.10.31 14:59:03.768,1.1592,1.15945,1.00,4.30
2008.10.31 14:59:04.057,1.1592,1.15945,8.40,4.30
2008.10.31 14:59:04.727,1.1592,1.15945,7.20,4.30
2008.10.31 14:59:05.017,1.1592,1.15945,7.30,4.30
2008.10.31 14:59:05.587,1.1592,1.1594,1.00,3.30
2008.10.31 14:59:05.868,1.1591,1.1594,13.30,4.30
2008.10.31 14:59:06.167,1.1591,1.1594,1.00,4.30
2008.10.31 14:59:06.397,1.1591,1.1593,1.00,3.30
2008.10.31 14:59:06.627,1.159,1.15925,1.00,3.30
2008.10.31 14:59:06.866,1.15895,1.1592,7.80,3.30
2008.10.31 14:59:07.457,1.1589,1.15915,8.40,3.30
2008.10.31 14:59:07.866,1.1589,1.15915,1.00,3.30
2008.10.31 14:59:08.206,1.1589,1.15915,1.00,3.30
2008.10.31 14:59:09.246,1.15895,1.15925,7.90,5.80
2008.10.31 14:59:09.536,1.15895,1.15915,15.10,1.00
2008.10.31 14:59:09.886,1.15905,1.15915,1.00,1.00
2008.10.31 14:59:10.126,1.15895,1.15915,1.00,1.00
2008.10.31 14:59:10.426,1.15895,1.15915,1.00,1.00
2008.10.31 14:59:10.876,1.1589,1.1591,1.00,4.30
2008.10.31 14:59:11.266,1.1589,1.1591,1.00,1.00
2008.10.31 14:59:11.766,1.1589,1.1592,1.00,4.30
2008.10.31 14:59:12.175,1.1589,1.15915,6.60,1.00
2008.10.31 14:59:12.685,1.159,1.15915,1.80,1.00
2008.10.31 14:59:13.035,1.159,1.1594,19.30,4.30
2008.10.31 14:59:13.445,1.1591,1.15935,1.00,1.00
2008.10.31 14:59:14.495,1.15925,1.15935,1.00,4.30
2008.10.31 14:59:14.905,1.15925,1.15945,1.00,5.80
2008.10.31 14:59:15.255,1.15925,1.15935,1.00,1.00
2008.10.31 14:59:15.605,1.1593,1.1595,1.00,4.30
2008.10.31 14:59:15.954,1.1593,1.15935,1.00,1.00
2008.10.31 14:59:17.764,1.1593,1.1595,1.00,4.30
2008.10.31 14:59:18.274,1.1593,1.15945,1.30,1.00
2008.10.31 14:59:18.584,1.1593,1.15945,1.00,1.00
2008.10.31 14:59:18.924,1.1593,1.1594,1.00,1.00
2008.10.31 14:59:19.204,1.15935,1.1594,6.00,1.00
2008.10.31 14:59:21.163,1.15935,1.1595,6.00,1.00
2008.10.31 14:59:21.573,1.15935,1.15945,7.80,1.00
2008.10.31 14:59:21.933,1.1593,1.1594,2.40,1.00
2008.10.31 14:59:22.273,1.1592,1.15935,1.00,1.00
2008.10.31 14:59:22.793,1.15895,1.1593,11.70,1.00
2008.10.31 14:59:23.243,1.15895,1.1592,11.70,1.00
2008.10.31 14:59:23.533,1.15895,1.1591,4.80,1.00
2008.10.31 14:59:23.983,1.15895,1.1591,10.90,1.00
2008.10.31 14:59:24.342,1.15915,1.1592,1.80,1.30
2008.10.31 14:59:24.572,1.15915,1.15955,1.20,4.50
2008.10.31 14:59:24.883,1.159,1.15945,5.40,4.30
2008.10.31 14:59:25.242,1.159,1.15945,1.00,4.50
2008.10.31 14:59:25.542,1.159,1.1593,13.20,3.30
2008.10.31 14:59:25.892,1.159,1.15925,8.50,3.30
2008.10.31 14:59:26.862,1.1591,1.15935,2.40,9.10
2008.10.31 14:59:27.322,1.1591,1.15925,2.40,1.00
2008.10.31 14:59:29.471,1.1591,1.15925,8.40,1.00
2008.10.31 14:59:29.761,1.1591,1.15925,7.20,1.00
2008.10.31 14:59:29.981,1.15915,1.15925,6.60,1.00
2008.10.31 14:59:30.461,1.15915,1.15935,6.00,4.30
2008.10.31 14:59:30.811,1.15915,1.1593,1.00,1.00
2008.10.31 14:59:31.351,1.1591,1.1594,6.60,9.10
2008.10.31 14:59:32.091,1.1591,1.1593,6.60,1.00
2008.10.31 14:59:32.870,1.1591,1.1594,6.60,9.10
2008.10.31 14:59:33.500,1.1591,1.15935,7.20,4.30
2008.10.31 14:59:33.780,1.1592,1.15945,1.30,9.10
2008.10.31 14:59:34.140,1.1592,1.15945,7.30,8.10
2008.10.31 14:59:34.500,1.1593,1.15945,6.00,3.30
2008.10.31 14:59:34.800,1.15935,1.1596,6.00,8.10
2008.10.31 14:59:35.030,1.15935,1.1596,6.00,3.30
2008.10.31 14:59:35.370,1.15935,1.1596,6.00,4.30
2008.10.31 14:59:35.770,1.15935,1.15955,6.00,1.00
2008.10.31 14:59:36.120,1.1594,1.15955,6.60,1.00
2008.10.31 14:59:36.659,1.15945,1.15965,6.60,1.00
2008.10.31 14:59:37.069,1.1595,1.15965,1.00,1.00
2008.10.31 14:59:37.419,1.15955,1.1598,6.00,9.10
2008.10.31 14:59:37.829,1.1595,1.15975,12.70,1.00
2008.10.31 14:59:38.299,1.15945,1.15965,11.40,1.00
2008.10.31 14:59:38.709,1.15945,1.15965,1.00,1.00
2008.10.31 14:59:39.039,1.15935,1.15955,4.80,1.00
2008.10.31 14:59:39.389,1.15925,1.15945,1.20,3.30
2008.10.31 14:59:40.029,1.15925,1.15945,1.80,3.30
2008.10.31 14:59:41.618,1.1594,1.1596,1.00,5.80
2008.10.31 14:59:42.118,1.1594,1.1596,1.00,1.00
2008.10.31 14:59:42.418,1.15945,1.1597,1.00,4.40
2008.10.31 14:59:42.978,1.1595,1.15965,1.00,1.00
2008.10.31 14:59:43.398,1.1594,1.1596,1.00,4.30
2008.10.31 14:59:43.788,1.1594,1.1596,1.00,9.10
2008.10.31 14:59:44.097,1.1592,1.1595,4.20,3.30
2008.10.31 14:59:44.308,1.15915,1.15945,1.80,3.30
2008.10.31 14:59:47.528,1.1592,1.1594,1.00,3.30
2008.10.31 14:59:47.877,1.1592,1.1594,1.00,4.30
2008.10.31 14:59:48.337,1.1591,1.1593,14.10,1.00
2008.10.31 14:59:48.677,1.1591,1.1593,1.80,1.00
2008.10.31 14:59:49.496,1.1591,1.1593,1.80,2.10
2008.10.31 14:59:50.146,1.15885,1.1592,1.80,3.30
2008.10.31 14:59:50.546,1.1589,1.1592,1.00,4.30
2008.10.31 14:59:52.196,1.159,1.1592,8.10,1.00
2008.10.31 14:59:52.476,1.159,1.1592,14.10,1.00
2008.10.31 14:59:53.655,1.159,1.1592,1.00,4.30
2008.10.31 14:59:54.105,1.1589,1.1592,1.80,4.30
2008.10.31 14:59:54.585,1.1589,1.15915,1.80,3.30
2008.10.31 14:59:55.285,1.1589,1.15915,7.80,3.30
2008.10.31 14:59:57.005,1.15895,1.15925,1.00,10.20
2008.10.31 14:59:57.354,1.15895,1.15915,1.00,3.30
2008.10.31 14:59:57.774,1.159,1.15925,6.10,6.90
2008.10.31 14:59:58.184,1.159,1.1592,14.10,1.00
2008.10.31 14:59:58.584,1.159,1.1592,7.80,1.00
2008.10.31 14:59:59.554,1.15895,1.1592,10.90,1.00
