2013.03.19 18:00:00.670,0.9479,0.94803,1.50,3.00
2013.03.19 18:00:00.738,0.94791,0.94804,1.58,2.25
2013.03.19 18:00:00.799,0.94792,0.94804,1.50,2.25
2013.03.19 18:00:01.038,0.94795,0.94806,2.25,5.25
2013.03.19 18:00:01.747,0.94795,0.94806,2.25,3.00
2013.03.19 18:00:01.961,0.94797,0.94807,1.50,1.50
2013.03.19 18:00:02.158,0.94798,0.94809,3.98,1.50
2013.03.19 18:00:02.279,0.94803,0.94812,1.50,3.75
2013.03.19 18:00:02.638,0.94805,0.94818,2.63,1.50
2013.03.19 18:00:02.821,0.94805,0.94818,2.25,1.50
2013.03.19 18:00:03.379,0.94805,0.94822,2.25,4.50
2013.03.19 18:00:03.450,0.94806,0.9482,1.50,3.00
2013.03.19 18:00:04.039,0.94808,0.9482,1.50,3.00
2013.03.19 18:00:04.160,0.94809,0.94821,1.50,2.25
2013.03.19 18:00:04.708,0.94808,0.94821,1.50,2.25
2013.03.19 18:00:05.318,0.94808,0.94821,1.50,3.00
2013.03.19 18:00:05.860,0.94806,0.94821,1.50,2.25
2013.03.19 18:00:05.993,0.94811,0.94821,1.50,2.25
2013.03.19 18:00:06.300,0.94813,0.94822,1.50,3.00
2013.03.19 18:00:06.670,0.94816,0.94825,1.50,2.25
2013.03.19 18:00:06.919,0.94815,0.94829,1.50,1.50
2013.03.19 18:00:07.468,0.94816,0.94831,1.50,1.50
2013.03.19 18:00:09.389,0.94815,0.9483,1.50,1.50
2013.03.19 18:00:10.557,0.94815,0.9483,1.50,1.50
2013.03.19 18:00:11.095,0.94817,0.94831,1.50,3.75
2013.03.19 18:00:11.220,0.9482,0.94831,1.50,3.00
2013.03.19 18:00:11.712,0.94818,0.94831,4.50,1.50
2013.03.19 18:00:11.779,0.94818,0.94833,4.50,1.50
2013.03.19 18:00:12.359,0.94818,0.94833,2.25,2.25
2013.03.19 18:00:12.728,0.94821,0.94835,2.85,1.88
2013.03.19 18:00:13.470,0.94821,0.94835,2.10,1.13
2013.03.19 18:00:13.541,0.94819,0.94834,3.98,2.25
2013.03.19 18:00:14.281,0.94819,0.94833,2.48,3.00
2013.03.19 18:00:14.888,0.94817,0.94833,1.50,4.50
2013.03.19 18:00:15.427,0.94818,0.94833,1.50,3.75
2013.03.19 18:00:15.857,0.94815,0.94832,2.85,1.50
2013.03.19 18:00:15.928,0.94814,0.94831,4.20,1.50
2013.03.19 18:00:15.998,0.94814,0.94828,2.25,1.50
2013.03.19 18:00:16.479,0.94819,0.94828,1.50,2.25
2013.03.19 18:00:16.789,0.94817,0.94832,2.25,3.00
2013.03.19 18:00:16.979,0.94816,0.94832,1.50,6.00
2013.03.19 18:00:17.049,0.94816,0.94832,1.50,4.50
2013.03.19 18:00:17.629,0.94814,0.94831,1.73,1.50
2013.03.19 18:00:18.179,0.94814,0.94831,2.25,1.50
2013.03.19 18:00:19.024,0.94815,0.94832,1.50,6.00
2013.03.19 18:00:19.221,0.94815,0.94831,1.50,1.13
2013.03.19 18:00:19.738,0.94815,0.94831,2.25,3.00
2013.03.19 18:00:20.319,0.94813,0.9483,3.23,3.00
2013.03.19 18:00:20.379,0.94812,0.94829,3.08,1.50
2013.03.19 18:00:20.559,0.94811,0.94827,2.25,3.00
2013.03.19 18:00:21.170,0.94812,0.94826,1.50,2.25
2013.03.19 18:00:21.479,0.94814,0.9483,1.50,2.25
2013.03.19 18:00:22.422,0.94812,0.9483,3.08,1.50
2013.03.19 18:00:23.049,0.94812,0.94826,1.50,2.25
2013.03.19 18:00:23.760,0.94812,0.94826,2.25,3.00
2013.03.19 18:00:24.130,0.94813,0.94828,1.73,3.75
2013.03.19 18:00:24.189,0.94815,0.94828,1.50,1.50
2013.03.19 18:00:24.712,0.94815,0.94831,1.50,4.13
2013.03.19 18:00:24.979,0.94815,0.94831,1.50,1.50
2013.03.19 18:00:25.799,0.94815,0.94832,1.50,1.88
2013.03.19 18:00:26.510,0.94815,0.94832,1.50,3.32
2013.03.19 18:00:26.882,0.94818,0.94831,1.35,1.88
2013.03.19 18:00:27.072,0.94819,0.94833,1.73,1.50
2013.03.19 18:00:27.319,0.94818,0.94833,2.10,1.88
2013.03.19 18:00:27.558,0.94817,0.94832,1.50,1.13
2013.03.19 18:00:29.278,0.94816,0.94831,2.25,2.25
2013.03.19 18:00:29.580,0.94816,0.94831,2.25,1.50
2013.03.19 18:00:29.650,0.94817,0.94831,1.50,1.50
2013.03.19 18:00:30.289,0.94817,0.94831,1.50,1.50
2013.03.19 18:00:30.809,0.94816,0.94831,2.25,1.50
2013.03.19 18:00:33.300,0.94816,0.94831,1.50,1.50
2013.03.19 18:00:33.849,0.94815,0.94832,1.65,2.25
2013.03.19 18:00:34.029,0.94815,0.9483,1.65,1.50
2013.03.19 18:00:35.028,0.94815,0.94831,1.65,1.50
2013.03.19 18:00:35.388,0.94818,0.94832,1.50,2.63
2013.03.19 18:00:35.692,0.9482,0.94833,1.50,2.25
2013.03.19 18:00:35.760,0.94819,0.94834,1.50,3.00
2013.03.19 18:00:36.308,0.9482,0.94836,1.50,4.88
2013.03.19 18:00:37.501,0.94821,0.94836,1.50,4.13
2013.03.19 18:00:37.631,0.94821,0.94836,2.33,3.38
2013.03.19 18:00:38.199,0.94821,0.94836,2.25,2.25
2013.03.19 18:00:38.679,0.9482,0.94835,1.50,1.50
2013.03.19 18:00:40.489,0.9482,0.94835,1.50,1.58
2013.03.19 18:00:41.029,0.94818,0.94833,1.73,1.88
2013.03.19 18:00:41.670,0.94817,0.94834,3.38,5.70
2013.03.19 18:00:41.802,0.94817,0.94833,1.13,3.03
2013.03.19 18:00:42.318,0.94817,0.94833,1.88,3.75
2013.03.19 18:00:43.099,0.94817,0.94833,1.88,2.25
2013.03.19 18:00:43.760,0.94816,0.9483,1.88,1.50
2013.03.19 18:00:44.352,0.94817,0.94832,1.65,1.88
2013.03.19 18:00:45.309,0.94817,0.94832,1.65,2.95
2013.03.19 18:00:45.848,0.94817,0.94831,1.65,1.50
2013.03.19 18:00:46.521,0.94815,0.94831,3.38,2.25
2013.03.19 18:00:46.589,0.94815,0.94829,2.25,2.25
2013.03.19 18:00:47.129,0.94816,0.94829,1.50,2.25
2013.03.19 18:00:47.680,0.94815,0.94829,2.10,3.75
2013.03.19 18:00:48.189,0.94815,0.94829,2.25,1.50
2013.03.19 18:00:48.728,0.94815,0.94829,2.25,1.50
2013.03.19 18:00:49.279,0.94815,0.94829,2.25,1.50
2013.03.19 18:00:49.458,0.94815,0.94829,2.25,1.50
2013.03.19 18:00:49.930,0.94818,0.9483,1.50,3.00
2013.03.19 18:00:50.001,0.94816,0.9483,1.50,1.50
2013.03.19 18:00:50.771,0.94815,0.94828,1.50,1.50
2013.03.19 18:00:54.105,0.94815,0.94829,1.50,3.00
2013.03.19 18:00:54.420,0.94815,0.94829,2.25,3.00
2013.03.19 18:00:54.610,0.94819,0.9483,1.50,1.50
2013.03.19 18:00:54.680,0.94819,0.94832,1.50,2.65
2013.03.19 18:00:55.230,0.94819,0.94832,1.50,2.63
2013.03.19 18:00:56.061,0.94817,0.94832,1.50,4.84
2013.03.19 18:00:57.159,0.94816,0.9483,2.10,1.50
2013.03.19 18:00:58.089,0.94816,0.94829,1.50,3.00
2013.03.19 18:00:58.920,0.94813,0.94829,2.85,3.75
2013.03.19 18:00:59.170,0.94813,0.94827,1.50,1.50
2013.03.19 18:00:59.529,0.94809,0.94824,2.25,2.25
2013.03.19 18:01:00.082,0.94809,0.94824,2.25,3.75
2013.03.19 18:01:00.150,0.94808,0.94823,2.63,1.50
2013.03.19 18:01:00.710,0.94808,0.94822,2.25,1.50
2013.03.19 18:01:01.383,0.94809,0.94823,1.50,2.28
2013.03.19 18:01:01.569,0.9481,0.94824,1.50,5.25
2013.03.19 18:01:02.075,0.9481,0.94824,1.50,3.00
2013.03.19 18:01:03.681,0.9481,0.94824,1.50,3.00
2013.03.19 18:01:04.121,0.94808,0.94823,2.25,3.30
2013.03.19 18:01:05.024,0.94808,0.94822,2.25,1.50
2013.03.19 18:01:06.969,0.94808,0.94823,2.25,1.13
2013.03.19 18:01:12.330,0.94808,0.94824,2.25,5.25
2013.03.19 18:01:13.509,0.94808,0.94824,2.25,4.88
2013.03.19 18:01:14.060,0.94808,0.94824,1.50,6.32
2013.03.19 18:01:14.250,0.94808,0.94822,1.50,2.25
2013.03.19 18:01:14.880,0.94804,0.94818,1.73,1.13
2013.03.19 18:01:14.939,0.94802,0.94819,1.50,2.78
2013.03.19 18:01:15.060,0.94801,0.94815,2.25,1.82
2013.03.19 18:01:15.191,0.94801,0.94814,1.50,1.50
2013.03.19 18:01:15.894,0.94799,0.94814,1.50,2.28
2013.03.19 18:01:16.440,0.94798,0.94813,1.50,1.50
2013.03.19 18:01:23.495,0.94799,0.94814,1.50,2.25
2013.03.19 18:01:24.038,0.94798,0.94815,4.73,1.58
2013.03.19 18:01:24.584,0.94798,0.94815,5.25,1.58
2013.03.19 18:01:25.231,0.94798,0.94815,3.00,2.33
2013.03.19 18:01:25.910,0.94798,0.94815,3.00,2.33
2013.03.19 18:01:26.828,0.94798,0.94815,3.23,4.50
2013.03.19 18:01:26.913,0.94797,0.94814,1.65,4.50
2013.03.19 18:01:27.430,0.94797,0.94813,1.65,3.75
2013.03.19 18:01:29.881,0.94797,0.94813,1.65,3.00
2013.03.19 18:01:31.342,0.94796,0.94812,1.50,2.25
2013.03.19 18:01:31.471,0.94798,0.94812,1.50,1.50
2013.03.19 18:01:31.660,0.94798,0.94814,1.50,6.38
2013.03.19 18:01:31.970,0.94802,0.94813,1.50,1.50
2013.03.19 18:01:32.331,0.94802,0.94814,2.63,1.13
2013.03.19 18:01:32.460,0.94802,0.94816,4.35,1.50
2013.03.19 18:01:32.588,0.94804,0.94818,1.58,1.50
2013.03.19 18:01:33.139,0.94804,0.94819,2.93,1.50
2013.03.19 18:01:34.950,0.94804,0.94819,1.58,2.25
2013.03.19 18:01:35.150,0.94805,0.94821,1.50,2.25
2013.03.19 18:01:35.777,0.94805,0.94821,1.50,1.50
2013.03.19 18:01:36.329,0.94803,0.94818,3.60,1.50
2013.03.19 18:01:37.014,0.94802,0.94818,3.60,2.25
2013.03.19 18:01:37.540,0.94804,0.94818,3.23,2.25
2013.03.19 18:01:37.899,0.94805,0.94821,1.50,5.25
2013.03.19 18:01:38.871,0.94804,0.94819,1.50,1.50
2013.03.19 18:01:39.421,0.94802,0.94818,3.23,2.25
2013.03.19 18:01:39.846,0.94802,0.94818,2.48,2.33
2013.03.19 18:01:39.911,0.94802,0.94817,1.73,1.20
2013.03.19 18:01:39.980,0.94802,0.94815,1.73,1.50
2013.03.19 18:01:40.291,0.94802,0.94813,1.50,1.65
2013.03.19 18:01:41.248,0.94801,0.94814,1.50,2.03
2013.03.19 18:01:41.880,0.94802,0.94814,1.50,2.03
2013.03.19 18:01:43.292,0.94802,0.94814,1.50,2.03
2013.03.19 18:01:43.738,0.94801,0.94814,1.50,3.00
2013.03.19 18:01:44.129,0.94799,0.94813,2.33,2.25
2013.03.19 18:01:44.195,0.94799,0.94812,1.73,1.50
2013.03.19 18:01:44.720,0.94798,0.9481,1.73,2.25
2013.03.19 18:01:46.111,0.94798,0.9481,1.73,2.63
2013.03.19 18:01:46.816,0.94798,0.9481,1.73,2.25
2013.03.19 18:01:47.459,0.94798,0.9481,1.73,1.50
2013.03.19 18:01:47.520,0.94798,0.94809,1.73,2.25
2013.03.19 18:01:47.639,0.94802,0.94808,1.50,1.50
2013.03.19 18:01:47.700,0.94802,0.9481,1.50,1.50
2013.03.19 18:01:47.819,0.94802,0.94813,1.50,3.00
2013.03.19 18:01:48.360,0.94801,0.94812,1.50,1.50
2013.03.19 18:01:53.802,0.94801,0.94813,1.50,1.50
2013.03.19 18:01:54.077,0.94802,0.94816,3.15,1.50
2013.03.19 18:01:54.629,0.94802,0.94818,2.25,3.75
2013.03.19 18:01:55.174,0.94802,0.94816,1.50,3.00
2013.03.19 18:01:56.944,0.94802,0.94815,1.50,2.25
2013.03.19 18:01:57.749,0.94801,0.94815,1.50,4.20
2013.03.19 18:01:59.180,0.94801,0.94815,1.50,1.50
2013.03.19 18:02:00.008,0.94801,0.94813,1.50,1.50
2013.03.19 18:02:01.037,0.94802,0.9481,1.50,1.50
2013.03.19 18:02:01.110,0.94799,0.9481,1.73,1.50
2013.03.19 18:02:01.172,0.94799,0.9481,1.50,1.50
2013.03.19 18:02:04.942,0.94799,0.94809,1.50,1.50
2013.03.19 18:02:05.012,0.94797,0.94809,2.10,1.50
2013.03.19 18:02:05.597,0.94796,0.94807,1.50,1.50
2013.03.19 18:02:05.660,0.94796,0.94807,1.50,1.50
2013.03.19 18:02:06.241,0.94796,0.94808,2.10,1.50
2013.03.19 18:02:06.672,0.94796,0.94806,1.50,1.43
2013.03.19 18:02:07.171,0.94793,0.94804,1.35,1.50
2013.03.19 18:02:07.238,0.94791,0.94804,2.03,1.50
2013.03.19 18:02:07.359,0.94789,0.94804,1.50,2.25
2013.03.19 18:02:07.852,0.94786,0.94803,1.35,3.00
2013.03.19 18:02:09.541,0.94788,0.94804,2.25,3.75
2013.03.19 18:02:09.852,0.94791,0.94806,3.00,3.00
2013.03.19 18:02:11.261,0.9479,0.94801,2.40,1.28
2013.03.19 18:02:11.573,0.94789,0.94795,1.88,1.13
2013.03.19 18:02:11.880,0.94786,0.94795,1.50,1.20
2013.03.19 18:02:12.000,0.94784,0.94795,3.60,1.20
2013.03.19 18:02:17.289,0.94787,0.94799,2.10,2.25
2013.03.19 18:02:17.351,0.94788,0.94799,1.35,2.25
2013.03.19 18:02:18.289,0.94788,0.94799,3.23,1.50
2013.03.19 18:02:19.060,0.94788,0.94799,2.48,1.50
2013.03.19 18:02:19.309,0.94785,0.94799,1.65,1.50
2013.03.19 18:02:19.490,0.94787,0.948,1.50,1.50
2013.03.19 18:02:20.039,0.94787,0.94801,1.50,3.38
2013.03.19 18:02:21.339,0.94785,0.948,4.65,1.50
2013.03.19 18:02:22.365,0.94785,0.94798,3.15,2.25
2013.03.19 18:02:22.670,0.94785,0.94798,3.15,3.00
2013.03.19 18:02:32.170,0.94784,0.94794,4.50,2.25
2013.03.19 18:02:32.729,0.94784,0.94795,4.35,1.20
2013.03.19 18:02:33.252,0.94784,0.94796,4.58,1.20
2013.03.19 18:02:34.540,0.94785,0.94797,1.50,2.25
2013.03.19 18:02:34.730,0.94786,0.94801,1.50,4.50
2013.03.19 18:02:35.231,0.94785,0.94798,2.63,3.00
2013.03.19 18:02:35.301,0.94785,0.94798,2.03,1.50
2013.03.19 18:02:36.068,0.94785,0.948,3.38,1.50
2013.03.19 18:02:36.735,0.94785,0.948,3.38,1.50
2013.03.19 18:02:37.469,0.94785,0.948,2.78,1.50
2013.03.19 18:02:39.110,0.94786,0.948,2.25,1.50
2013.03.19 18:02:39.659,0.94786,0.94802,3.00,2.25
2013.03.19 18:02:40.316,0.94786,0.94802,3.00,2.25
2013.03.19 18:02:40.810,0.94787,0.94801,1.50,2.25
2013.03.19 18:02:42.220,0.94786,0.948,3.00,1.50
2013.03.19 18:02:42.939,0.94786,0.948,3.00,1.50
2013.03.19 18:02:44.358,0.94786,0.948,3.00,1.50
2013.03.19 18:02:44.859,0.94787,0.94801,1.50,1.50
2013.03.19 18:02:45.460,0.94787,0.94801,1.50,1.50
2013.03.19 18:02:46.198,0.94787,0.94801,1.50,1.50
2013.03.19 18:02:46.700,0.94785,0.94799,2.40,2.25
2013.03.19 18:02:47.130,0.94786,0.948,2.25,1.50
2013.03.19 18:02:48.279,0.94786,0.94801,1.73,1.13
2013.03.19 18:02:49.153,0.94786,0.94802,3.23,2.25
2013.03.19 18:02:51.058,0.94786,0.94804,5.48,2.25
2013.03.19 18:02:52.370,0.94788,0.94804,2.63,2.25
2013.03.19 18:02:53.798,0.9479,0.94804,1.50,1.50
2013.03.19 18:02:55.631,0.94789,0.94802,1.50,2.25
2013.03.19 18:02:56.413,0.94789,0.94802,1.50,2.25
2013.03.19 18:02:56.959,0.94786,0.94801,1.50,2.25
2013.03.19 18:02:57.263,0.94786,0.94798,1.50,1.28
2013.03.19 18:02:57.630,0.94786,0.94795,2.25,1.20
2013.03.19 18:02:58.577,0.94785,0.94796,1.35,1.13
2013.03.19 18:02:59.529,0.94785,0.94796,1.35,1.28
2013.03.19 18:03:00.088,0.94785,0.94795,1.35,1.20
2013.03.19 18:03:04.271,0.94785,0.94798,2.85,1.50
2013.03.19 18:03:05.279,0.94787,0.94798,1.50,1.50
2013.03.19 18:03:06.029,0.94787,0.94798,2.25,1.50
2013.03.19 18:03:07.169,0.94785,0.94799,3.98,2.25
2013.03.19 18:03:07.229,0.94785,0.94797,2.63,1.50
2013.03.19 18:03:07.469,0.94783,0.94797,1.73,2.25
2013.03.19 18:03:07.529,0.94783,0.94795,1.73,1.50
2013.03.19 18:03:07.889,0.94783,0.94797,1.95,2.25
2013.03.19 18:03:09.411,0.94785,0.94799,1.65,2.25
2013.03.19 18:03:09.840,0.94786,0.94803,3.90,4.50
2013.03.19 18:03:09.962,0.94786,0.94803,2.40,3.75
2013.03.19 18:03:10.331,0.94785,0.94799,1.50,1.50
2013.03.19 18:03:11.336,0.94783,0.94799,2.48,3.38
2013.03.19 18:03:11.889,0.94781,0.94796,3.00,2.20
2013.03.19 18:03:12.071,0.94778,0.94796,2.63,4.45
2013.03.19 18:03:12.682,0.94784,0.94794,1.50,1.13
2013.03.19 18:03:13.230,0.94783,0.94796,3.75,2.57
2013.03.19 18:03:13.620,0.94784,0.94796,1.50,1.13
2013.03.19 18:03:14.041,0.94786,0.94799,2.70,1.88
2013.03.19 18:03:14.349,0.94787,0.948,1.73,2.25
2013.03.19 18:03:15.519,0.94786,0.948,6.98,1.50
2013.03.19 18:03:15.913,0.94788,0.94803,1.50,2.25
2013.03.19 18:03:16.041,0.94787,0.94804,5.03,2.25
2013.03.19 18:03:17.151,0.94793,0.94804,1.50,1.50
2013.03.19 18:03:17.221,0.94793,0.94805,3.00,1.50
2013.03.19 18:03:17.350,0.94793,0.94806,4.73,3.00
2013.03.19 18:03:18.590,0.94794,0.94808,3.00,1.50
2013.03.19 18:03:24.342,0.94793,0.94806,1.50,1.50
2013.03.19 18:03:24.970,0.94793,0.94808,3.00,2.25
2013.03.19 18:03:27.848,0.94794,0.94808,1.73,2.25
2013.03.19 18:03:27.970,0.94793,0.94808,3.98,1.50
2013.03.19 18:03:28.409,0.94793,0.94807,3.00,1.50
2013.03.19 18:03:29.338,0.94793,0.94808,4.73,2.25
2013.03.19 18:03:29.979,0.94793,0.94808,4.73,1.50
2013.03.19 18:03:30.038,0.94793,0.94809,4.73,3.75
2013.03.19 18:03:30.722,0.94794,0.94808,3.23,1.50
2013.03.19 18:03:31.279,0.94794,0.94809,3.00,3.00
2013.03.19 18:03:32.818,0.94793,0.94808,2.48,1.50
2013.03.19 18:03:33.402,0.94794,0.94808,1.50,1.50
2013.03.19 18:03:34.680,0.94795,0.94809,1.50,3.75
2013.03.19 18:03:35.185,0.94794,0.94808,2.25,1.50
2013.03.19 18:03:35.690,0.94794,0.94808,3.23,1.50
2013.03.19 18:03:36.749,0.94795,0.94808,1.73,1.50
2013.03.19 18:03:36.929,0.94794,0.94808,2.85,2.25
2013.03.19 18:03:37.529,0.94794,0.94808,2.85,3.00
2013.03.19 18:03:38.198,0.94794,0.94808,2.10,3.00
2013.03.19 18:03:38.629,0.94794,0.94808,2.10,2.25
2013.03.19 18:03:39.229,0.94794,0.94808,3.00,3.00
2013.03.19 18:03:44.709,0.94793,0.94808,3.00,4.50
2013.03.19 18:03:45.308,0.94794,0.94808,3.00,3.75
2013.03.19 18:03:45.838,0.94795,0.94808,1.73,1.50
2013.03.19 18:03:46.598,0.94794,0.94808,2.48,1.50
2013.03.19 18:03:47.110,0.94794,0.94808,1.95,1.50
2013.03.19 18:03:47.420,0.94795,0.94807,1.73,2.25
2013.03.19 18:03:48.934,0.94794,0.94808,1.50,3.00
2013.03.19 18:03:49.989,0.94794,0.94808,2.25,3.75
2013.03.19 18:03:51.119,0.94794,0.94808,2.25,3.00
2013.03.19 18:03:52.918,0.94794,0.94808,1.50,2.25
2013.03.19 18:03:54.809,0.94793,0.94808,1.50,3.00
2013.03.19 18:03:55.649,0.94793,0.94808,1.50,3.00
2013.03.19 18:03:59.360,0.94793,0.94808,1.50,3.00
2013.03.19 18:03:59.975,0.94792,0.94806,3.75,1.45
2013.03.19 18:04:00.042,0.94792,0.94806,2.25,1.05
2013.03.19 18:04:00.363,0.94789,0.94803,1.95,1.50
2013.03.19 18:04:00.490,0.94788,0.94803,2.70,3.00
2013.03.19 18:04:01.466,0.94787,0.94803,3.30,3.00
2013.03.19 18:04:02.241,0.94787,0.94803,3.30,3.00
2013.03.19 18:04:02.608,0.94787,0.94803,3.30,2.25
2013.03.19 18:04:03.245,0.94787,0.94803,4.80,2.25
2013.03.19 18:04:03.389,0.94787,0.94803,4.05,3.75
2013.03.19 18:04:04.259,0.94787,0.94803,2.55,3.00
2013.03.19 18:04:12.690,0.94787,0.94803,2.55,3.00
2013.03.19 18:04:15.400,0.94787,0.94803,2.55,3.00
2013.03.19 18:04:17.464,0.94786,0.94803,3.68,3.00
2013.03.19 18:04:18.859,0.94786,0.94803,3.68,3.00
2013.03.19 18:04:23.629,0.94787,0.94803,2.10,3.00
2013.03.19 18:04:25.858,0.94787,0.94803,2.10,3.75
2013.03.19 18:04:26.399,0.94787,0.94801,1.88,1.50
2013.03.19 18:04:27.409,0.94787,0.94802,1.88,1.50
2013.03.19 18:04:28.289,0.94787,0.94802,1.88,1.50
2013.03.19 18:04:29.218,0.94787,0.94802,1.13,1.50
2013.03.19 18:04:29.796,0.94788,0.94802,1.73,1.50
2013.03.19 18:04:32.497,0.94789,0.94802,1.73,1.50
2013.03.19 18:04:33.182,0.94785,0.94798,1.35,1.50
2013.03.19 18:04:33.495,0.94785,0.94797,1.13,3.00
2013.03.19 18:04:34.850,0.94785,0.94798,1.13,1.50
2013.03.19 18:04:40.349,0.94786,0.94798,1.88,1.50
2013.03.19 18:04:44.269,0.94786,0.94798,1.13,1.50
2013.03.19 18:04:44.809,0.94784,0.94797,3.90,1.50
2013.03.19 18:04:46.909,0.94785,0.94797,1.65,1.50
2013.03.19 18:04:47.211,0.94784,0.94797,5.63,1.50
2013.03.19 18:04:47.342,0.94784,0.94797,2.25,1.50
2013.03.19 18:04:47.890,0.94784,0.94795,1.35,3.00
2013.03.19 18:04:48.719,0.94784,0.94795,1.58,3.00
2013.03.19 18:04:49.019,0.94783,0.94794,2.48,1.50
2013.03.19 18:04:50.980,0.94784,0.94796,3.68,1.50
2013.03.19 18:04:54.601,0.94784,0.94796,1.95,2.25
2013.03.19 18:04:58.899,0.94784,0.94796,2.33,2.25
2013.03.19 18:04:59.783,0.94784,0.94796,3.08,3.00
2013.03.19 18:05:00.329,0.94784,0.94795,1.73,1.50
2013.03.19 18:05:00.879,0.94784,0.94794,1.50,2.25
2013.03.19 18:05:01.013,0.94781,0.94792,2.85,2.25
2013.03.19 18:05:01.261,0.94778,0.9479,3.00,1.50
2013.03.19 18:05:01.321,0.94777,0.9479,1.50,3.37
2013.03.19 18:05:01.390,0.94772,0.94789,2.48,1.50
2013.03.19 18:05:02.140,0.94771,0.94789,2.48,1.50
2013.03.19 18:05:02.789,0.94774,0.94789,1.50,1.50
2013.03.19 18:05:04.189,0.94773,0.94789,1.50,1.50
2013.03.19 18:05:04.850,0.94773,0.94789,2.25,1.50
2013.03.19 18:05:05.959,0.94772,0.94789,2.25,1.50
2013.03.19 18:05:08.008,0.94773,0.94788,1.50,2.25
2013.03.19 18:05:13.443,0.94773,0.94788,2.25,2.25
2013.03.19 18:05:13.998,0.94774,0.94788,1.50,1.50
2013.03.19 18:05:14.760,0.94774,0.94788,1.50,1.50
2013.03.19 18:05:14.949,0.94777,0.94788,1.50,1.50
2013.03.19 18:05:15.561,0.94776,0.94789,1.50,1.50
2013.03.19 18:05:17.500,0.94776,0.94789,2.25,1.50
2013.03.19 18:05:23.597,0.94779,0.94793,1.50,1.50
2013.03.19 18:05:23.812,0.94779,0.94794,3.00,3.38
2013.03.19 18:05:27.033,0.9478,0.94793,2.25,1.13
2013.03.19 18:05:27.233,0.94782,0.94794,2.25,1.50
2013.03.19 18:05:27.607,0.94782,0.94796,3.00,1.50
2013.03.19 18:05:28.207,0.94782,0.94796,1.50,1.88
2013.03.19 18:05:30.049,0.94782,0.94797,2.25,2.63
2013.03.19 18:05:31.408,0.94782,0.94797,2.25,2.63
2013.03.19 18:05:35.060,0.94782,0.94797,2.25,3.38
2013.03.19 18:05:35.662,0.94783,0.94796,1.50,1.50
2013.03.19 18:05:36.165,0.94783,0.94796,2.25,1.50
2013.03.19 18:05:36.289,0.94783,0.94797,2.25,1.88
2013.03.19 18:05:36.601,0.94783,0.94797,2.25,1.50
2013.03.19 18:05:36.731,0.94787,0.948,3.00,3.00
2013.03.19 18:05:37.149,0.94788,0.94801,3.00,1.50
2013.03.19 18:05:37.269,0.94789,0.94802,2.25,1.50
2013.03.19 18:05:38.021,0.94789,0.94803,1.50,1.50
2013.03.19 18:05:42.689,0.94789,0.94803,1.50,1.50
2013.03.19 18:05:43.280,0.94789,0.94803,1.50,1.50
2013.03.19 18:05:44.849,0.94789,0.94803,1.50,1.50
2013.03.19 18:05:45.899,0.94788,0.94803,1.50,1.50
2013.03.19 18:05:46.408,0.94788,0.94803,1.50,3.00
2013.03.19 18:05:47.538,0.94788,0.94803,1.50,3.00
2013.03.19 18:05:48.649,0.94788,0.94803,1.50,3.00
2013.03.19 18:05:50.040,0.94788,0.94802,3.00,1.50
2013.03.19 18:05:50.572,0.94789,0.94802,2.25,1.50
2013.03.19 18:05:50.948,0.94789,0.94802,1.50,1.50
2013.03.19 18:05:52.400,0.94789,0.94802,3.00,1.50
2013.03.19 18:05:54.288,0.94789,0.94802,1.50,1.50
2013.03.19 18:05:54.989,0.94788,0.94801,3.00,1.50
2013.03.19 18:05:55.372,0.94788,0.94801,3.00,1.50
2013.03.19 18:05:59.999,0.94786,0.948,1.65,1.50
2013.03.19 18:06:00.557,0.94786,0.94799,1.65,1.50
2013.03.19 18:06:01.549,0.94786,0.948,1.65,3.00
2013.03.19 18:06:04.182,0.94786,0.94799,1.65,3.00
2013.03.19 18:06:04.810,0.94784,0.94793,2.25,1.50
2013.03.19 18:06:04.887,0.94786,0.948,1.50,2.25
2013.03.19 18:06:05.010,0.94784,0.948,3.00,2.25
2013.03.19 18:06:05.130,0.94785,0.94799,2.40,1.50
2013.03.19 18:06:06.181,0.94786,0.94799,3.00,1.50
2013.03.19 18:06:11.662,0.94786,0.94799,3.75,1.50
2013.03.19 18:06:12.889,0.94787,0.948,1.50,1.50
2013.03.19 18:06:18.089,0.94787,0.948,1.50,1.50
2013.03.19 18:06:25.440,0.94786,0.948,3.90,2.25
2013.03.19 18:06:25.801,0.9479,0.948,1.50,1.50
2013.03.19 18:06:31.710,0.9479,0.948,1.50,1.50
2013.03.19 18:06:34.721,0.94791,0.94801,2.25,2.25
2013.03.19 18:06:34.910,0.94789,0.948,2.25,2.25
2013.03.19 18:06:35.497,0.94788,0.948,1.50,1.50
2013.03.19 18:06:41.549,0.94789,0.94799,1.50,1.50
2013.03.19 18:06:41.670,0.9479,0.948,1.50,1.50
2013.03.19 18:06:42.256,0.9479,0.94802,1.50,3.00
2013.03.19 18:06:45.559,0.94789,0.94802,2.25,3.00
2013.03.19 18:06:46.226,0.94789,0.94802,1.50,3.75
2013.03.19 18:06:47.521,0.94789,0.94802,1.50,3.00
2013.03.19 18:06:47.590,0.94789,0.94802,1.50,3.00
2013.03.19 18:06:47.890,0.94791,0.94806,2.25,7.13
2013.03.19 18:06:48.429,0.94792,0.94805,1.50,2.97
2013.03.19 18:06:53.639,0.94791,0.94805,1.50,1.13
2013.03.19 18:07:13.331,0.94791,0.94806,3.00,4.13
2013.03.19 18:07:13.400,0.94793,0.94806,1.50,3.00
2013.03.19 18:07:13.580,0.94793,0.94808,1.50,3.00
2013.03.19 18:07:17.949,0.94794,0.94808,2.40,1.50
2013.03.19 18:07:26.330,0.94793,0.94808,3.38,1.50
2013.03.19 18:07:27.370,0.94793,0.94808,3.38,1.50
2013.03.19 18:07:27.931,0.94793,0.94808,4.13,1.50
2013.03.19 18:07:30.560,0.94793,0.94808,1.73,1.50
2013.03.19 18:07:30.681,0.94791,0.94806,2.40,2.25
2013.03.19 18:07:36.226,0.94791,0.94806,1.65,1.50
2013.03.19 18:07:37.670,0.94788,0.94805,2.85,3.00
2013.03.19 18:07:43.999,0.94788,0.94805,2.10,5.22
2013.03.19 18:07:44.549,0.94788,0.94804,1.35,2.25
2013.03.19 18:07:45.210,0.94788,0.94804,2.10,2.25
2013.03.19 18:07:47.042,0.94788,0.94802,2.10,1.50
2013.03.19 18:07:48.193,0.94788,0.94802,2.10,1.50
2013.03.19 18:07:54.849,0.94786,0.94802,2.70,5.25
2013.03.19 18:07:54.909,0.94786,0.948,1.65,1.50
2013.03.19 18:07:55.029,0.94786,0.94799,1.13,1.50
2013.03.19 18:07:55.540,0.94785,0.94799,2.63,1.50
2013.03.19 18:08:02.992,0.94785,0.94799,3.23,1.50
2013.03.19 18:08:03.539,0.94788,0.94799,1.50,1.50
2013.03.19 18:08:04.085,0.94786,0.94799,1.50,1.50
2013.03.19 18:08:07.329,0.94787,0.94799,2.85,1.50
2013.03.19 18:08:07.878,0.94787,0.94799,2.85,1.50
2013.03.19 18:08:10.631,0.94787,0.94801,2.85,3.75
2013.03.19 18:08:10.979,0.94787,0.948,2.85,1.50
2013.03.19 18:08:14.962,0.94787,0.94801,2.10,2.25
2013.03.19 18:08:17.589,0.94787,0.94799,1.50,1.50
2013.03.19 18:08:18.155,0.94785,0.94798,1.13,2.25
2013.03.19 18:08:23.820,0.94784,0.94795,1.35,1.50
2013.03.19 18:08:24.000,0.94785,0.94797,1.13,1.50
2013.03.19 18:08:31.372,0.94783,0.94797,5.93,1.50
2013.03.19 18:08:31.501,0.94782,0.94795,3.45,1.50
2013.03.19 18:08:31.689,0.94784,0.94797,1.35,2.25
2013.03.19 18:08:32.171,0.94783,0.94796,2.25,1.13
2013.03.19 18:08:32.486,0.94782,0.94792,3.00,4.13
2013.03.19 18:08:32.627,0.9478,0.94791,2.48,1.50
2013.03.19 18:08:32.990,0.94782,0.94792,3.00,3.00
2013.03.19 18:08:33.051,0.94783,0.94792,1.65,2.25
2013.03.19 18:08:33.171,0.94782,0.94789,2.25,1.50
2013.03.19 18:08:33.300,0.94779,0.94788,3.75,2.25
2013.03.19 18:08:33.360,0.94779,0.94788,5.25,1.50
2013.03.19 18:08:33.481,0.94781,0.94792,4.88,2.25
2013.03.19 18:08:33.670,0.94781,0.94793,7.92,1.50
2013.03.19 18:08:33.789,0.94781,0.94793,4.69,4.50
2013.03.19 18:08:33.849,0.94779,0.94791,3.15,1.50
2013.03.19 18:08:33.910,0.9478,0.94793,2.25,4.50
2013.03.19 18:08:34.220,0.94783,0.94793,2.40,1.50
2013.03.19 18:08:35.672,0.94783,0.94795,2.40,2.25
2013.03.19 18:08:36.290,0.94783,0.94794,1.50,2.25
2013.03.19 18:08:36.349,0.9478,0.94794,3.60,3.75
2013.03.19 18:08:36.530,0.94781,0.94794,1.65,4.50
2013.03.19 18:08:36.599,0.9478,0.94793,1.50,1.50
2013.03.19 18:08:37.109,0.94778,0.94791,2.85,1.50
2013.03.19 18:08:38.561,0.94777,0.94791,3.98,2.25
2013.03.19 18:08:38.859,0.94776,0.9479,4.13,1.50
2013.03.19 18:08:39.469,0.94777,0.9479,1.50,1.50
2013.03.19 18:08:41.361,0.94777,0.9479,1.73,1.50
2013.03.19 18:08:41.970,0.94776,0.9479,2.40,3.00
2013.03.19 18:08:43.180,0.94776,0.94789,2.40,1.50
2013.03.19 18:08:44.039,0.94776,0.94789,1.88,1.50
2013.03.19 18:08:45.021,0.94776,0.94789,1.13,1.50
2013.03.19 18:08:45.241,0.94777,0.94789,2.25,1.50
2013.03.19 18:08:46.101,0.94776,0.94789,4.88,2.25
2013.03.19 18:08:47.029,0.94776,0.9479,4.65,2.25
2013.03.19 18:08:47.689,0.94776,0.94789,3.15,1.50
2013.03.19 18:08:49.150,0.94776,0.94789,3.15,1.50
2013.03.19 18:08:49.569,0.94776,0.9479,3.15,2.25
2013.03.19 18:08:50.110,0.94776,0.94789,1.65,1.50
2013.03.19 18:08:51.909,0.94776,0.9479,1.65,1.50
2013.03.19 18:08:53.010,0.94776,0.9479,2.40,1.50
2013.03.19 18:08:53.607,0.94776,0.9479,2.40,1.50
2013.03.19 18:08:54.464,0.94776,0.9479,1.65,1.50
2013.03.19 18:08:54.538,0.94778,0.94791,1.73,2.25
2013.03.19 18:08:54.722,0.94779,0.94792,2.10,2.63
2013.03.19 18:08:54.790,0.94779,0.94792,1.73,2.63
2013.03.19 18:08:54.852,0.94779,0.9479,2.25,1.50
2013.03.19 18:08:55.160,0.94781,0.9479,2.25,1.50
2013.03.19 18:08:56.403,0.94781,0.94793,2.25,3.00
2013.03.19 18:08:56.905,0.94781,0.94793,2.25,3.00
2013.03.19 18:08:57.461,0.9478,0.94793,3.15,1.50
2013.03.19 18:08:58.014,0.9478,0.94793,3.90,1.50
2013.03.19 18:09:00.403,0.94781,0.94793,3.00,1.50
2013.03.19 18:09:00.530,0.94781,0.94794,3.75,2.25
2013.03.19 18:09:00.771,0.94785,0.94795,1.50,1.50
2013.03.19 18:09:01.080,0.94786,0.94799,1.73,3.75
2013.03.19 18:09:01.650,0.94786,0.948,2.10,2.25
2013.03.19 18:09:05.575,0.94786,0.948,1.20,1.50
2013.03.19 18:09:06.680,0.94788,0.94801,1.73,1.50
2013.03.19 18:09:06.799,0.94789,0.94801,1.88,1.50
2013.03.19 18:09:07.899,0.9479,0.94801,1.20,1.50
2013.03.19 18:09:09.549,0.9479,0.94803,3.45,1.50
2013.03.19 18:09:10.761,0.94791,0.94804,1.73,1.50
2013.03.19 18:09:10.833,0.94793,0.94806,1.20,2.25
2013.03.19 18:09:10.961,0.94794,0.94807,2.40,3.38
2013.03.19 18:09:20.880,0.94793,0.94806,1.13,1.50
2013.03.19 18:09:21.419,0.94793,0.94806,1.13,2.25
2013.03.19 18:09:21.785,0.9479,0.94802,2.25,1.50
2013.03.19 18:09:22.330,0.94789,0.94802,2.10,1.50
2013.03.19 18:09:27.710,0.94789,0.94803,2.85,4.13
2013.03.19 18:09:27.831,0.94789,0.94802,2.63,1.50
2013.03.19 18:09:29.410,0.9479,0.94802,1.50,1.50
2013.03.19 18:09:29.651,0.94788,0.94801,1.65,1.50
2013.03.19 18:09:37.550,0.94787,0.94802,1.13,1.50
2013.03.19 18:09:51.926,0.94788,0.94801,1.65,2.25
2013.03.19 18:09:52.549,0.94788,0.948,1.65,1.50
2013.03.19 18:09:53.131,0.94788,0.94802,1.65,3.00
2013.03.19 18:09:56.490,0.94788,0.94802,2.40,2.25
2013.03.19 18:09:56.552,0.94788,0.94802,2.40,2.25
2013.03.19 18:09:57.110,0.94788,0.94802,2.40,2.25
2013.03.19 18:09:57.611,0.94788,0.94802,1.65,2.25
2013.03.19 18:09:57.940,0.94788,0.948,1.65,1.50
2013.03.19 18:09:59.139,0.94788,0.94801,1.65,1.50
2013.03.19 18:10:02.369,0.94788,0.948,1.65,1.50
2013.03.19 18:10:03.148,0.94788,0.94802,1.65,5.25
2013.03.19 18:10:06.500,0.94786,0.94802,3.90,4.50
2013.03.19 18:10:08.460,0.94787,0.94802,2.63,4.50
2013.03.19 18:10:08.579,0.94788,0.94802,1.88,2.25
2013.03.19 18:10:09.359,0.94788,0.94801,1.88,1.50
2013.03.19 18:10:17.420,0.94786,0.94801,3.83,3.00
2013.03.19 18:10:23.920,0.94786,0.948,4.73,1.50
2013.03.19 18:10:26.060,0.94787,0.94802,2.48,4.50
2013.03.19 18:10:31.174,0.94786,0.94801,2.85,1.50
2013.03.19 18:10:31.480,0.94786,0.94797,1.50,3.00
2013.03.19 18:10:31.899,0.94779,0.94797,2.63,3.00
2013.03.19 18:10:32.440,0.94779,0.94796,2.85,1.50
2013.03.19 18:10:33.581,0.94778,0.94794,4.20,2.25
2013.03.19 18:10:34.180,0.94778,0.94793,2.70,1.13
2013.03.19 18:11:03.664,0.94779,0.94792,2.10,1.50
2013.03.19 18:11:09.060,0.94779,0.94795,6.60,1.88
2013.03.19 18:11:10.078,0.94779,0.94795,4.88,1.13
2013.03.19 18:11:12.399,0.94779,0.94795,6.60,1.50
2013.03.19 18:11:20.904,0.94779,0.94791,2.85,1.50
2013.03.19 18:11:21.391,0.94779,0.9479,2.85,1.50
2013.03.19 18:11:24.693,0.94781,0.94793,1.13,2.25
2013.03.19 18:11:24.763,0.94782,0.94795,1.13,1.50
2013.03.19 18:11:25.361,0.94783,0.94796,1.50,1.50
2013.03.19 18:11:26.129,0.94782,0.94796,2.63,1.50
2013.03.19 18:11:26.712,0.94783,0.94796,1.50,1.50
2013.03.19 18:11:27.261,0.94781,0.94795,2.63,1.50
2013.03.19 18:11:29.853,0.94781,0.94793,1.92,2.25
2013.03.19 18:11:31.240,0.9478,0.94793,4.73,1.50
2013.03.19 18:11:32.920,0.94783,0.94798,1.50,1.50
2013.03.19 18:11:35.551,0.94784,0.94798,1.32,1.50
2013.03.19 18:11:36.792,0.94786,0.94798,1.50,1.50
2013.03.19 18:11:41.204,0.94786,0.94798,2.25,1.50
2013.03.19 18:11:41.332,0.94787,0.94799,1.13,1.50
2013.03.19 18:11:41.402,0.9479,0.948,2.48,1.50
2013.03.19 18:11:41.543,0.94791,0.94804,2.25,3.75
2013.03.19 18:11:42.100,0.94791,0.94804,3.75,3.00
2013.03.19 18:11:42.621,0.94791,0.94804,3.75,3.00
2013.03.19 18:11:43.350,0.94791,0.94804,3.75,3.00
2013.03.19 18:11:43.953,0.94791,0.94804,3.75,3.00
2013.03.19 18:11:45.620,0.94791,0.94804,3.75,3.00
2013.03.19 18:11:46.474,0.94791,0.94804,3.75,3.00
2013.03.19 18:11:46.999,0.94791,0.94804,3.75,3.00
2013.03.19 18:11:48.733,0.94791,0.94804,3.75,3.00
2013.03.19 18:11:50.531,0.94791,0.94804,3.75,3.00
2013.03.19 18:11:51.980,0.94791,0.94804,3.75,3.00
2013.03.19 18:11:52.600,0.94791,0.94804,3.75,3.00
2013.03.19 18:11:54.231,0.94791,0.94804,3.75,3.00
2013.03.19 18:11:55.024,0.94792,0.94804,2.25,3.00
2013.03.19 18:11:55.612,0.94793,0.94805,1.35,1.50
2013.03.19 18:11:55.802,0.94796,0.94806,1.50,1.50
2013.03.19 18:11:56.361,0.94796,0.94806,3.08,1.50
2013.03.19 18:11:56.927,0.94796,0.94806,3.00,1.50
2013.03.19 18:11:57.653,0.94796,0.94806,2.33,1.50
2013.03.19 18:11:59.090,0.94795,0.94806,3.68,1.50
2013.03.19 18:11:59.578,0.94796,0.94806,1.50,1.50
2013.03.19 18:12:00.290,0.94795,0.94806,3.68,1.50
2013.03.19 18:12:00.801,0.94796,0.94806,2.25,1.50
2013.03.19 18:12:03.330,0.94796,0.94806,2.25,1.50
2013.03.19 18:12:04.462,0.94796,0.94809,1.50,4.50
2013.03.19 18:12:05.056,0.94796,0.94809,2.25,4.50
2013.03.19 18:12:05.254,0.94799,0.94812,3.00,3.90
2013.03.19 18:12:05.321,0.94801,0.94813,1.50,4.13
2013.03.19 18:12:05.440,0.94802,0.94813,1.50,4.13
2013.03.19 18:12:06.041,0.94803,0.94813,2.48,1.13
2013.03.19 18:12:06.551,0.94804,0.94815,1.73,1.50
2013.03.19 18:12:07.246,0.94804,0.94815,1.73,1.50
2013.03.19 18:12:09.840,0.94804,0.94816,1.73,3.00
2013.03.19 18:12:10.751,0.94804,0.94816,1.73,3.00
2013.03.19 18:12:12.492,0.94804,0.94816,1.73,3.00
2013.03.19 18:12:13.231,0.94804,0.94816,2.48,3.00
2013.03.19 18:12:13.552,0.94804,0.94816,2.48,1.50
2013.03.19 18:12:13.742,0.94809,0.94817,2.25,3.00
2013.03.19 18:12:13.931,0.94811,0.9482,1.50,2.25
2013.03.19 18:12:14.001,0.9481,0.94819,1.50,1.50
2013.03.19 18:12:14.190,0.94806,0.94819,1.73,1.50
2013.03.19 18:12:14.735,0.94806,0.94819,1.73,1.50
2013.03.19 18:12:15.041,0.94807,0.94818,1.50,1.50
2013.03.19 18:12:15.222,0.94807,0.94819,1.58,2.25
2013.03.19 18:12:15.589,0.94806,0.94818,1.73,1.50
2013.03.19 18:12:17.171,0.94806,0.94818,1.65,1.50
2013.03.19 18:12:20.716,0.94805,0.94817,1.13,3.00
2013.03.19 18:12:21.890,0.94805,0.94817,1.13,1.50
2013.03.19 18:12:22.399,0.94806,0.94818,1.73,1.50
2013.03.19 18:12:23.351,0.94805,0.94818,4.20,1.50
2013.03.19 18:12:33.991,0.94806,0.94818,1.73,1.50
2013.03.19 18:12:37.494,0.94806,0.9482,1.73,3.00
2013.03.19 18:12:38.040,0.94806,0.94819,1.65,1.50
2013.03.19 18:12:39.540,0.94807,0.94819,1.50,1.50
2013.03.19 18:12:39.600,0.94807,0.9482,1.50,3.00
2013.03.19 18:12:40.431,0.94806,0.9482,1.65,3.00
2013.03.19 18:12:40.921,0.94805,0.94818,2.63,1.50
2013.03.19 18:12:46.969,0.94805,0.94818,1.88,4.50
2013.03.19 18:12:54.213,0.94805,0.94818,2.63,4.50
2013.03.19 18:12:54.343,0.94809,0.94819,2.25,1.50
2013.03.19 18:12:54.662,0.94807,0.94819,1.50,1.50
2013.03.19 18:12:55.540,0.94805,0.94819,3.23,1.50
2013.03.19 18:12:56.611,0.94806,0.94821,1.58,2.25
2013.03.19 18:12:56.923,0.94809,0.94821,3.23,2.25
2013.03.19 18:12:57.469,0.94809,0.94824,4.73,3.00
2013.03.19 18:12:57.771,0.94811,0.94824,1.50,3.00
2013.03.19 18:12:58.623,0.94811,0.94824,2.25,1.50
2013.03.19 18:12:58.691,0.94813,0.94825,1.13,1.50
2013.03.19 18:12:59.051,0.94816,0.94828,1.80,1.50
2013.03.19 18:12:59.232,0.94816,0.94829,1.80,3.00
2013.03.19 18:13:00.131,0.94814,0.94825,1.35,1.50
2013.03.19 18:13:01.589,0.94817,0.94827,2.10,3.00
2013.03.19 18:13:02.031,0.94813,0.94829,1.43,5.25
2013.03.19 18:13:03.041,0.94814,0.94829,1.88,2.25
2013.03.19 18:13:03.232,0.94813,0.94827,4.13,1.50
2013.03.19 18:13:03.759,0.94814,0.94828,1.13,1.50
2013.03.19 18:13:08.980,0.94815,0.94828,1.88,3.00
2013.03.19 18:13:09.578,0.94816,0.94828,1.65,2.25
2013.03.19 18:13:09.640,0.94816,0.94831,1.65,1.50
2013.03.19 18:13:10.639,0.94816,0.94831,1.65,1.50
2013.03.19 18:13:11.161,0.94816,0.94831,1.65,1.50
2013.03.19 18:13:12.151,0.94816,0.94831,1.65,1.50
2013.03.19 18:13:14.044,0.94816,0.94833,2.40,3.00
2013.03.19 18:13:17.079,0.94816,0.94833,2.48,3.00
2013.03.19 18:13:19.250,0.94816,0.94833,2.48,3.00
2013.03.19 18:13:19.309,0.94816,0.94833,2.48,1.50
2013.03.19 18:13:19.967,0.94815,0.94832,2.70,1.50
2013.03.19 18:13:21.632,0.94815,0.94832,3.45,1.50
2013.03.19 18:13:23.060,0.94815,0.94832,2.70,1.50
2013.03.19 18:13:24.000,0.94816,0.94834,2.48,3.15
2013.03.19 18:13:26.649,0.94815,0.94832,1.88,1.50
2013.03.19 18:13:26.710,0.94815,0.94832,1.88,3.00
2013.03.19 18:13:27.071,0.94815,0.9483,1.88,2.25
2013.03.19 18:13:28.302,0.94815,0.94827,1.88,2.25
2013.03.19 18:13:29.301,0.94814,0.94827,2.10,1.50
2013.03.19 18:13:33.132,0.94814,0.94827,1.50,1.50
2013.03.19 18:13:33.570,0.94813,0.94823,1.50,1.53
2013.03.19 18:13:33.633,0.94811,0.94823,1.65,2.28
2013.03.19 18:13:33.701,0.9481,0.94822,1.88,4.50
2013.03.19 18:13:36.243,0.94805,0.94819,1.88,1.50
2013.03.19 18:13:36.553,0.94805,0.94818,1.88,3.00
2013.03.19 18:13:36.932,0.94805,0.94818,1.65,3.00
2013.03.19 18:13:38.080,0.94805,0.94819,1.65,3.00
2013.03.19 18:13:42.141,0.94805,0.94818,1.65,3.00
2013.03.19 18:13:42.780,0.94805,0.94818,1.65,1.50
2013.03.19 18:13:47.592,0.94804,0.94818,2.63,1.50
2013.03.19 18:13:47.722,0.94802,0.94818,1.50,1.58
2013.03.19 18:13:47.851,0.94799,0.94812,2.63,2.25
2013.03.19 18:13:48.100,0.94798,0.9481,1.88,3.00
2013.03.19 18:13:49.731,0.94797,0.94811,1.88,3.00
2013.03.19 18:13:50.442,0.94797,0.94812,1.88,3.00
2013.03.19 18:13:52.660,0.94797,0.94812,3.38,3.00
2013.03.19 18:13:57.626,0.94798,0.94811,2.10,3.00
2013.03.19 18:13:57.931,0.94793,0.94806,6.38,3.00
2013.03.19 18:13:58.110,0.94793,0.94806,3.38,1.50
2013.03.19 18:13:58.170,0.94793,0.94807,3.38,1.50
2013.03.19 18:13:58.291,0.94793,0.94808,2.10,1.50
2013.03.19 18:13:59.201,0.94794,0.94808,1.13,1.50
2013.03.19 18:13:59.631,0.94793,0.94808,2.03,1.50
2013.03.19 18:14:00.170,0.94793,0.94808,1.88,3.00
2013.03.19 18:14:00.501,0.94794,0.94809,1.13,1.50
2013.03.19 18:14:00.621,0.94796,0.94812,1.88,1.50
2013.03.19 18:14:00.810,0.94795,0.94812,2.63,1.50
2013.03.19 18:14:02.722,0.94795,0.9481,2.63,1.50
2013.03.19 18:14:04.951,0.94795,0.9481,1.13,1.50
2013.03.19 18:14:06.004,0.94805,0.94813,1.50,1.50
2013.03.19 18:14:06.320,0.94805,0.94818,1.13,2.25
2013.03.19 18:14:06.800,0.94806,0.94822,1.88,1.50
2013.03.19 18:14:07.341,0.94809,0.94824,1.50,3.00
2013.03.19 18:14:07.521,0.94809,0.94824,1.50,3.00
2013.03.19 18:14:08.071,0.94808,0.94824,5.70,3.00
2013.03.19 18:14:08.772,0.94809,0.94825,1.13,1.50
2013.03.19 18:14:10.750,0.94809,0.94825,1.50,3.00
2013.03.19 18:14:12.993,0.94812,0.94828,1.13,4.50
2013.03.19 18:14:13.502,0.94811,0.94828,1.13,3.00
2013.03.19 18:14:15.650,0.94812,0.94828,1.88,1.50
2013.03.19 18:14:15.953,0.94811,0.94827,3.38,1.50
2013.03.19 18:14:16.023,0.94811,0.94825,1.88,3.00
2013.03.19 18:14:17.819,0.9481,0.94825,1.88,1.50
2013.03.19 18:14:18.361,0.9481,0.94826,2.63,1.50
2013.03.19 18:14:21.111,0.9481,0.94826,3.38,3.00
2013.03.19 18:14:24.201,0.94808,0.94825,4.35,1.50
2013.03.19 18:14:24.273,0.94808,0.94821,4.13,2.25
2013.03.19 18:14:31.262,0.94806,0.94821,2.63,1.50
2013.03.19 18:14:32.000,0.94806,0.9482,2.25,2.25
2013.03.19 18:14:32.362,0.94802,0.94817,3.60,1.50
2013.03.19 18:14:32.681,0.94799,0.94817,6.60,1.50
2013.03.19 18:14:35.896,0.94799,0.94812,5.70,1.50
2013.03.19 18:14:36.021,0.94799,0.94812,2.25,3.00
2013.03.19 18:14:36.142,0.94797,0.94811,2.63,3.00
2013.03.19 18:14:36.571,0.94797,0.94811,1.88,1.50
2013.03.19 18:14:37.161,0.94796,0.94811,1.88,1.50
2013.03.19 18:14:39.290,0.94795,0.9481,4.13,3.00
2013.03.19 18:14:39.473,0.94795,0.9481,4.13,1.50
2013.03.19 18:14:43.370,0.94798,0.94812,1.13,4.50
2013.03.19 18:14:45.372,0.94796,0.94811,2.63,1.50
2013.03.19 18:14:54.582,0.94799,0.94812,3.10,1.50
2013.03.19 18:14:54.641,0.948,0.94812,1.13,1.50
2013.03.19 18:14:55.271,0.94797,0.94812,3.45,2.25
2013.03.19 18:14:55.783,0.94798,0.94812,3.60,2.25
2013.03.19 18:14:59.780,0.94798,0.94812,2.63,3.00
2013.03.19 18:15:00.719,0.94797,0.94812,3.08,2.25
2013.03.19 18:15:01.281,0.94797,0.94812,2.48,3.00
2013.03.19 18:15:04.290,0.94797,0.94813,3.83,1.13
2013.03.19 18:15:10.064,0.94798,0.94812,1.88,1.50
2013.03.19 18:15:10.641,0.94796,0.94812,4.73,1.50
2013.03.19 18:15:12.763,0.94797,0.94812,1.73,1.50
2013.03.19 18:15:19.610,0.94796,0.94813,4.73,3.38
2013.03.19 18:15:25.723,0.94796,0.94813,4.73,2.63
2013.03.19 18:15:25.910,0.94796,0.94813,4.73,4.13
2013.03.19 18:15:26.861,0.94797,0.94813,1.73,2.63
2013.03.19 18:15:27.382,0.94797,0.94813,1.73,1.88
2013.03.19 18:15:31.002,0.948,0.94813,3.00,1.13
2013.03.19 18:15:31.362,0.94803,0.94814,3.60,1.50
2013.03.19 18:15:31.611,0.94805,0.94821,1.65,3.00
2013.03.19 18:15:32.162,0.94804,0.94821,1.65,1.50
2013.03.19 18:15:33.932,0.94803,0.94821,1.13,4.50
2013.03.19 18:15:34.654,0.94803,0.94817,1.13,1.50
2013.03.19 18:15:34.963,0.94801,0.94815,1.65,1.45
2013.03.19 18:15:35.294,0.94803,0.94817,1.88,1.50
2013.03.19 18:15:35.422,0.94803,0.9482,1.88,2.25
2013.03.19 18:15:36.272,0.94803,0.9482,1.88,1.50
2013.03.19 18:15:37.406,0.94804,0.9482,2.63,1.50
2013.03.19 18:15:37.920,0.94804,0.9482,2.63,1.50
2013.03.19 18:15:42.361,0.94804,0.9482,1.88,1.50
2013.03.19 18:15:52.988,0.94805,0.94821,1.65,4.50
2013.03.19 18:15:53.902,0.94806,0.94821,1.50,4.50
2013.03.19 18:15:54.572,0.94804,0.9482,1.88,1.50
2013.03.19 18:15:54.771,0.94808,0.94822,2.63,1.50
2013.03.19 18:15:54.951,0.94808,0.94822,2.78,1.50
2013.03.19 18:15:55.321,0.94806,0.94822,1.88,3.00
2013.03.19 18:15:55.802,0.94809,0.94822,1.13,3.00
2013.03.19 18:15:56.172,0.94808,0.94822,2.35,3.00
2013.03.19 18:15:56.730,0.94806,0.94822,2.63,3.00
2013.03.19 18:16:00.031,0.94807,0.94822,1.13,1.50
2013.03.19 18:16:04.000,0.94808,0.94822,2.40,3.75
2013.03.19 18:16:04.360,0.94811,0.94823,1.50,2.25
2013.03.19 18:16:04.544,0.94808,0.94823,1.65,2.25
2013.03.19 18:16:07.090,0.9481,0.94823,1.50,1.50
2013.03.19 18:16:08.275,0.9481,0.94823,1.50,1.90
2013.03.19 18:16:08.404,0.94812,0.94825,1.88,3.08
2013.03.19 18:16:08.472,0.94812,0.94826,3.38,2.25
2013.03.19 18:16:08.721,0.94812,0.94828,3.38,1.88
2013.03.19 18:16:09.291,0.94813,0.94828,1.65,1.88
2013.03.19 18:16:12.493,0.94812,0.94828,1.13,1.50
2013.03.19 18:16:13.018,0.94815,0.94831,2.25,3.75
2013.03.19 18:16:13.321,0.94816,0.94833,1.50,1.88
2013.03.19 18:16:13.941,0.94816,0.94832,1.65,1.50
2013.03.19 18:16:14.884,0.94816,0.94831,1.65,1.50
2013.03.19 18:16:17.874,0.94816,0.9483,1.65,1.50
2013.03.19 18:16:17.942,0.94814,0.94828,1.50,2.25
2013.03.19 18:16:22.051,0.94814,0.9483,2.25,1.50
2013.03.19 18:16:23.072,0.94814,0.94831,3.00,2.25
2013.03.19 18:16:23.141,0.94815,0.94832,1.50,5.97
2013.03.19 18:16:23.507,0.94815,0.9483,1.50,1.50
2013.03.19 18:16:24.014,0.94814,0.94828,1.50,2.25
2013.03.19 18:16:24.421,0.94812,0.94828,1.50,2.25
2013.03.19 18:16:24.482,0.94812,0.94828,1.50,3.75
2013.03.19 18:16:24.792,0.94817,0.94826,1.13,1.50
2013.03.19 18:16:25.134,0.9481,0.94827,2.03,1.73
2013.03.19 18:16:25.204,0.9481,0.94826,2.03,1.58
2013.03.19 18:16:25.464,0.94811,0.94827,2.25,1.50
2013.03.19 18:16:26.033,0.9481,0.94827,2.03,1.50
2013.03.19 18:16:26.104,0.94807,0.94825,1.13,1.20
2013.03.19 18:16:26.230,0.94807,0.94824,1.13,2.27
2013.03.19 18:16:26.834,0.94811,0.94823,1.13,1.53
2013.03.19 18:16:26.902,0.94812,0.94827,1.13,3.00
2013.03.19 18:16:27.271,0.94814,0.94828,2.25,1.50
2013.03.19 18:16:27.452,0.94813,0.94828,3.15,1.50
2013.03.19 18:16:27.642,0.94813,0.94831,3.15,3.00
2013.03.19 18:16:27.890,0.94812,0.94831,4.88,1.50
2013.03.19 18:16:29.403,0.94812,0.94829,3.38,1.50
2013.03.19 18:16:29.471,0.94811,0.94828,1.13,1.50
2013.03.19 18:16:29.663,0.9481,0.94828,2.63,2.25
2013.03.19 18:16:29.733,0.9481,0.94827,1.13,1.88
2013.03.19 18:16:30.280,0.94807,0.94824,3.38,1.20
2013.03.19 18:16:30.662,0.94811,0.94827,1.50,1.58
2013.03.19 18:16:30.791,0.94809,0.94825,1.13,1.20
2013.03.19 18:16:31.224,0.94809,0.94825,3.00,1.20
2013.03.19 18:16:31.542,0.94813,0.94829,1.13,3.00
2013.03.19 18:16:31.964,0.94813,0.9483,1.13,1.13
2013.03.19 18:16:32.702,0.94814,0.94831,1.65,2.63
2013.03.19 18:16:34.053,0.94818,0.94832,2.25,3.90
2013.03.19 18:16:34.244,0.9482,0.94833,1.65,3.75
2013.03.19 18:16:34.837,0.94819,0.94832,1.88,1.50
2013.03.19 18:16:35.140,0.94813,0.94831,1.50,1.50
2013.03.19 18:16:35.620,0.94813,0.94832,3.38,5.67
2013.03.19 18:16:35.684,0.94813,0.94832,3.15,3.40
2013.03.19 18:16:36.202,0.94815,0.94832,2.40,3.42
2013.03.19 18:16:36.331,0.94817,0.94832,1.50,2.65
2013.03.19 18:16:36.872,0.94818,0.94832,1.13,1.50
2013.03.19 18:16:41.044,0.94821,0.94835,1.65,3.00
2013.03.19 18:16:41.115,0.94821,0.94835,2.40,3.00
2013.03.19 18:16:45.290,0.94823,0.94835,1.50,1.50
2013.03.19 18:16:48.231,0.94823,0.94837,2.25,4.13
2013.03.19 18:16:48.532,0.94828,0.94837,1.65,1.13
2013.03.19 18:16:48.911,0.94828,0.94843,2.40,1.50
2013.03.19 18:16:49.882,0.9483,0.94844,1.50,3.75
2013.03.19 18:16:50.373,0.9483,0.94844,1.65,2.25
2013.03.19 18:16:50.821,0.9483,0.94844,1.65,1.50
2013.03.19 18:16:51.901,0.94831,0.94844,1.50,1.50
2013.03.19 18:16:52.441,0.9483,0.94845,1.65,1.50
2013.03.19 18:16:52.694,0.94833,0.94847,1.50,1.56
2013.03.19 18:16:53.182,0.94835,0.9485,1.13,4.13
2013.03.19 18:16:58.072,0.94835,0.9485,2.63,4.07
2013.03.19 18:16:58.142,0.94835,0.9485,4.13,3.40
2013.03.19 18:16:58.212,0.94837,0.9485,1.13,2.63
2013.03.19 18:17:06.827,0.94837,0.94849,1.13,2.33
2013.03.19 18:17:06.954,0.94833,0.94844,1.13,1.35
2013.03.19 18:17:07.023,0.94832,0.94841,3.08,1.45
2013.03.19 18:17:07.091,0.94831,0.94841,2.40,1.45
2013.03.19 18:17:07.630,0.94828,0.94841,3.60,2.20
2013.03.19 18:17:08.291,0.94827,0.94841,3.75,2.20
2013.03.19 18:17:22.393,0.94827,0.94841,3.00,1.50
2013.03.19 18:17:23.482,0.94827,0.94842,3.38,1.50
2013.03.19 18:17:23.569,0.94833,0.94848,1.13,1.50
2013.03.19 18:17:24.088,0.94834,0.94849,1.13,1.13
2013.03.19 18:17:24.342,0.94836,0.9485,1.13,2.25
2013.03.19 18:17:24.654,0.94844,0.94853,1.13,2.25
2013.03.19 18:17:25.354,0.94843,0.94856,2.40,2.25
2013.03.19 18:17:25.430,0.94843,0.94857,2.40,1.50
2013.03.19 18:17:25.510,0.94844,0.94856,2.25,1.50
2013.03.19 18:17:25.573,0.94842,0.94855,2.40,1.50
2013.03.19 18:17:26.124,0.94841,0.94854,2.78,1.50
2013.03.19 18:17:26.822,0.94839,0.94852,1.13,1.50
2013.03.19 18:17:26.895,0.94839,0.9485,2.03,3.00
2013.03.19 18:17:27.155,0.94837,0.94852,1.13,1.50
2013.03.19 18:17:27.593,0.94837,0.94855,1.88,1.50
2013.03.19 18:17:27.714,0.94838,0.94855,2.40,1.50
2013.03.19 18:17:28.083,0.94837,0.94856,1.13,3.00
2013.03.19 18:17:29.472,0.94839,0.94857,1.65,1.13
2013.03.19 18:17:29.784,0.94841,0.94858,3.00,2.63
2013.03.19 18:17:30.331,0.94844,0.94859,1.13,1.13
2013.03.19 18:17:31.174,0.94841,0.94858,2.63,2.25
2013.03.19 18:17:31.724,0.94841,0.94858,1.13,1.50
2013.03.19 18:17:31.913,0.94839,0.94856,2.33,1.50
2013.03.19 18:17:32.583,0.94839,0.94856,2.63,1.50
2013.03.19 18:17:33.063,0.94839,0.94857,1.65,2.63
2013.03.19 18:17:33.134,0.9484,0.94858,1.28,3.00
2013.03.19 18:17:33.203,0.94839,0.94856,3.23,1.50
2013.03.19 18:17:33.321,0.94839,0.94856,1.13,1.50
2013.03.19 18:17:33.382,0.94839,0.94857,3.38,3.00
2013.03.19 18:17:33.622,0.94843,0.94859,1.13,1.90
2013.03.19 18:17:33.803,0.94844,0.94858,1.13,1.50
2013.03.19 18:17:36.789,0.94844,0.94858,1.13,1.50
2013.03.19 18:17:37.582,0.94842,0.94858,1.88,1.50
2013.03.19 18:17:37.703,0.94842,0.94856,1.13,1.50
2013.03.19 18:17:38.494,0.9484,0.94851,3.38,1.45
2013.03.19 18:17:38.626,0.9484,0.94851,2.25,2.12
2013.03.19 18:17:38.703,0.94839,0.94849,2.25,2.18
2013.03.19 18:17:38.774,0.94838,0.94849,1.50,2.18
2013.03.19 18:17:39.323,0.94835,0.9485,1.13,2.12
2013.03.19 18:17:39.504,0.94834,0.9485,3.23,3.62
2013.03.19 18:17:39.693,0.94835,0.9485,1.13,2.12
2013.03.19 18:17:42.882,0.94835,0.9485,1.13,2.87
2013.03.19 18:17:43.144,0.94834,0.94849,1.73,1.50
2013.03.19 18:17:43.228,0.94834,0.94848,1.13,1.50
2013.03.19 18:17:43.299,0.94833,0.94848,3.60,1.50
2013.03.19 18:17:43.542,0.94831,0.94848,3.15,1.50
2013.03.19 18:17:43.782,0.94832,0.9485,2.85,3.25
2013.03.19 18:17:44.743,0.9484,0.9485,1.50,2.18
2013.03.19 18:17:44.814,0.9484,0.94851,2.25,1.65
2013.03.19 18:17:44.943,0.94841,0.94853,1.50,1.50
2013.03.19 18:17:45.136,0.94839,0.94854,1.50,2.25
2013.03.19 18:17:45.382,0.94839,0.94857,1.50,1.50
2013.03.19 18:17:45.442,0.9484,0.94857,1.50,1.50
2013.03.19 18:17:47.646,0.94843,0.94859,1.88,1.43
2013.03.19 18:17:47.712,0.94844,0.94859,1.13,1.43
2013.03.19 18:17:48.252,0.94844,0.94859,1.88,2.20
2013.03.19 18:17:48.772,0.94844,0.94859,1.13,2.10
2013.03.19 18:17:48.832,0.94845,0.9486,1.13,2.03
2013.03.19 18:17:51.922,0.94844,0.9486,1.13,1.13
2013.03.19 18:17:56.224,0.94844,0.9486,1.13,1.82
2013.03.19 18:17:56.963,0.94842,0.94859,6.60,2.95
2013.03.19 18:18:04.044,0.94843,0.94858,3.98,1.50
2013.03.19 18:18:10.405,0.94845,0.94859,1.13,3.40
2013.03.19 18:18:13.518,0.94844,0.94859,1.73,2.22
2013.03.19 18:18:16.863,0.94843,0.94858,1.88,1.50
2013.03.19 18:18:22.543,0.94843,0.9486,6.38,2.25
2013.03.19 18:18:22.844,0.94846,0.9486,3.23,1.13
2013.03.19 18:18:23.214,0.94852,0.94868,1.50,2.63
2013.03.19 18:18:23.585,0.94855,0.94868,1.13,2.25
2013.03.19 18:18:23.778,0.9486,0.94871,1.88,2.25
2013.03.19 18:18:23.903,0.94859,0.94871,1.65,2.25
2013.03.19 18:18:23.964,0.94859,0.94872,1.65,3.75
2013.03.19 18:18:24.357,0.94855,0.9487,1.50,1.50
2013.03.19 18:18:24.431,0.94854,0.9487,1.50,1.50
2013.03.19 18:18:24.753,0.94856,0.9487,2.25,1.50
2013.03.19 18:18:25.064,0.9486,0.94872,2.25,1.50
2013.03.19 18:18:25.395,0.94864,0.94874,2.63,1.50
2013.03.19 18:18:26.176,0.94869,0.94876,1.28,1.50
2013.03.19 18:18:26.258,0.94869,0.94885,1.80,2.63
2013.03.19 18:18:26.357,0.94869,0.94885,1.80,1.88
2013.03.19 18:18:26.498,0.94868,0.94883,3.75,1.50
2013.03.19 18:18:26.568,0.94868,0.94881,1.50,1.20
2013.03.19 18:18:27.124,0.94864,0.9488,1.50,1.65
2013.03.19 18:18:27.324,0.94864,0.9488,1.50,3.15
2013.03.19 18:18:27.452,0.94863,0.9488,3.15,1.65
2013.03.19 18:18:27.571,0.94863,0.9488,3.15,2.10
2013.03.19 18:18:27.954,0.94865,0.9488,1.13,1.13
2013.03.19 18:18:28.395,0.9487,0.94884,1.50,1.95
2013.03.19 18:18:28.463,0.9487,0.94884,2.25,1.13
2013.03.19 18:18:28.653,0.94871,0.94885,1.50,3.15
2013.03.19 18:18:28.974,0.9487,0.94879,1.50,4.58
2013.03.19 18:18:29.045,0.94863,0.94876,1.65,1.20
2013.03.19 18:18:29.414,0.94861,0.94876,1.13,1.13
2013.03.19 18:18:29.983,0.94861,0.94874,1.13,2.25
2013.03.19 18:18:30.121,0.94861,0.94877,1.13,4.80
2013.03.19 18:18:30.635,0.94865,0.94879,1.50,3.00
2013.03.19 18:18:30.969,0.94871,0.9488,1.65,2.25
2013.03.19 18:18:31.035,0.94871,0.94883,1.65,2.25
2013.03.19 18:18:31.163,0.94871,0.94883,1.65,1.50
2013.03.19 18:18:31.536,0.94869,0.94885,1.50,3.75
2013.03.19 18:18:32.651,0.94871,0.94886,1.65,1.50
2013.03.19 18:18:32.737,0.94872,0.94888,1.13,3.83
2013.03.19 18:18:32.949,0.9487,0.94887,3.15,1.50
2013.03.19 18:18:33.453,0.9487,0.94888,1.50,3.60
2013.03.19 18:18:34.140,0.94875,0.9489,1.50,1.20
2013.03.19 18:18:34.424,0.94875,0.94892,1.50,1.50
2013.03.19 18:18:34.495,0.94874,0.94892,1.50,1.50
2013.03.19 18:18:34.625,0.94874,0.94886,1.50,1.15
2013.03.19 18:18:35.133,0.9487,0.94886,3.75,5.25
2013.03.19 18:18:35.326,0.9487,0.94886,2.25,1.50
2013.03.19 18:18:35.648,0.9487,0.94882,1.50,1.50
2013.03.19 18:18:35.857,0.9487,0.94884,1.50,3.75
2013.03.19 18:18:36.262,0.94865,0.94883,2.40,3.75
2013.03.19 18:18:36.774,0.94866,0.94883,1.50,1.50
2013.03.19 18:18:36.917,0.94865,0.94883,1.65,2.25
2013.03.19 18:18:37.348,0.94864,0.94881,1.65,1.50
2013.03.19 18:18:37.691,0.94863,0.94879,4.13,3.00
2013.03.19 18:18:37.994,0.94864,0.94881,1.88,1.13
2013.03.19 18:18:38.125,0.94864,0.9488,1.88,1.61
2013.03.19 18:18:38.434,0.94864,0.94871,1.73,2.05
2013.03.19 18:18:38.753,0.94862,0.94867,2.25,1.50
2013.03.19 18:18:39.004,0.94855,0.94861,1.50,1.50
2013.03.19 18:18:39.217,0.94851,0.94862,1.13,2.40
2013.03.19 18:18:40.270,0.94847,0.94861,1.13,1.50
2013.03.19 18:18:40.793,0.94844,0.9486,1.13,3.32
2013.03.19 18:18:40.920,0.94844,0.9486,1.13,3.32
2013.03.19 18:18:41.564,0.94842,0.94859,5.33,3.00
2013.03.19 18:18:42.114,0.94842,0.94859,3.45,2.18
2013.03.19 18:18:42.254,0.94841,0.94856,1.13,1.50
2013.03.19 18:18:42.804,0.9484,0.94857,1.65,3.00
2013.03.19 18:18:43.353,0.94839,0.94856,1.13,3.00
2013.03.19 18:18:43.663,0.94839,0.94853,1.13,1.58
2013.03.19 18:18:43.965,0.94835,0.94849,2.40,1.65
2013.03.19 18:18:44.034,0.94834,0.94849,1.13,1.13
2013.03.19 18:18:44.553,0.94834,0.9485,1.35,1.50
2013.03.19 18:18:45.110,0.94832,0.94849,8.48,1.13
2013.03.19 18:18:45.185,0.94832,0.94849,4.73,3.38
2013.03.19 18:18:45.753,0.94832,0.94849,1.50,4.13
2013.03.19 18:18:46.265,0.9483,0.94849,1.65,4.13
2013.03.19 18:18:46.573,0.94829,0.94847,4.32,2.25
2013.03.19 18:18:46.633,0.94829,0.94847,3.57,1.58
2013.03.19 18:18:46.971,0.94828,0.94838,2.25,1.20
2013.03.19 18:18:47.185,0.94825,0.94835,1.50,2.10
2013.03.19 18:18:47.259,0.94825,0.94832,1.50,1.50
2013.03.19 18:18:48.195,0.94817,0.94833,2.63,1.88
2013.03.19 18:18:48.299,0.94817,0.94834,1.13,2.10
2013.03.19 18:18:48.423,0.94817,0.94833,3.45,1.58
2013.03.19 18:18:49.162,0.94817,0.94833,4.20,1.58
2013.03.19 18:18:49.742,0.94817,0.94833,4.20,1.58
2013.03.19 18:18:50.703,0.94816,0.94831,4.73,1.50
2013.03.19 18:18:50.896,0.94819,0.94835,2.48,3.00
2013.03.19 18:18:50.966,0.94823,0.94835,1.13,3.00
2013.03.19 18:18:51.299,0.94828,0.94838,1.50,2.25
2013.03.19 18:18:51.623,0.94828,0.94846,3.00,1.50
2013.03.19 18:18:51.695,0.94828,0.94847,3.75,2.25
2013.03.19 18:18:52.006,0.94832,0.94848,1.50,2.25
2013.03.19 18:18:52.316,0.94833,0.9485,3.75,4.15
2013.03.19 18:18:52.624,0.94837,0.9485,2.40,1.50
2013.03.19 18:18:52.933,0.94838,0.94855,1.35,1.50
2013.03.19 18:18:53.366,0.9484,0.94858,4.50,3.00
2013.03.19 18:18:54.332,0.94841,0.94859,1.50,4.88
2013.03.19 18:18:54.393,0.9484,0.94857,1.50,1.50
2013.03.19 18:18:54.573,0.94841,0.94859,1.50,3.75
2013.03.19 18:18:54.874,0.9484,0.94856,2.25,1.50
2013.03.19 18:18:55.740,0.94838,0.94856,2.25,1.50
2013.03.19 18:18:56.754,0.94837,0.94854,3.38,2.33
2013.03.19 18:18:56.825,0.94837,0.94851,1.88,1.50
2013.03.19 18:18:57.016,0.94833,0.94849,2.25,1.50
2013.03.19 18:18:57.333,0.94832,0.94849,1.50,3.75
2013.03.19 18:18:59.112,0.9483,0.94849,1.50,4.20
2013.03.19 18:18:59.413,0.94829,0.94846,3.75,2.03
2013.03.19 18:18:59.731,0.94828,0.94842,2.25,1.13
2013.03.19 18:18:59.933,0.94826,0.94844,4.50,1.90
2013.03.19 18:19:00.005,0.94827,0.94846,2.48,3.00
2013.03.19 18:19:00.255,0.94828,0.94842,1.73,1.13
2013.03.19 18:19:00.386,0.94827,0.94842,2.25,1.13
2013.03.19 18:19:00.694,0.94825,0.9484,1.50,3.00
2013.03.19 18:19:00.823,0.94824,0.9484,1.73,3.75
2013.03.19 18:19:01.384,0.94823,0.9484,2.33,3.00
2013.03.19 18:19:02.113,0.94823,0.94839,2.25,1.13
2013.03.19 18:19:02.294,0.94822,0.94838,1.50,1.88
2013.03.19 18:19:02.603,0.94818,0.94832,3.00,3.00
2013.03.19 18:19:02.906,0.94815,0.94825,3.00,1.88
2013.03.19 18:19:03.283,0.94812,0.94826,3.00,1.15
2013.03.19 18:19:03.345,0.94812,0.94827,3.00,1.13
2013.03.19 18:19:03.534,0.94814,0.94828,1.50,2.25
2013.03.19 18:19:03.844,0.94819,0.94829,1.50,2.25
2013.03.19 18:19:03.914,0.94819,0.94833,1.50,1.50
2013.03.19 18:19:04.704,0.9482,0.94838,1.50,1.50
2013.03.19 18:19:04.893,0.94819,0.94836,2.48,1.50
2013.03.19 18:19:05.345,0.94816,0.94834,3.38,1.95
2013.03.19 18:19:06.583,0.94817,0.94834,3.00,1.20
2013.03.19 18:19:06.907,0.94819,0.94835,1.50,1.50
2013.03.19 18:19:07.286,0.94821,0.94837,2.25,2.25
2013.03.19 18:19:07.534,0.94822,0.94839,4.20,1.50
2013.03.19 18:19:07.603,0.94825,0.9484,1.50,2.25
2013.03.19 18:19:07.663,0.94826,0.9484,2.10,2.25
2013.03.19 18:19:07.734,0.94826,0.9484,2.33,2.25
2013.03.19 18:19:07.984,0.94828,0.94843,1.73,2.25
2013.03.19 18:19:08.602,0.94828,0.94846,1.50,1.50
2013.03.19 18:19:09.142,0.9483,0.94847,1.50,1.50
2013.03.19 18:19:09.393,0.9483,0.94847,1.50,1.50
2013.03.19 18:19:09.872,0.94833,0.9485,1.50,1.50
2013.03.19 18:19:10.232,0.94832,0.94849,1.50,3.00
2013.03.19 18:19:10.712,0.9483,0.94849,1.50,3.00
2013.03.19 18:19:11.497,0.94829,0.94845,3.75,1.35
2013.03.19 18:19:11.564,0.94828,0.94844,2.25,2.10
2013.03.19 18:19:11.816,0.94823,0.9484,1.88,1.13
2013.03.19 18:19:12.164,0.9482,0.94832,2.78,1.53
2013.03.19 18:19:12.534,0.94818,0.94831,1.50,1.50
2013.03.19 18:19:12.664,0.94816,0.94832,2.25,3.00
2013.03.19 18:19:12.735,0.94817,0.94834,1.50,1.53
2013.03.19 18:19:13.341,0.94818,0.94834,1.50,3.03
2013.03.19 18:19:13.438,0.94823,0.94839,4.50,2.25
2013.03.19 18:19:13.567,0.94823,0.94841,3.00,1.43
2013.03.19 18:19:13.706,0.9482,0.94838,3.75,1.50
2013.03.19 18:19:14.013,0.94828,0.94843,1.50,2.25
2013.03.19 18:19:14.515,0.94829,0.94844,4.50,2.63
2013.03.19 18:19:14.823,0.94836,0.94844,2.85,1.50
2013.03.19 18:19:15.154,0.94842,0.94847,1.50,1.65
2013.03.19 18:19:15.286,0.94842,0.94853,1.50,1.50
2013.03.19 18:19:15.354,0.94842,0.94857,1.50,2.25
2013.03.19 18:19:15.901,0.94842,0.9486,3.00,4.58
2013.03.19 18:19:16.406,0.94842,0.94859,2.25,3.00
2013.03.19 18:19:16.993,0.94841,0.94859,2.25,3.75
2013.03.19 18:19:17.907,0.9484,0.94857,3.00,2.25
2013.03.19 18:19:18.281,0.94838,0.94855,3.00,3.00
2013.03.19 18:19:18.495,0.94835,0.94852,2.25,2.25
2013.03.19 18:19:18.625,0.94835,0.9485,1.50,3.00
2013.03.19 18:19:18.944,0.94835,0.94848,2.25,3.75
2013.03.19 18:19:19.015,0.9483,0.94846,1.50,1.50
2013.03.19 18:19:19.323,0.94829,0.94848,3.00,1.50
2013.03.19 18:19:19.815,0.94829,0.94843,3.00,1.13
2013.03.19 18:19:19.886,0.94827,0.94841,2.25,1.45
2013.03.19 18:19:19.963,0.94826,0.9484,3.00,1.50
2013.03.19 18:19:20.516,0.94824,0.94841,1.50,4.47
2013.03.19 18:19:20.593,0.94822,0.9484,2.25,1.50
2013.03.19 18:19:21.833,0.94822,0.9484,2.25,1.50
2013.03.19 18:19:22.903,0.94825,0.94841,1.50,1.50
2013.03.19 18:19:23.333,0.94829,0.94846,1.50,2.25
2013.03.19 18:19:24.513,0.9483,0.94847,1.50,1.50
2013.03.19 18:19:24.645,0.94835,0.9485,1.50,2.25
2013.03.19 18:19:24.775,0.94836,0.94852,1.50,2.25
2013.03.19 18:19:24.844,0.94837,0.94852,2.25,1.50
2013.03.19 18:19:25.215,0.94838,0.94856,1.50,3.00
2013.03.19 18:19:25.425,0.9484,0.94857,2.25,4.50
2013.03.19 18:19:25.743,0.9484,0.94857,3.00,2.25
2013.03.19 18:19:26.362,0.94841,0.94858,1.50,3.00
2013.03.19 18:19:26.962,0.9484,0.94858,5.25,3.00
2013.03.19 18:19:27.481,0.94841,0.94859,1.50,2.25
2013.03.19 18:19:28.009,0.94841,0.94859,1.50,2.25
2013.03.19 18:19:28.613,0.94841,0.94858,1.50,2.25
2013.03.19 18:19:29.163,0.94841,0.94859,1.50,4.50
2013.03.19 18:19:29.713,0.9484,0.94858,1.50,2.25
2013.03.19 18:19:30.554,0.9484,0.94858,2.25,3.75
2013.03.19 18:19:30.863,0.94843,0.94859,2.48,3.75
2013.03.19 18:19:31.833,0.94839,0.94858,6.68,1.50
2013.03.19 18:19:36.595,0.9484,0.94858,1.50,4.50
2013.03.19 18:19:37.145,0.94839,0.94858,3.00,4.50
2013.03.19 18:19:37.633,0.94839,0.94857,1.50,1.50
2013.03.19 18:19:38.182,0.94838,0.94858,2.25,2.25
2013.03.19 18:19:39.094,0.94838,0.94856,3.00,1.50
2013.03.19 18:19:41.035,0.94838,0.94858,4.50,3.75
2013.03.19 18:19:41.236,0.94842,0.94859,1.50,2.25
2013.03.19 18:19:41.424,0.94841,0.94858,1.50,2.25
2013.03.19 18:19:41.956,0.94842,0.94858,1.50,1.50
2013.03.19 18:19:42.086,0.94841,0.94859,1.50,2.25
2013.03.19 18:19:42.860,0.94843,0.94861,1.50,1.50
2013.03.19 18:19:43.244,0.94843,0.94859,1.50,2.25
2013.03.19 18:19:43.753,0.9484,0.94859,1.50,3.75
2013.03.19 18:19:43.933,0.94841,0.94858,1.50,1.50
2013.03.19 18:19:45.252,0.94839,0.94859,3.98,3.72
2013.03.19 18:19:47.522,0.94838,0.94857,4.50,1.50
2013.03.19 18:19:49.436,0.94841,0.94858,1.20,2.25
2013.03.19 18:19:49.502,0.94841,0.94859,1.95,2.25
2013.03.19 18:19:49.565,0.94842,0.94859,4.65,1.50
2013.03.19 18:19:50.073,0.94845,0.9486,1.50,1.50
2013.03.19 18:19:50.623,0.94844,0.94863,2.48,3.08
2013.03.19 18:19:50.753,0.94844,0.94863,3.75,1.50
2013.03.19 18:19:51.155,0.94848,0.94864,2.25,1.50
2013.03.19 18:19:51.582,0.94846,0.94864,1.50,2.25
2013.03.19 18:19:52.083,0.94847,0.94864,2.25,1.50
2013.03.19 18:19:52.215,0.94847,0.94865,1.50,1.50
2013.03.19 18:19:52.987,0.94848,0.94866,3.23,2.25
2013.03.19 18:19:53.493,0.9485,0.94867,2.25,3.38
2013.03.19 18:19:53.676,0.9485,0.94867,3.00,1.88
2013.03.19 18:19:53.983,0.94854,0.94871,2.25,2.25
2013.03.19 18:19:54.286,0.94854,0.94872,1.50,1.50
2013.03.19 18:19:54.553,0.94855,0.94872,1.50,3.75
2013.03.19 18:19:54.973,0.94853,0.9487,2.25,1.50
2013.03.19 18:19:55.095,0.94855,0.94871,1.50,2.25
2013.03.19 18:19:55.410,0.94853,0.94869,1.50,1.50
2013.03.19 18:19:55.722,0.94852,0.94866,2.25,1.50
2013.03.19 18:19:56.039,0.94851,0.94865,3.00,1.50
2013.03.19 18:19:56.342,0.94848,0.94862,1.73,1.50
2013.03.19 18:19:56.901,0.94848,0.94861,2.48,1.50
2013.03.19 18:19:57.452,0.94847,0.94861,3.83,1.50
2013.03.19 18:19:57.512,0.94849,0.94866,1.50,1.50
2013.03.19 18:19:58.012,0.94847,0.94864,3.08,1.50
2013.03.19 18:19:58.312,0.94844,0.9486,1.50,1.20
2013.03.19 18:19:58.432,0.94843,0.9486,1.50,1.88
2013.03.19 18:19:58.792,0.94842,0.94858,1.50,1.88
2013.03.19 18:19:59.766,0.94842,0.94858,1.50,2.55
2013.03.19 18:20:00.395,0.94842,0.94858,1.50,2.55
2013.03.19 18:20:02.305,0.94841,0.94858,1.50,1.13
2013.03.19 18:20:02.646,0.94844,0.94861,1.50,1.58
2013.03.19 18:20:02.964,0.94846,0.94862,1.50,3.00
2013.03.19 18:20:03.213,0.94849,0.94865,1.50,1.50
2013.03.19 18:20:03.275,0.94848,0.94865,1.50,1.50
2013.03.19 18:20:04.162,0.94849,0.94867,1.50,3.90
2013.03.19 18:20:05.441,0.94849,0.94866,1.50,1.73
2013.03.19 18:20:05.786,0.94844,0.9486,2.25,1.50
2013.03.19 18:20:06.069,0.94844,0.94861,1.50,1.50
2013.03.19 18:20:06.283,0.94846,0.94864,1.50,3.75
2013.03.19 18:20:06.594,0.94849,0.94865,1.50,1.50
2013.03.19 18:20:07.153,0.94849,0.94866,1.50,1.88
2013.03.19 18:20:09.863,0.94849,0.94866,1.50,1.50
2013.03.19 18:20:10.173,0.94847,0.9486,1.50,2.82
2013.03.19 18:20:10.244,0.94844,0.94859,3.75,2.20
2013.03.19 18:20:10.733,0.94841,0.94858,1.50,1.43
2013.03.19 18:20:10.983,0.94842,0.94859,1.50,4.53
2013.03.19 18:20:11.689,0.94849,0.94859,1.50,3.00
2013.03.19 18:20:11.772,0.94851,0.94866,1.50,1.50
2013.03.19 18:20:13.003,0.94851,0.94866,1.50,1.50
2013.03.19 18:20:13.425,0.94848,0.94864,2.25,1.13
2013.03.19 18:20:13.622,0.94848,0.94862,1.50,1.13
2013.03.19 18:20:14.145,0.94848,0.94862,1.50,1.50
2013.03.19 18:20:14.473,0.94846,0.9486,1.50,1.07
2013.03.19 18:20:14.542,0.94845,0.94859,2.25,1.45
2013.03.19 18:20:15.084,0.94846,0.9486,1.50,4.47
2013.03.19 18:20:15.459,0.94844,0.94859,1.50,2.97
2013.03.19 18:20:15.823,0.94845,0.9486,1.50,1.95
2013.03.19 18:20:16.864,0.94844,0.94859,1.50,2.20
2013.03.19 18:20:17.413,0.94844,0.94859,1.50,1.45
2013.03.19 18:20:17.722,0.94845,0.94861,1.50,1.20
2013.03.19 18:20:19.213,0.94844,0.9486,1.50,2.89
2013.03.19 18:20:19.343,0.94844,0.94859,1.50,1.45
2013.03.19 18:20:19.714,0.94847,0.9486,1.50,1.50
2013.03.19 18:20:20.031,0.94849,0.94861,2.25,1.50
2013.03.19 18:20:20.273,0.94849,0.94861,1.50,1.50
2013.03.19 18:20:20.975,0.94843,0.94859,2.25,3.64
2013.03.19 18:20:21.533,0.94843,0.94858,1.50,1.43
2013.03.19 18:20:21.666,0.94842,0.94858,1.50,1.50
2013.03.19 18:20:21.735,0.94841,0.94858,1.50,1.50
2013.03.19 18:20:22.622,0.94843,0.94859,1.50,2.95
2013.03.19 18:20:23.123,0.94842,0.94858,1.50,1.50
2013.03.19 18:20:28.963,0.94841,0.94858,1.50,1.50
2013.03.19 18:20:30.653,0.94841,0.94856,1.50,1.50
2013.03.19 18:20:30.789,0.9484,0.94855,3.00,1.50
2013.03.19 18:20:31.302,0.94841,0.94856,1.50,1.50
2013.03.19 18:20:31.853,0.9484,0.94856,2.25,1.50
2013.03.19 18:20:32.762,0.94839,0.94854,2.25,1.88
2013.03.19 18:20:32.822,0.94837,0.94853,6.45,1.13
2013.03.19 18:20:33.241,0.94836,0.9485,5.25,2.12
2013.03.19 18:20:33.792,0.94836,0.9485,2.25,2.12
2013.03.19 18:20:35.392,0.94836,0.9485,1.50,2.12
2013.03.19 18:20:35.941,0.94837,0.9485,1.50,2.89
2013.03.19 18:20:36.463,0.94836,0.94852,2.25,2.93
2013.03.19 18:20:37.113,0.94836,0.94851,1.50,1.28
2013.03.19 18:20:37.193,0.94837,0.9485,1.50,2.28
2013.03.19 18:20:37.383,0.94837,0.94852,2.25,1.13
2013.03.19 18:20:37.574,0.94838,0.94854,1.50,1.50
2013.03.19 18:20:38.002,0.94837,0.94854,5.33,2.55
2013.03.19 18:20:38.507,0.94837,0.94852,3.83,1.20
2013.03.19 18:20:39.293,0.94837,0.94849,2.48,1.13
2013.03.19 18:20:39.593,0.94836,0.9485,1.50,1.43
2013.03.19 18:20:39.785,0.94836,0.94849,1.50,2.85
2013.03.19 18:20:40.093,0.94834,0.94842,1.65,3.08
2013.03.19 18:20:40.642,0.94827,0.94841,1.13,2.65
2013.03.19 18:20:40.702,0.94827,0.94841,1.13,2.65
2013.03.19 18:20:40.823,0.94822,0.94839,5.25,1.50
2013.03.19 18:20:40.882,0.94823,0.94839,2.25,1.50
2013.03.19 18:20:42.161,0.94822,0.9484,6.75,2.03
2013.03.19 18:20:42.284,0.94823,0.9484,3.00,3.53
2013.03.19 18:20:42.593,0.9482,0.94836,3.75,1.50
2013.03.19 18:20:42.833,0.94821,0.94839,2.25,1.50
2013.03.19 18:20:43.076,0.94822,0.9484,1.50,3.00
2013.03.19 18:20:43.204,0.9482,0.94839,4.50,1.50
2013.03.19 18:20:43.634,0.94819,0.94837,2.25,3.00
2013.03.19 18:20:43.823,0.9482,0.94837,1.50,1.50
2013.03.19 18:20:46.582,0.94822,0.94839,1.50,2.25
2013.03.19 18:20:47.083,0.94822,0.94838,2.25,2.25
2013.03.19 18:20:47.923,0.94821,0.94838,1.50,3.00
2013.03.19 18:20:48.005,0.94822,0.9484,1.50,1.50
2013.03.19 18:20:48.203,0.94821,0.9484,1.50,3.75
2013.03.19 18:20:48.742,0.94819,0.94839,4.73,1.50
2013.03.19 18:20:49.043,0.94821,0.9484,1.50,1.43
2013.03.19 18:20:49.352,0.94821,0.94838,1.50,1.50
2013.03.19 18:20:54.282,0.9482,0.94837,1.50,3.00
2013.03.19 18:20:54.405,0.94819,0.94833,4.50,1.50
2013.03.19 18:20:54.582,0.94819,0.94834,3.75,1.50
2013.03.19 18:20:54.702,0.94821,0.94838,1.50,2.25
2013.03.19 18:20:56.432,0.94821,0.94838,1.50,1.50
2013.03.19 18:20:56.920,0.94821,0.94837,1.50,1.50
2013.03.19 18:20:57.226,0.94819,0.94832,1.50,2.87
2013.03.19 18:20:57.532,0.94816,0.94832,2.25,2.12
2013.03.19 18:20:58.770,0.94816,0.94833,2.25,3.00
2013.03.19 18:20:59.323,0.94816,0.94833,1.50,3.45
2013.03.19 18:20:59.882,0.94816,0.94833,2.25,3.45
2013.03.19 18:21:00.185,0.94815,0.94828,1.50,8.33
2013.03.19 18:21:00.255,0.94814,0.94828,1.50,5.40
2013.03.19 18:21:00.386,0.94809,0.94826,1.50,3.00
2013.03.19 18:21:00.454,0.94809,0.94826,1.50,3.00
2013.03.19 18:21:00.594,0.94809,0.94826,1.50,3.00
2013.03.19 18:21:01.142,0.94808,0.94824,1.50,1.13
2013.03.19 18:21:01.683,0.94805,0.94824,4.50,1.13
2013.03.19 18:21:03.623,0.94805,0.94825,4.50,1.50
2013.03.19 18:21:05.992,0.94809,0.94826,1.50,1.50
2013.03.19 18:21:06.353,0.94806,0.94823,2.25,1.50
2013.03.19 18:21:07.129,0.94807,0.94823,1.50,2.25
2013.03.19 18:21:08.003,0.94806,0.94822,1.50,1.50
2013.03.19 18:21:11.934,0.94809,0.94823,1.50,1.50
2013.03.19 18:21:12.069,0.94811,0.94824,2.25,1.50
2013.03.19 18:21:12.253,0.94815,0.94826,1.50,1.50
2013.03.19 18:21:12.734,0.94812,0.94826,2.25,1.50
2013.03.19 18:21:13.165,0.94812,0.94828,3.00,2.25
2013.03.19 18:21:13.303,0.94811,0.94827,3.75,1.50
2013.03.19 18:21:13.873,0.94811,0.94827,4.50,2.25
2013.03.19 18:21:14.422,0.94812,0.94827,1.50,1.50
2013.03.19 18:21:14.985,0.94812,0.94827,2.25,1.50
2013.03.19 18:21:15.925,0.94811,0.94827,1.88,1.50
2013.03.19 18:21:16.538,0.94811,0.94827,1.88,1.50
2013.03.19 18:21:16.953,0.94812,0.94828,4.50,1.50
2013.03.19 18:21:17.463,0.94812,0.94827,3.75,1.50
2013.03.19 18:21:17.702,0.94811,0.94827,2.63,2.25
2013.03.19 18:21:17.821,0.94811,0.94827,3.38,1.50
2013.03.19 18:21:18.811,0.94814,0.94827,1.50,1.50
2013.03.19 18:21:19.873,0.94814,0.94827,2.33,1.50
2013.03.19 18:21:20.058,0.94821,0.94834,2.25,1.13
2013.03.19 18:21:20.187,0.94824,0.94835,1.50,1.50
2013.03.19 18:21:20.743,0.94824,0.94837,3.00,2.25
2013.03.19 18:21:20.924,0.94823,0.94837,2.48,1.50
2013.03.19 18:21:21.118,0.94824,0.94839,2.48,1.65
2013.03.19 18:21:21.663,0.94823,0.94839,3.98,1.50
2013.03.19 18:21:21.963,0.94824,0.94841,2.25,1.50
2013.03.19 18:21:23.653,0.94825,0.94842,1.50,2.25
2013.03.19 18:21:27.484,0.94825,0.94842,1.50,2.25
2013.03.19 18:21:28.745,0.94829,0.94844,1.35,2.25
2013.03.19 18:21:28.815,0.94829,0.94844,1.35,1.50
2013.03.19 18:21:28.885,0.9483,0.94846,1.50,2.25
2013.03.19 18:21:29.400,0.94831,0.94847,1.50,2.25
2013.03.19 18:21:31.084,0.94832,0.94847,1.50,1.50
2013.03.19 18:21:31.687,0.94832,0.94847,1.50,1.50
2013.03.19 18:21:32.493,0.94833,0.94849,2.25,3.00
2013.03.19 18:21:34.563,0.94832,0.94849,3.00,1.50
2013.03.19 18:21:36.655,0.94835,0.94852,1.50,1.50
2013.03.19 18:21:37.195,0.94834,0.9485,2.25,1.13
2013.03.19 18:21:37.502,0.94833,0.94849,2.25,1.13
2013.03.19 18:21:37.745,0.94834,0.9485,1.50,1.88
2013.03.19 18:21:38.005,0.94837,0.94851,2.25,1.50
2013.03.19 18:21:38.132,0.94836,0.94854,3.38,2.25
2013.03.19 18:21:41.288,0.94838,0.94854,2.25,1.88
2013.03.19 18:21:41.803,0.94838,0.94854,1.50,1.88
2013.03.19 18:21:42.485,0.94839,0.94854,1.50,1.20
2013.03.19 18:21:42.913,0.94843,0.94857,1.50,2.59
2013.03.19 18:21:43.452,0.94844,0.94861,1.50,1.43
2013.03.19 18:21:49.834,0.94843,0.94861,2.25,2.25
2013.03.19 18:21:50.493,0.94843,0.94857,1.50,1.09
2013.03.19 18:21:50.678,0.9484,0.94857,2.25,1.09
2013.03.19 18:21:51.205,0.9484,0.94856,1.50,1.09
2013.03.19 18:21:53.124,0.9484,0.94855,1.50,1.50
2013.03.19 18:21:54.246,0.9484,0.94854,1.50,1.50
2013.03.19 18:21:58.534,0.9484,0.94854,1.50,2.25
2013.03.19 18:22:01.522,0.94838,0.94854,1.50,2.40
2013.03.19 18:22:01.823,0.94835,0.94853,3.00,2.85
2013.03.19 18:22:02.003,0.94837,0.94853,1.50,2.85
2013.03.19 18:22:02.184,0.94845,0.94857,1.50,3.53
2013.03.19 18:22:02.362,0.94841,0.94856,3.00,3.34
2013.03.19 18:22:02.423,0.9484,0.94856,1.50,4.50
2013.03.19 18:22:08.504,0.94838,0.94853,1.50,1.15
2013.03.19 18:22:08.694,0.94837,0.94849,2.25,1.50
2013.03.19 18:22:08.895,0.94832,0.9485,5.03,2.63
2013.03.19 18:22:09.152,0.94832,0.94849,1.50,2.25
2013.03.19 18:22:09.953,0.94832,0.94849,1.50,4.13
2013.03.19 18:22:14.742,0.94829,0.94849,1.73,4.13
2013.03.19 18:22:15.089,0.94827,0.94841,1.50,2.28
2013.03.19 18:22:15.397,0.94823,0.94839,2.63,1.50
2013.03.19 18:22:15.773,0.94823,0.94839,3.38,1.50
2013.03.19 18:22:16.265,0.94826,0.94841,1.50,5.97
2013.03.19 18:22:16.339,0.94826,0.94841,2.25,2.28
2013.03.19 18:22:17.319,0.94825,0.94841,3.75,5.59
2013.03.19 18:22:17.391,0.94825,0.9484,3.75,1.13
2013.03.19 18:22:17.525,0.94825,0.94837,1.50,1.13
2013.03.19 18:22:18.435,0.94824,0.94839,1.50,1.88
2013.03.19 18:22:20.752,0.94824,0.94839,2.25,1.88
2013.03.19 18:22:21.098,0.94829,0.94841,3.00,3.00
2013.03.19 18:22:21.166,0.94829,0.94842,3.00,1.50
2013.03.19 18:22:21.697,0.94829,0.94842,3.23,1.50
2013.03.19 18:22:21.956,0.9483,0.94848,4.50,1.50
2013.03.19 18:22:22.084,0.94832,0.94845,3.00,2.25
2013.03.19 18:22:22.214,0.94833,0.94849,2.25,1.50
2013.03.19 18:22:22.342,0.94833,0.9485,2.25,2.63
2013.03.19 18:22:22.883,0.94834,0.94851,2.25,1.50
2013.03.19 18:22:24.772,0.94834,0.94851,2.25,2.25
2013.03.19 18:22:24.895,0.94837,0.94851,1.50,1.13
2013.03.19 18:22:25.088,0.94839,0.94855,1.50,1.50
2013.03.19 18:22:25.464,0.9484,0.94856,2.25,1.13
2013.03.19 18:22:25.914,0.94843,0.94857,2.25,1.50
2013.03.19 18:22:26.228,0.94843,0.94861,2.25,1.50
2013.03.19 18:22:26.783,0.94843,0.94862,2.25,1.73
2013.03.19 18:22:27.592,0.94843,0.9486,1.50,3.38
2013.03.19 18:22:29.577,0.94841,0.94859,4.50,1.88
2013.03.19 18:22:30.120,0.94842,0.94858,2.25,1.50
2013.03.19 18:22:30.426,0.94842,0.94857,2.25,2.25
2013.03.19 18:22:30.802,0.9484,0.94854,2.25,1.13
2013.03.19 18:22:31.113,0.94838,0.9485,1.50,2.63
2013.03.19 18:22:31.414,0.94833,0.94841,1.50,2.18
2013.03.19 18:22:31.545,0.94827,0.94841,1.50,2.18
2013.03.19 18:22:31.613,0.94827,0.9484,1.50,3.00
2013.03.19 18:22:32.096,0.94826,0.94835,2.25,1.43
2013.03.19 18:22:32.284,0.94824,0.94834,2.25,1.54
2013.03.19 18:22:32.475,0.94824,0.94832,2.25,2.18
2013.03.19 18:22:32.604,0.94816,0.94829,1.13,1.50
2013.03.19 18:22:32.795,0.94816,0.94828,1.50,1.50
2013.03.19 18:22:33.114,0.94815,0.94827,2.25,3.00
2013.03.19 18:22:33.500,0.9481,0.94826,4.50,1.50
2013.03.19 18:22:33.803,0.94812,0.94827,1.50,1.50
2013.03.19 18:22:34.355,0.94812,0.94828,1.50,1.50
2013.03.19 18:22:34.483,0.94813,0.94828,1.50,1.50
2013.03.19 18:22:34.816,0.94828,0.94833,1.50,1.50
2013.03.19 18:22:35.264,0.94829,0.94845,1.50,1.50
2013.03.19 18:22:36.773,0.94829,0.94844,1.73,1.50
2013.03.19 18:22:36.871,0.9483,0.94848,1.50,1.50
2013.03.19 18:22:37.077,0.94829,0.94845,1.73,3.00
2013.03.19 18:22:37.145,0.94831,0.94849,1.50,1.50
2013.03.19 18:22:37.464,0.9483,0.94848,3.00,1.50
2013.03.19 18:22:38.029,0.9483,0.94848,1.50,1.50
2013.03.19 18:22:40.303,0.9483,0.94847,1.50,1.50
2013.03.19 18:22:40.974,0.9483,0.94847,2.25,1.50
2013.03.19 18:22:41.508,0.94832,0.9485,1.50,2.63
2013.03.19 18:22:41.844,0.94832,0.9485,3.75,1.50
2013.03.19 18:22:42.453,0.94832,0.94848,3.00,1.50
2013.03.19 18:22:42.763,0.9483,0.94848,3.00,1.50
2013.03.19 18:22:42.883,0.9483,0.94847,3.00,2.25
2013.03.19 18:22:44.375,0.9483,0.94848,3.75,1.50
2013.03.19 18:22:46.399,0.94832,0.94849,3.75,1.50
2013.03.19 18:22:46.704,0.94832,0.9485,2.25,4.47
2013.03.19 18:22:46.953,0.94832,0.9485,3.00,2.95
2013.03.19 18:22:50.505,0.94833,0.94848,1.50,1.50
2013.03.19 18:22:50.844,0.94827,0.94843,3.00,1.65
2013.03.19 18:22:51.061,0.94826,0.94843,1.13,1.50
2013.03.19 18:22:51.952,0.94826,0.9484,1.13,1.50
2013.03.19 18:22:52.014,0.94824,0.94838,4.35,1.50
2013.03.19 18:22:52.204,0.94823,0.94836,1.73,1.50
2013.03.19 18:22:52.273,0.94825,0.94836,1.50,1.50
2013.03.19 18:22:52.583,0.94818,0.94831,1.88,1.50
2013.03.19 18:22:52.886,0.94819,0.94831,1.13,1.50
2013.03.19 18:22:52.954,0.94818,0.94831,2.25,2.25
2013.03.19 18:22:53.085,0.94815,0.94831,6.75,2.25
2013.03.19 18:22:54.682,0.94816,0.94831,3.00,1.50
2013.03.19 18:22:54.753,0.94816,0.94832,4.50,1.50
2013.03.19 18:22:56.743,0.94816,0.94831,2.25,1.50
2013.03.19 18:22:57.114,0.94816,0.9483,3.00,2.25
2013.03.19 18:22:57.623,0.94816,0.94828,1.50,1.50
2013.03.19 18:22:57.745,0.94813,0.94828,1.50,1.50
2013.03.19 18:22:58.052,0.94815,0.94831,2.25,1.13
2013.03.19 18:22:58.592,0.94816,0.94832,1.50,5.22
2013.03.19 18:22:59.363,0.94816,0.94832,1.50,1.50
2013.03.19 18:22:59.484,0.94816,0.94832,1.50,3.00
2013.03.19 18:22:59.795,0.94812,0.94828,3.00,1.50
2013.03.19 18:23:00.302,0.94812,0.94828,2.25,1.50
2013.03.19 18:23:00.664,0.94814,0.94828,1.95,1.50
2013.03.19 18:23:00.796,0.94816,0.94832,1.13,1.50
2013.03.19 18:23:01.402,0.94816,0.94833,3.23,1.50
2013.03.19 18:23:01.899,0.94821,0.94834,1.50,1.50
2013.03.19 18:23:02.153,0.94821,0.9484,3.75,1.50
2013.03.19 18:23:03.982,0.94824,0.94839,1.50,2.25
2013.03.19 18:23:05.166,0.94823,0.94839,1.50,3.00
2013.03.19 18:23:05.676,0.94823,0.94839,1.50,3.00
2013.03.19 18:23:05.863,0.94823,0.94839,2.25,1.50
2013.03.19 18:23:06.043,0.94824,0.94842,2.25,2.25
2013.03.19 18:23:06.226,0.94826,0.94842,2.33,1.50
2013.03.19 18:23:06.566,0.94834,0.94848,2.25,3.75
2013.03.19 18:23:06.635,0.94833,0.94848,3.23,1.50
2013.03.19 18:23:07.183,0.94834,0.9485,1.50,1.50
2013.03.19 18:23:07.823,0.94834,0.9485,2.25,1.50
2013.03.19 18:23:08.331,0.94834,0.9485,3.00,1.50
2013.03.19 18:23:08.393,0.94834,0.9485,2.25,3.00
2013.03.19 18:23:08.643,0.94834,0.94851,3.23,2.25
2013.03.19 18:23:09.749,0.94834,0.94851,3.23,2.25
2013.03.19 18:23:10.294,0.94834,0.94851,2.25,1.50
2013.03.19 18:23:10.917,0.94834,0.9485,3.98,1.50
2013.03.19 18:23:11.863,0.94835,0.9485,2.25,1.50
2013.03.19 18:23:11.933,0.94839,0.94852,1.50,4.50
2013.03.19 18:23:12.184,0.94835,0.9485,3.00,1.50
2013.03.19 18:23:12.253,0.94835,0.94849,1.50,1.50
2013.03.19 18:23:12.824,0.94833,0.94849,1.50,2.25
2013.03.19 18:23:13.384,0.94832,0.94848,1.88,1.50
2013.03.19 18:23:14.293,0.94831,0.94848,5.85,2.25
2013.03.19 18:23:15.573,0.94831,0.94849,3.75,1.50
2013.03.19 18:23:15.692,0.94831,0.9485,6.75,1.80
2013.03.19 18:23:16.122,0.94831,0.94848,5.25,1.50
2013.03.19 18:23:17.625,0.94831,0.9485,3.00,5.14
2013.03.19 18:23:17.697,0.94831,0.94849,1.50,2.25
2013.03.19 18:23:17.897,0.9483,0.94849,5.10,1.50
2013.03.19 18:23:18.443,0.94831,0.9485,3.08,3.00
2013.03.19 18:23:19.103,0.94831,0.94847,3.08,1.50
2013.03.19 18:23:19.417,0.94828,0.9484,2.25,3.00
2013.03.19 18:23:19.485,0.94824,0.9484,2.25,3.00
2013.03.19 18:23:19.614,0.94823,0.94837,1.13,1.50
2013.03.19 18:23:20.053,0.9482,0.94836,2.25,1.50
2013.03.19 18:23:20.653,0.9482,0.94836,2.25,1.50
2013.03.19 18:23:20.773,0.9482,0.94836,3.75,1.50
2013.03.19 18:23:20.954,0.9482,0.94837,6.00,3.00
2013.03.19 18:23:21.670,0.9482,0.94836,3.75,1.50
2013.03.19 18:23:22.224,0.9482,0.94836,6.00,1.50
2013.03.19 18:23:23.933,0.9482,0.94836,5.25,1.50
2013.03.19 18:23:24.902,0.9482,0.94836,4.88,1.50
2013.03.19 18:23:25.484,0.94822,0.94836,1.50,1.50
2013.03.19 18:23:26.015,0.94821,0.94837,3.00,1.50
2013.03.19 18:23:29.224,0.94821,0.94835,2.25,1.50
2013.03.19 18:23:40.044,0.94821,0.94837,2.25,1.50
2013.03.19 18:23:42.982,0.94821,0.94835,1.50,1.50
2013.03.19 18:23:44.992,0.94821,0.94836,2.25,1.50
2013.03.19 18:23:48.562,0.94821,0.94837,2.25,1.50
2013.03.19 18:23:50.482,0.94821,0.94836,2.25,2.25
2013.03.19 18:23:55.943,0.94821,0.94836,2.25,1.50
2013.03.19 18:24:02.333,0.94822,0.94839,1.50,1.50
2013.03.19 18:24:02.396,0.94822,0.94839,1.50,2.25
2013.03.19 18:24:02.943,0.94822,0.94839,3.75,1.50
2013.03.19 18:24:05.055,0.94823,0.94839,1.50,1.50
2013.03.19 18:24:07.236,0.94824,0.9484,2.25,1.50
2013.03.19 18:24:09.834,0.94824,0.94839,2.25,1.50
2013.03.19 18:24:13.093,0.94824,0.94839,1.50,1.50
2013.03.19 18:24:13.513,0.94823,0.94837,1.50,1.50
2013.03.19 18:24:13.992,0.9482,0.94836,2.63,1.50
2013.03.19 18:24:17.352,0.94821,0.94836,1.50,1.50
2013.03.19 18:24:17.874,0.94821,0.94836,1.50,1.50
2013.03.19 18:24:18.112,0.94821,0.94836,1.50,2.20
2013.03.19 18:24:18.357,0.94819,0.94833,1.13,2.97
2013.03.19 18:24:18.425,0.94818,0.94831,2.25,1.50
2013.03.19 18:24:19.092,0.94815,0.94831,3.00,1.50
2013.03.19 18:24:19.598,0.94815,0.94831,3.75,1.50
2013.03.19 18:24:21.571,0.94816,0.94833,1.50,1.50
2013.03.19 18:24:22.103,0.94816,0.94833,1.50,1.50
2013.03.19 18:24:22.369,0.94816,0.94832,2.25,1.50
2013.03.19 18:24:27.924,0.94816,0.9483,1.88,3.75
2013.03.19 18:24:28.556,0.94816,0.9483,1.50,2.25
2013.03.19 18:24:29.093,0.94815,0.9483,2.25,2.25
2013.03.19 18:24:31.052,0.94816,0.94828,1.50,1.50
2013.03.19 18:24:31.584,0.94817,0.94828,1.50,1.50
2013.03.19 18:24:33.035,0.94819,0.94829,1.50,1.50
2013.03.19 18:24:33.251,0.94817,0.94829,1.50,2.25
2013.03.19 18:24:33.957,0.94816,0.94829,1.50,3.00
2013.03.19 18:24:34.466,0.94816,0.94828,1.50,1.50
2013.03.19 18:24:35.035,0.94816,0.94829,1.50,2.25
2013.03.19 18:24:35.223,0.94814,0.94828,1.88,2.25
2013.03.19 18:24:35.286,0.94813,0.94826,1.13,1.50
2013.03.19 18:24:35.606,0.94813,0.94823,2.25,1.50
2013.03.19 18:24:35.853,0.94809,0.94823,3.00,1.50
2013.03.19 18:24:36.363,0.94809,0.94824,3.00,1.50
2013.03.19 18:24:37.363,0.94809,0.94823,3.00,1.50
2013.03.19 18:24:38.473,0.94809,0.94823,3.00,1.50
2013.03.19 18:24:38.884,0.94811,0.94823,1.50,1.50
2013.03.19 18:24:39.430,0.9481,0.94823,1.50,1.50
2013.03.19 18:24:42.075,0.9481,0.94823,2.25,1.50
2013.03.19 18:24:42.506,0.94812,0.94827,3.00,3.00
2013.03.19 18:24:43.125,0.94818,0.94832,1.50,3.00
2013.03.19 18:24:43.454,0.94817,0.9483,1.50,1.50
2013.03.19 18:24:43.774,0.94815,0.9483,3.00,3.00
2013.03.19 18:24:44.313,0.94817,0.94829,1.50,1.50
2013.03.19 18:24:44.864,0.94817,0.9483,1.50,1.50
2013.03.19 18:24:45.313,0.94817,0.94833,5.03,3.75
2013.03.19 18:24:45.634,0.94822,0.94835,3.00,3.00
2013.03.19 18:24:45.703,0.94821,0.94835,3.00,1.50
2013.03.19 18:24:45.885,0.9482,0.94837,3.00,2.25
2013.03.19 18:24:46.376,0.94819,0.94836,1.73,2.25
2013.03.19 18:24:46.924,0.94817,0.94834,4.88,3.00
2013.03.19 18:24:47.256,0.94816,0.94833,4.50,1.50
2013.03.19 18:24:47.393,0.94816,0.94832,3.75,1.50
2013.03.19 18:24:47.694,0.94816,0.94832,5.78,1.50
2013.03.19 18:24:47.995,0.94816,0.9483,4.05,1.50
2013.03.19 18:24:48.499,0.94814,0.94826,3.15,2.10
2013.03.19 18:24:48.841,0.94811,0.94817,2.25,2.25
2013.03.19 18:24:48.988,0.94808,0.94816,2.25,2.25
2013.03.19 18:24:49.057,0.94804,0.94814,2.25,1.50
2013.03.19 18:24:49.247,0.94804,0.94816,2.25,2.25
2013.03.19 18:24:49.434,0.94802,0.94816,1.88,2.25
2013.03.19 18:24:49.696,0.94797,0.94813,1.50,3.75
2013.03.19 18:24:49.902,0.94795,0.9481,3.75,3.00
2013.03.19 18:24:50.035,0.94794,0.9481,3.15,3.00
2013.03.19 18:24:50.223,0.94793,0.94805,1.50,2.20
2013.03.19 18:24:50.899,0.94793,0.948,1.50,2.25
2013.03.19 18:24:51.136,0.94788,0.94792,1.50,1.73
2013.03.19 18:24:51.485,0.94784,0.94792,1.50,1.67
2013.03.19 18:24:51.618,0.94783,0.94796,2.93,2.25
2013.03.19 18:24:51.755,0.94784,0.94796,3.75,1.88
2013.03.19 18:24:51.957,0.94784,0.94791,2.48,1.50
2013.03.19 18:24:52.464,0.94786,0.94799,1.50,3.00
2013.03.19 18:24:52.596,0.94786,0.94793,1.50,1.50
2013.03.19 18:24:52.725,0.94786,0.94802,3.00,3.75
2013.03.19 18:24:52.865,0.94785,0.948,3.75,1.50
2013.03.19 18:24:53.364,0.94784,0.94798,1.50,2.25
2013.03.19 18:24:53.688,0.94793,0.94799,3.00,2.25
2013.03.19 18:24:53.886,0.94794,0.948,2.48,1.50
2013.03.19 18:24:53.954,0.94796,0.94804,2.25,2.40
2013.03.19 18:24:54.147,0.94794,0.94803,2.25,1.50
2013.03.19 18:24:54.217,0.94794,0.94802,2.78,2.25
2013.03.19 18:24:54.536,0.94787,0.94795,4.50,3.00
2013.03.19 18:24:54.607,0.94788,0.94793,1.50,3.00
2013.03.19 18:24:54.978,0.94789,0.94795,2.25,3.00
2013.03.19 18:24:55.163,0.9478,0.94794,1.65,1.50
2013.03.19 18:24:55.285,0.9478,0.94789,1.65,1.50
2013.03.19 18:24:55.609,0.94772,0.94779,5.25,1.80
2013.03.19 18:24:55.816,0.94768,0.94774,2.25,1.50
2013.03.19 18:24:55.889,0.94768,0.94774,1.50,2.25
2013.03.19 18:24:56.099,0.94754,0.94772,2.93,1.50
2013.03.19 18:24:56.874,0.94755,0.94772,2.78,2.25
2013.03.19 18:24:56.961,0.94755,0.94768,2.78,1.50
2013.03.19 18:24:57.246,0.94756,0.9477,2.03,1.50
2013.03.19 18:24:57.666,0.94759,0.9477,2.85,1.50
2013.03.19 18:24:57.741,0.94767,0.9478,1.28,3.00
2013.03.19 18:24:57.863,0.94767,0.94782,2.78,2.25
2013.03.19 18:24:58.115,0.94769,0.94783,1.65,1.50
2013.03.19 18:24:58.315,0.94769,0.94782,2.25,1.50
2013.03.19 18:24:58.625,0.94772,0.94785,1.50,1.50
2013.03.19 18:24:58.695,0.94774,0.94786,2.25,2.25
2013.03.19 18:24:58.826,0.94775,0.94786,1.50,3.75
2013.03.19 18:24:59.013,0.94777,0.94788,1.50,3.75
2013.03.19 18:24:59.134,0.94776,0.94788,3.00,3.00
2013.03.19 18:24:59.205,0.94776,0.94788,1.50,1.50
2013.03.19 18:24:59.274,0.94775,0.94788,1.13,2.25
2013.03.19 18:24:59.603,0.94773,0.94785,1.50,2.25
2013.03.19 18:24:59.666,0.94776,0.94788,1.50,1.50
2013.03.19 18:24:59.914,0.94773,0.94786,3.53,1.50
2013.03.19 18:25:00.176,0.94772,0.94785,1.50,1.50
2013.03.19 18:25:00.485,0.94769,0.94781,2.03,3.00
2013.03.19 18:25:00.736,0.94766,0.94782,3.53,3.75
2013.03.19 18:25:00.926,0.94769,0.94782,1.50,3.75
2013.03.19 18:25:01.188,0.94769,0.94783,1.50,2.25
2013.03.19 18:25:01.698,0.9477,0.94782,1.28,1.50
2013.03.19 18:25:02.144,0.94769,0.94782,1.28,3.00
2013.03.19 18:25:02.327,0.94769,0.94785,1.50,1.50
2013.03.19 18:25:02.403,0.94771,0.94785,1.28,1.50
2013.03.19 18:25:02.957,0.94771,0.94786,1.28,2.25
2013.03.19 18:25:03.792,0.94774,0.94786,1.28,1.50
2013.03.19 18:25:03.884,0.94769,0.94784,2.78,3.00
2013.03.19 18:25:03.967,0.94769,0.94784,2.03,1.50
2013.03.19 18:25:04.153,0.9477,0.94784,1.28,1.50
2013.03.19 18:25:04.514,0.94768,0.94783,2.78,1.50
2013.03.19 18:25:04.705,0.94775,0.94788,1.28,3.75
2013.03.19 18:25:04.774,0.94776,0.94788,1.28,1.50
2013.03.19 18:25:05.037,0.9478,0.94793,1.28,2.25
2013.03.19 18:25:05.107,0.94782,0.94793,1.28,2.25
2013.03.19 18:25:05.413,0.94786,0.94799,1.28,1.50
2013.03.19 18:25:05.716,0.94784,0.94796,1.28,3.00
2013.03.19 18:25:06.024,0.9478,0.94796,1.28,3.00
2013.03.19 18:25:06.276,0.9478,0.94796,2.03,3.00
2013.03.19 18:25:06.793,0.94781,0.94794,2.03,1.50
2013.03.19 18:25:07.346,0.94781,0.94796,1.28,2.25
2013.03.19 18:25:07.675,0.94779,0.94792,1.50,1.50
2013.03.19 18:25:08.386,0.94778,0.94791,2.03,1.50
2013.03.19 18:25:09.124,0.94779,0.94792,2.03,1.50
2013.03.19 18:25:09.815,0.94777,0.9479,2.03,2.65
2013.03.19 18:25:09.945,0.94774,0.94789,1.50,1.53
2013.03.19 18:25:10.016,0.94774,0.94788,1.50,3.03
2013.03.19 18:25:10.404,0.94773,0.94785,2.25,2.25
2013.03.19 18:25:10.533,0.94771,0.94785,3.75,2.25
2013.03.19 18:25:11.016,0.9477,0.94784,1.50,1.50
2013.03.19 18:25:11.884,0.94766,0.94773,1.50,1.50
2013.03.19 18:25:12.229,0.94757,0.94768,1.50,12.09
2013.03.19 18:25:12.304,0.94757,0.94761,1.50,2.18
2013.03.19 18:25:12.444,0.94754,0.94761,1.13,1.43
2013.03.19 18:25:12.516,0.94749,0.94758,3.83,2.25
2013.03.19 18:25:12.645,0.94749,0.94761,1.58,4.05
2013.03.19 18:25:12.773,0.94745,0.94758,1.50,1.50
2013.03.19 18:25:12.917,0.94743,0.94757,1.50,1.50
2013.03.19 18:25:13.043,0.9474,0.94754,2.78,1.50
2013.03.19 18:25:13.284,0.94739,0.94753,2.78,1.50
2013.03.19 18:25:13.593,0.94739,0.94752,3.53,1.50
2013.03.19 18:25:13.904,0.94734,0.94748,2.25,1.50
2013.03.19 18:25:14.225,0.94736,0.9475,1.50,1.50
2013.03.19 18:25:14.534,0.94736,0.9475,1.50,1.50
2013.03.19 18:25:15.075,0.94732,0.94745,3.00,1.50
2013.03.19 18:25:15.267,0.94732,0.94748,3.00,2.25
2013.03.19 18:25:15.814,0.94733,0.94747,1.50,1.50
2013.03.19 18:25:16.373,0.94733,0.94748,2.25,3.75
2013.03.19 18:25:16.673,0.94734,0.94747,1.28,1.50
2013.03.19 18:25:17.032,0.94741,0.94751,2.78,2.25
2013.03.19 18:25:17.214,0.94742,0.94754,1.28,1.13
2013.03.19 18:25:17.715,0.94742,0.94754,1.50,1.13
2013.03.19 18:25:18.472,0.94741,0.94755,2.78,1.50
2013.03.19 18:25:19.333,0.94741,0.94755,5.03,1.50
2013.03.19 18:25:20.772,0.94741,0.94755,5.03,1.50
2013.03.19 18:25:21.382,0.94741,0.94755,4.50,1.50
2013.03.19 18:25:21.923,0.94741,0.94755,3.75,1.50
2013.03.19 18:25:21.984,0.94741,0.94757,4.13,3.00
2013.03.19 18:25:22.053,0.94744,0.94757,1.13,2.25
2013.03.19 18:25:22.188,0.94744,0.94757,1.50,3.75
2013.03.19 18:25:22.502,0.94744,0.94757,2.78,3.00
2013.03.19 18:25:22.684,0.94747,0.94761,1.28,4.53
2013.03.19 18:25:22.934,0.94746,0.94761,1.28,3.75
2013.03.19 18:25:23.485,0.94744,0.9476,2.03,3.00
2013.03.19 18:25:23.792,0.94742,0.94758,1.50,2.25
2013.03.19 18:25:24.194,0.94742,0.94758,1.50,2.25
2013.03.19 18:25:24.813,0.94742,0.94758,2.25,1.50
2013.03.19 18:25:25.364,0.94748,0.9476,1.28,3.00
2013.03.19 18:25:25.675,0.94746,0.94756,2.25,1.50
2013.03.19 18:25:25.806,0.94743,0.94752,1.50,1.50
2013.03.19 18:25:26.235,0.94742,0.94754,2.25,1.13
2013.03.19 18:25:26.304,0.94742,0.94754,1.50,1.88
2013.03.19 18:25:26.364,0.94741,0.94752,1.50,1.50
2013.03.19 18:25:26.435,0.94741,0.94754,3.00,2.63
2013.03.19 18:25:26.984,0.94743,0.94757,2.25,2.25
2013.03.19 18:25:27.235,0.94741,0.94754,1.50,2.25
2013.03.19 18:25:27.365,0.94739,0.94752,1.28,1.50
2013.03.19 18:25:27.674,0.94741,0.94753,3.00,1.50
2013.03.19 18:25:27.975,0.94747,0.94757,2.03,1.50
2013.03.19 18:25:28.524,0.94747,0.9476,1.50,2.25
2013.03.19 18:25:29.085,0.94748,0.9476,1.28,1.50
2013.03.19 18:25:29.392,0.94747,0.94761,2.03,1.50
2013.03.19 18:25:29.705,0.94748,0.94763,1.50,2.25
2013.03.19 18:25:30.291,0.94747,0.94763,3.75,2.25
2013.03.19 18:25:30.693,0.94749,0.94763,1.50,1.50
2013.03.19 18:25:30.995,0.94752,0.94765,2.78,1.50
2013.03.19 18:25:31.064,0.94752,0.94768,2.78,1.50
2013.03.19 18:25:31.373,0.9475,0.94768,2.78,2.25
2013.03.19 18:25:32.094,0.94751,0.94768,3.53,2.25
2013.03.19 18:25:32.273,0.94753,0.94768,1.28,2.25
2013.03.19 18:25:32.803,0.94755,0.94769,1.50,1.50
2013.03.19 18:25:33.163,0.94756,0.9477,2.25,1.50
2013.03.19 18:25:33.403,0.94759,0.94772,1.50,2.25
2013.03.19 18:25:33.956,0.94759,0.94773,2.78,1.73
2013.03.19 18:25:34.154,0.94759,0.94773,2.78,3.23
2013.03.19 18:25:34.705,0.94755,0.94771,2.78,1.50
2013.03.19 18:25:35.225,0.9476,0.94773,3.00,1.73
2013.03.19 18:25:35.544,0.94764,0.94774,2.03,2.25
2013.03.19 18:25:35.855,0.94768,0.94775,1.28,2.25
2013.03.19 18:25:35.925,0.94768,0.94779,1.28,2.25
2013.03.19 18:25:36.053,0.94771,0.94779,1.50,2.25
2013.03.19 18:25:36.114,0.94771,0.94784,1.50,3.75
2013.03.19 18:25:36.474,0.94771,0.94787,2.25,1.50
2013.03.19 18:25:36.713,0.94771,0.94787,1.50,3.00
2013.03.19 18:25:36.775,0.94771,0.94785,1.28,1.50
2013.03.19 18:25:37.334,0.9477,0.94785,4.05,1.50
2013.03.19 18:25:37.405,0.94773,0.94786,1.28,2.25
2013.03.19 18:25:37.832,0.94773,0.94788,2.25,1.50
2013.03.19 18:25:37.897,0.94774,0.94789,1.13,3.00
2013.03.19 18:25:38.223,0.9478,0.9479,1.50,2.25
2013.03.19 18:25:38.874,0.94777,0.94793,3.53,1.50
2013.03.19 18:25:39.404,0.94777,0.94792,1.50,1.50
2013.03.19 18:25:39.776,0.94776,0.94792,2.25,1.50
2013.03.19 18:25:39.844,0.94776,0.94794,3.75,1.50
2013.03.19 18:25:40.216,0.94778,0.94793,1.50,1.50
2013.03.19 18:25:40.767,0.94778,0.94793,2.03,1.50
2013.03.19 18:25:41.804,0.94779,0.94794,2.03,2.25
2013.03.19 18:25:42.129,0.94778,0.94793,1.50,1.50
2013.03.19 18:25:42.194,0.94777,0.94793,1.50,1.50
2013.03.19 18:25:42.503,0.94777,0.94793,2.03,1.50
2013.03.19 18:25:42.624,0.94779,0.94794,1.50,1.50
2013.03.19 18:25:43.173,0.94779,0.94794,1.50,1.50
2013.03.19 18:25:43.496,0.9478,0.94796,2.25,1.50
2013.03.19 18:25:44.404,0.94783,0.94797,2.25,1.50
2013.03.19 18:25:44.953,0.94783,0.94796,3.00,1.50
2013.03.19 18:25:46.044,0.94783,0.94796,2.25,1.50
2013.03.19 18:25:46.355,0.94783,0.94796,2.25,2.25
2013.03.19 18:25:46.485,0.9478,0.94796,2.25,2.25
2013.03.19 18:25:46.675,0.9478,0.94792,1.50,1.50
2013.03.19 18:25:46.803,0.94777,0.94793,2.03,2.25
2013.03.19 18:25:46.985,0.94778,0.94793,1.50,1.50
2013.03.19 18:25:47.642,0.94779,0.94795,1.50,2.25
2013.03.19 18:25:48.143,0.94781,0.94795,2.25,2.25
2013.03.19 18:25:48.683,0.94781,0.94794,1.50,1.50
2013.03.19 18:25:49.043,0.94781,0.94794,2.25,1.50
2013.03.19 18:25:49.354,0.94784,0.94797,1.50,1.50
2013.03.19 18:25:49.639,0.94784,0.94799,2.25,1.50
2013.03.19 18:25:49.952,0.94784,0.94798,1.50,1.50
2013.03.19 18:25:50.085,0.94781,0.94794,2.25,1.50
2013.03.19 18:25:50.454,0.94779,0.94794,1.50,1.50
2013.03.19 18:25:50.975,0.94779,0.94794,3.00,1.50
2013.03.19 18:25:51.224,0.9478,0.94795,1.50,2.25
2013.03.19 18:25:51.295,0.9478,0.94796,3.00,1.50
2013.03.19 18:25:51.893,0.9478,0.94796,3.00,1.50
2013.03.19 18:25:52.434,0.9478,0.94797,2.25,2.25
2013.03.19 18:25:52.743,0.9478,0.94795,1.50,2.25
2013.03.19 18:25:53.334,0.94777,0.94793,3.00,2.25
2013.03.19 18:25:53.463,0.94777,0.94792,1.50,3.00
2013.03.19 18:25:53.585,0.94774,0.94789,3.00,2.25
2013.03.19 18:25:53.773,0.94777,0.94788,1.50,2.25
2013.03.19 18:25:54.015,0.94772,0.94786,1.88,1.50
2013.03.19 18:25:54.084,0.94772,0.94784,1.88,1.50
2013.03.19 18:25:54.215,0.94768,0.94784,1.50,1.58
2013.03.19 18:25:54.343,0.94767,0.9478,1.50,1.05
2013.03.19 18:25:54.584,0.94762,0.94774,1.50,2.25
2013.03.19 18:25:54.657,0.94763,0.94774,1.50,1.50
2013.03.19 18:25:54.785,0.94765,0.94777,1.28,1.50
2013.03.19 18:25:54.915,0.94765,0.94777,1.80,1.50
2013.03.19 18:25:54.983,0.94767,0.9478,1.28,1.88
2013.03.19 18:25:55.255,0.9477,0.94785,1.50,3.75
2013.03.19 18:25:55.443,0.94769,0.94785,7.13,1.50
2013.03.19 18:25:55.622,0.94771,0.94787,2.25,3.00
2013.03.19 18:25:56.145,0.94771,0.94786,2.25,2.25
2013.03.19 18:25:56.695,0.94771,0.94783,1.50,2.25
2013.03.19 18:25:57.310,0.94769,0.94781,3.00,1.50
2013.03.19 18:25:57.393,0.94765,0.94781,1.50,1.50
2013.03.19 18:25:57.774,0.94767,0.94782,1.28,3.38
2013.03.19 18:25:57.843,0.94768,0.94782,2.25,1.50
2013.03.19 18:25:58.144,0.94769,0.94782,1.50,1.50
2013.03.19 18:25:58.444,0.9477,0.94785,2.25,1.50
2013.03.19 18:25:58.575,0.9477,0.94787,2.25,3.00
2013.03.19 18:25:59.403,0.94771,0.94786,1.50,2.25
2013.03.19 18:25:59.469,0.94768,0.94784,3.53,1.50
2013.03.19 18:25:59.734,0.94767,0.94782,4.95,1.50
2013.03.19 18:26:00.285,0.94768,0.94784,2.25,2.25
2013.03.19 18:26:02.524,0.94767,0.94783,4.20,1.50
2013.03.19 18:26:03.296,0.94766,0.94779,2.25,1.50
2013.03.19 18:26:03.608,0.94761,0.94771,1.50,1.50
2013.03.19 18:26:03.675,0.94759,0.94771,1.50,1.50
2013.03.19 18:26:03.805,0.94759,0.94773,1.50,3.75
2013.03.19 18:26:03.933,0.94759,0.94774,3.00,2.25
2013.03.19 18:26:04.064,0.9476,0.94775,2.78,1.50
2013.03.19 18:26:04.587,0.9476,0.94776,4.28,1.50
2013.03.19 18:26:05.506,0.94761,0.94774,1.50,1.50
2013.03.19 18:26:05.573,0.9476,0.94774,1.80,1.50
2013.03.19 18:26:05.878,0.94759,0.94772,3.98,2.20
2013.03.19 18:26:06.185,0.94756,0.94767,2.25,1.50
2013.03.19 18:26:06.494,0.94754,0.94764,1.50,1.64
2013.03.19 18:26:06.737,0.94751,0.94761,2.03,2.25
2013.03.19 18:26:06.804,0.94752,0.94761,1.28,2.25
2013.03.19 18:26:06.875,0.94752,0.94759,1.28,1.50
2013.03.19 18:26:07.004,0.94748,0.94756,1.28,1.50
2013.03.19 18:26:07.195,0.94739,0.94754,4.50,1.50
2013.03.19 18:26:09.223,0.94742,0.94756,1.28,1.50
2013.03.19 18:26:09.347,0.94743,0.94758,1.05,3.00
2013.03.19 18:26:09.674,0.94747,0.94761,4.50,2.25
2013.03.19 18:26:09.733,0.94747,0.94762,4.50,2.63
2013.03.19 18:26:09.916,0.94747,0.94762,2.25,1.50
2013.03.19 18:26:10.043,0.94747,0.9476,2.25,1.50
2013.03.19 18:26:10.643,0.94747,0.94761,2.78,3.00
2013.03.19 18:26:12.674,0.94747,0.9476,2.78,2.25
2013.03.19 18:26:13.375,0.94745,0.9476,4.88,3.00
2013.03.19 18:26:13.443,0.94747,0.9476,1.28,3.00
2013.03.19 18:26:14.016,0.94748,0.9476,2.03,2.25
2013.03.19 18:26:14.443,0.94749,0.94764,3.00,1.88
2013.03.19 18:26:14.563,0.9475,0.94766,2.03,2.25
2013.03.19 18:26:16.895,0.94751,0.94765,1.28,1.50
2013.03.19 18:26:17.765,0.94748,0.94764,2.78,1.50
2013.03.19 18:26:18.135,0.94748,0.94762,2.03,1.50
2013.03.19 18:26:18.853,0.94748,0.94763,2.03,2.25
2013.03.19 18:26:19.363,0.94748,0.94763,2.03,1.50
2013.03.19 18:26:20.445,0.94748,0.94763,1.28,1.50
2013.03.19 18:26:21.197,0.94748,0.94762,1.28,1.50
2013.03.19 18:26:21.744,0.94748,0.94762,1.28,1.50
2013.03.19 18:26:22.932,0.94748,0.94762,1.28,1.50
2013.03.19 18:26:23.484,0.94748,0.94762,1.28,1.50
2013.03.19 18:26:24.265,0.94748,0.94763,2.03,1.50
2013.03.19 18:26:26.550,0.9475,0.94764,1.50,1.50
2013.03.19 18:26:27.103,0.9475,0.94766,1.50,2.25
2013.03.19 18:26:27.282,0.9475,0.94766,2.25,1.50
2013.03.19 18:26:27.796,0.94752,0.94766,1.50,1.50
2013.03.19 18:26:28.485,0.94752,0.94767,1.50,3.00
2013.03.19 18:26:30.153,0.9475,0.94765,1.50,1.50
2013.03.19 18:26:31.464,0.9475,0.94766,6.00,1.50
2013.03.19 18:26:32.015,0.94752,0.94767,1.28,1.50
2013.03.19 18:26:32.453,0.94751,0.94766,3.00,1.50
2013.03.19 18:26:33.423,0.94751,0.94767,2.25,1.50
2013.03.19 18:26:33.484,0.94754,0.94768,1.50,2.25
2013.03.19 18:26:33.785,0.94758,0.94769,1.28,1.50
2013.03.19 18:26:34.225,0.94758,0.94771,1.28,1.50
2013.03.19 18:26:34.593,0.94757,0.94771,2.03,1.50
2013.03.19 18:26:34.716,0.94757,0.94771,2.78,1.50
2013.03.19 18:26:35.273,0.94757,0.94771,2.78,1.50
2013.03.19 18:26:35.816,0.94757,0.94772,2.78,1.50
2013.03.19 18:26:36.832,0.94757,0.94771,2.78,1.50
2013.03.19 18:26:38.713,0.94757,0.94771,2.03,1.50
2013.03.19 18:26:39.295,0.94757,0.94769,1.50,1.50
2013.03.19 18:26:39.425,0.94752,0.94767,3.00,2.63
2013.03.19 18:26:39.554,0.94749,0.94765,3.75,2.25
2013.03.19 18:26:39.625,0.9475,0.94765,1.28,2.25
2013.03.19 18:26:39.694,0.94751,0.94765,2.03,1.50
2013.03.19 18:26:40.004,0.94749,0.94765,2.48,3.75
2013.03.19 18:26:40.553,0.94749,0.94763,2.25,1.50
2013.03.19 18:26:41.844,0.94749,0.94764,2.25,1.50
2013.03.19 18:26:43.020,0.9475,0.94765,1.50,4.50
2013.03.19 18:26:46.352,0.9475,0.94763,1.50,1.50
2013.03.19 18:26:47.236,0.9475,0.94763,1.50,1.50
2013.03.19 18:26:47.854,0.94749,0.94764,3.00,1.50
2013.03.19 18:26:47.989,0.94751,0.94765,1.50,3.00
2013.03.19 18:26:48.533,0.9475,0.94765,2.25,1.50
2013.03.19 18:26:48.975,0.94749,0.94763,3.75,1.50
2013.03.19 18:26:49.705,0.94749,0.94764,4.50,1.50
2013.03.19 18:26:50.333,0.94749,0.94764,3.75,1.50
2013.03.19 18:26:50.944,0.94749,0.94764,3.75,1.50
2013.03.19 18:26:51.292,0.9475,0.94765,1.50,2.25
2013.03.19 18:26:52.251,0.94756,0.94766,1.50,2.25
2013.03.19 18:26:52.435,0.94757,0.94769,2.25,1.50
2013.03.19 18:26:54.137,0.94754,0.94768,1.50,3.00
2013.03.19 18:26:54.683,0.94755,0.94768,2.25,1.50
2013.03.19 18:26:55.390,0.94755,0.94769,3.00,1.50
2013.03.19 18:26:57.104,0.94755,0.94768,3.00,1.50
2013.03.19 18:26:57.345,0.94753,0.94765,1.50,1.50
2013.03.19 18:26:57.773,0.9475,0.94764,4.50,1.50
2013.03.19 18:26:57.854,0.9475,0.94763,2.25,1.50
2013.03.19 18:26:58.035,0.94747,0.94763,3.00,3.75
2013.03.19 18:26:58.104,0.94747,0.94761,3.00,1.50
2013.03.19 18:26:58.664,0.94747,0.94761,1.50,1.50
2013.03.19 18:26:59.074,0.94745,0.94759,1.50,1.50
2013.03.19 18:26:59.613,0.94743,0.94759,2.25,1.50
2013.03.19 18:26:59.683,0.94745,0.9476,2.25,1.50
2013.03.19 18:27:00.406,0.94746,0.94762,3.00,1.50
2013.03.19 18:27:00.534,0.94747,0.94762,1.50,1.50
2013.03.19 18:27:00.653,0.94746,0.94762,2.25,2.25
2013.03.19 18:27:02.166,0.94744,0.94761,3.00,1.50
2013.03.19 18:27:02.233,0.94744,0.94761,3.00,1.50
2013.03.19 18:27:04.556,0.94747,0.94763,1.50,3.75
2013.03.19 18:27:04.624,0.94748,0.94763,2.25,1.50
2013.03.19 18:27:04.694,0.94748,0.94764,2.25,2.25
2013.03.19 18:27:05.009,0.94747,0.9476,2.25,1.50
2013.03.19 18:27:05.223,0.94744,0.9476,4.50,1.50
2013.03.19 18:27:07.724,0.94744,0.94761,1.88,1.50
2013.03.19 18:27:08.033,0.94747,0.94762,2.25,1.50
2013.03.19 18:27:08.605,0.94746,0.94761,2.63,1.50
2013.03.19 18:27:13.243,0.94746,0.9476,2.25,2.25
2013.03.19 18:27:13.366,0.94744,0.94758,2.10,1.50
2013.03.19 18:27:15.313,0.94744,0.94757,1.35,1.50
2013.03.19 18:27:16.787,0.94744,0.94759,1.35,3.75
2013.03.19 18:27:16.872,0.94744,0.94759,1.35,1.50
2013.03.19 18:27:17.353,0.94744,0.94761,2.10,1.50
2013.03.19 18:27:19.333,0.94745,0.94762,2.25,1.50
2013.03.19 18:27:19.753,0.94745,0.94762,3.00,1.50
2013.03.19 18:27:19.993,0.94745,0.94761,1.35,1.50
2013.03.19 18:27:20.984,0.94745,0.94762,1.35,2.25
2013.03.19 18:27:21.294,0.94747,0.94764,3.00,2.25
2013.03.19 18:27:22.624,0.94747,0.94764,3.75,1.50
2013.03.19 18:27:23.415,0.94749,0.94764,1.50,1.50
2013.03.19 18:27:24.173,0.9475,0.94767,3.00,2.25
2013.03.19 18:27:24.353,0.94752,0.94767,1.50,1.50
2013.03.19 18:27:24.653,0.94753,0.94769,1.50,3.75
2013.03.19 18:27:25.924,0.94756,0.94769,1.50,1.50
2013.03.19 18:27:26.252,0.9476,0.94773,3.00,3.75
2013.03.19 18:27:26.317,0.94759,0.94772,3.00,1.50
2013.03.19 18:27:26.386,0.9476,0.94775,1.50,1.13
2013.03.19 18:27:26.455,0.9476,0.94776,1.50,2.25
2013.03.19 18:27:26.525,0.94759,0.94774,1.50,3.00
2013.03.19 18:27:26.906,0.94758,0.94774,1.50,1.50
2013.03.19 18:27:27.034,0.94757,0.94773,5.48,3.75
2013.03.19 18:27:27.163,0.94756,0.94773,5.25,3.75
2013.03.19 18:27:28.094,0.94755,0.94771,2.70,1.50
2013.03.19 18:27:28.200,0.94754,0.94763,1.50,1.50
2013.03.19 18:27:28.701,0.94751,0.94763,2.25,1.50
2013.03.19 18:27:28.884,0.94747,0.94763,5.25,1.50
2013.03.19 18:27:29.833,0.94747,0.94763,3.75,1.50
2013.03.19 18:27:29.895,0.94749,0.94763,1.50,1.50
2013.03.19 18:27:30.203,0.94749,0.94767,4.50,2.25
2013.03.19 18:27:30.624,0.94749,0.94765,4.50,1.50
2013.03.19 18:27:31.173,0.94748,0.94763,2.25,1.50
2013.03.19 18:27:31.716,0.94747,0.94762,5.25,1.50
2013.03.19 18:27:32.216,0.94747,0.94764,6.75,2.25
2013.03.19 18:27:32.776,0.94747,0.94763,4.50,1.50
2013.03.19 18:27:33.303,0.94747,0.94763,6.38,1.50
2013.03.19 18:27:34.323,0.94747,0.94763,4.50,1.50
2013.03.19 18:27:35.413,0.94747,0.94763,4.50,2.25
2013.03.19 18:27:36.293,0.94747,0.94763,5.25,1.50
2013.03.19 18:27:39.639,0.94748,0.94763,3.00,1.50
2013.03.19 18:27:41.243,0.94748,0.94763,5.25,1.50
2013.03.19 18:27:42.314,0.94749,0.94763,1.50,1.50
2013.03.19 18:27:42.847,0.94748,0.94763,5.25,1.50
2013.03.19 18:27:44.263,0.94748,0.94762,4.50,1.50
2013.03.19 18:27:44.384,0.94748,0.94763,4.50,1.50
2013.03.19 18:27:45.175,0.94749,0.94764,2.25,1.50
2013.03.19 18:27:45.793,0.94749,0.94764,2.25,1.50
2013.03.19 18:27:49.766,0.94748,0.94765,5.25,2.25
2013.03.19 18:27:57.565,0.94748,0.94764,1.50,1.50
2013.03.19 18:27:59.673,0.94748,0.94763,1.50,1.50
2013.03.19 18:28:01.103,0.94748,0.94765,1.50,1.50
2013.03.19 18:28:03.223,0.9475,0.94765,1.50,1.50
2013.03.19 18:28:03.733,0.94751,0.94764,2.25,1.50
2013.03.19 18:28:04.335,0.94751,0.94765,2.25,1.50
2013.03.19 18:28:05.343,0.94749,0.94765,3.75,2.25
2013.03.19 18:28:07.793,0.94749,0.94764,2.25,1.50
2013.03.19 18:28:08.263,0.9475,0.94765,1.50,1.50
2013.03.19 18:28:09.604,0.9475,0.94765,2.25,1.50
2013.03.19 18:28:11.884,0.94752,0.94766,1.50,1.50
2013.03.19 18:28:14.264,0.94751,0.94765,1.50,2.25
2013.03.19 18:28:14.324,0.9475,0.94765,3.75,2.25
2013.03.19 18:28:14.865,0.9475,0.94765,3.75,1.50
2013.03.19 18:28:15.377,0.9475,0.94765,3.00,1.50
2013.03.19 18:28:22.607,0.94749,0.94764,3.75,1.50
2013.03.19 18:28:23.077,0.9475,0.94764,1.50,2.25
2013.03.19 18:28:23.603,0.94749,0.94764,1.50,3.00
2013.03.19 18:28:24.203,0.94748,0.94764,3.00,3.00
2013.03.19 18:28:25.145,0.94747,0.94763,5.25,1.50
2013.03.19 18:28:25.273,0.94747,0.94763,4.50,2.25
2013.03.19 18:28:25.394,0.94749,0.94764,1.50,2.25
2013.03.19 18:28:25.714,0.94755,0.94767,1.88,1.50
2013.03.19 18:28:25.774,0.94755,0.94767,1.88,1.50
2013.03.19 18:28:25.834,0.94755,0.94767,1.88,1.50
2013.03.19 18:28:26.340,0.94755,0.94767,1.50,2.25
2013.03.19 18:28:27.075,0.94752,0.94766,1.73,2.25
2013.03.19 18:28:27.203,0.9475,0.94766,2.25,2.25
2013.03.19 18:28:27.384,0.94753,0.94766,1.50,2.25
2013.03.19 18:28:27.905,0.94755,0.94766,1.50,1.50
2013.03.19 18:28:28.036,0.94755,0.94767,1.50,1.50
2013.03.19 18:28:28.594,0.94756,0.94768,1.50,1.50
2013.03.19 18:28:29.721,0.94758,0.94769,1.50,1.50
2013.03.19 18:28:29.906,0.94758,0.94769,1.50,1.50
2013.03.19 18:28:30.036,0.94756,0.9477,2.25,3.00
2013.03.19 18:28:30.224,0.94756,0.94769,2.25,2.25
2013.03.19 18:28:30.765,0.94754,0.94768,4.50,1.50
2013.03.19 18:28:31.278,0.94754,0.94768,5.25,1.50
2013.03.19 18:28:31.955,0.94754,0.94768,4.50,2.25
2013.03.19 18:28:32.503,0.94754,0.94768,2.25,2.25
2013.03.19 18:28:33.126,0.94754,0.94768,1.50,3.00
2013.03.19 18:28:33.446,0.94749,0.94763,3.00,1.50
2013.03.19 18:28:33.857,0.94749,0.94763,3.75,1.50
2013.03.19 18:28:33.924,0.9475,0.94764,1.50,2.25
2013.03.19 18:28:34.984,0.94749,0.94765,5.25,2.25
2013.03.19 18:28:35.405,0.94751,0.94765,2.25,1.50
2013.03.19 18:28:35.914,0.94751,0.94765,3.75,1.50
2013.03.19 18:28:37.034,0.94751,0.94765,3.00,1.50
2013.03.19 18:28:37.820,0.94751,0.94765,3.75,1.50
2013.03.19 18:28:39.943,0.94751,0.94763,2.25,4.50
2013.03.19 18:28:40.019,0.94749,0.94758,3.00,1.50
2013.03.19 18:28:40.578,0.94748,0.94758,1.50,1.50
2013.03.19 18:28:40.706,0.94745,0.94756,2.91,1.50
2013.03.19 18:28:41.815,0.94746,0.94758,2.16,2.25
2013.03.19 18:28:42.256,0.94747,0.94757,1.50,1.50
2013.03.19 18:28:43.053,0.94746,0.94756,2.16,1.50
2013.03.19 18:28:44.506,0.94746,0.94759,1.50,2.25
2013.03.19 18:28:44.695,0.94747,0.9476,2.25,3.00
2013.03.19 18:28:45.063,0.94747,0.94762,2.25,3.00
2013.03.19 18:28:45.539,0.94746,0.94762,4.41,2.25
2013.03.19 18:28:45.844,0.94746,0.94759,1.26,1.50
2013.03.19 18:28:48.159,0.94746,0.9476,2.25,1.50
2013.03.19 18:28:48.475,0.94749,0.94762,1.50,1.50
2013.03.19 18:28:49.447,0.94749,0.94763,1.50,1.50
2013.03.19 18:28:49.529,0.94749,0.94764,1.50,1.50
2013.03.19 18:28:49.600,0.94754,0.94765,1.50,1.50
2013.03.19 18:28:50.025,0.94753,0.94768,3.00,2.25
2013.03.19 18:28:50.555,0.94752,0.94768,3.75,2.25
2013.03.19 18:28:50.625,0.94752,0.94767,4.50,1.50
2013.03.19 18:28:50.933,0.94749,0.94765,5.25,2.25
2013.03.19 18:28:51.174,0.94749,0.94765,4.50,2.25
2013.03.19 18:28:51.675,0.94747,0.9476,1.35,1.50
2013.03.19 18:28:51.863,0.94746,0.9476,1.35,1.50
2013.03.19 18:28:51.983,0.94745,0.94761,3.51,2.25
2013.03.19 18:28:52.524,0.94746,0.94759,1.26,1.50
2013.03.19 18:28:52.583,0.94746,0.9476,1.26,1.50
2013.03.19 18:28:52.643,0.94745,0.94759,2.01,2.25
2013.03.19 18:28:52.954,0.94741,0.94755,2.25,2.25
2013.03.19 18:28:53.133,0.94738,0.94755,4.73,2.25
2013.03.19 18:28:57.894,0.94738,0.94751,4.73,1.50
2013.03.19 18:28:58.204,0.94738,0.94748,1.50,1.50
2013.03.19 18:28:58.323,0.94734,0.94748,2.25,1.50
2013.03.19 18:28:58.714,0.94734,0.9475,3.00,3.75
2013.03.19 18:28:59.265,0.94734,0.94749,4.50,2.25
2013.03.19 18:28:59.777,0.94736,0.9475,1.50,2.63
2013.03.19 18:28:59.846,0.94738,0.94751,1.50,1.50
2013.03.19 18:29:00.104,0.94736,0.94751,1.50,1.50
2013.03.19 18:29:00.165,0.94736,0.94752,3.00,1.50
2013.03.19 18:29:00.295,0.94736,0.94752,3.00,1.50
2013.03.19 18:29:01.084,0.94737,0.94751,1.50,1.50
2013.03.19 18:29:01.643,0.94738,0.94751,2.25,1.50
2013.03.19 18:29:05.263,0.94738,0.94752,2.25,1.50
2013.03.19 18:29:09.188,0.94739,0.94752,1.50,1.50
2013.03.19 18:29:09.733,0.94739,0.94755,1.50,2.25
2013.03.19 18:29:10.163,0.94738,0.94752,1.50,3.00
2013.03.19 18:29:12.505,0.94737,0.94752,3.00,1.50
2013.03.19 18:29:13.012,0.94737,0.94753,3.00,1.88
2013.03.19 18:29:14.012,0.94739,0.94754,2.25,3.00
2013.03.19 18:29:14.624,0.94741,0.94755,1.50,1.50
2013.03.19 18:29:14.695,0.94744,0.94756,3.00,3.75
2013.03.19 18:29:14.765,0.94746,0.94756,1.50,1.50
2013.03.19 18:29:15.671,0.94746,0.94758,3.00,3.75
2013.03.19 18:29:15.752,0.94747,0.9476,2.25,2.25
2013.03.19 18:29:16.004,0.94748,0.94761,2.25,1.50
2013.03.19 18:29:16.315,0.94751,0.94764,1.88,1.50
2013.03.19 18:29:16.386,0.94753,0.94766,1.50,1.50
2013.03.19 18:29:16.637,0.94754,0.94768,1.50,3.75
2013.03.19 18:29:17.194,0.94753,0.94769,1.50,1.50
2013.03.19 18:29:17.625,0.94757,0.9477,2.25,1.50
2013.03.19 18:29:17.694,0.94759,0.94773,1.50,1.50
2013.03.19 18:29:18.235,0.94759,0.94776,1.50,2.25
2013.03.19 18:29:18.543,0.9476,0.94775,2.25,1.50
2013.03.19 18:29:19.315,0.94765,0.94778,1.13,1.50
2013.03.19 18:29:19.779,0.94765,0.94775,1.13,2.25
2013.03.19 18:29:20.036,0.9476,0.94774,3.00,2.25
2013.03.19 18:29:20.403,0.94759,0.94774,7.50,1.50
2013.03.19 18:29:20.613,0.94761,0.94775,1.50,1.50
2013.03.19 18:29:20.947,0.9477,0.94778,1.50,1.50
2013.03.19 18:29:21.504,0.94769,0.94778,2.25,1.50
2013.03.19 18:29:21.623,0.94768,0.94778,2.25,1.50
2013.03.19 18:29:22.105,0.94768,0.9478,3.75,1.50
2013.03.19 18:29:22.233,0.94768,0.94782,3.75,1.50
2013.03.19 18:29:22.353,0.94768,0.94783,1.50,3.00
2013.03.19 18:29:22.534,0.94768,0.94783,1.50,1.50
2013.03.19 18:29:23.074,0.94769,0.94784,3.75,1.50
2013.03.19 18:29:23.693,0.94769,0.94784,1.50,1.50
2013.03.19 18:29:26.963,0.94769,0.94784,1.50,1.50
2013.03.19 18:29:27.505,0.94769,0.94785,2.25,2.25
2013.03.19 18:29:27.575,0.94772,0.94787,1.50,4.50
2013.03.19 18:29:27.825,0.9477,0.94786,3.00,2.25
2013.03.19 18:29:28.385,0.94771,0.94785,1.50,2.25
2013.03.19 18:29:28.944,0.94771,0.94785,1.50,1.50
2013.03.19 18:29:29.724,0.94771,0.94786,1.50,2.25
2013.03.19 18:29:30.234,0.94771,0.94785,2.25,1.50
2013.03.19 18:29:31.864,0.94771,0.94786,2.25,1.50
2013.03.19 18:29:32.406,0.94771,0.94786,3.00,1.50
2013.03.19 18:29:33.833,0.94772,0.94787,2.25,2.25
2013.03.19 18:29:34.383,0.94772,0.94787,3.00,1.50
2013.03.19 18:29:34.793,0.94774,0.94787,1.50,1.50
2013.03.19 18:29:34.853,0.94776,0.94788,1.50,1.50
2013.03.19 18:29:34.975,0.94774,0.94788,3.00,1.50
2013.03.19 18:29:35.035,0.94774,0.94791,4.50,4.50
2013.03.19 18:29:35.465,0.94776,0.94789,1.50,1.50
2013.03.19 18:29:36.197,0.94775,0.94789,3.00,1.50
2013.03.19 18:29:37.104,0.94775,0.94787,1.50,1.50
2013.03.19 18:29:37.224,0.94773,0.94788,1.50,2.25
2013.03.19 18:29:37.959,0.94773,0.94788,1.50,2.25
2013.03.19 18:29:38.505,0.94773,0.94788,1.50,2.25
2013.03.19 18:29:38.954,0.94774,0.94788,1.50,1.50
2013.03.19 18:29:39.255,0.94772,0.94786,1.50,1.50
2013.03.19 18:29:39.628,0.94771,0.94782,3.00,3.00
2013.03.19 18:29:40.064,0.94769,0.94781,2.25,2.25
2013.03.19 18:29:40.303,0.94767,0.94781,1.50,1.50
2013.03.19 18:29:40.827,0.94767,0.94781,1.50,1.50
2013.03.19 18:29:41.464,0.94766,0.94781,2.25,1.50
2013.03.19 18:29:42.587,0.94766,0.94781,2.25,1.50
2013.03.19 18:29:43.144,0.94767,0.94782,1.50,1.50
2013.03.19 18:29:43.409,0.94769,0.94784,3.00,1.50
2013.03.19 18:29:43.479,0.9477,0.94784,2.25,1.50
2013.03.19 18:29:44.033,0.94771,0.94786,3.00,1.50
2013.03.19 18:29:46.055,0.94772,0.94785,1.50,1.50
2013.03.19 18:29:46.704,0.94771,0.94785,1.50,2.25
2013.03.19 18:29:47.145,0.9477,0.94784,1.50,1.50
2013.03.19 18:29:47.703,0.9477,0.94784,2.25,1.50
2013.03.19 18:29:48.005,0.94769,0.94781,2.25,1.50
2013.03.19 18:29:48.253,0.94767,0.94781,2.25,1.50
2013.03.19 18:29:51.333,0.94767,0.94781,2.25,1.50
2013.03.19 18:29:52.775,0.94767,0.94781,2.25,1.50
2013.03.19 18:29:53.083,0.94767,0.94777,2.25,1.50
2013.03.19 18:29:53.388,0.94766,0.94776,2.25,3.00
2013.03.19 18:29:53.454,0.94761,0.94774,4.50,1.50
2013.03.19 18:29:54.159,0.94761,0.94772,2.25,1.50
2013.03.19 18:29:54.704,0.94759,0.94771,1.50,1.50
2013.03.19 18:29:55.454,0.94758,0.94771,1.50,2.25
2013.03.19 18:29:55.813,0.94755,0.94768,1.50,1.50
2013.03.19 18:29:56.634,0.94754,0.94768,6.00,1.50
2013.03.19 18:29:56.935,0.94758,0.94772,1.50,1.50
2013.03.19 18:29:57.473,0.94758,0.94774,3.75,1.50
2013.03.19 18:29:57.755,0.94759,0.94774,1.50,1.50
2013.03.19 18:30:02.364,0.94758,0.94772,3.75,1.50
2013.03.19 18:30:04.786,0.94758,0.94773,3.00,2.25
2013.03.19 18:30:05.473,0.94759,0.94773,1.50,1.50
2013.03.19 18:30:05.833,0.9476,0.94774,5.25,1.50
2013.03.19 18:30:07.139,0.94761,0.94774,1.50,1.50
2013.03.19 18:30:07.268,0.94759,0.94772,5.25,1.50
2013.03.19 18:30:08.211,0.94758,0.94771,1.50,1.50
2013.03.19 18:30:08.855,0.94758,0.94771,1.50,1.50
2013.03.19 18:30:09.915,0.94759,0.94772,1.50,1.50
2013.03.19 18:30:11.044,0.94759,0.94772,1.50,2.25
2013.03.19 18:30:11.624,0.94758,0.94771,2.25,1.50
2013.03.19 18:30:13.473,0.94758,0.94772,3.00,2.25
2013.03.19 18:30:16.551,0.94758,0.94772,3.00,2.25
2013.03.19 18:30:16.943,0.94758,0.94769,1.50,1.50
2013.03.19 18:30:17.243,0.94755,0.94768,1.50,1.50
2013.03.19 18:30:20.597,0.94755,0.94769,1.50,3.00
2013.03.19 18:30:21.065,0.94753,0.94768,5.25,1.50
2013.03.19 18:30:22.325,0.94754,0.94768,6.23,1.50
2013.03.19 18:30:22.886,0.94756,0.94769,1.50,1.50
2013.03.19 18:30:23.135,0.94757,0.94772,1.50,5.25
2013.03.19 18:30:23.683,0.94758,0.94772,3.00,4.50
2013.03.19 18:30:24.184,0.94756,0.9477,4.50,1.50
2013.03.19 18:30:24.700,0.94755,0.94768,3.00,1.50
2013.03.19 18:30:24.770,0.94755,0.94767,2.25,2.25
2013.03.19 18:30:25.273,0.94753,0.94766,2.25,2.25
2013.03.19 18:30:25.728,0.94752,0.94764,1.05,2.25
2013.03.19 18:30:25.854,0.94751,0.94764,3.00,3.00
2013.03.19 18:30:26.356,0.94752,0.94764,1.50,2.25
2013.03.19 18:30:26.863,0.94751,0.94764,2.25,3.75
2013.03.19 18:30:27.366,0.94751,0.94764,3.00,2.25
2013.03.19 18:30:27.884,0.94751,0.94764,2.25,3.00
2013.03.19 18:30:29.794,0.94751,0.94762,1.50,1.13
2013.03.19 18:30:29.854,0.94751,0.94763,1.50,2.25
2013.03.19 18:30:29.983,0.94749,0.9476,3.00,1.50
2013.03.19 18:30:30.524,0.94748,0.94763,2.25,1.50
2013.03.19 18:30:31.215,0.94749,0.94762,3.00,1.50
2013.03.19 18:30:32.513,0.94749,0.94762,3.00,1.50
2013.03.19 18:30:33.033,0.94749,0.94763,3.75,1.50
2013.03.19 18:30:37.048,0.94751,0.94765,3.00,2.25
2013.03.19 18:30:37.175,0.94753,0.94769,1.50,1.50
2013.03.19 18:30:37.243,0.94753,0.9477,3.75,2.25
2013.03.19 18:30:37.363,0.94753,0.9477,4.50,1.50
2013.03.19 18:30:37.603,0.94755,0.9477,1.50,1.50
2013.03.19 18:30:37.663,0.94756,0.9477,1.50,2.25
2013.03.19 18:30:38.193,0.94755,0.9477,2.25,1.50
2013.03.19 18:30:39.144,0.94756,0.9477,2.25,2.25
2013.03.19 18:30:39.265,0.94756,0.9477,1.50,3.75
2013.03.19 18:30:40.523,0.94754,0.9477,1.50,3.75
2013.03.19 18:30:40.763,0.94753,0.94768,3.00,1.50
2013.03.19 18:30:41.265,0.94754,0.9477,4.73,1.50
2013.03.19 18:30:41.798,0.94755,0.9477,1.50,1.50
2013.03.19 18:30:42.345,0.94754,0.9477,3.75,1.50
2013.03.19 18:30:43.965,0.94754,0.94768,2.25,2.25
2013.03.19 18:30:44.156,0.94754,0.94767,1.50,1.50
2013.03.19 18:30:44.565,0.94751,0.94765,2.25,2.25
2013.03.19 18:30:44.635,0.94751,0.94764,1.50,2.25
2013.03.19 18:30:44.944,0.94751,0.94763,1.50,1.50
2013.03.19 18:30:45.183,0.94748,0.94759,3.00,1.50
2013.03.19 18:30:45.364,0.94748,0.94762,1.50,2.25
2013.03.19 18:30:46.008,0.94748,0.94762,1.50,1.50
2013.03.19 18:30:46.293,0.94747,0.94762,2.25,1.50
2013.03.19 18:30:46.414,0.94748,0.9476,1.50,1.50
2013.03.19 18:30:46.846,0.94745,0.94759,3.75,1.50
2013.03.19 18:30:47.394,0.94744,0.94756,3.00,1.50
2013.03.19 18:30:47.813,0.94743,0.94756,3.00,1.50
2013.03.19 18:30:48.234,0.94743,0.94755,3.00,2.25
2013.03.19 18:30:48.374,0.94741,0.94755,3.00,3.00
2013.03.19 18:30:49.444,0.94742,0.94753,1.50,1.50
2013.03.19 18:30:49.778,0.94739,0.94752,1.50,1.50
2013.03.19 18:30:50.536,0.94739,0.94752,1.50,3.00
2013.03.19 18:30:51.025,0.94736,0.94751,2.25,1.50
2013.03.19 18:30:52.238,0.94736,0.94749,2.25,3.00
2013.03.19 18:30:52.786,0.94735,0.94748,3.75,3.00
2013.03.19 18:30:53.185,0.94741,0.94748,1.50,1.50
2013.03.19 18:30:53.375,0.94734,0.94746,3.00,1.50
2013.03.19 18:30:53.446,0.94735,0.94749,1.65,2.25
2013.03.19 18:30:54.185,0.94735,0.94748,2.25,2.25
2013.03.19 18:30:54.720,0.94734,0.94748,3.00,3.00
2013.03.19 18:30:55.275,0.94733,0.94747,2.25,1.50
2013.03.19 18:30:56.091,0.94734,0.94748,2.25,1.50
2013.03.19 18:30:56.394,0.94735,0.9475,1.50,3.00
2013.03.19 18:30:57.674,0.94736,0.94749,1.50,1.50
2013.03.19 18:30:58.043,0.94732,0.94746,5.25,1.50
2013.03.19 18:30:58.353,0.94732,0.94746,2.25,1.50
2013.03.19 18:30:58.794,0.94733,0.94746,4.50,1.50
2013.03.19 18:31:00.853,0.94733,0.94746,3.00,2.25
2013.03.19 18:31:01.157,0.9473,0.94741,3.00,3.00
2013.03.19 18:31:01.464,0.9473,0.94739,3.00,2.25
2013.03.19 18:31:01.645,0.94729,0.9474,1.50,2.25
2013.03.19 18:31:01.764,0.94727,0.94741,2.25,2.25
2013.03.19 18:31:01.883,0.94728,0.94741,1.50,1.50
2013.03.19 18:31:02.664,0.94729,0.94743,2.25,1.50
2013.03.19 18:31:02.854,0.94729,0.94744,3.75,1.50
2013.03.19 18:31:03.334,0.94731,0.94744,1.50,2.25
2013.03.19 18:31:04.149,0.9473,0.94738,2.25,1.50
2013.03.19 18:31:04.244,0.94724,0.94736,2.25,1.50
2013.03.19 18:31:04.317,0.94722,0.94736,1.50,3.00
2013.03.19 18:31:04.458,0.94722,0.94735,1.50,3.00
2013.03.19 18:31:05.531,0.94729,0.94738,3.23,1.50
2013.03.19 18:31:05.816,0.94725,0.94738,2.25,1.50
2013.03.19 18:31:05.947,0.94722,0.94737,4.50,1.50
2013.03.19 18:31:06.253,0.94722,0.94737,1.50,2.25
2013.03.19 18:31:06.814,0.94722,0.94737,2.25,1.50
2013.03.19 18:31:07.396,0.94721,0.94734,3.00,3.00
2013.03.19 18:31:07.648,0.94722,0.94735,3.00,1.50
2013.03.19 18:31:07.835,0.94724,0.94739,3.00,6.00
2013.03.19 18:31:07.966,0.94726,0.94738,1.50,1.50
2013.03.19 18:31:08.217,0.94725,0.94739,1.50,1.50
2013.03.19 18:31:08.417,0.94727,0.94739,2.25,1.50
2013.03.19 18:31:08.557,0.94727,0.94741,2.25,1.50
2013.03.19 18:31:08.907,0.94728,0.94742,1.50,1.50
2013.03.19 18:31:08.981,0.94726,0.94742,2.25,2.25
2013.03.19 18:31:09.053,0.94726,0.94742,3.00,2.25
2013.03.19 18:31:09.614,0.94728,0.94743,3.38,2.25
2013.03.19 18:31:10.045,0.94729,0.94742,2.25,1.50
2013.03.19 18:31:10.353,0.94727,0.9474,1.50,1.50
2013.03.19 18:31:10.535,0.94724,0.94739,1.50,2.25
2013.03.19 18:31:11.084,0.94724,0.94739,1.50,3.75
2013.03.19 18:31:11.589,0.94724,0.94738,3.00,1.50
2013.03.19 18:31:11.896,0.94723,0.94737,2.25,1.50
2013.03.19 18:31:12.998,0.9472,0.94734,2.25,1.50
2013.03.19 18:31:13.089,0.94719,0.94728,1.50,1.50
2013.03.19 18:31:13.635,0.94716,0.94726,1.50,1.50
2013.03.19 18:31:13.766,0.94715,0.94726,1.50,1.50
2013.03.19 18:31:13.896,0.94716,0.94729,2.25,2.25
2013.03.19 18:31:14.204,0.94718,0.94734,6.38,1.88
2013.03.19 18:31:14.324,0.9472,0.94734,1.50,1.88
2013.03.19 18:31:14.444,0.94719,0.94734,3.00,1.88
2013.03.19 18:31:14.825,0.9472,0.94736,3.00,2.25
2013.03.19 18:31:15.373,0.94722,0.94736,1.50,1.50
2013.03.19 18:31:15.734,0.9472,0.94736,3.75,1.50
2013.03.19 18:31:16.050,0.9472,0.94736,2.25,1.50
2013.03.19 18:31:16.365,0.94718,0.94735,4.50,3.00
2013.03.19 18:31:16.615,0.94719,0.94735,1.50,3.75
2013.03.19 18:31:16.946,0.94718,0.94731,1.50,1.50
2013.03.19 18:31:18.536,0.94717,0.9473,2.25,1.50
2013.03.19 18:31:19.053,0.94715,0.94731,3.38,2.25
2013.03.19 18:31:20.500,0.94716,0.9473,1.50,1.50
2013.03.19 18:31:20.588,0.94712,0.94729,2.25,1.50
2013.03.19 18:31:20.955,0.94714,0.94729,1.50,2.25
2013.03.19 18:31:21.086,0.94715,0.94731,3.00,4.50
2013.03.19 18:31:21.926,0.94715,0.94732,2.25,2.25
2013.03.19 18:31:22.475,0.94714,0.94729,2.25,1.50
2013.03.19 18:31:22.725,0.94713,0.94728,2.25,1.50
2013.03.19 18:31:22.914,0.94715,0.94728,1.50,1.50
2013.03.19 18:31:23.234,0.94717,0.94731,1.65,1.50
2013.03.19 18:31:25.104,0.94717,0.94729,1.65,2.25
2013.03.19 18:31:25.417,0.94712,0.94725,1.50,1.50
2013.03.19 18:31:25.793,0.94712,0.94726,1.13,1.50
2013.03.19 18:31:26.415,0.94712,0.94726,1.13,1.50
2013.03.19 18:31:28.136,0.94713,0.94728,1.50,1.50
2013.03.19 18:31:28.335,0.94715,0.94731,5.25,2.25
2013.03.19 18:31:29.036,0.94723,0.94732,1.50,1.50
2013.03.19 18:31:29.167,0.94721,0.94736,1.50,1.50
2013.03.19 18:31:29.296,0.94717,0.94733,3.00,1.50
2013.03.19 18:31:29.786,0.94718,0.94733,1.43,2.25
2013.03.19 18:31:30.136,0.94721,0.94737,3.00,3.75
2013.03.19 18:31:30.677,0.94721,0.94737,3.75,2.25
2013.03.19 18:31:31.425,0.9472,0.94735,5.25,1.50
2013.03.19 18:31:31.754,0.94723,0.94737,1.50,3.00
2013.03.19 18:31:32.055,0.94725,0.9474,1.50,1.50
2013.03.19 18:31:32.256,0.94727,0.94742,1.50,1.65
2013.03.19 18:31:32.566,0.94726,0.94741,2.25,1.50
2013.03.19 18:31:32.887,0.94724,0.94734,2.25,1.50
2013.03.19 18:31:32.959,0.94722,0.94734,1.50,2.25
2013.03.19 18:31:33.096,0.94721,0.94732,2.25,1.50
2013.03.19 18:31:33.176,0.9472,0.94731,2.25,1.50
2013.03.19 18:31:33.374,0.94716,0.94731,2.63,1.50
2013.03.19 18:31:33.615,0.94718,0.94732,2.25,1.50
2013.03.19 18:31:34.146,0.94718,0.94732,2.25,1.50
2013.03.19 18:31:40.365,0.94717,0.94731,2.25,1.50
2013.03.19 18:31:40.925,0.94719,0.94734,1.50,1.50
2013.03.19 18:31:41.478,0.94719,0.94735,3.00,1.50
2013.03.19 18:31:42.324,0.94719,0.94735,3.38,1.50
2013.03.19 18:31:42.516,0.94724,0.94737,1.50,1.50
2013.03.19 18:31:42.594,0.94725,0.94741,1.50,3.00
2013.03.19 18:31:42.666,0.94727,0.94741,1.50,2.25
2013.03.19 18:31:43.434,0.94727,0.94742,2.25,3.00
2013.03.19 18:31:43.510,0.94727,0.94743,2.25,2.25
2013.03.19 18:31:44.354,0.94725,0.9474,2.25,1.50
2013.03.19 18:31:44.905,0.94725,0.94741,3.00,1.50
2013.03.19 18:31:46.796,0.94725,0.94734,1.50,1.50
2013.03.19 18:31:46.867,0.94725,0.94732,1.50,1.88
2013.03.19 18:31:46.936,0.94725,0.94731,1.50,1.50
2013.03.19 18:31:47.276,0.94719,0.94725,3.98,3.00
2013.03.19 18:31:47.538,0.94716,0.94727,1.13,4.50
2013.03.19 18:31:48.005,0.94715,0.94726,2.25,2.25
2013.03.19 18:31:48.268,0.9471,0.94726,1.50,2.25
2013.03.19 18:31:48.896,0.9471,0.94726,2.25,3.00
2013.03.19 18:31:50.639,0.94712,0.94726,1.80,2.25
2013.03.19 18:31:50.730,0.94711,0.94726,3.00,1.50
2013.03.19 18:31:50.863,0.94711,0.94726,3.75,1.50
2013.03.19 18:31:51.047,0.94713,0.94726,1.50,1.50
2013.03.19 18:31:51.365,0.94719,0.94731,2.78,2.25
2013.03.19 18:31:51.434,0.94719,0.94732,3.53,1.50
2013.03.19 18:31:51.995,0.94719,0.94733,2.25,1.50
2013.03.19 18:31:52.368,0.94718,0.9473,2.03,1.50
2013.03.19 18:31:52.676,0.94716,0.94729,1.28,1.50
2013.03.19 18:31:52.747,0.94717,0.9473,1.50,2.25
2013.03.19 18:31:52.814,0.94717,0.94731,1.50,1.50
2013.03.19 18:31:53.306,0.94714,0.94729,2.25,1.50
2013.03.19 18:31:53.434,0.94714,0.94728,1.50,1.50
2013.03.19 18:31:53.554,0.94713,0.94727,1.50,1.50
2013.03.19 18:31:54.139,0.94714,0.94727,1.50,1.50
2013.03.19 18:31:54.444,0.94715,0.9473,1.28,1.50
2013.03.19 18:31:54.696,0.94716,0.94731,2.03,1.50
2013.03.19 18:31:55.245,0.94717,0.94731,2.55,1.50
2013.03.19 18:31:55.673,0.94716,0.9473,1.28,1.50
2013.03.19 18:31:56.515,0.94715,0.9473,3.53,1.50
2013.03.19 18:31:56.763,0.94718,0.94732,1.50,2.25
2013.03.19 18:31:57.655,0.94718,0.94732,1.50,2.25
2013.03.19 18:31:58.323,0.94718,0.94732,1.50,2.25
2013.03.19 18:31:58.574,0.94719,0.94732,1.50,1.50
2013.03.19 18:31:58.876,0.94724,0.94737,3.00,1.50
2013.03.19 18:31:59.580,0.94724,0.94738,2.25,2.25
2013.03.19 18:32:00.220,0.94723,0.94738,3.00,2.25
2013.03.19 18:32:00.725,0.94723,0.94738,3.00,2.25
2013.03.19 18:32:01.374,0.94727,0.94738,1.90,3.00
2013.03.19 18:32:01.676,0.94731,0.9474,1.28,1.50
2013.03.19 18:32:01.924,0.94731,0.94742,2.03,1.50
2013.03.19 18:32:02.524,0.94731,0.94743,1.50,1.50
2013.03.19 18:32:02.644,0.94731,0.94744,1.50,1.50
2013.03.19 18:32:03.195,0.9473,0.94744,1.28,1.50
2013.03.19 18:32:04.880,0.9473,0.94744,1.50,1.50
2013.03.19 18:32:05.063,0.94727,0.94741,4.28,2.25
2013.03.19 18:32:05.125,0.94727,0.94741,3.00,3.00
2013.03.19 18:32:05.465,0.94725,0.94739,1.50,2.25
2013.03.19 18:32:05.844,0.94726,0.94741,2.78,1.50
2013.03.19 18:32:05.974,0.94728,0.94741,1.28,2.25
2013.03.19 18:32:06.034,0.94727,0.94741,2.25,2.25
2013.03.19 18:32:06.154,0.94727,0.94742,2.78,1.50
2013.03.19 18:32:06.453,0.9473,0.94743,1.28,1.50
2013.03.19 18:32:07.093,0.9473,0.94744,1.28,2.25
2013.03.19 18:32:07.456,0.94732,0.94745,1.80,2.25
2013.03.19 18:32:08.298,0.94734,0.94745,1.28,1.50
2013.03.19 18:32:08.553,0.94732,0.94745,1.50,1.50
2013.03.19 18:32:09.611,0.94733,0.94745,1.50,1.50
2013.03.19 18:32:11.065,0.94734,0.94747,2.78,1.50
2013.03.19 18:32:11.375,0.94736,0.94751,1.50,1.50
2013.03.19 18:32:11.962,0.94735,0.94752,2.78,2.25
2013.03.19 18:32:12.747,0.94736,0.94752,1.50,2.25
2013.03.19 18:32:12.938,0.94736,0.94752,2.03,2.25
2013.03.19 18:32:13.244,0.9474,0.94754,1.65,1.50
2013.03.19 18:32:13.554,0.94741,0.94755,1.50,3.00
2013.03.19 18:32:14.057,0.94741,0.94757,2.25,2.25
2013.03.19 18:32:14.364,0.9474,0.94756,2.40,3.75
2013.03.19 18:32:14.544,0.9474,0.94756,2.40,1.50
2013.03.19 18:32:15.234,0.94741,0.94758,1.50,2.25
2013.03.19 18:32:15.566,0.94741,0.94755,1.50,1.50
2013.03.19 18:32:15.887,0.94739,0.94754,1.88,1.50
2013.03.19 18:32:17.576,0.94735,0.94745,1.50,1.50
2013.03.19 18:32:17.844,0.94731,0.94745,2.25,1.50
2013.03.19 18:32:17.904,0.94731,0.9474,1.50,1.50
2013.03.19 18:32:18.204,0.94728,0.94738,1.50,3.00
2013.03.19 18:32:18.335,0.94726,0.94739,1.50,1.50
2013.03.19 18:32:18.464,0.94727,0.94741,1.50,1.50
2013.03.19 18:32:19.833,0.94727,0.94742,3.75,2.25
2013.03.19 18:32:19.955,0.94728,0.94741,1.50,1.50
2013.03.19 18:32:20.492,0.94727,0.94741,2.78,1.50
2013.03.19 18:32:21.075,0.94727,0.9474,1.50,1.50
2013.03.19 18:32:21.399,0.94724,0.94729,2.25,2.25
2013.03.19 18:32:21.527,0.94723,0.94729,1.50,2.25
2013.03.19 18:32:21.775,0.94716,0.94728,2.18,2.25
2013.03.19 18:32:21.905,0.94715,0.94728,1.58,2.25
2013.03.19 18:32:22.216,0.94718,0.94731,3.00,1.50
2013.03.19 18:32:22.525,0.94721,0.9473,1.65,1.50
2013.03.19 18:32:22.654,0.9472,0.94734,2.40,2.25
2013.03.19 18:32:22.715,0.9472,0.94736,2.40,1.50
2013.03.19 18:32:23.566,0.94719,0.94725,1.50,1.50
2013.03.19 18:32:23.697,0.9472,0.94728,2.25,2.25
2013.03.19 18:32:23.825,0.94711,0.94728,3.75,2.25
2013.03.19 18:32:24.373,0.94711,0.94728,2.25,2.25
2013.03.19 18:32:25.442,0.94711,0.94728,2.25,3.00
2013.03.19 18:32:25.504,0.94712,0.94728,1.50,3.00
2013.03.19 18:32:26.216,0.94713,0.94728,1.50,2.25
2013.03.19 18:32:26.366,0.94712,0.94728,3.00,1.50
2013.03.19 18:32:26.675,0.94712,0.94728,3.00,1.50
2013.03.19 18:32:28.498,0.94712,0.94728,3.00,1.50
2013.03.19 18:32:28.835,0.94712,0.94725,3.00,1.50
2013.03.19 18:32:28.965,0.94708,0.94725,2.03,3.00
2013.03.19 18:32:29.458,0.94707,0.94722,2.03,1.50
2013.03.19 18:32:29.719,0.94713,0.94727,1.35,1.65
2013.03.19 18:32:30.084,0.94714,0.94727,1.50,2.25
2013.03.19 18:32:30.145,0.94712,0.94727,2.40,1.50
2013.03.19 18:32:30.274,0.94713,0.94728,1.88,2.25
2013.03.19 18:32:30.576,0.94713,0.94728,1.35,3.00
2013.03.19 18:32:30.766,0.94712,0.94728,1.50,3.75
2013.03.19 18:32:30.919,0.94709,0.94727,1.50,1.50
2013.03.19 18:32:31.104,0.94709,0.94726,1.50,2.25
2013.03.19 18:32:32.995,0.94709,0.94725,3.00,1.50
2013.03.19 18:32:33.245,0.94714,0.94725,1.50,1.50
2013.03.19 18:32:33.314,0.94715,0.94728,1.50,4.50
2013.03.19 18:32:33.639,0.94713,0.94725,1.50,1.50
2013.03.19 18:32:33.964,0.94713,0.94727,1.50,2.25
2013.03.19 18:32:34.224,0.94713,0.94728,3.00,1.50
2013.03.19 18:32:35.507,0.94715,0.94727,1.50,1.50
2013.03.19 18:32:35.825,0.94722,0.9473,2.03,2.25
2013.03.19 18:32:35.957,0.94724,0.94732,2.25,1.50
2013.03.19 18:32:36.025,0.94725,0.94732,2.25,1.50
2013.03.19 18:32:36.275,0.94728,0.94737,1.50,1.50
2013.03.19 18:32:36.636,0.94729,0.94745,1.50,3.00
2013.03.19 18:32:37.176,0.94729,0.94745,2.03,3.00
2013.03.19 18:32:38.246,0.94729,0.94738,1.50,1.35
2013.03.19 18:32:38.315,0.94725,0.94732,1.50,1.50
2013.03.19 18:32:38.386,0.94723,0.94729,4.50,1.50
2013.03.19 18:32:38.454,0.94723,0.9473,2.25,1.50
2013.03.19 18:32:38.515,0.94723,0.94729,2.25,1.50
2013.03.19 18:32:38.646,0.94714,0.94721,3.00,1.50
2013.03.19 18:32:39.013,0.94708,0.94724,2.78,3.00
2013.03.19 18:32:39.075,0.94708,0.94724,5.03,1.50
2013.03.19 18:32:39.585,0.94711,0.94726,1.50,1.50
2013.03.19 18:32:40.136,0.9471,0.94726,1.50,1.13
2013.03.19 18:32:40.712,0.94709,0.94726,2.25,1.13
2013.03.19 18:32:43.693,0.94708,0.94724,1.28,1.50
2013.03.19 18:32:44.354,0.94708,0.94725,1.28,1.13
2013.03.19 18:32:44.893,0.94708,0.94725,2.03,3.38
2013.03.19 18:32:45.404,0.94708,0.94725,2.03,3.38
2013.03.19 18:32:45.725,0.94705,0.94723,2.85,3.75
2013.03.19 18:32:46.274,0.94704,0.94723,5.25,5.25
2013.03.19 18:32:46.676,0.94706,0.94721,2.03,1.50
2013.03.19 18:32:47.166,0.94706,0.94723,2.25,3.75
2013.03.19 18:32:47.421,0.94709,0.94724,2.78,1.50
2013.03.19 18:32:47.485,0.9471,0.94725,1.50,3.00
2013.03.19 18:32:47.794,0.94711,0.94728,1.50,3.00
2013.03.19 18:32:48.845,0.9471,0.94727,1.50,2.25
2013.03.19 18:32:49.616,0.94708,0.94726,4.28,2.25
2013.03.19 18:32:49.698,0.94706,0.94726,3.38,3.75
2013.03.19 18:32:51.456,0.94706,0.94725,2.25,3.75
2013.03.19 18:32:52.005,0.94706,0.94725,2.25,1.50
2013.03.19 18:32:52.074,0.94706,0.94725,2.25,3.00
2013.03.19 18:32:53.705,0.94706,0.94723,2.25,1.50
2013.03.19 18:32:54.354,0.94706,0.94724,2.25,2.25
2013.03.19 18:32:58.315,0.94706,0.94725,2.25,4.50
2013.03.19 18:32:58.654,0.94708,0.94726,1.50,3.75
2013.03.19 18:32:58.954,0.94705,0.94725,1.50,1.50
2013.03.19 18:32:59.564,0.94703,0.94723,1.88,3.75
2013.03.19 18:33:00.284,0.94703,0.94722,1.88,1.50
2013.03.19 18:33:00.604,0.94702,0.94717,2.25,4.50
2013.03.19 18:33:00.914,0.94698,0.94716,1.50,3.90
2013.03.19 18:33:02.949,0.94699,0.94716,1.50,1.50
2013.03.19 18:33:05.015,0.94699,0.94717,2.25,3.00
2013.03.19 18:33:05.544,0.94699,0.94717,1.50,3.00
2013.03.19 18:33:06.404,0.94699,0.94718,1.50,3.75
2013.03.19 18:33:10.513,0.94699,0.94716,3.75,1.50
2013.03.19 18:33:11.054,0.94701,0.94717,1.50,1.50
2013.03.19 18:33:12.944,0.94701,0.94717,1.50,2.25
2013.03.19 18:33:14.198,0.94701,0.94717,1.50,2.25
2013.03.19 18:33:14.774,0.94701,0.94718,1.50,2.40
2013.03.19 18:33:15.292,0.94703,0.94718,1.50,1.65
2013.03.19 18:33:17.983,0.94703,0.94719,1.50,4.50
2013.03.19 18:33:19.525,0.94701,0.94719,2.25,3.00
2013.03.19 18:33:23.296,0.94704,0.94719,1.50,1.50
2013.03.19 18:33:23.606,0.94706,0.94721,5.25,1.13
2013.03.19 18:33:24.116,0.94708,0.94722,2.25,2.25
2013.03.19 18:33:24.665,0.94708,0.94722,3.00,1.50
2013.03.19 18:33:24.987,0.94712,0.94722,2.25,1.50
2013.03.19 18:33:25.056,0.94714,0.94724,1.50,3.00
2013.03.19 18:33:25.126,0.94714,0.94727,3.75,1.73
2013.03.19 18:33:25.198,0.94716,0.94728,1.50,3.75
2013.03.19 18:33:25.956,0.94718,0.94728,2.25,1.50
2013.03.19 18:33:26.056,0.94718,0.94732,1.50,3.00
2013.03.19 18:33:26.615,0.94718,0.94733,1.50,3.00
2013.03.19 18:33:27.710,0.94716,0.94732,3.00,1.50
2013.03.19 18:33:28.224,0.94716,0.94731,1.50,1.50
2013.03.19 18:33:28.584,0.94715,0.94731,1.50,3.75
2013.03.19 18:33:28.885,0.94712,0.94722,2.25,1.50
2013.03.19 18:33:30.784,0.94712,0.94726,3.00,1.50
2013.03.19 18:33:31.094,0.94712,0.94729,1.50,1.50
2013.03.19 18:33:31.274,0.9471,0.94726,1.13,1.50
2013.03.19 18:33:31.516,0.94711,0.94726,1.50,1.50
2013.03.19 18:33:31.585,0.94712,0.94728,1.50,3.00
2013.03.19 18:33:31.716,0.94714,0.94728,1.50,1.50
2013.03.19 18:33:33.936,0.94714,0.9473,1.50,1.13
2013.03.19 18:33:34.446,0.94711,0.94729,2.25,1.50
2013.03.19 18:33:35.414,0.94711,0.94728,2.25,3.75
2013.03.19 18:33:35.992,0.9471,0.94727,1.50,1.50
2013.03.19 18:33:36.493,0.9471,0.94727,1.50,2.25
2013.03.19 18:33:36.797,0.94711,0.94728,3.00,1.50
2013.03.19 18:33:37.105,0.94716,0.94732,1.50,3.75
2013.03.19 18:33:37.344,0.94719,0.94733,1.50,1.50
2013.03.19 18:33:39.003,0.94715,0.94733,1.50,3.00
2013.03.19 18:33:43.864,0.94717,0.94733,1.50,1.88
2013.03.19 18:33:44.381,0.94716,0.94733,1.50,1.88
2013.03.19 18:33:44.757,0.94719,0.94734,2.25,1.88
2013.03.19 18:33:45.864,0.94717,0.94734,2.25,1.13
2013.03.19 18:33:46.316,0.94715,0.94728,3.00,1.50
2013.03.19 18:33:46.685,0.94718,0.94726,1.50,1.13
2013.03.19 18:33:46.995,0.94717,0.9473,1.50,1.50
2013.03.19 18:33:47.055,0.94717,0.94732,1.50,3.00
2013.03.19 18:33:47.364,0.94717,0.94733,1.50,1.50
2013.03.19 18:33:48.394,0.94716,0.94734,2.25,1.88
2013.03.19 18:33:49.357,0.94715,0.94732,3.00,3.00
2013.03.19 18:33:50.583,0.94716,0.94732,1.50,3.00
2013.03.19 18:33:50.685,0.94712,0.94731,1.50,5.25
2013.03.19 18:33:51.197,0.9471,0.94729,2.25,2.25
2013.03.19 18:33:51.326,0.9471,0.94728,2.25,1.50
2013.03.19 18:33:54.095,0.9471,0.94729,6.00,1.50
2013.03.19 18:33:54.606,0.94711,0.94729,1.50,1.50
2013.03.19 18:33:54.679,0.94711,0.94729,1.50,1.50
2013.03.19 18:33:55.226,0.9471,0.9473,1.50,2.25
2013.03.19 18:33:55.716,0.94717,0.9473,1.50,2.25
2013.03.19 18:33:55.965,0.94717,0.94731,1.50,3.45
2013.03.19 18:33:56.028,0.94717,0.94731,2.25,2.70
2013.03.19 18:33:56.404,0.94716,0.94733,4.50,1.13
2013.03.19 18:33:56.644,0.94716,0.94733,3.00,1.13
2013.03.19 18:33:57.205,0.94716,0.94733,3.00,1.88
2013.03.19 18:33:57.336,0.94717,0.94732,1.50,1.50
2013.03.19 18:33:57.884,0.94716,0.94731,2.25,1.50
2013.03.19 18:33:58.424,0.94717,0.9473,1.50,1.50
2013.03.19 18:33:58.797,0.94719,0.94732,1.50,3.75
2013.03.19 18:33:59.534,0.94716,0.94734,4.50,1.88
2013.03.19 18:34:00.734,0.94717,0.94733,1.50,2.28
2013.03.19 18:34:00.974,0.94716,0.94734,4.28,1.88
2013.03.19 18:34:01.924,0.94717,0.94733,1.50,1.50
2013.03.19 18:34:02.105,0.94716,0.94731,2.03,2.25
2013.03.19 18:34:02.176,0.94716,0.94725,1.50,1.50
2013.03.19 18:34:02.424,0.94712,0.94726,1.50,5.40
2013.03.19 18:34:02.664,0.94708,0.94725,3.00,4.53
2013.03.19 18:34:03.224,0.94705,0.94725,3.00,3.38
2013.03.19 18:34:03.997,0.94708,0.94725,1.50,1.88
2013.03.19 18:34:04.067,0.94708,0.94725,3.00,1.13
2013.03.19 18:34:04.256,0.94709,0.94726,1.50,2.25
2013.03.19 18:34:05.994,0.94709,0.94725,2.25,1.50
2013.03.19 18:34:06.529,0.94709,0.94725,2.25,1.50
2013.03.19 18:34:07.350,0.9471,0.94726,2.25,2.25
2013.03.19 18:34:07.875,0.94709,0.94725,1.50,3.00
2013.03.19 18:34:08.188,0.9471,0.94725,1.50,3.75
2013.03.19 18:34:08.256,0.94709,0.94725,1.50,2.25
2013.03.19 18:34:08.803,0.94708,0.94725,1.50,3.00
2013.03.19 18:34:09.314,0.9471,0.94726,1.50,3.98
2013.03.19 18:34:11.615,0.94709,0.94726,1.50,6.23
2013.03.19 18:34:14.476,0.9471,0.94724,1.50,2.25
2013.03.19 18:34:15.209,0.9471,0.94725,1.50,3.75
2013.03.19 18:34:23.113,0.94712,0.94725,1.50,1.24
2013.03.19 18:34:23.658,0.9471,0.94726,1.50,5.81
2013.03.19 18:34:25.994,0.9471,0.94726,1.50,4.35
2013.03.19 18:34:26.816,0.9471,0.94724,1.50,1.50
2013.03.19 18:34:27.364,0.94712,0.94726,2.25,4.99
2013.03.19 18:34:27.903,0.94712,0.94726,3.00,3.75
2013.03.19 18:34:29.994,0.94712,0.94726,3.00,3.75
2013.03.19 18:34:30.126,0.94712,0.94726,2.25,3.75
2013.03.19 18:34:30.256,0.94712,0.94725,3.00,2.10
2013.03.19 18:34:30.504,0.94712,0.94725,1.50,1.50
2013.03.19 18:34:30.635,0.94709,0.94725,3.75,3.00
2013.03.19 18:34:31.156,0.94708,0.94725,1.50,3.00
2013.03.19 18:34:31.644,0.94707,0.94724,2.25,1.50
2013.03.19 18:34:31.717,0.94707,0.94725,1.50,3.00
2013.03.19 18:34:31.846,0.94708,0.94725,2.25,3.75
2013.03.19 18:34:32.393,0.94709,0.94725,3.00,1.50
2013.03.19 18:34:32.635,0.94709,0.94725,1.50,2.25
2013.03.19 18:34:32.765,0.94709,0.94725,1.50,1.50
2013.03.19 18:34:33.385,0.94707,0.94723,3.00,1.50
2013.03.19 18:34:34.139,0.94707,0.94722,3.00,1.50
2013.03.19 18:34:35.064,0.94707,0.94723,3.00,1.50
2013.03.19 18:34:38.353,0.94706,0.94723,1.50,2.25
2013.03.19 18:34:39.372,0.94706,0.94723,1.50,1.50
2013.03.19 18:34:39.767,0.94706,0.94724,3.00,1.50
2013.03.19 18:34:40.026,0.94708,0.94725,1.50,3.19
2013.03.19 18:34:40.334,0.94708,0.94725,1.50,2.25
2013.03.19 18:34:40.590,0.94704,0.94722,2.78,1.65
2013.03.19 18:34:45.657,0.94709,0.94721,2.73,2.25
2013.03.19 18:34:45.997,0.94716,0.94724,4.50,2.25
2013.03.19 18:34:46.573,0.94715,0.94726,3.00,2.33
2013.03.19 18:34:46.844,0.94714,0.94725,1.35,1.50
2013.03.19 18:34:47.035,0.94709,0.94725,1.13,1.50
2013.03.19 18:34:47.583,0.94708,0.94725,1.50,3.00
2013.03.19 18:34:48.063,0.94708,0.94725,1.50,4.58
2013.03.19 18:34:48.673,0.94708,0.94723,1.50,2.40
2013.03.19 18:34:48.853,0.94705,0.94721,1.50,1.50
2013.03.19 18:34:49.454,0.94707,0.94722,1.50,3.00
2013.03.19 18:34:51.085,0.94707,0.94723,1.50,1.65
2013.03.19 18:34:52.443,0.94707,0.94723,3.75,2.40
2013.03.19 18:34:52.805,0.94706,0.94723,1.50,3.00
2013.03.19 18:34:53.313,0.94706,0.94723,1.50,2.25
2013.03.19 18:34:54.143,0.94706,0.94723,1.50,2.84
2013.03.19 18:34:55.203,0.94706,0.94723,1.50,2.46
2013.03.19 18:34:55.914,0.94706,0.94718,1.50,1.50
2013.03.19 18:34:56.168,0.94702,0.94717,2.89,1.50
2013.03.19 18:34:56.435,0.94701,0.94717,2.25,2.25
2013.03.19 18:34:56.685,0.94698,0.94717,1.50,3.75
2013.03.19 18:35:00.805,0.94699,0.94715,1.50,1.88
2013.03.19 18:35:01.054,0.947,0.94718,1.50,1.88
2013.03.19 18:35:01.614,0.94701,0.94719,1.50,2.25
2013.03.19 18:35:02.579,0.947,0.94719,3.00,2.63
2013.03.19 18:35:02.955,0.94703,0.9472,2.25,3.00
2013.03.19 18:35:03.026,0.94705,0.9472,1.50,2.25
2013.03.19 18:35:03.527,0.94705,0.94721,1.50,3.00
2013.03.19 18:35:03.834,0.94713,0.94723,1.50,2.25
2013.03.19 18:35:04.024,0.94712,0.94726,1.50,1.50
2013.03.19 18:35:04.563,0.94712,0.94727,1.50,3.00
2013.03.19 18:35:04.923,0.94713,0.94727,2.25,1.50
2013.03.19 18:35:05.463,0.94713,0.9473,3.00,7.80
2013.03.19 18:35:05.805,0.94713,0.94726,3.00,3.00
2013.03.19 18:35:05.876,0.94709,0.94726,5.25,3.75
2013.03.19 18:35:06.084,0.94709,0.94725,1.50,1.50
2013.03.19 18:35:06.160,0.94709,0.94725,2.25,1.50
2013.03.19 18:35:06.284,0.94709,0.94724,1.50,1.50
2013.03.19 18:35:08.433,0.94709,0.94725,1.50,1.50
2013.03.19 18:35:08.615,0.94709,0.94726,3.75,3.00
2013.03.19 18:35:08.746,0.94711,0.94727,1.50,2.25
2013.03.19 18:35:09.055,0.94712,0.94729,2.25,3.75
2013.03.19 18:35:09.553,0.94711,0.94728,4.50,1.50
2013.03.19 18:35:09.854,0.94712,0.94726,1.50,1.95
2013.03.19 18:35:10.634,0.94709,0.94725,1.50,1.80
2013.03.19 18:35:10.705,0.94707,0.94725,1.50,2.57
2013.03.19 18:35:11.254,0.94705,0.94724,3.00,2.25
2013.03.19 18:35:11.624,0.94705,0.94723,4.50,1.05
2013.03.19 18:35:11.686,0.94704,0.94721,1.50,1.65
2013.03.19 18:35:11.758,0.94703,0.9472,4.50,2.48
2013.03.19 18:35:11.886,0.94703,0.94716,2.25,2.28
2013.03.19 18:35:12.651,0.94703,0.94715,1.50,1.45
2013.03.19 18:35:12.743,0.94699,0.94715,1.50,1.45
2013.03.19 18:35:14.764,0.94698,0.94714,2.25,1.50
2013.03.19 18:35:15.693,0.94698,0.94714,1.50,2.25
2013.03.19 18:35:15.815,0.94699,0.94716,1.50,3.03
2013.03.19 18:35:16.125,0.947,0.94717,3.00,1.50
2013.03.19 18:35:16.194,0.947,0.94718,3.00,1.50
2013.03.19 18:35:17.685,0.947,0.94718,3.00,1.50
2013.03.19 18:35:18.054,0.94698,0.94715,1.50,2.97
2013.03.19 18:35:18.173,0.94697,0.94715,2.25,3.72
2013.03.19 18:35:19.266,0.94696,0.94713,2.25,1.50
2013.03.19 18:35:19.764,0.94695,0.94712,2.25,2.25
2013.03.19 18:35:24.272,0.94695,0.94712,3.00,2.25
2013.03.19 18:35:24.884,0.94696,0.94712,1.50,2.25
2013.03.19 18:35:25.195,0.94695,0.94712,2.25,2.25
2013.03.19 18:35:25.704,0.94696,0.94712,1.50,2.25
2013.03.19 18:35:27.845,0.94697,0.94712,2.25,1.50
2013.03.19 18:35:27.915,0.94698,0.94712,3.00,1.50
2013.03.19 18:35:27.984,0.94699,0.94716,1.50,2.63
2013.03.19 18:35:28.532,0.94699,0.94718,2.78,3.75
2013.03.19 18:35:29.173,0.94705,0.94719,1.50,2.63
2013.03.19 18:35:31.203,0.94703,0.94718,1.50,1.50
2013.03.19 18:35:31.714,0.947,0.94718,3.75,1.50
2013.03.19 18:35:36.118,0.94703,0.94719,1.50,1.50
2013.03.19 18:35:37.853,0.94703,0.94719,1.50,1.50
2013.03.19 18:35:38.594,0.94701,0.9472,1.50,4.43
2013.03.19 18:35:41.372,0.94701,0.94717,1.50,1.50
2013.03.19 18:35:41.646,0.94697,0.94714,2.25,2.25
2013.03.19 18:35:45.946,0.94697,0.94713,2.25,3.00
2013.03.19 18:35:46.313,0.94696,0.94714,4.65,1.50
2013.03.19 18:35:46.843,0.94696,0.94714,3.90,1.50
2013.03.19 18:35:47.493,0.94696,0.94714,2.40,1.50
2013.03.19 18:35:48.064,0.94695,0.94714,3.68,1.50
2013.03.19 18:35:48.614,0.94696,0.94714,1.65,3.00
2013.03.19 18:35:49.402,0.94697,0.94714,1.50,1.50
2013.03.19 18:35:49.545,0.94697,0.94715,1.50,4.07
2013.03.19 18:35:49.613,0.94697,0.94714,1.50,1.50
2013.03.19 18:35:50.125,0.94695,0.94713,3.15,1.50
2013.03.19 18:35:51.014,0.94696,0.94713,1.65,1.50
2013.03.19 18:35:55.019,0.94696,0.94713,2.40,1.50
2013.03.19 18:35:55.333,0.94701,0.94715,1.50,1.53
2013.03.19 18:35:57.692,0.94699,0.94715,1.50,1.45
2013.03.19 18:36:00.744,0.947,0.94716,1.50,1.07
2013.03.19 18:36:00.864,0.947,0.94718,3.75,2.25
2013.03.19 18:36:01.414,0.94702,0.94719,1.50,3.00
2013.03.19 18:36:01.915,0.94702,0.94718,1.50,2.03
2013.03.19 18:36:01.984,0.94699,0.94718,1.50,3.90
2013.03.19 18:36:04.363,0.94699,0.94717,1.50,2.25
2013.03.19 18:36:04.899,0.94698,0.94715,1.50,2.85
2013.03.19 18:36:08.014,0.94699,0.94713,1.50,1.28
2013.03.19 18:36:08.145,0.94696,0.94711,2.25,3.15
2013.03.19 18:36:09.057,0.94696,0.94711,1.50,2.55
2013.03.19 18:36:09.131,0.94695,0.94712,1.13,1.65
2013.03.19 18:36:09.433,0.94695,0.94708,1.13,1.15
2013.03.19 18:36:09.793,0.94694,0.94709,1.13,1.88
2013.03.19 18:36:10.183,0.94694,0.9471,1.13,2.25
2013.03.19 18:36:10.249,0.94695,0.9471,1.13,1.50
2013.03.19 18:36:10.566,0.94698,0.94712,1.50,1.65
2013.03.19 18:36:11.123,0.94698,0.94714,2.78,1.13
2013.03.19 18:36:11.483,0.947,0.94717,1.50,2.25
2013.03.19 18:36:11.993,0.94698,0.94718,1.50,2.18
2013.03.19 18:36:12.234,0.94698,0.94716,1.50,1.73
2013.03.19 18:36:12.792,0.94696,0.94715,3.00,4.50
2013.03.19 18:36:16.504,0.94697,0.94714,1.50,1.50
2013.03.19 18:36:17.056,0.94696,0.94714,1.50,4.50
2013.03.19 18:36:23.066,0.94698,0.94714,2.25,2.25
2013.03.19 18:36:23.589,0.94702,0.94716,1.28,2.63
2013.03.19 18:36:24.844,0.94701,0.94716,1.41,1.13
2013.03.19 18:36:26.542,0.947,0.94718,5.21,1.88
2013.03.19 18:36:27.004,0.94701,0.94718,2.78,2.63
2013.03.19 18:36:27.364,0.94702,0.94718,2.25,2.63
2013.03.19 18:36:27.797,0.94704,0.94718,1.28,1.50
2013.03.19 18:36:28.879,0.94702,0.94718,2.44,2.70
2013.03.19 18:36:29.184,0.94702,0.94715,1.50,3.38
2013.03.19 18:36:29.245,0.94697,0.94715,1.50,6.75
2013.03.19 18:36:29.554,0.94697,0.94715,1.50,1.50
2013.03.19 18:36:29.990,0.94695,0.94713,1.88,2.25
2013.03.19 18:36:30.055,0.94695,0.94714,1.88,3.00
2013.03.19 18:36:31.024,0.94695,0.94713,1.50,4.13
2013.03.19 18:36:31.336,0.94695,0.94709,1.13,2.63
2013.03.19 18:36:31.721,0.94696,0.94708,1.28,1.88
2013.03.19 18:36:32.283,0.94695,0.94707,1.80,1.88
2013.03.19 18:36:32.353,0.94694,0.94707,1.50,1.88
2013.03.19 18:36:32.533,0.94694,0.94704,1.50,1.50
2013.03.19 18:36:33.403,0.94694,0.94705,2.25,1.50
2013.03.19 18:36:34.420,0.94693,0.94705,1.88,1.50
2013.03.19 18:36:37.848,0.94694,0.94708,1.50,2.63
2013.03.19 18:36:39.485,0.94693,0.94703,1.50,1.50
2013.03.19 18:36:40.032,0.94693,0.94704,1.50,1.50
2013.03.19 18:36:43.068,0.94694,0.94704,1.13,1.50
2013.03.19 18:36:43.739,0.94694,0.94705,1.13,1.50
2013.03.19 18:36:43.815,0.94694,0.94708,1.13,1.50
2013.03.19 18:36:46.433,0.94694,0.94708,1.13,1.13
2013.03.19 18:36:46.674,0.94693,0.94709,2.25,2.33
2013.03.19 18:36:49.562,0.94693,0.94708,1.50,1.88
2013.03.19 18:36:50.046,0.94695,0.94708,2.63,1.50
2013.03.19 18:36:50.538,0.94694,0.9471,4.24,5.25
2013.03.19 18:36:50.606,0.94694,0.9471,3.11,3.75
2013.03.19 18:36:51.213,0.94695,0.94707,1.13,1.50
2013.03.19 18:36:51.755,0.94697,0.94709,1.50,2.25
2013.03.19 18:36:52.398,0.94697,0.94709,1.50,1.50
2013.03.19 18:36:53.465,0.94697,0.94709,1.50,2.25
2013.03.19 18:36:56.165,0.94699,0.94712,2.03,1.73
2013.03.19 18:36:56.473,0.94702,0.94713,1.50,1.50
2013.03.19 18:36:56.657,0.94701,0.94715,1.50,1.13
2013.03.19 18:36:58.504,0.94703,0.94716,1.50,1.50
2013.03.19 18:36:58.796,0.94703,0.94718,1.50,3.00
2013.03.19 18:37:01.513,0.94704,0.94718,1.50,1.13
2013.03.19 18:37:02.694,0.94704,0.94715,1.50,2.25
2013.03.19 18:37:02.814,0.94701,0.94714,3.00,1.50
2013.03.19 18:37:09.344,0.94701,0.94714,2.25,1.13
2013.03.19 18:37:09.417,0.947,0.94714,2.25,1.50
2013.03.19 18:37:09.745,0.94697,0.94708,1.50,2.25
2013.03.19 18:37:09.816,0.94697,0.94707,1.50,2.25
2013.03.19 18:37:09.885,0.94694,0.94707,1.13,2.25
2013.03.19 18:37:09.960,0.94694,0.94706,1.13,1.50
2013.03.19 18:37:10.444,0.94694,0.94707,1.88,1.50
2013.03.19 18:37:11.184,0.94695,0.94709,1.50,3.00
2013.03.19 18:37:13.790,0.94695,0.94709,2.25,1.50
2013.03.19 18:37:13.857,0.94697,0.94709,3.00,1.50
2013.03.19 18:37:13.925,0.94698,0.94712,2.25,2.40
2013.03.19 18:37:14.494,0.947,0.94714,1.50,3.00
2013.03.19 18:37:17.344,0.94698,0.94712,1.50,1.20
2013.03.19 18:37:17.465,0.94697,0.94709,1.50,2.25
2013.03.19 18:37:17.773,0.94694,0.9471,2.25,3.00
2013.03.19 18:37:18.484,0.94694,0.94709,1.50,1.50
2013.03.19 18:37:18.986,0.94693,0.94709,1.88,1.50
2013.03.19 18:37:20.827,0.94693,0.94711,2.63,4.50
2013.03.19 18:37:21.013,0.94694,0.94712,1.13,3.00
2013.03.19 18:37:21.617,0.94695,0.94713,1.50,1.88
2013.03.19 18:37:24.723,0.94695,0.94711,1.50,1.50
2013.03.19 18:37:25.893,0.94695,0.94713,1.50,4.50
2013.03.19 18:37:25.966,0.94695,0.94713,3.00,3.75
2013.03.19 18:37:26.473,0.94698,0.94713,3.00,1.50
2013.03.19 18:37:27.002,0.94698,0.94713,3.00,1.50
2013.03.19 18:37:27.803,0.94698,0.94713,2.25,1.50
2013.03.19 18:37:28.484,0.94698,0.94713,5.25,1.50
2013.03.19 18:37:29.808,0.94697,0.94711,1.50,1.50
2013.03.19 18:37:29.912,0.94695,0.94712,3.75,1.13
2013.03.19 18:37:31.318,0.94697,0.94712,1.50,2.63
2013.03.19 18:37:31.394,0.94697,0.94712,1.50,1.13
2013.03.19 18:37:31.463,0.94696,0.94712,1.50,1.13
2013.03.19 18:37:31.655,0.94695,0.94712,3.00,1.88
2013.03.19 18:37:32.544,0.94695,0.94713,1.50,3.75
2013.03.19 18:37:33.116,0.94695,0.94713,2.25,5.25
2013.03.19 18:37:35.404,0.94696,0.94711,3.00,1.50
2013.03.19 18:37:35.924,0.94697,0.94712,1.50,1.50
2013.03.19 18:37:37.756,0.94696,0.94712,2.25,3.75
2013.03.19 18:37:38.068,0.94694,0.94711,1.50,1.13
2013.03.19 18:37:38.376,0.94694,0.94711,2.25,1.88
2013.03.19 18:37:38.923,0.94694,0.94712,3.00,1.50
2013.03.19 18:37:39.475,0.94694,0.94712,3.00,3.00
2013.03.19 18:37:40.522,0.94695,0.94712,1.50,3.00
2013.03.19 18:37:40.834,0.94696,0.94712,1.50,3.00
2013.03.19 18:37:40.943,0.94695,0.94712,2.25,3.00
2013.03.19 18:37:41.469,0.94695,0.94712,1.50,3.00
2013.03.19 18:37:45.293,0.94694,0.94712,2.25,4.50
2013.03.19 18:37:46.493,0.94694,0.94711,3.00,1.50
2013.03.19 18:37:47.013,0.94695,0.94712,1.50,2.25
2013.03.19 18:37:48.054,0.94696,0.94712,2.25,2.25
2013.03.19 18:37:50.064,0.94695,0.9471,2.25,2.25
2013.03.19 18:37:57.605,0.94695,0.9471,1.50,3.15
2013.03.19 18:38:00.104,0.94694,0.9471,1.88,3.00
2013.03.19 18:38:00.164,0.94694,0.9471,4.88,1.50
2013.03.19 18:38:00.665,0.94694,0.94711,4.88,3.00
2013.03.19 18:38:01.166,0.94696,0.94711,1.50,3.00
2013.03.19 18:38:03.473,0.94696,0.94713,1.50,3.75
2013.03.19 18:38:07.207,0.94696,0.94711,1.50,1.50
2013.03.19 18:38:12.613,0.94695,0.94711,2.25,2.25
2013.03.19 18:38:13.164,0.94695,0.94711,1.50,2.25
2013.03.19 18:38:13.703,0.94695,0.94713,1.50,3.38
2013.03.19 18:38:15.162,0.94694,0.94713,5.63,1.88
2013.03.19 18:38:19.823,0.94695,0.9471,1.50,1.50
2013.03.19 18:38:19.943,0.94695,0.9471,1.50,1.50
2013.03.19 18:38:33.522,0.94694,0.94711,3.75,2.25
2013.03.19 18:38:40.035,0.94694,0.94712,3.38,3.00
2013.03.19 18:38:40.224,0.94698,0.94712,1.50,1.50
2013.03.19 18:38:40.704,0.94694,0.94712,5.63,3.00
2013.03.19 18:38:41.243,0.94696,0.94713,1.50,2.25
2013.03.19 18:38:41.784,0.94695,0.94713,3.00,2.25
2013.03.19 18:38:42.324,0.94697,0.94713,1.50,2.25
2013.03.19 18:38:43.288,0.94696,0.94712,2.25,1.50
2013.03.19 18:38:43.844,0.94695,0.94711,2.63,1.50
2013.03.19 18:38:44.024,0.94695,0.94712,3.38,3.00
2013.03.19 18:38:44.575,0.94696,0.94712,1.50,1.50
2013.03.19 18:38:45.118,0.94694,0.94709,1.50,1.50
2013.03.19 18:38:45.433,0.94689,0.94705,5.25,1.50
2013.03.19 18:38:45.497,0.94689,0.94705,4.13,1.50
2013.03.19 18:38:46.008,0.94689,0.94704,1.50,2.25
2013.03.19 18:38:46.195,0.94686,0.94699,1.50,1.53
2013.03.19 18:38:46.396,0.94685,0.94698,2.25,3.00
2013.03.19 18:38:46.714,0.9468,0.94698,4.13,4.82
2013.03.19 18:38:47.136,0.94683,0.94698,2.25,1.13
2013.03.19 18:38:47.265,0.94683,0.94698,1.50,2.63
2013.03.19 18:38:47.576,0.94685,0.94699,1.50,1.50
2013.03.19 18:38:47.646,0.94685,0.94701,2.25,2.25
2013.03.19 18:38:48.194,0.94684,0.94703,4.50,3.00
2013.03.19 18:38:49.523,0.94684,0.94702,3.75,1.50
2013.03.19 18:38:49.765,0.94688,0.94705,1.50,1.13
2013.03.19 18:38:50.414,0.94689,0.94705,3.00,1.13
2013.03.19 18:38:50.725,0.94694,0.94707,2.25,1.50
2013.03.19 18:38:50.867,0.94694,0.94711,3.00,4.13
2013.03.19 18:38:55.114,0.94694,0.9471,1.50,3.00
2013.03.19 18:38:55.925,0.94693,0.9471,4.50,1.50
2013.03.19 18:38:56.444,0.94694,0.94711,2.25,3.00
2013.03.19 18:38:57.393,0.94695,0.9471,1.50,2.25
2013.03.19 18:38:57.634,0.94695,0.94711,1.50,4.50
2013.03.19 18:38:58.116,0.94696,0.9471,3.00,1.50
2013.03.19 18:38:58.427,0.947,0.94715,2.03,2.25
2013.03.19 18:38:58.674,0.94699,0.94715,1.65,2.25
2013.03.19 18:38:58.973,0.94697,0.94715,2.25,3.75
2013.03.19 18:38:59.904,0.94695,0.94715,2.25,2.25
2013.03.19 18:39:00.273,0.94695,0.94712,2.25,1.50
2013.03.19 18:39:06.536,0.94695,0.94713,1.50,1.50
2013.03.19 18:39:24.623,0.94695,0.94712,1.50,2.63
2013.03.19 18:39:24.684,0.94695,0.94711,1.50,1.58
2013.03.19 18:39:25.122,0.94693,0.9471,1.50,2.25
2013.03.19 18:39:25.543,0.94692,0.94709,1.50,1.50
2013.03.19 18:39:25.663,0.94693,0.94712,2.25,2.25
2013.03.19 18:39:25.722,0.94695,0.94713,1.50,2.40
2013.03.19 18:39:26.252,0.94694,0.94712,1.50,1.50
2013.03.19 18:39:29.806,0.94695,0.94713,1.50,1.50
2013.03.19 18:39:32.395,0.94696,0.94716,4.13,4.80
2013.03.19 18:39:32.718,0.94705,0.94718,1.50,1.50
2013.03.19 18:39:33.143,0.94704,0.9472,2.25,2.25
2013.03.19 18:39:43.893,0.94706,0.94722,1.58,1.50
2013.03.19 18:39:44.015,0.9471,0.94726,2.25,2.25
2013.03.19 18:39:44.084,0.94712,0.94727,2.25,3.38
2013.03.19 18:39:44.325,0.94711,0.94727,1.13,1.13
2013.03.19 18:39:44.386,0.94711,0.94728,3.38,1.50
2013.03.19 18:39:45.064,0.94712,0.94728,1.50,3.00
2013.03.19 18:39:47.493,0.94712,0.94728,2.25,2.25
2013.03.19 18:39:57.334,0.94714,0.9473,1.50,1.50
2013.03.19 18:39:57.695,0.94715,0.9473,2.25,2.25
2013.03.19 18:39:58.243,0.94715,0.9473,2.25,1.50
2013.03.19 18:39:58.894,0.94715,0.9473,2.25,1.50
2013.03.19 18:39:59.014,0.94715,0.9473,3.00,1.50
2013.03.19 18:39:59.195,0.94715,0.94732,3.75,3.00
2013.03.19 18:40:00.084,0.94716,0.94732,1.13,3.00
2013.03.19 18:40:01.254,0.94715,0.94732,2.25,3.00
2013.03.19 18:40:01.986,0.94714,0.94732,3.38,3.75
2013.03.19 18:40:02.524,0.94714,0.94732,2.63,3.75
2013.03.19 18:40:04.913,0.94714,0.94732,2.25,3.75
2013.03.19 18:40:08.724,0.94718,0.94732,1.90,3.75
2013.03.19 18:40:09.034,0.94721,0.94735,1.50,2.25
2013.03.19 18:40:09.273,0.9472,0.94736,1.50,1.50
2013.03.19 18:40:09.843,0.94718,0.94736,1.50,2.25
2013.03.19 18:40:11.194,0.94721,0.94738,1.50,5.85
2013.03.19 18:40:11.255,0.94721,0.94738,1.50,5.78
2013.03.19 18:40:11.804,0.94721,0.94738,1.50,2.78
2013.03.19 18:40:17.343,0.94721,0.94737,1.50,3.00
2013.03.19 18:40:17.406,0.94719,0.94737,3.00,4.50
2013.03.19 18:40:17.593,0.94718,0.94734,2.25,1.50
2013.03.19 18:40:18.764,0.94716,0.94731,3.00,1.50
2013.03.19 18:40:19.391,0.94717,0.94731,1.50,1.50
2013.03.19 18:40:19.455,0.94719,0.94734,1.50,1.50
2013.03.19 18:40:19.526,0.94719,0.94736,1.50,3.83
2013.03.19 18:40:21.874,0.94719,0.94737,3.75,2.25
2013.03.19 18:40:22.266,0.9472,0.94738,4.50,2.25
2013.03.19 18:40:24.514,0.9472,0.94737,1.50,1.65
2013.03.19 18:40:25.283,0.9472,0.94737,3.00,1.65
2013.03.19 18:40:26.653,0.94723,0.94739,1.50,3.75
2013.03.19 18:40:27.193,0.94723,0.94739,1.50,1.13
2013.03.19 18:40:27.733,0.94723,0.9474,3.00,1.50
2013.03.19 18:40:44.703,0.94723,0.94741,3.75,1.50
2013.03.19 18:40:45.023,0.94725,0.94741,3.00,1.50
2013.03.19 18:40:47.794,0.94728,0.94743,1.20,5.22
2013.03.19 18:40:48.095,0.94732,0.94746,3.00,1.50
2013.03.19 18:40:48.394,0.94732,0.94748,2.25,2.25
2013.03.19 18:40:50.069,0.94732,0.9475,3.00,2.63
2013.03.19 18:40:50.914,0.94733,0.94747,1.50,1.58
2013.03.19 18:40:51.041,0.9473,0.94745,2.25,1.13
2013.03.19 18:40:51.115,0.9473,0.94742,3.00,1.45
2013.03.19 18:40:51.185,0.9473,0.94743,1.50,1.80
2013.03.19 18:40:51.255,0.94728,0.94741,2.25,1.50
2013.03.19 18:40:51.385,0.94724,0.94742,3.75,3.30
2013.03.19 18:40:52.203,0.94726,0.94742,1.50,2.03
2013.03.19 18:40:52.838,0.94726,0.94743,1.50,1.65
2013.03.19 18:40:53.377,0.94725,0.94743,3.00,1.45
2013.03.19 18:40:59.225,0.94722,0.94741,5.25,1.50
2013.03.19 18:41:00.456,0.94725,0.94741,3.00,1.50
2013.03.19 18:41:05.814,0.94727,0.94742,1.50,3.49
2013.03.19 18:41:10.393,0.94726,0.94741,1.50,1.50
2013.03.19 18:41:16.194,0.94727,0.94741,1.50,1.50
2013.03.19 18:41:16.705,0.94725,0.94741,2.25,1.50
2013.03.19 18:41:21.595,0.94726,0.94741,1.50,2.25
2013.03.19 18:41:35.798,0.94726,0.94742,1.50,2.25
2013.03.19 18:41:36.105,0.94729,0.94743,2.25,1.50
2013.03.19 18:41:36.536,0.94731,0.94749,2.25,3.75
2013.03.19 18:41:36.784,0.9473,0.94748,1.50,1.65
2013.03.19 18:41:36.905,0.9473,0.9475,1.50,4.13
2013.03.19 18:41:37.415,0.94733,0.9475,1.50,4.73
2013.03.19 18:41:38.024,0.94732,0.94749,1.50,3.90
2013.03.19 18:41:40.254,0.94729,0.94749,3.00,4.28
2013.03.19 18:41:42.355,0.94735,0.94749,2.25,2.40
2013.03.19 18:41:43.325,0.94734,0.94748,1.50,2.03
2013.03.19 18:41:44.514,0.9473,0.94748,1.50,1.28
2013.03.19 18:41:50.524,0.94732,0.94748,1.50,1.65
2013.03.19 18:41:53.093,0.94732,0.94749,1.50,2.03
2013.03.19 18:41:54.654,0.94732,0.94748,1.50,1.50
2013.03.19 18:41:58.800,0.94732,0.94746,1.50,2.20
2013.03.19 18:41:59.354,0.9473,0.94742,2.25,1.45
2013.03.19 18:41:59.978,0.9473,0.94742,1.50,1.45
2013.03.19 18:42:00.325,0.94728,0.94742,3.00,1.50
2013.03.19 18:42:00.516,0.94729,0.94745,4.50,3.75
2013.03.19 18:42:00.823,0.94733,0.94747,1.50,2.25
2013.03.19 18:42:00.885,0.94733,0.94749,1.50,1.50
2013.03.19 18:42:02.060,0.94733,0.94751,1.50,1.65
2013.03.19 18:42:02.540,0.94734,0.94752,1.50,3.38
2013.03.19 18:42:03.904,0.94733,0.94752,1.50,4.73
2013.03.19 18:42:04.025,0.94731,0.94751,2.25,1.65
2013.03.19 18:42:04.094,0.94732,0.94751,3.00,3.12
2013.03.19 18:42:04.633,0.94734,0.94752,2.25,2.63
2013.03.19 18:42:05.254,0.94734,0.94752,3.00,2.25
2013.03.19 18:42:06.334,0.94734,0.94751,2.25,2.25
2013.03.19 18:42:10.205,0.94736,0.94751,2.25,3.00
2013.03.19 18:42:10.384,0.94736,0.94753,2.25,2.70
2013.03.19 18:42:10.984,0.94735,0.94752,1.50,1.50
2013.03.19 18:42:20.225,0.94736,0.94753,2.25,1.88
2013.03.19 18:42:20.890,0.94737,0.94754,3.00,2.63
2013.03.19 18:42:21.535,0.94737,0.94754,3.00,1.13
2013.03.19 18:42:23.518,0.9474,0.94755,3.00,1.13
2013.03.19 18:42:23.704,0.94741,0.94758,2.25,1.88
2013.03.19 18:42:24.243,0.94741,0.94759,2.25,1.13
2013.03.19 18:42:24.614,0.94742,0.94759,2.25,1.13
2013.03.19 18:42:25.164,0.94744,0.94759,1.50,1.88
2013.03.19 18:42:27.114,0.94744,0.9476,2.25,3.00
2013.03.19 18:42:29.103,0.94743,0.94759,1.50,1.13
2013.03.19 18:42:29.224,0.94741,0.94759,3.00,1.88
2013.03.19 18:42:29.404,0.94742,0.94759,3.00,1.88
2013.03.19 18:42:33.064,0.94742,0.94759,3.00,1.88
2013.03.19 18:42:34.103,0.94742,0.9476,3.00,1.88
2013.03.19 18:42:36.855,0.94741,0.9476,2.25,4.13
2013.03.19 18:42:42.144,0.94743,0.94759,1.50,1.13
2013.03.19 18:42:42.708,0.94743,0.94759,1.50,1.13
2013.03.19 18:42:51.955,0.94743,0.9476,3.00,1.88
2013.03.19 18:42:52.025,0.94743,0.9476,3.00,1.13
2013.03.19 18:42:52.157,0.94746,0.94761,4.65,1.13
2013.03.19 18:42:52.226,0.94748,0.94762,1.50,1.13
2013.03.19 18:42:52.593,0.9475,0.94766,2.25,1.13
2013.03.19 18:42:53.324,0.9475,0.94766,3.75,1.13
2013.03.19 18:42:55.195,0.94752,0.94767,2.25,1.50
2013.03.19 18:42:55.325,0.94755,0.94769,1.88,2.25
2013.03.19 18:42:55.457,0.94758,0.94769,1.50,1.50
2013.03.19 18:42:55.648,0.94758,0.94771,4.13,3.00
2013.03.19 18:42:55.720,0.94759,0.94771,6.15,3.00
2013.03.19 18:42:55.918,0.94762,0.94775,1.50,2.25
2013.03.19 18:42:56.048,0.94761,0.94775,2.25,2.25
2013.03.19 18:42:56.115,0.94761,0.94778,2.25,1.50
2013.03.19 18:42:56.667,0.9476,0.9478,2.25,1.88
2013.03.19 18:42:57.310,0.94761,0.94778,1.50,2.25
2013.03.19 18:42:57.636,0.94758,0.94772,2.25,1.13
2013.03.19 18:42:57.704,0.94756,0.94772,2.25,1.88
2013.03.19 18:42:58.244,0.94753,0.9477,3.00,1.28
2013.03.19 18:42:58.364,0.94753,0.9477,1.50,2.78
2013.03.19 18:42:58.686,0.94757,0.94772,1.50,4.28
2013.03.19 18:42:58.754,0.94757,0.94773,1.50,3.75
2013.03.19 18:43:01.652,0.94753,0.94772,3.00,4.58
2013.03.19 18:43:02.584,0.94754,0.94772,2.25,6.08
2013.03.19 18:43:04.454,0.94754,0.94772,2.25,9.53
2013.03.19 18:43:04.515,0.94754,0.94768,2.25,1.65
2013.03.19 18:43:04.877,0.9475,0.94763,2.25,1.58
2013.03.19 18:43:05.185,0.94747,0.94763,2.25,1.58
2013.03.19 18:43:05.738,0.94746,0.94762,1.50,4.47
2013.03.19 18:43:06.265,0.94744,0.94762,2.25,2.25
2013.03.19 18:43:06.389,0.94744,0.94761,1.50,1.45
2013.03.19 18:43:07.128,0.94744,0.94761,1.50,2.20
2013.03.19 18:43:07.654,0.94744,0.9476,1.50,3.15
2013.03.19 18:43:09.064,0.94746,0.9476,1.50,3.00
2013.03.19 18:43:10.614,0.94747,0.9476,2.25,3.00
2013.03.19 18:43:11.336,0.94747,0.9476,2.25,2.25
2013.03.19 18:43:13.910,0.94748,0.9476,2.25,2.40
2013.03.19 18:43:14.214,0.94751,0.94764,3.00,2.65
2013.03.19 18:43:14.275,0.94753,0.94766,1.50,1.50
2013.03.19 18:43:14.824,0.94753,0.94769,1.50,4.95
2013.03.19 18:43:15.994,0.94754,0.94769,2.25,3.83
2013.03.19 18:43:16.114,0.94754,0.94772,2.25,3.90
2013.03.19 18:43:16.916,0.94754,0.94771,1.50,1.50
2013.03.19 18:43:17.047,0.94752,0.94769,2.25,3.15
2013.03.19 18:43:17.296,0.94751,0.94767,1.50,1.50
2013.03.19 18:43:17.426,0.94751,0.94768,3.75,2.25
2013.03.19 18:43:17.735,0.9475,0.94768,1.50,2.40
2013.03.19 18:43:19.794,0.94749,0.94766,2.25,1.50
2013.03.19 18:43:23.065,0.94748,0.94764,1.50,2.25
2013.03.19 18:43:23.315,0.94746,0.94764,1.50,4.58
2013.03.19 18:43:29.646,0.94746,0.94763,2.25,3.00
2013.03.19 18:43:29.955,0.94756,0.94765,2.25,1.50
2013.03.19 18:43:30.324,0.94756,0.9477,3.00,1.50
2013.03.19 18:43:31.186,0.94756,0.94771,3.00,3.38
2013.03.19 18:43:31.546,0.94756,0.94771,3.00,2.63
2013.03.19 18:43:31.875,0.94763,0.94773,2.25,1.50
2013.03.19 18:43:32.005,0.9476,0.94773,1.50,1.50
2013.03.19 18:43:32.125,0.94757,0.94773,1.50,2.25
2013.03.19 18:43:32.556,0.94756,0.94773,4.50,1.50
2013.03.19 18:43:32.624,0.94756,0.94773,3.00,1.28
2013.03.19 18:43:33.674,0.94754,0.9477,1.50,1.50
2013.03.19 18:43:34.203,0.94754,0.94771,2.25,2.25
2013.03.19 18:43:36.106,0.94755,0.94772,2.25,1.13
2013.03.19 18:43:36.624,0.94756,0.94773,2.70,2.63
2013.03.19 18:43:36.925,0.94758,0.94773,1.50,1.13
2013.03.19 18:43:37.054,0.94758,0.94775,1.50,1.88
2013.03.19 18:43:37.114,0.94756,0.94775,6.00,1.13
2013.03.19 18:43:37.613,0.94759,0.94775,1.50,1.13
2013.03.19 18:43:37.925,0.94758,0.94775,2.25,1.13
2013.03.19 18:43:38.544,0.94757,0.94775,1.50,2.70
2013.03.19 18:43:39.105,0.94757,0.94775,1.50,2.63
2013.03.19 18:43:43.444,0.94755,0.9477,1.50,3.00
2013.03.19 18:43:43.576,0.94754,0.94771,3.75,1.50
2013.03.19 18:43:44.123,0.94754,0.94772,3.75,1.88
2013.03.19 18:43:44.907,0.94757,0.94772,1.50,2.25
2013.03.19 18:43:45.214,0.94759,0.94773,1.50,1.13
2013.03.19 18:43:47.775,0.94759,0.94774,1.50,1.13
2013.03.19 18:43:56.236,0.9476,0.94775,1.50,1.50
2013.03.19 18:43:58.853,0.94758,0.94775,2.25,1.50
2013.03.19 18:44:01.236,0.94758,0.94776,1.50,4.50
2013.03.19 18:44:01.364,0.94758,0.94776,1.50,4.50
2013.03.19 18:44:02.024,0.94757,0.94776,2.25,2.25
2013.03.19 18:44:05.179,0.94758,0.94775,1.50,1.50
2013.03.19 18:44:05.725,0.94758,0.94775,1.50,1.50
2013.03.19 18:44:22.323,0.94758,0.94775,1.50,3.00
2013.03.19 18:44:22.626,0.94754,0.9477,3.75,3.03
2013.03.19 18:44:23.173,0.94753,0.9477,1.50,3.70
2013.03.19 18:44:24.317,0.94753,0.94769,1.50,3.00
2013.03.19 18:44:24.386,0.94751,0.94767,1.50,1.50
2013.03.19 18:44:29.944,0.94751,0.94766,1.50,1.50
2013.03.19 18:44:31.695,0.9475,0.94767,3.00,1.50
2013.03.19 18:44:34.834,0.9475,0.94767,3.15,1.50
2013.03.19 18:44:34.955,0.94753,0.94769,1.50,4.50
2013.03.19 18:44:35.024,0.94753,0.94769,2.25,1.88
2013.03.19 18:44:35.265,0.94754,0.9477,2.25,1.88
2013.03.19 18:44:35.788,0.94755,0.94771,1.50,2.25
2013.03.19 18:44:36.334,0.94755,0.94773,2.70,1.65
2013.03.19 18:44:37.377,0.94755,0.94774,3.83,1.13
2013.03.19 18:44:38.715,0.94753,0.94774,2.25,3.08
2013.03.19 18:44:38.975,0.94753,0.94772,1.50,1.65
2013.03.19 18:44:49.416,0.94752,0.94767,1.50,1.50
2013.03.19 18:44:49.618,0.94748,0.94766,2.25,2.33
2013.03.19 18:44:49.685,0.94748,0.94764,1.50,1.50
2013.03.19 18:44:50.413,0.94747,0.94764,1.50,3.75
2013.03.19 18:44:52.695,0.94747,0.94765,3.00,3.75
2013.03.19 18:44:52.753,0.94747,0.94765,3.00,2.25
2013.03.19 18:44:53.524,0.94745,0.94763,3.15,1.50
2013.03.19 18:44:53.883,0.94745,0.94761,2.25,1.50
2013.03.19 18:44:54.614,0.94745,0.94762,2.25,1.13
2013.03.19 18:44:54.676,0.94746,0.94764,1.50,3.00
2013.03.19 18:44:57.545,0.94746,0.94763,3.00,1.50
2013.03.19 18:45:03.794,0.94746,0.94763,3.00,1.95
2013.03.19 18:45:07.114,0.94746,0.94762,2.25,1.45
2013.03.19 18:45:07.954,0.94745,0.9476,3.00,1.43
2013.03.19 18:45:27.034,0.94746,0.94761,2.25,1.88
2013.03.19 18:45:28.893,0.94746,0.94762,2.25,3.00
2013.03.19 18:45:40.607,0.94745,0.9476,2.25,1.50
2013.03.19 18:45:40.915,0.94741,0.94756,2.25,2.25
2013.03.19 18:45:41.515,0.94739,0.94757,1.50,3.00
2013.03.19 18:45:42.053,0.94739,0.94759,1.50,3.75
2013.03.19 18:45:45.245,0.94742,0.9476,2.25,2.03
2013.03.19 18:45:45.784,0.94741,0.9476,6.00,1.13
2013.03.19 18:45:47.070,0.94744,0.94761,3.00,3.00
2013.03.19 18:45:47.564,0.94747,0.94761,2.25,3.00
2013.03.19 18:45:47.744,0.94749,0.94767,1.50,2.63
2013.03.19 18:45:54.326,0.94748,0.94767,1.50,2.25
2013.03.19 18:45:54.938,0.9475,0.94767,2.25,1.50
2013.03.19 18:45:56.007,0.94755,0.94766,1.50,1.50
2013.03.19 18:45:56.218,0.94755,0.94768,1.50,1.50
2013.03.19 18:45:56.464,0.94755,0.94771,1.50,3.38
2013.03.19 18:45:56.584,0.94755,0.94771,1.50,2.85
2013.03.19 18:45:56.904,0.94755,0.94769,3.00,1.50
2013.03.19 18:46:00.555,0.94756,0.94769,1.50,1.50
2013.03.19 18:46:00.615,0.94755,0.94769,1.50,1.50
2013.03.19 18:46:00.744,0.94756,0.94769,1.50,1.50
2013.03.19 18:46:01.184,0.94754,0.94769,2.25,3.75
2013.03.19 18:46:01.258,0.94752,0.94769,2.25,5.25
2013.03.19 18:46:01.564,0.9475,0.94767,3.38,3.00
2013.03.19 18:46:02.864,0.94748,0.94767,3.75,1.50
2013.03.19 18:46:03.285,0.94749,0.94768,3.00,3.00
2013.03.19 18:46:03.716,0.94749,0.94768,3.00,1.50
2013.03.19 18:46:03.904,0.9475,0.94766,1.50,3.30
2013.03.19 18:46:04.814,0.9475,0.94767,1.50,3.00
2013.03.19 18:46:05.054,0.9475,0.94767,1.50,1.50
2013.03.19 18:46:05.925,0.9475,0.94766,1.50,2.33
2013.03.19 18:46:09.693,0.94748,0.94764,3.00,1.43
2013.03.19 18:46:09.755,0.94748,0.94761,3.00,1.07
2013.03.19 18:46:09.935,0.94748,0.94759,1.50,1.28
2013.03.19 18:46:10.065,0.94744,0.94756,1.50,1.50
2013.03.19 18:46:10.244,0.94741,0.94757,1.65,1.50
2013.03.19 18:46:10.785,0.94741,0.94758,1.65,1.50
2013.03.19 18:46:12.574,0.94745,0.9476,2.25,2.55
2013.03.19 18:46:13.715,0.94745,0.94757,2.25,1.20
2013.03.19 18:46:14.075,0.9474,0.94753,2.25,1.90
2013.03.19 18:46:14.634,0.9474,0.94753,2.25,1.90
2013.03.19 18:46:15.396,0.9474,0.94753,2.25,1.90
2013.03.19 18:46:15.975,0.9474,0.94753,2.25,1.90
2013.03.19 18:46:16.515,0.9474,0.94753,2.25,1.90
2013.03.19 18:46:18.084,0.9474,0.94753,2.25,1.15
2013.03.19 18:46:18.445,0.94743,0.94757,2.25,2.25
2013.03.19 18:46:19.031,0.94743,0.9476,2.25,3.00
2013.03.19 18:46:19.544,0.94744,0.9476,1.28,3.68
2013.03.19 18:46:25.183,0.94744,0.9476,3.00,3.38
2013.03.19 18:46:25.243,0.94746,0.9476,2.03,1.13
2013.03.19 18:46:25.793,0.94747,0.94761,1.28,1.50
2013.03.19 18:46:28.114,0.94746,0.94762,3.53,1.88
2013.03.19 18:46:30.148,0.94746,0.94762,3.53,2.65
2013.03.19 18:46:30.693,0.94747,0.94761,1.50,2.20
2013.03.19 18:46:35.934,0.94747,0.94761,1.50,1.43
2013.03.19 18:46:36.019,0.9475,0.94763,1.28,3.30
2013.03.19 18:46:36.324,0.94749,0.94766,3.00,1.50
2013.03.19 18:46:36.383,0.94753,0.94766,1.50,1.50
2013.03.19 18:46:36.626,0.94755,0.94769,1.28,1.50
2013.03.19 18:46:37.166,0.94754,0.9477,1.50,1.50
2013.03.19 18:46:37.555,0.94752,0.94769,2.78,2.25
2013.03.19 18:46:38.049,0.94751,0.94766,1.50,1.05
2013.03.19 18:46:38.176,0.94748,0.94762,1.65,1.53
2013.03.19 18:46:38.307,0.94746,0.94759,1.50,2.25
2013.03.19 18:46:38.794,0.94743,0.94759,3.75,1.50
2013.03.19 18:46:39.575,0.94743,0.94759,4.28,1.50
2013.03.19 18:46:39.814,0.94743,0.94761,6.00,1.13
2013.03.19 18:46:40.803,0.94743,0.94761,3.00,1.50
2013.03.19 18:46:41.235,0.94744,0.94763,2.25,2.25
2013.03.19 18:46:41.773,0.94744,0.94761,3.75,1.50
2013.03.19 18:46:43.595,0.94744,0.94761,4.50,1.50
2013.03.19 18:46:45.082,0.94744,0.94761,4.50,1.50
2013.03.19 18:46:45.699,0.94744,0.94761,3.75,1.50
2013.03.19 18:46:46.934,0.94744,0.94761,3.75,1.50
2013.03.19 18:46:47.743,0.94744,0.94761,4.50,1.50
2013.03.19 18:47:02.894,0.94744,0.94758,3.00,1.35
2013.03.19 18:47:03.227,0.94743,0.94753,2.25,1.50
2013.03.19 18:47:03.294,0.94738,0.94753,4.50,1.50
2013.03.19 18:47:03.885,0.94739,0.94753,1.50,1.50
2013.03.19 18:47:07.166,0.94739,0.94753,1.50,2.20
2013.03.19 18:47:07.235,0.94737,0.94752,1.50,1.50
2013.03.19 18:47:07.557,0.94736,0.94752,1.50,3.72
2013.03.19 18:47:07.867,0.94738,0.94752,1.50,2.20
2013.03.19 18:47:15.977,0.94738,0.94752,1.50,2.20
2013.03.19 18:47:16.364,0.94738,0.94752,1.50,4.45
2013.03.19 18:47:16.640,0.94737,0.94752,3.08,2.25
2013.03.19 18:47:16.713,0.9474,0.94752,2.25,1.50
2013.03.19 18:47:17.035,0.94743,0.94755,1.28,1.50
2013.03.19 18:47:17.154,0.94744,0.94759,1.50,2.25
2013.03.19 18:47:17.214,0.94743,0.9476,2.25,1.43
2013.03.19 18:47:17.275,0.94743,0.94759,1.50,2.25
2013.03.19 18:47:17.595,0.9474,0.94757,5.25,2.25
2013.03.19 18:47:18.476,0.9474,0.94758,2.25,2.25
2013.03.19 18:47:18.954,0.9474,0.94759,1.28,1.50
2013.03.19 18:47:19.671,0.9474,0.9476,2.78,2.93
2013.03.19 18:47:21.423,0.9474,0.94758,5.03,1.50
2013.03.19 18:47:28.373,0.94742,0.9476,1.50,2.63
2013.03.19 18:47:28.625,0.94743,0.9476,1.50,1.13
2013.03.19 18:47:31.595,0.94742,0.94756,1.28,1.50
2013.03.19 18:47:31.905,0.9474,0.94754,1.28,3.00
2013.03.19 18:47:32.035,0.94738,0.94754,2.25,3.45
2013.03.19 18:47:32.154,0.94737,0.94752,2.25,3.03
2013.03.19 18:47:32.694,0.94737,0.94751,1.50,1.50
2013.03.19 18:47:34.393,0.94736,0.94751,1.50,1.50
2013.03.19 18:47:35.435,0.94737,0.94751,1.50,1.50
2013.03.19 18:47:38.495,0.94737,0.94752,1.50,2.95
2013.03.19 18:47:43.904,0.94737,0.9475,1.50,1.50
2013.03.19 18:47:44.265,0.94735,0.94751,2.25,1.50
2013.03.19 18:47:50.375,0.94734,0.9475,7.05,2.33
2013.03.19 18:47:50.698,0.94734,0.94742,1.50,1.73
2013.03.19 18:47:50.769,0.94732,0.94741,1.50,1.88
2013.03.19 18:47:50.899,0.94731,0.94738,2.25,1.20
2013.03.19 18:47:50.966,0.94727,0.94739,2.25,3.15
2013.03.19 18:47:51.036,0.94726,0.94739,1.50,3.90
2013.03.19 18:47:51.235,0.94726,0.9474,1.50,1.50
2013.03.19 18:47:51.365,0.94721,0.94741,2.25,4.50
2013.03.19 18:47:51.855,0.94721,0.94738,1.28,1.50
2013.03.19 18:47:52.363,0.94721,0.94737,1.28,1.50
2013.03.19 18:47:52.943,0.9472,0.94736,2.25,1.88
2013.03.19 18:47:53.289,0.94718,0.94735,5.25,1.50
2013.03.19 18:47:53.713,0.94719,0.94736,1.50,1.20
2013.03.19 18:47:58.489,0.94718,0.94736,2.25,1.95
2013.03.19 18:48:00.514,0.94723,0.94734,1.50,1.13
2013.03.19 18:48:00.634,0.94727,0.9474,1.50,2.25
2013.03.19 18:48:00.814,0.94728,0.94742,1.50,1.50
2013.03.19 18:48:00.876,0.94729,0.94742,1.50,1.50
2013.03.19 18:48:01.197,0.94733,0.94751,4.28,2.25
2013.03.19 18:48:04.745,0.94732,0.94751,3.75,1.50
2013.03.19 18:48:05.435,0.94733,0.94751,2.25,1.50
2013.03.19 18:48:05.976,0.94734,0.94751,2.25,2.25
2013.03.19 18:48:11.833,0.94735,0.94751,3.00,2.25
2013.03.19 18:48:11.894,0.94735,0.94751,1.50,1.50
2013.03.19 18:48:12.014,0.94736,0.94753,1.28,2.10
2013.03.19 18:48:12.583,0.94736,0.94753,1.50,1.13
2013.03.19 18:48:14.523,0.94734,0.94752,1.50,1.88
2013.03.19 18:48:14.583,0.94733,0.9475,3.00,1.50
2013.03.19 18:48:14.764,0.94733,0.94751,3.75,1.50
2013.03.19 18:48:15.804,0.94733,0.94748,1.50,1.50
2013.03.19 18:48:16.044,0.94731,0.94744,2.63,2.25
2013.03.19 18:48:16.535,0.94731,0.94749,1.13,4.88
2013.03.19 18:48:16.610,0.94729,0.94745,1.50,1.82
2013.03.19 18:48:16.734,0.94727,0.94742,1.50,2.18
2013.03.19 18:48:16.855,0.94727,0.94742,1.50,3.68
2013.03.19 18:48:17.668,0.94725,0.94742,3.75,3.68
2013.03.19 18:48:18.076,0.94725,0.9474,1.50,2.25
2013.03.19 18:48:18.264,0.94721,0.94739,3.00,1.50
2013.03.19 18:48:18.384,0.94722,0.94739,3.15,1.50
2013.03.19 18:48:18.839,0.94722,0.94741,3.75,1.65
2013.03.19 18:48:19.205,0.94723,0.94741,1.50,1.50
2013.03.19 18:48:20.747,0.94723,0.94741,3.00,1.50
2013.03.19 18:48:20.875,0.94726,0.94743,3.75,2.18
2013.03.19 18:48:21.355,0.94729,0.94746,2.25,3.75
2013.03.19 18:48:21.416,0.9473,0.94747,1.50,3.15
2013.03.19 18:48:21.545,0.94729,0.94746,1.50,1.50
2013.03.19 18:48:21.726,0.94729,0.94746,1.50,1.50
2013.03.19 18:48:22.175,0.9473,0.94748,1.50,1.50
2013.03.19 18:48:22.295,0.9473,0.94749,1.50,1.50
2013.03.19 18:48:29.455,0.94732,0.9475,1.50,1.50
2013.03.19 18:48:30.845,0.94731,0.94749,5.25,1.50
2013.03.19 18:48:30.920,0.94731,0.94743,3.75,2.25
2013.03.19 18:48:31.058,0.94731,0.94746,1.50,5.25
2013.03.19 18:48:31.270,0.94732,0.94746,2.25,1.88
2013.03.19 18:48:31.773,0.94734,0.94747,1.50,1.50
2013.03.19 18:48:32.254,0.94732,0.9475,4.28,1.50
2013.03.19 18:48:35.968,0.94734,0.94747,1.50,1.50
2013.03.19 18:48:36.295,0.94729,0.94745,2.25,2.25
2013.03.19 18:48:36.355,0.9473,0.94746,1.50,3.00
2013.03.19 18:48:37.194,0.94727,0.94744,4.50,1.50
2013.03.19 18:48:41.023,0.94726,0.94743,1.50,1.88
2013.03.19 18:48:42.334,0.94726,0.94742,1.50,2.03
2013.03.19 18:48:42.853,0.94725,0.94742,3.75,2.03
2013.03.19 18:48:43.414,0.94725,0.94742,4.50,1.20
2013.03.19 18:48:44.827,0.94725,0.94741,3.75,1.50
2013.03.19 18:48:46.159,0.94725,0.94739,3.75,2.25
2013.03.19 18:48:46.727,0.94726,0.94739,2.03,2.25
2013.03.19 18:48:47.275,0.94725,0.94739,1.50,1.50
2013.03.19 18:48:48.009,0.94725,0.94739,1.50,1.50
2013.03.19 18:48:48.834,0.94725,0.94738,1.50,1.50
2013.03.19 18:48:49.374,0.94725,0.94739,1.28,2.25
2013.03.19 18:48:50.365,0.94725,0.94739,1.28,2.25
2013.03.19 18:48:50.496,0.94725,0.94739,1.28,1.50
2013.03.19 18:48:51.055,0.94723,0.94738,7.43,1.50
2013.03.19 18:48:52.524,0.94724,0.94738,2.25,1.50
2013.03.19 18:48:54.144,0.94724,0.94738,1.50,1.50
2013.03.19 18:48:54.705,0.94724,0.94738,1.50,1.50
2013.03.19 18:48:55.244,0.94724,0.94738,3.00,1.50
2013.03.19 18:48:56.045,0.94724,0.9474,3.75,1.50
2013.03.19 18:48:58.105,0.94724,0.9474,3.00,1.50
2013.03.19 18:48:59.286,0.94725,0.9474,1.50,1.50
2013.03.19 18:48:59.536,0.94727,0.94742,3.75,1.50
2013.03.19 18:48:59.904,0.94727,0.94741,1.50,1.50
2013.03.19 18:49:06.684,0.94727,0.94742,1.50,1.50
2013.03.19 18:49:08.244,0.94726,0.94741,2.25,1.50
2013.03.19 18:49:13.236,0.94726,0.94741,1.50,1.50
2013.03.19 18:49:14.655,0.94727,0.94741,1.50,1.50
2013.03.19 18:49:15.004,0.94726,0.94744,1.50,1.50
2013.03.19 18:49:15.543,0.94727,0.94744,1.50,1.50
2013.03.19 18:49:19.410,0.94725,0.94743,2.25,2.63
2013.03.19 18:49:19.654,0.94724,0.94741,3.75,1.50
2013.03.19 18:49:20.193,0.94724,0.94741,3.53,1.50
2013.03.19 18:49:22.590,0.94725,0.94741,3.75,1.50
2013.03.19 18:49:26.483,0.94725,0.94741,4.50,1.50
2013.03.19 18:49:27.101,0.94726,0.94742,1.50,1.50
2013.03.19 18:49:36.756,0.94725,0.94742,2.03,2.18
2013.03.19 18:49:37.273,0.94722,0.94742,4.50,1.50
2013.03.19 18:49:37.334,0.94723,0.94742,3.00,1.50
2013.03.19 18:49:41.386,0.94726,0.94744,1.50,1.88
2013.03.19 18:49:43.514,0.94726,0.94742,2.78,1.50
2013.03.19 18:49:43.574,0.94726,0.9474,2.78,1.50
2013.03.19 18:49:43.634,0.94726,0.9474,2.78,2.25
2013.03.19 18:49:44.783,0.94726,0.9474,2.78,2.25
2013.03.19 18:49:45.289,0.94726,0.9474,2.78,2.25
2013.03.19 18:49:46.285,0.94726,0.9474,2.78,2.25
2013.03.19 18:49:46.829,0.94726,0.9474,2.78,2.25
2013.03.19 18:49:48.813,0.94726,0.9474,1.50,2.25
2013.03.19 18:49:49.336,0.94726,0.94739,2.78,1.50
2013.03.19 18:49:49.914,0.94726,0.94739,2.78,1.50
2013.03.19 18:49:51.614,0.94726,0.94739,2.78,1.50
2013.03.19 18:49:53.684,0.94726,0.94739,2.78,1.50
2013.03.19 18:49:54.801,0.94726,0.94739,2.78,1.50
2013.03.19 18:49:57.745,0.94726,0.9474,2.78,2.25
2013.03.19 18:50:00.195,0.94726,0.9474,2.78,2.25
2013.03.19 18:50:00.554,0.94726,0.9474,2.25,2.25
2013.03.19 18:50:03.044,0.94726,0.9474,3.75,1.50
2013.03.19 18:50:04.350,0.94725,0.9474,2.25,2.25
2013.03.19 18:50:04.684,0.94726,0.9474,1.50,1.50
2013.03.19 18:50:05.224,0.94726,0.9474,3.53,1.50
2013.03.19 18:50:08.694,0.94726,0.9474,5.03,1.50
2013.03.19 18:50:10.425,0.94726,0.94742,4.50,1.50
2013.03.19 18:50:11.068,0.94726,0.94743,4.50,3.00
2013.03.19 18:50:11.723,0.94726,0.94743,4.50,3.00
2013.03.19 18:50:12.855,0.94727,0.94743,1.50,1.50
2013.03.19 18:50:14.914,0.94726,0.94744,5.03,1.88
2013.03.19 18:50:17.376,0.94726,0.94744,5.03,1.88
2013.03.19 18:50:18.551,0.94726,0.94744,5.03,1.88
2013.03.19 18:50:18.737,0.94728,0.94744,2.78,1.13
2013.03.19 18:50:18.925,0.9473,0.94746,2.78,1.13
2013.03.19 18:50:19.585,0.9473,0.94748,2.78,1.50
2013.03.19 18:50:20.143,0.94732,0.94748,1.28,1.50
2013.03.19 18:50:20.814,0.9473,0.94748,2.03,1.50
2013.03.19 18:50:21.403,0.9473,0.94748,2.25,2.25
2013.03.19 18:50:26.067,0.9473,0.94748,2.25,2.25
2013.03.19 18:50:28.436,0.9473,0.94748,1.50,2.63
2013.03.19 18:50:39.076,0.9473,0.94748,3.75,1.88
2013.03.19 18:50:39.385,0.94736,0.94752,1.28,2.63
2013.03.19 18:50:39.865,0.94739,0.94752,1.50,2.25
2013.03.19 18:50:40.176,0.94745,0.94754,1.50,2.33
2013.03.19 18:50:40.439,0.94744,0.9476,2.63,2.63
2013.03.19 18:50:40.566,0.94745,0.94761,1.88,1.50
2013.03.19 18:50:40.687,0.94745,0.94761,1.13,3.75
2013.03.19 18:50:41.017,0.94746,0.94758,1.88,1.50
2013.03.19 18:50:41.206,0.94746,0.9476,1.13,1.50
2013.03.19 18:50:41.591,0.94746,0.9476,3.38,1.50
2013.03.19 18:50:42.117,0.94751,0.94764,1.50,1.50
2013.03.19 18:50:42.555,0.94751,0.94768,2.25,3.00
2013.03.19 18:50:43.817,0.94755,0.9477,1.50,1.88
2013.03.19 18:50:44.998,0.94754,0.94769,1.50,3.38
2013.03.19 18:50:45.544,0.94753,0.94769,1.50,4.88
2013.03.19 18:50:53.206,0.94752,0.94768,2.25,1.88
2013.03.19 18:50:53.955,0.94753,0.94767,1.50,1.50
2013.03.19 18:50:54.776,0.94752,0.94768,2.25,2.25
2013.03.19 18:50:55.614,0.94753,0.94768,1.50,1.50
2013.03.19 18:50:58.084,0.94752,0.94768,2.25,1.50
2013.03.19 18:51:02.715,0.94753,0.94768,1.50,1.50
2013.03.19 18:51:04.015,0.94753,0.94768,1.50,1.50
2013.03.19 18:51:04.554,0.94753,0.94768,2.25,1.50
2013.03.19 18:51:21.116,0.94753,0.94768,1.50,3.38
2013.03.19 18:51:21.631,0.94753,0.94767,1.50,1.13
2013.03.19 18:51:21.816,0.94752,0.94768,2.25,1.50
2013.03.19 18:51:37.283,0.94751,0.94768,2.78,1.50
2013.03.19 18:51:42.993,0.94752,0.94769,1.28,1.13
2013.03.19 18:51:46.382,0.9475,0.94768,3.75,2.25
2013.03.19 18:51:47.202,0.9475,0.94768,3.00,1.50
2013.03.19 18:52:00.363,0.94752,0.94768,1.28,1.50
2013.03.19 18:52:00.724,0.94753,0.9477,3.53,1.50
2013.03.19 18:52:00.784,0.94754,0.94771,1.50,1.88
2013.03.19 18:52:01.085,0.94755,0.94771,1.50,1.13
2013.03.19 18:52:02.054,0.94753,0.94773,4.58,3.00
2013.03.19 18:52:02.114,0.94754,0.94773,3.00,1.50
2013.03.19 18:52:05.965,0.94758,0.94772,1.50,2.25
2013.03.19 18:52:06.025,0.94757,0.9477,1.50,1.50
2013.03.19 18:52:06.156,0.94756,0.94769,1.50,2.25
2013.03.19 18:52:06.226,0.94753,0.94768,2.25,1.50
2013.03.19 18:52:06.775,0.94752,0.94768,2.25,1.50
2013.03.19 18:52:07.854,0.94752,0.94768,2.25,1.50
2013.03.19 18:52:10.246,0.94754,0.94768,2.25,1.50
2013.03.19 18:52:10.376,0.94754,0.9477,2.25,1.50
2013.03.19 18:52:10.915,0.94756,0.94771,1.50,1.50
2013.03.19 18:52:11.224,0.94756,0.94771,1.50,1.50
2013.03.19 18:52:12.014,0.94756,0.94771,1.50,1.50
2013.03.19 18:52:12.523,0.94755,0.94771,1.50,1.88
2013.03.19 18:52:14.744,0.94755,0.94771,1.50,1.50
2013.03.19 18:52:14.826,0.94759,0.94775,1.50,3.00
2013.03.19 18:52:15.335,0.9476,0.94775,1.50,1.50
2013.03.19 18:52:16.264,0.94759,0.94775,1.50,1.50
2013.03.19 18:52:16.324,0.94759,0.94775,1.50,1.50
2013.03.19 18:52:43.727,0.9476,0.94776,1.50,4.65
2013.03.19 18:52:44.695,0.94761,0.94776,2.25,1.50
2013.03.19 18:52:45.030,0.94763,0.94775,1.50,1.50
2013.03.19 18:52:50.557,0.94769,0.94783,1.50,1.88
2013.03.19 18:52:50.755,0.94768,0.94783,1.50,1.50
2013.03.19 18:52:50.885,0.94767,0.94784,4.88,3.45
2013.03.19 18:52:51.007,0.94767,0.94784,1.88,3.68
2013.03.19 18:52:51.196,0.94767,0.94784,1.88,1.35
2013.03.19 18:52:51.744,0.94767,0.94785,2.63,1.35
2013.03.19 18:52:51.804,0.94767,0.94785,2.63,1.73
2013.03.19 18:52:51.863,0.94767,0.94786,2.63,9.08
2013.03.19 18:52:52.364,0.94767,0.94786,4.13,8.55
2013.03.19 18:52:54.224,0.94766,0.94783,3.00,1.50
2013.03.19 18:52:54.525,0.94767,0.94785,2.25,2.03
2013.03.19 18:52:54.774,0.94766,0.94783,3.00,1.50
2013.03.19 18:52:55.016,0.94765,0.94784,3.00,1.50
2013.03.19 18:52:55.325,0.94765,0.94783,2.25,1.50
2013.03.19 18:52:56.314,0.94765,0.94781,1.50,2.25
2013.03.19 18:52:58.245,0.94764,0.94783,3.75,3.00
2013.03.19 18:52:59.175,0.94765,0.94783,3.00,1.50
2013.03.19 18:52:59.234,0.94767,0.94783,2.25,1.50
2013.03.19 18:52:59.536,0.94769,0.94785,3.00,1.65
2013.03.19 18:53:00.241,0.94769,0.94786,2.25,6.83
2013.03.19 18:53:00.934,0.94769,0.94785,1.50,2.40
2013.03.19 18:53:01.234,0.94767,0.94785,3.75,1.65
2013.03.19 18:53:01.754,0.94768,0.94786,2.25,4.58
2013.03.19 18:53:02.336,0.94768,0.94785,2.25,1.65
2013.03.19 18:53:02.412,0.94768,0.94785,1.50,1.65
2013.03.19 18:53:02.655,0.94766,0.94784,5.63,3.00
2013.03.19 18:53:03.184,0.94766,0.94784,5.40,1.50
2013.03.19 18:53:03.434,0.94768,0.94786,3.00,3.83
2013.03.19 18:53:03.976,0.94768,0.94785,1.50,3.90
2013.03.19 18:53:04.636,0.94768,0.94785,2.25,3.90
2013.03.19 18:53:05.354,0.94767,0.94784,2.25,2.25
2013.03.19 18:53:05.417,0.94767,0.94783,1.50,1.50
2013.03.19 18:53:05.964,0.94765,0.94782,2.25,1.50
2013.03.19 18:53:07.191,0.94767,0.94782,1.50,1.50
2013.03.19 18:53:07.376,0.94765,0.94784,3.75,2.25
2013.03.19 18:53:08.222,0.94765,0.94783,3.00,1.50
2013.03.19 18:53:09.927,0.94766,0.94785,2.25,1.65
2013.03.19 18:53:10.235,0.94766,0.94785,3.00,1.65
2013.03.19 18:53:19.457,0.94769,0.94785,2.25,1.65
2013.03.19 18:53:20.106,0.94769,0.94786,3.00,6.30
2013.03.19 18:53:21.645,0.94774,0.94787,1.50,2.85
2013.03.19 18:53:21.716,0.94775,0.9479,3.00,1.73
2013.03.19 18:53:21.785,0.94775,0.94791,3.00,1.84
2013.03.19 18:53:21.857,0.94777,0.94791,1.50,1.09
2013.03.19 18:53:22.384,0.94778,0.94791,2.25,1.09
2013.03.19 18:53:22.776,0.94777,0.94791,1.50,2.25
2013.03.19 18:53:22.905,0.94776,0.94789,1.50,3.00
2013.03.19 18:53:23.154,0.94773,0.94789,1.50,3.00
2013.03.19 18:53:23.744,0.94775,0.94789,3.00,2.63
2013.03.19 18:53:23.804,0.94775,0.94789,2.25,1.13
2013.03.19 18:53:25.154,0.94777,0.94789,2.25,1.13
2013.03.19 18:53:25.705,0.94777,0.94789,2.25,1.13
2013.03.19 18:53:26.117,0.94777,0.94788,2.25,1.13
2013.03.19 18:53:26.705,0.94777,0.94788,2.25,1.13
2013.03.19 18:53:28.856,0.94775,0.94787,2.25,1.13
2013.03.19 18:53:31.615,0.94775,0.94788,2.25,1.13
2013.03.19 18:53:31.855,0.94775,0.94791,1.50,2.05
2013.03.19 18:53:31.915,0.94776,0.94792,3.00,2.14
2013.03.19 18:53:32.284,0.9478,0.94793,1.50,1.09
2013.03.19 18:53:32.804,0.94779,0.94794,3.00,1.09
2013.03.19 18:53:33.333,0.94779,0.94794,3.00,1.43
2013.03.19 18:53:33.893,0.94779,0.94794,3.00,1.43
2013.03.19 18:53:34.552,0.9478,0.94795,1.50,1.24
2013.03.19 18:53:34.698,0.94779,0.94794,4.13,1.50
2013.03.19 18:53:34.824,0.94779,0.94792,1.50,1.50
2013.03.19 18:53:35.525,0.94779,0.94793,3.00,3.00
2013.03.19 18:53:36.205,0.9478,0.94793,1.50,1.50
2013.03.19 18:53:36.584,0.9478,0.94795,1.50,2.10
2013.03.19 18:53:36.644,0.9478,0.94795,1.50,2.10
2013.03.19 18:53:37.744,0.9478,0.94795,1.50,1.88
2013.03.19 18:53:38.294,0.9478,0.94795,2.25,1.88
2013.03.19 18:53:38.906,0.9478,0.94795,1.50,1.88
2013.03.19 18:53:38.976,0.9478,0.94795,1.50,1.88
2013.03.19 18:53:39.523,0.94784,0.94797,2.25,1.28
2013.03.19 18:53:40.786,0.94781,0.94796,3.00,1.28
2013.03.19 18:53:41.315,0.9478,0.94797,4.50,1.28
2013.03.19 18:53:42.824,0.9478,0.94796,4.50,1.28
2013.03.19 18:53:43.735,0.94778,0.94796,3.23,3.38
2013.03.19 18:53:44.097,0.94775,0.94789,2.25,1.13
2013.03.19 18:53:44.534,0.94773,0.94788,1.50,1.28
2013.03.19 18:53:45.276,0.94773,0.9479,1.50,4.28
2013.03.19 18:53:45.885,0.94773,0.9479,3.00,3.38
2013.03.19 18:53:46.745,0.94777,0.94789,1.50,1.13
2013.03.19 18:53:46.804,0.94774,0.94789,3.00,1.13
2013.03.19 18:53:49.636,0.94771,0.94789,3.75,1.88
2013.03.19 18:53:49.707,0.94771,0.94787,2.25,3.00
2013.03.19 18:53:50.263,0.94769,0.94787,3.75,1.50
2013.03.19 18:53:50.874,0.94772,0.94787,1.50,1.50
2013.03.19 18:53:51.175,0.94773,0.94788,3.00,1.13
2013.03.19 18:53:52.983,0.94771,0.94788,1.50,1.65
2013.03.19 18:53:58.384,0.94773,0.94788,2.25,1.65
2013.03.19 18:53:58.565,0.94775,0.94789,2.25,1.50
2013.03.19 18:53:59.104,0.94775,0.9479,1.50,1.50
2013.03.19 18:53:59.453,0.94775,0.94792,1.50,3.00
2013.03.19 18:53:59.574,0.94776,0.94792,1.50,2.25
2013.03.19 18:53:59.994,0.94774,0.94791,1.50,5.25
2013.03.19 18:54:00.419,0.94773,0.94792,1.50,4.95
2013.03.19 18:54:00.558,0.94774,0.94791,2.25,3.00
2013.03.19 18:54:00.864,0.94777,0.94794,1.50,1.88
2013.03.19 18:54:00.924,0.94777,0.94795,2.25,2.25
2013.03.19 18:54:00.984,0.94777,0.94794,2.25,1.50
2013.03.19 18:54:03.255,0.94783,0.94795,1.50,1.50
2013.03.19 18:54:03.507,0.94778,0.94796,3.75,3.94
2013.03.19 18:54:03.695,0.94778,0.94796,1.50,5.25
2013.03.19 18:54:16.124,0.94777,0.94793,1.50,1.58
2013.03.19 18:54:16.764,0.94776,0.94792,1.50,2.25
2013.03.19 18:54:17.688,0.94776,0.94792,1.50,2.25
2013.03.19 18:54:18.213,0.94776,0.94792,1.50,3.00
2013.03.19 18:54:23.197,0.94776,0.94792,1.50,2.33
2013.03.19 18:54:23.906,0.94776,0.94792,1.50,3.00
2013.03.19 18:54:23.982,0.94777,0.94794,2.25,1.13
2013.03.19 18:54:24.696,0.94776,0.94794,2.25,3.38
2013.03.19 18:54:24.946,0.94776,0.94791,1.50,1.50
2013.03.19 18:54:25.255,0.94775,0.94791,1.50,1.50
2013.03.19 18:54:25.315,0.94775,0.94793,1.50,2.25
2013.03.19 18:54:25.888,0.94775,0.94793,2.25,1.50
2013.03.19 18:54:48.265,0.94779,0.94795,1.50,6.00
2013.03.19 18:54:48.579,0.9478,0.94796,1.50,6.00
2013.03.19 18:54:48.807,0.94779,0.94795,1.50,3.00
2013.03.19 18:54:49.363,0.94777,0.94794,1.50,1.50
2013.03.19 18:54:56.519,0.94779,0.94795,1.45,4.50
2013.03.19 18:54:56.827,0.94783,0.94795,2.78,1.50
2013.03.19 18:54:57.344,0.94779,0.94794,3.53,1.50
2013.03.19 18:54:57.936,0.94779,0.94794,3.75,1.50
2013.03.19 18:54:58.013,0.94777,0.94795,3.53,1.50
2013.03.19 18:55:04.494,0.94775,0.94789,2.25,1.50
2013.03.19 18:55:04.675,0.94775,0.94789,3.00,2.25
2013.03.19 18:55:05.223,0.94774,0.94792,2.03,3.75
2013.03.19 18:55:06.746,0.94776,0.94792,1.50,1.50
2013.03.19 18:55:07.056,0.94774,0.94791,3.30,1.50
2013.03.19 18:55:07.595,0.94774,0.94792,1.50,4.50
2013.03.19 18:55:07.655,0.94773,0.9479,1.50,1.50
2013.03.19 18:55:07.837,0.94772,0.94788,3.00,3.00
2013.03.19 18:55:07.905,0.94772,0.94788,1.50,1.50
2013.03.19 18:55:08.094,0.94771,0.94788,1.50,3.00
2013.03.19 18:55:08.763,0.94771,0.94788,1.50,3.00
2013.03.19 18:55:09.305,0.9477,0.94787,4.28,1.13
2013.03.19 18:55:09.834,0.94771,0.94788,1.50,2.25
2013.03.19 18:55:10.843,0.94775,0.9479,1.50,2.33
2013.03.19 18:55:11.733,0.94775,0.9479,1.50,2.33
2013.03.19 18:55:12.856,0.94773,0.94789,1.50,1.13
2013.03.19 18:55:14.262,0.94773,0.94789,3.00,1.13
2013.03.19 18:55:14.340,0.94778,0.94793,2.78,1.50
2013.03.19 18:55:26.111,0.94776,0.94793,2.25,3.00
2013.03.19 18:55:26.233,0.94775,0.94793,3.53,1.50
2013.03.19 18:55:27.692,0.94775,0.94792,3.00,1.50
2013.03.19 18:55:28.121,0.94775,0.94793,5.25,2.25
2013.03.19 18:55:41.119,0.94777,0.94794,1.50,1.50
2013.03.19 18:55:43.067,0.94779,0.94794,2.25,1.50
2013.03.19 18:55:55.986,0.94779,0.94794,3.75,1.50
2013.03.19 18:55:56.426,0.9478,0.94795,1.50,3.00
2013.03.19 18:56:00.814,0.94778,0.94795,3.00,5.48
2013.03.19 18:56:01.376,0.94777,0.94795,1.50,3.75
2013.03.19 18:56:02.752,0.94777,0.94795,2.25,3.75
2013.03.19 18:56:09.973,0.94776,0.94794,1.50,1.13
2013.03.19 18:56:12.304,0.94778,0.94794,1.50,2.63
2013.03.19 18:56:12.917,0.94778,0.94794,1.50,1.50
2013.03.19 18:56:19.674,0.94776,0.94795,3.75,5.63
2013.03.19 18:56:21.934,0.94778,0.94795,1.50,5.63
2013.03.19 18:56:22.833,0.94777,0.94795,1.50,4.80
2013.03.19 18:56:23.008,0.94774,0.9479,3.53,1.58
2013.03.19 18:56:23.145,0.94774,0.94788,1.28,1.50
2013.03.19 18:56:23.204,0.94772,0.94788,1.28,3.00
2013.03.19 18:56:23.767,0.9477,0.94788,4.50,1.28
2013.03.19 18:56:32.753,0.94771,0.94788,2.25,2.33
2013.03.19 18:56:33.739,0.94771,0.94788,2.25,2.33
2013.03.19 18:56:36.142,0.94771,0.94788,2.25,2.33
2013.03.19 18:56:36.627,0.94771,0.94787,2.63,1.50
2013.03.19 18:56:37.255,0.94772,0.94788,2.78,1.88
2013.03.19 18:56:37.773,0.94772,0.94788,2.03,1.88
2013.03.19 18:56:39.915,0.94773,0.94788,1.50,1.50
2013.03.19 18:56:43.363,0.94773,0.94788,2.25,1.50
2013.03.19 18:56:44.323,0.94773,0.94788,2.25,1.50
2013.03.19 18:56:44.834,0.94773,0.94788,2.25,1.50
2013.03.19 18:56:46.528,0.94773,0.94788,2.25,1.50
2013.03.19 18:56:50.523,0.94773,0.94787,1.28,1.13
2013.03.19 18:56:55.656,0.94773,0.94788,1.28,1.88
2013.03.19 18:56:56.193,0.94772,0.94787,3.15,1.88
2013.03.19 18:57:11.174,0.94772,0.94787,1.65,1.13
2013.03.19 18:57:11.724,0.94772,0.94787,1.65,1.13
2013.03.19 18:57:14.563,0.94771,0.94787,2.40,1.88
2013.03.19 18:57:25.163,0.94771,0.94787,2.40,2.03
2013.03.19 18:57:25.714,0.94771,0.94788,1.65,1.58
2013.03.19 18:57:30.286,0.94771,0.94787,1.13,1.50
2013.03.19 18:57:30.534,0.94771,0.94787,1.13,1.50
2013.03.19 18:57:31.814,0.9477,0.94787,3.15,3.00
2013.03.19 18:57:32.825,0.9477,0.94786,3.15,1.50
2013.03.19 18:57:33.326,0.9477,0.94787,3.00,1.13
2013.03.19 18:57:33.805,0.94769,0.94786,2.25,1.50
2013.03.19 18:57:34.156,0.94768,0.94785,2.25,1.50
2013.03.19 18:57:34.683,0.94768,0.94785,2.25,1.50
2013.03.19 18:58:00.256,0.94768,0.94785,1.50,1.65
2013.03.19 18:58:00.568,0.94766,0.94781,1.13,1.50
2013.03.19 18:58:00.995,0.94766,0.94783,1.65,2.25
2013.03.19 18:58:02.135,0.94765,0.94783,1.50,4.73
2013.03.19 18:58:02.195,0.94764,0.94781,3.00,3.45
2013.03.19 18:58:02.964,0.94763,0.94779,2.78,1.50
2013.03.19 18:58:04.024,0.94762,0.94778,4.28,1.50
2013.03.19 18:58:04.513,0.94761,0.94776,1.65,1.50
2013.03.19 18:58:05.024,0.94761,0.94776,1.65,1.50
2013.03.19 18:58:05.574,0.9476,0.94778,3.00,4.43
2013.03.19 18:58:08.064,0.94762,0.94778,2.25,1.13
2013.03.19 18:58:09.731,0.94766,0.94781,2.25,1.73
2013.03.19 18:58:10.234,0.94764,0.94782,5.78,2.25
2013.03.19 18:58:10.599,0.94764,0.94781,5.03,2.25
2013.03.19 18:58:11.845,0.94764,0.94779,3.00,1.50
2013.03.19 18:58:11.975,0.94763,0.94778,2.03,1.50
2013.03.19 18:58:13.977,0.94765,0.94778,1.50,1.50
2013.03.19 18:58:14.285,0.94763,0.94778,2.78,3.75
2013.03.19 18:58:19.674,0.94763,0.94778,2.78,2.25
2013.03.19 18:58:20.345,0.94763,0.94778,3.53,2.25
2013.03.19 18:58:21.569,0.94763,0.94778,3.53,2.25
2013.03.19 18:58:22.074,0.94764,0.94778,1.50,2.25
2013.03.19 18:58:23.473,0.94763,0.94779,3.53,4.95
2013.03.19 18:58:24.723,0.94763,0.94779,3.53,4.95
2013.03.19 18:58:52.624,0.94763,0.94779,5.78,5.25
2013.03.19 18:58:53.156,0.94764,0.94779,1.50,5.25
2013.03.19 18:58:53.893,0.94763,0.94779,5.78,5.25
2013.03.19 18:58:54.443,0.94763,0.94779,5.03,5.25
2013.03.19 18:58:56.234,0.94763,0.94779,6.00,5.25
2013.03.19 18:58:59.204,0.94764,0.94779,1.50,5.25
2013.03.19 18:59:00.664,0.94763,0.94779,3.00,5.25
2013.03.19 18:59:00.784,0.94763,0.94778,3.00,1.50
2013.03.19 18:59:01.744,0.94763,0.94778,3.75,1.50
2013.03.19 18:59:03.434,0.94762,0.94778,2.40,2.25
2013.03.19 18:59:03.975,0.94762,0.94778,3.90,1.50
2013.03.19 18:59:04.333,0.94762,0.94779,5.63,4.50
2013.03.19 18:59:04.395,0.94762,0.94779,4.88,4.50
2013.03.19 18:59:04.455,0.94762,0.94778,4.13,1.50
2013.03.19 18:59:05.113,0.94762,0.94779,6.15,4.50
2013.03.19 18:59:05.674,0.94762,0.94779,6.15,4.50
2013.03.19 18:59:06.421,0.94763,0.94779,1.50,4.50
2013.03.19 18:59:07.107,0.94762,0.94779,4.13,6.75
2013.03.19 18:59:07.434,0.94763,0.94778,1.28,1.50
2013.03.19 18:59:07.794,0.94763,0.94778,2.03,2.25
2013.03.19 18:59:08.475,0.94763,0.94778,2.78,2.25
2013.03.19 18:59:09.234,0.94763,0.94778,2.25,1.50
2013.03.19 18:59:09.857,0.94763,0.94778,2.25,1.50
2013.03.19 18:59:10.264,0.94763,0.94779,2.25,4.50
2013.03.19 18:59:14.734,0.94762,0.94778,4.50,1.50
2013.03.19 18:59:16.854,0.94762,0.94778,5.25,1.50
2013.03.19 18:59:17.806,0.94762,0.94778,4.50,1.50
2013.03.19 18:59:18.333,0.94762,0.94778,5.25,1.50
2013.03.19 18:59:19.118,0.94762,0.94778,4.50,1.50
2013.03.19 18:59:19.969,0.94762,0.94778,4.50,2.25
2013.03.19 18:59:20.154,0.94763,0.94778,7.88,1.50
2013.03.19 18:59:20.724,0.94764,0.94778,3.75,3.00
2013.03.19 18:59:21.376,0.94764,0.94778,4.50,3.00
2013.03.19 18:59:22.230,0.94764,0.94778,5.25,3.00
2013.03.19 18:59:24.578,0.94764,0.94778,4.50,3.00
2013.03.19 18:59:25.835,0.94764,0.94778,3.75,3.00
2013.03.19 18:59:26.764,0.94764,0.94778,3.38,3.00
2013.03.19 18:59:27.486,0.94764,0.94778,3.38,3.00
2013.03.19 18:59:28.025,0.94765,0.94778,1.50,2.25
2013.03.19 18:59:28.564,0.94764,0.94778,3.90,2.25
2013.03.19 18:59:29.078,0.94765,0.94778,1.50,2.25
2013.03.19 18:59:30.211,0.94764,0.94778,3.90,2.25
2013.03.19 18:59:37.392,0.94766,0.94778,1.28,2.25
2013.03.19 18:59:37.461,0.94766,0.94781,2.78,1.88
2013.03.19 18:59:37.527,0.94767,0.94782,1.28,2.25
2013.03.19 18:59:38.016,0.94768,0.94782,1.28,1.50
2013.03.19 18:59:38.146,0.9477,0.94784,1.50,2.25
2013.03.19 18:59:38.693,0.94771,0.94785,1.28,1.50
2013.03.19 18:59:39.735,0.9477,0.94787,2.03,5.78
2013.03.19 18:59:40.344,0.9477,0.94787,2.03,4.28
2013.03.19 18:59:40.894,0.9477,0.94785,1.28,1.50
2013.03.19 18:59:41.444,0.9477,0.94785,1.28,1.50
2013.03.19 18:59:41.986,0.9477,0.94785,1.28,1.50
2013.03.19 18:59:43.265,0.9477,0.94785,1.28,1.50
2013.03.19 18:59:43.388,0.94769,0.94785,1.88,1.50
2013.03.19 18:59:43.636,0.9477,0.94785,2.03,1.50
2013.03.19 18:59:44.247,0.9477,0.94785,2.03,1.50
2013.03.19 18:59:44.954,0.9477,0.94785,2.03,1.50
2013.03.19 18:59:45.466,0.9477,0.94785,2.03,1.50
2013.03.19 18:59:46.104,0.9477,0.94785,2.03,1.50
2013.03.19 18:59:47.434,0.9477,0.94785,2.03,1.50
2013.03.19 18:59:48.264,0.9477,0.94785,1.28,1.50
2013.03.19 18:59:49.101,0.9477,0.94786,1.50,1.50
2013.03.19 18:59:50.405,0.94768,0.94785,3.75,1.50
2013.03.19 18:59:50.645,0.94769,0.94786,2.25,1.50
2013.03.19 18:59:52.382,0.94769,0.94787,1.50,1.65
2013.03.19 18:59:54.324,0.94769,0.94786,1.50,2.25
2013.03.19 18:59:54.744,0.9477,0.94785,2.03,1.50
2013.03.19 18:59:55.303,0.9477,0.94786,2.03,2.25
2013.03.19 18:59:55.825,0.94771,0.94787,1.50,4.80
2013.03.19 18:59:56.365,0.9477,0.94784,1.50,2.25
2013.03.19 18:59:56.724,0.94769,0.94779,2.25,1.50
2013.03.19 18:59:57.764,0.94769,0.94779,3.53,1.50
2013.03.19 18:59:58.628,0.94769,0.94779,1.50,1.50
2013.03.19 18:59:58.705,0.94768,0.94784,1.50,1.50
2013.03.19 18:59:59.256,0.94768,0.94785,2.78,1.50
2013.03.19 18:59:59.805,0.94769,0.94786,4.28,3.00
