2012.05.25 06:00:00.868,0.95933,0.95945,1.13,1.50
2012.05.25 06:00:01.910,0.95931,0.95945,3.00,1.50
2012.05.25 06:00:01.983,0.95929,0.95943,2.25,3.75
2012.05.25 06:00:02.132,0.95929,0.95941,1.50,1.88
2012.05.25 06:00:02.331,0.95926,0.9594,2.25,2.63
2012.05.25 06:00:02.610,0.95926,0.95938,2.25,1.50
2012.05.25 06:00:03.302,0.95927,0.95939,1.50,3.19
2012.05.25 06:00:03.806,0.95926,0.95938,1.50,1.69
2012.05.25 06:00:03.947,0.95923,0.95937,1.50,1.50
2012.05.25 06:00:04.024,0.95921,0.95935,2.63,1.50
2012.05.25 06:00:04.377,0.95921,0.95931,1.13,1.50
2012.05.25 06:00:05.151,0.95922,0.95934,2.25,1.50
2012.05.25 06:00:05.296,0.95922,0.95936,2.25,1.50
2012.05.25 06:00:07.275,0.95922,0.95936,2.25,1.50
2012.05.25 06:00:07.817,0.95925,0.95937,1.50,2.44
2012.05.25 06:00:08.690,0.95925,0.95939,1.50,2.63
2012.05.25 06:00:09.236,0.95926,0.9594,1.50,3.75
2012.05.25 06:00:10.397,0.95926,0.9594,1.50,1.69
2012.05.25 06:00:10.597,0.95929,0.95941,1.50,2.82
2012.05.25 06:00:11.121,0.9593,0.95941,1.50,1.32
2012.05.25 06:00:11.196,0.95928,0.95941,1.50,1.32
2012.05.25 06:00:12.236,0.95928,0.95941,1.50,1.69
2012.05.25 06:00:12.366,0.95926,0.95939,1.50,1.50
2012.05.25 06:00:12.765,0.9592,0.95932,3.38,1.50
2012.05.25 06:00:13.097,0.9592,0.95932,2.25,1.50
2012.05.25 06:00:13.239,0.95922,0.95934,1.50,2.25
2012.05.25 06:00:13.637,0.95922,0.95933,1.50,3.75
2012.05.25 06:00:14.199,0.95921,0.95933,1.50,5.63
2012.05.25 06:00:15.118,0.95921,0.95933,1.50,4.88
2012.05.25 06:00:16.957,0.95921,0.95933,1.50,4.50
2012.05.25 06:00:17.027,0.95922,0.95935,1.50,1.87
2012.05.25 06:00:17.539,0.9592,0.95934,2.25,1.50
2012.05.25 06:00:18.075,0.95921,0.95935,2.25,1.50
2012.05.25 06:00:18.578,0.95922,0.95936,2.25,2.63
2012.05.25 06:00:18.849,0.95922,0.95934,2.25,1.50
2012.05.25 06:00:18.918,0.95922,0.95936,2.25,2.44
2012.05.25 06:00:19.817,0.95922,0.95934,2.25,1.50
2012.05.25 06:00:20.517,0.95922,0.95936,2.25,1.69
2012.05.25 06:00:21.129,0.95921,0.95935,2.25,1.50
2012.05.25 06:00:26.884,0.95923,0.95935,2.25,1.50
2012.05.25 06:00:31.547,0.95922,0.95934,2.25,1.50
2012.05.25 06:00:32.077,0.95922,0.95936,2.25,1.50
2012.05.25 06:00:32.778,0.95922,0.95936,2.25,1.69
2012.05.25 06:00:33.026,0.95922,0.95936,2.25,1.69
2012.05.25 06:00:34.226,0.95922,0.95934,2.25,1.50
2012.05.25 06:00:35.736,0.95922,0.95936,2.25,1.69
2012.05.25 06:00:36.408,0.95922,0.95934,2.25,1.50
2012.05.25 06:00:36.986,0.95923,0.95935,1.50,1.50
2012.05.25 06:00:37.636,0.95921,0.95935,2.25,1.50
2012.05.25 06:00:41.308,0.95922,0.95936,2.25,1.50
2012.05.25 06:00:41.946,0.95923,0.95935,2.25,1.50
2012.05.25 06:00:42.208,0.95924,0.95938,1.50,4.88
2012.05.25 06:00:42.726,0.95924,0.95938,2.25,4.13
2012.05.25 06:00:44.359,0.95928,0.9594,1.50,2.07
2012.05.25 06:00:47.277,0.95922,0.95934,4.50,1.50
2012.05.25 06:00:47.416,0.95925,0.95939,2.25,1.88
2012.05.25 06:00:47.557,0.95925,0.95939,2.25,1.88
2012.05.25 06:00:48.076,0.95928,0.95942,1.50,5.25
2012.05.25 06:00:50.278,0.95928,0.95941,1.50,1.13
2012.05.25 06:00:50.687,0.95925,0.95937,4.50,1.50
2012.05.25 06:00:53.638,0.95927,0.95939,2.25,1.88
2012.05.25 06:00:54.238,0.95926,0.95939,1.13,1.88
2012.05.25 06:00:58.166,0.95927,0.95941,2.25,1.88
2012.05.25 06:01:00.308,0.95927,0.95941,2.25,1.88
2012.05.25 06:01:00.784,0.95925,0.95939,2.44,1.88
2012.05.25 06:01:00.989,0.95925,0.95938,2.25,1.32
2012.05.25 06:01:01.730,0.95922,0.95934,2.25,1.50
2012.05.25 06:01:01.929,0.95924,0.95938,2.25,3.94
2012.05.25 06:01:02.467,0.95924,0.95938,2.44,3.75
2012.05.25 06:01:02.542,0.95923,0.95935,2.44,1.50
2012.05.25 06:01:03.028,0.95922,0.95934,2.25,1.50
2012.05.25 06:01:04.380,0.95924,0.95936,2.25,2.63
2012.05.25 06:01:04.917,0.95924,0.95935,1.13,1.50
2012.05.25 06:01:05.438,0.95922,0.95936,2.25,1.50
2012.05.25 06:01:06.478,0.95922,0.95936,2.25,1.50
2012.05.25 06:01:06.608,0.95921,0.95933,2.40,1.50
2012.05.25 06:01:06.941,0.95923,0.95935,2.25,1.50
2012.05.25 06:01:07.505,0.95922,0.95934,2.25,1.50
2012.05.25 06:01:07.636,0.95922,0.95936,2.25,1.50
2012.05.25 06:01:07.713,0.95922,0.95936,2.25,1.50
2012.05.25 06:01:07.788,0.95922,0.95934,2.25,1.50
2012.05.25 06:01:09.466,0.95922,0.95936,2.25,1.69
2012.05.25 06:01:09.610,0.95922,0.95936,2.25,2.07
2012.05.25 06:01:10.089,0.95922,0.95936,2.25,1.69
2012.05.25 06:01:10.369,0.9592,0.95934,2.25,1.50
2012.05.25 06:01:10.925,0.95921,0.95935,2.25,1.50
2012.05.25 06:01:12.206,0.95921,0.95933,2.25,1.50
2012.05.25 06:01:13.454,0.95922,0.95934,2.25,1.50
2012.05.25 06:01:14.139,0.9592,0.95933,1.13,1.50
2012.05.25 06:01:14.697,0.95922,0.95934,2.25,1.50
2012.05.25 06:01:19.046,0.95921,0.95935,2.25,2.25
2012.05.25 06:01:21.897,0.95922,0.95934,2.25,1.50
2012.05.25 06:01:22.457,0.95921,0.95933,2.25,1.50
2012.05.25 06:01:22.967,0.95921,0.95935,2.25,1.50
2012.05.25 06:01:23.661,0.9592,0.95934,2.25,1.50
2012.05.25 06:01:25.046,0.95919,0.95933,2.25,1.50
2012.05.25 06:01:25.615,0.95922,0.95934,2.25,1.50
2012.05.25 06:01:27.785,0.95921,0.95933,2.25,1.50
2012.05.25 06:01:28.085,0.95921,0.95935,2.25,1.50
2012.05.25 06:01:30.817,0.95921,0.95933,2.25,1.50
2012.05.25 06:01:32.008,0.95921,0.95933,3.38,1.50
2012.05.25 06:01:32.150,0.95923,0.95937,2.25,1.88
2012.05.25 06:01:32.428,0.95922,0.95934,2.25,1.50
2012.05.25 06:01:32.966,0.95921,0.95935,2.25,1.50
2012.05.25 06:01:35.629,0.95925,0.95937,1.50,1.88
2012.05.25 06:01:36.567,0.95924,0.95936,2.25,1.88
2012.05.25 06:01:36.707,0.95924,0.95938,2.25,1.50
2012.05.25 06:01:37.570,0.95924,0.95938,2.25,1.50
2012.05.25 06:01:39.239,0.95926,0.9594,1.50,2.33
2012.05.25 06:01:39.746,0.95924,0.95938,3.38,1.50
2012.05.25 06:01:47.361,0.95924,0.95938,2.63,1.50
2012.05.25 06:01:48.507,0.95925,0.95937,1.50,1.50
2012.05.25 06:01:51.155,0.95925,0.95937,2.25,1.50
2012.05.25 06:01:52.865,0.95925,0.95937,1.50,1.50
2012.05.25 06:01:57.208,0.95924,0.95938,2.63,1.50
2012.05.25 06:01:57.647,0.95925,0.95936,1.13,1.50
2012.05.25 06:01:58.098,0.95925,0.95938,1.13,1.50
2012.05.25 06:01:58.653,0.95926,0.9594,2.25,1.88
2012.05.25 06:01:58.872,0.95928,0.9594,2.82,1.73
2012.05.25 06:01:59.012,0.9593,0.95942,1.50,1.50
2012.05.25 06:01:59.089,0.95934,0.95946,1.50,1.88
2012.05.25 06:01:59.438,0.95932,0.95944,2.25,1.50
2012.05.25 06:01:59.756,0.9593,0.95942,2.25,1.50
2012.05.25 06:01:59.886,0.95928,0.95941,1.69,1.50
2012.05.25 06:02:03.093,0.95929,0.95943,2.25,1.69
2012.05.25 06:02:03.229,0.95929,0.95941,2.25,1.50
2012.05.25 06:02:03.560,0.95927,0.95939,3.00,1.50
2012.05.25 06:02:03.697,0.95927,0.95939,3.00,1.50
2012.05.25 06:02:04.537,0.95927,0.95939,2.25,2.63
2012.05.25 06:02:05.087,0.95927,0.95939,2.25,1.88
2012.05.25 06:02:14.082,0.95928,0.95942,1.50,2.63
2012.05.25 06:02:14.299,0.9593,0.95942,1.50,2.63
2012.05.25 06:02:15.106,0.95928,0.95942,2.25,1.88
2012.05.25 06:02:15.235,0.9593,0.95942,1.50,1.88
2012.05.25 06:02:15.746,0.95929,0.95941,1.50,1.50
2012.05.25 06:02:18.767,0.95929,0.95943,1.50,1.69
2012.05.25 06:02:25.379,0.95929,0.95943,2.25,1.50
2012.05.25 06:02:25.834,0.95934,0.95946,1.50,1.88
2012.05.25 06:02:32.115,0.95933,0.95947,1.50,3.94
2012.05.25 06:02:34.309,0.95935,0.95947,1.50,3.19
2012.05.25 06:02:34.857,0.95934,0.95948,1.50,5.25
2012.05.25 06:02:34.927,0.95931,0.95945,1.50,1.50
2012.05.25 06:02:35.178,0.95931,0.95943,1.50,1.50
2012.05.25 06:02:35.486,0.95934,0.95946,1.50,1.69
2012.05.25 06:02:35.739,0.95931,0.95945,1.50,1.50
2012.05.25 06:02:35.805,0.95934,0.95946,1.50,1.69
2012.05.25 06:02:36.545,0.95932,0.95944,1.50,1.50
2012.05.25 06:02:36.686,0.9593,0.95944,1.50,1.50
2012.05.25 06:02:36.917,0.95932,0.95944,1.50,1.50
2012.05.25 06:02:37.225,0.95929,0.95941,2.63,1.50
2012.05.25 06:02:37.755,0.9593,0.95942,1.50,1.50
2012.05.25 06:02:38.945,0.95932,0.95944,1.50,1.50
2012.05.25 06:02:40.195,0.95933,0.95947,1.50,5.25
2012.05.25 06:02:41.047,0.95932,0.95944,1.50,1.50
2012.05.25 06:02:46.246,0.95934,0.95946,1.50,1.50
2012.05.25 06:02:46.728,0.95939,0.95948,1.50,1.50
2012.05.25 06:02:46.867,0.9594,0.95951,1.50,2.63
2012.05.25 06:02:47.146,0.95941,0.95952,1.50,1.05
2012.05.25 06:02:47.701,0.95941,0.95953,1.50,1.50
2012.05.25 06:02:51.249,0.95943,0.95957,1.50,2.25
2012.05.25 06:02:51.559,0.95944,0.95958,1.50,3.57
2012.05.25 06:02:54.984,0.95944,0.95958,1.50,3.57
2012.05.25 06:02:58.639,0.95944,0.95958,2.25,2.44
2012.05.25 06:02:59.169,0.95944,0.95958,2.25,1.69
2012.05.25 06:02:59.734,0.95944,0.95958,2.25,1.50
2012.05.25 06:03:01.360,0.95944,0.95958,3.00,2.25
2012.05.25 06:03:01.639,0.95947,0.95959,1.50,2.25
2012.05.25 06:03:01.847,0.95945,0.95959,2.25,2.25
2012.05.25 06:03:02.247,0.95947,0.95959,1.50,2.25
2012.05.25 06:03:02.992,0.95944,0.95956,2.44,1.50
2012.05.25 06:03:03.701,0.95945,0.95957,1.50,1.69
2012.05.25 06:03:03.908,0.95943,0.95957,3.75,1.69
2012.05.25 06:03:04.155,0.95945,0.95957,1.50,1.69
2012.05.25 06:03:04.676,0.95944,0.95956,1.50,1.50
2012.05.25 06:03:05.169,0.95947,0.95958,1.50,1.13
2012.05.25 06:03:05.237,0.95945,0.95958,2.25,1.13
2012.05.25 06:03:05.878,0.95946,0.95958,1.50,1.88
2012.05.25 06:03:06.476,0.95947,0.95958,1.50,1.13
2012.05.25 06:03:07.046,0.95946,0.95958,1.50,2.63
2012.05.25 06:03:09.119,0.95945,0.95957,1.50,1.88
2012.05.25 06:03:09.676,0.95948,0.95958,1.50,1.13
2012.05.25 06:03:10.528,0.95948,0.95959,2.63,2.25
2012.05.25 06:03:10.601,0.95949,0.95959,2.25,1.13
2012.05.25 06:03:11.015,0.95952,0.95961,1.13,1.88
2012.05.25 06:03:11.161,0.95952,0.95965,2.64,1.88
2012.05.25 06:03:11.714,0.95953,0.95967,2.25,3.19
2012.05.25 06:03:13.098,0.95953,0.95967,2.25,3.57
2012.05.25 06:03:13.618,0.95956,0.95968,1.50,5.25
2012.05.25 06:03:14.030,0.95956,0.95969,2.25,1.28
2012.05.25 06:03:14.101,0.95962,0.9597,1.50,1.30
2012.05.25 06:03:14.510,0.95962,0.95976,3.00,1.50
2012.05.25 06:03:14.650,0.95966,0.95977,1.50,1.50
2012.05.25 06:03:15.221,0.95965,0.95977,1.50,1.13
2012.05.25 06:03:15.708,0.95969,0.9598,1.50,2.70
2012.05.25 06:03:16.173,0.95967,0.9598,2.25,2.55
2012.05.25 06:03:16.256,0.95972,0.95982,1.50,1.90
2012.05.25 06:03:16.818,0.95972,0.95983,2.25,1.15
2012.05.25 06:03:17.337,0.95973,0.95984,1.50,2.25
2012.05.25 06:03:17.878,0.95974,0.95984,1.50,2.25
2012.05.25 06:03:18.830,0.95971,0.95983,2.25,1.69
2012.05.25 06:03:19.239,0.95972,0.95986,1.50,2.63
2012.05.25 06:03:19.307,0.95974,0.95986,1.50,2.63
2012.05.25 06:03:19.568,0.95972,0.95986,1.50,2.63
2012.05.25 06:03:20.027,0.95971,0.95983,2.25,1.50
2012.05.25 06:03:20.368,0.95973,0.95985,1.50,2.25
2012.05.25 06:03:20.791,0.95973,0.95985,1.50,3.00
2012.05.25 06:03:21.383,0.95973,0.95987,2.25,4.13
2012.05.25 06:03:21.927,0.95973,0.95985,2.25,2.25
2012.05.25 06:03:23.368,0.95974,0.95986,1.50,2.63
2012.05.25 06:03:23.991,0.95977,0.95989,1.50,1.50
2012.05.25 06:03:24.328,0.95975,0.95988,1.50,1.65
2012.05.25 06:03:24.748,0.95974,0.95985,1.13,1.50
2012.05.25 06:03:25.149,0.95973,0.95987,2.25,1.50
2012.05.25 06:03:25.668,0.95972,0.95986,2.25,1.50
2012.05.25 06:03:26.249,0.95973,0.95987,2.25,1.50
2012.05.25 06:03:26.320,0.95973,0.95985,2.25,1.50
2012.05.25 06:03:26.458,0.95973,0.95987,2.25,1.73
2012.05.25 06:03:28.130,0.95974,0.95988,2.25,1.73
2012.05.25 06:03:28.198,0.95976,0.95989,1.50,1.35
2012.05.25 06:03:28.538,0.95978,0.9599,1.50,2.55
2012.05.25 06:03:28.727,0.95977,0.95989,2.25,1.88
2012.05.25 06:03:28.800,0.9598,0.95992,1.50,3.19
2012.05.25 06:03:29.888,0.95979,0.95993,2.25,2.44
2012.05.25 06:03:30.027,0.95981,0.95994,1.50,3.75
2012.05.25 06:03:30.358,0.95983,0.95994,1.50,2.25
2012.05.25 06:03:30.559,0.95983,0.95995,1.50,1.69
2012.05.25 06:03:31.070,0.95984,0.95995,1.50,1.69
2012.05.25 06:03:32.438,0.95983,0.95995,1.50,3.19
2012.05.25 06:03:32.955,0.95982,0.95995,2.25,1.69
2012.05.25 06:03:33.538,0.95982,0.95994,1.50,2.25
2012.05.25 06:03:34.046,0.95981,0.95993,1.50,1.50
2012.05.25 06:03:34.607,0.95983,0.95995,1.50,3.19
2012.05.25 06:03:35.657,0.95981,0.95995,3.00,2.44
2012.05.25 06:03:36.667,0.95983,0.95995,1.50,1.50
2012.05.25 06:03:37.217,0.95982,0.95994,2.25,1.50
2012.05.25 06:03:37.356,0.95983,0.95997,1.50,2.25
2012.05.25 06:03:37.878,0.95982,0.95996,2.25,1.50
2012.05.25 06:03:38.967,0.95986,0.95998,1.50,3.49
2012.05.25 06:03:39.110,0.95983,0.95997,1.50,6.00
2012.05.25 06:03:44.225,0.95983,0.95997,1.50,7.88
2012.05.25 06:03:44.787,0.95983,0.95997,1.50,5.25
2012.05.25 06:03:45.501,0.95984,0.95996,1.50,1.50
2012.05.25 06:03:45.639,0.95984,0.95996,2.25,1.50
2012.05.25 06:03:45.912,0.95987,0.95999,1.50,1.33
2012.05.25 06:03:46.128,0.95991,0.96001,1.50,1.96
2012.05.25 06:03:46.757,0.95991,0.96003,1.50,2.44
2012.05.25 06:03:47.287,0.95992,0.96004,1.50,2.07
2012.05.25 06:03:48.167,0.9599,0.96002,2.25,1.50
2012.05.25 06:03:48.510,0.95986,0.95997,1.50,1.50
2012.05.25 06:03:48.578,0.95986,0.95997,1.50,1.50
2012.05.25 06:03:48.648,0.9599,0.96001,2.25,1.54
2012.05.25 06:03:49.428,0.9599,0.96002,2.25,1.88
2012.05.25 06:03:49.946,0.9599,0.96004,2.25,3.79
2012.05.25 06:03:50.154,0.95993,0.96004,1.50,1.13
2012.05.25 06:03:50.675,0.95991,0.96004,2.25,1.13
2012.05.25 06:03:51.286,0.95992,0.96005,2.25,2.63
2012.05.25 06:03:51.361,0.95992,0.96005,2.25,2.63
2012.05.25 06:03:53.111,0.95992,0.96005,2.25,4.13
2012.05.25 06:03:53.668,0.95995,0.96005,1.50,3.00
2012.05.25 06:03:54.009,0.95995,0.96007,2.25,4.17
2012.05.25 06:03:54.282,0.95997,0.96008,1.50,3.75
2012.05.25 06:03:54.363,0.95998,0.9601,1.50,2.25
2012.05.25 06:03:54.582,0.96002,0.96012,1.50,2.44
2012.05.25 06:03:54.732,0.95999,0.96013,1.50,2.44
2012.05.25 06:03:54.879,0.96,0.96012,2.25,1.69
2012.05.25 06:03:55.489,0.96,0.96014,2.25,3.38
2012.05.25 06:03:56.112,0.96,0.96014,2.25,2.63
2012.05.25 06:03:56.198,0.96004,0.96016,1.50,4.43
2012.05.25 06:03:56.729,0.96003,0.96015,1.50,2.63
2012.05.25 06:03:56.798,0.96001,0.96015,2.25,2.55
2012.05.25 06:03:57.358,0.96002,0.96014,1.50,1.50
2012.05.25 06:03:57.820,0.96007,0.96019,1.50,5.25
2012.05.25 06:03:58.173,0.96009,0.96021,1.50,1.69
2012.05.25 06:03:58.729,0.9601,0.96022,1.50,1.02
2012.05.25 06:03:59.279,0.96009,0.96021,1.50,1.69
2012.05.25 06:03:59.420,0.96007,0.96019,2.25,1.50
2012.05.25 06:04:00.169,0.96007,0.96021,2.25,2.25
2012.05.25 06:04:00.811,0.96011,0.96023,2.25,1.50
2012.05.25 06:04:02.186,0.96011,0.96023,2.25,2.25
2012.05.25 06:04:02.521,0.96009,0.9602,1.50,2.25
2012.05.25 06:04:02.870,0.96006,0.96018,2.25,1.50
2012.05.25 06:04:03.137,0.96007,0.96021,2.25,3.19
2012.05.25 06:04:03.457,0.9601,0.96021,1.50,1.69
2012.05.25 06:04:04.011,0.96008,0.9602,2.25,2.25
2012.05.25 06:04:04.360,0.96007,0.96019,1.50,2.25
2012.05.25 06:04:04.721,0.96007,0.96017,1.50,2.25
2012.05.25 06:04:05.480,0.96007,0.96018,1.50,1.50
2012.05.25 06:04:05.807,0.96009,0.96022,2.25,3.75
2012.05.25 06:04:06.509,0.96009,0.96022,2.25,1.88
2012.05.25 06:04:07.066,0.96007,0.96021,3.00,2.25
2012.05.25 06:04:07.418,0.96009,0.96021,2.25,2.25
2012.05.25 06:04:07.890,0.96006,0.96018,2.63,1.13
2012.05.25 06:04:08.241,0.96002,0.96015,1.13,2.25
2012.05.25 06:04:08.450,0.95999,0.96011,2.25,2.25
2012.05.25 06:04:08.789,0.95998,0.96009,1.13,2.25
2012.05.25 06:04:09.140,0.95995,0.96007,1.69,1.05
2012.05.25 06:04:09.411,0.95994,0.96007,1.50,1.42
2012.05.25 06:04:09.947,0.95994,0.96008,1.50,2.92
2012.05.25 06:04:10.020,0.95993,0.96005,2.25,1.50
2012.05.25 06:04:10.371,0.95996,0.96009,2.25,2.55
2012.05.25 06:04:11.222,0.95999,0.96012,2.25,1.13
2012.05.25 06:04:11.303,0.95999,0.96013,2.25,2.63
2012.05.25 06:04:11.859,0.96001,0.96013,1.50,1.88
2012.05.25 06:04:12.001,0.95998,0.9601,2.25,1.50
2012.05.25 06:04:12.560,0.95998,0.96009,1.13,1.60
2012.05.25 06:04:12.632,0.95995,0.96009,2.25,2.70
2012.05.25 06:04:12.713,0.95993,0.96005,3.08,1.50
2012.05.25 06:04:12.863,0.95995,0.96007,2.25,1.50
2012.05.25 06:04:14.171,0.95991,0.96004,2.25,1.50
2012.05.25 06:04:14.427,0.95995,0.96007,1.50,1.50
2012.05.25 06:04:14.619,0.95992,0.96006,2.25,1.50
2012.05.25 06:04:15.180,0.95992,0.96006,2.25,1.50
2012.05.25 06:04:17.261,0.95992,0.96006,2.25,1.88
2012.05.25 06:04:17.609,0.95988,0.95999,1.50,1.50
2012.05.25 06:04:17.750,0.95988,0.95999,1.50,1.50
2012.05.25 06:04:18.316,0.95986,0.95998,2.44,1.50
2012.05.25 06:04:22.299,0.95984,0.95998,1.50,4.88
2012.05.25 06:04:23.028,0.95981,0.95993,3.75,1.50
2012.05.25 06:04:23.618,0.9598,0.95992,2.63,1.50
2012.05.25 06:04:24.149,0.95981,0.95993,2.25,1.50
2012.05.25 06:04:24.487,0.95983,0.95993,1.14,1.50
2012.05.25 06:04:24.698,0.95984,0.95996,2.63,1.50
2012.05.25 06:04:24.771,0.95988,0.96002,1.50,3.19
2012.05.25 06:04:25.179,0.95985,0.95999,2.25,1.50
2012.05.25 06:04:25.568,0.95987,0.96001,2.25,1.69
2012.05.25 06:04:25.713,0.95989,0.96003,1.50,3.00
2012.05.25 06:04:26.077,0.95991,0.96005,2.25,1.69
2012.05.25 06:04:26.220,0.95994,0.96007,1.50,3.00
2012.05.25 06:04:26.729,0.95994,0.96008,2.25,2.57
2012.05.25 06:04:32.330,0.95997,0.9601,1.50,4.51
2012.05.25 06:04:33.529,0.95996,0.96008,2.25,2.38
2012.05.25 06:04:34.056,0.95996,0.96008,2.25,2.38
2012.05.25 06:04:34.571,0.95997,0.96009,1.50,2.49
2012.05.25 06:04:35.089,0.95996,0.9601,2.25,2.64
2012.05.25 06:04:35.627,0.95997,0.96009,1.50,2.20
2012.05.25 06:04:36.628,0.95997,0.96009,1.50,2.34
2012.05.25 06:04:37.176,0.95995,0.96007,2.25,1.95
2012.05.25 06:04:38.141,0.95994,0.96008,2.25,3.55
2012.05.25 06:04:39.200,0.95993,0.96005,2.25,1.50
2012.05.25 06:04:39.272,0.95995,0.96007,2.25,2.65
2012.05.25 06:04:39.561,0.95993,0.96005,2.25,1.50
2012.05.25 06:04:39.706,0.95994,0.96008,2.25,2.05
2012.05.25 06:04:41.472,0.95995,0.96009,2.25,2.63
2012.05.25 06:04:45.296,0.95995,0.96009,2.25,2.63
2012.05.25 06:04:45.866,0.95995,0.96009,2.25,2.63
2012.05.25 06:04:48.706,0.95995,0.96007,2.25,1.50
2012.05.25 06:04:49.217,0.95995,0.96007,2.25,3.19
2012.05.25 06:04:49.487,0.95993,0.96005,2.25,1.50
2012.05.25 06:04:51.791,0.95992,0.96006,2.25,1.50
2012.05.25 06:04:52.613,0.95992,0.96006,2.25,2.25
2012.05.25 06:04:52.959,0.95991,0.96001,1.88,1.50
2012.05.25 06:04:53.100,0.95989,0.96003,3.00,2.25
2012.05.25 06:04:53.657,0.95993,0.96005,1.50,2.63
2012.05.25 06:04:54.239,0.95992,0.96004,1.50,1.50
2012.05.25 06:04:56.421,0.95992,0.96006,2.25,2.25
2012.05.25 06:04:56.737,0.95994,0.96006,1.50,1.50
2012.05.25 06:04:58.108,0.95994,0.96005,2.25,1.32
2012.05.25 06:04:58.447,0.95991,0.96003,1.50,2.25
2012.05.25 06:04:59.340,0.95991,0.96003,1.50,2.25
2012.05.25 06:04:59.900,0.95991,0.96004,1.50,2.25
2012.05.25 06:05:02.728,0.95993,0.96005,1.50,2.82
2012.05.25 06:05:03.083,0.95992,0.96004,2.25,4.50
2012.05.25 06:05:05.449,0.95993,0.96004,1.50,2.25
2012.05.25 06:05:05.997,0.95991,0.96004,2.25,2.25
2012.05.25 06:05:06.505,0.95993,0.96004,1.50,2.25
2012.05.25 06:05:07.038,0.95991,0.96004,2.25,2.25
2012.05.25 06:05:09.150,0.95991,0.96003,2.25,3.00
2012.05.25 06:05:11.858,0.9599,0.96004,2.25,1.88
2012.05.25 06:05:13.448,0.95993,0.96005,1.50,4.50
2012.05.25 06:05:13.977,0.95992,0.96005,2.25,2.25
2012.05.25 06:05:15.549,0.95993,0.96005,1.50,3.75
2012.05.25 06:05:16.117,0.95993,0.96005,1.50,1.69
2012.05.25 06:05:16.658,0.95992,0.96006,2.25,2.44
2012.05.25 06:05:18.348,0.95995,0.96007,1.50,5.25
2012.05.25 06:05:18.889,0.95993,0.96005,2.25,1.69
2012.05.25 06:05:19.218,0.95996,0.96006,2.25,1.69
2012.05.25 06:05:20.779,0.95995,0.96005,2.25,1.69
2012.05.25 06:05:22.098,0.95995,0.96008,3.00,3.75
2012.05.25 06:05:23.639,0.95992,0.96005,3.75,3.38
2012.05.25 06:05:24.156,0.9599,0.96004,3.00,1.69
2012.05.25 06:05:25.067,0.9599,0.96003,2.25,2.25
2012.05.25 06:05:25.987,0.9599,0.96003,2.25,2.25
2012.05.25 06:05:28.158,0.95991,0.96003,2.25,1.88
2012.05.25 06:05:35.409,0.95989,0.96003,5.25,1.88
2012.05.25 06:05:35.760,0.95993,0.96005,2.25,3.75
2012.05.25 06:05:36.185,0.9599,0.96,2.25,1.13
2012.05.25 06:05:36.543,0.95986,0.95996,2.25,1.50
2012.05.25 06:05:37.088,0.95986,0.95997,3.00,1.50
2012.05.25 06:05:37.623,0.95984,0.95997,3.00,2.63
2012.05.25 06:05:37.772,0.95984,0.95997,3.00,2.63
2012.05.25 06:05:38.338,0.95984,0.95996,3.00,2.25
2012.05.25 06:05:39.031,0.95984,0.95994,3.00,1.50
2012.05.25 06:05:39.329,0.95984,0.95996,3.00,2.25
2012.05.25 06:05:39.835,0.95984,0.95996,3.00,2.25
2012.05.25 06:05:40.379,0.95984,0.95996,3.00,2.25
2012.05.25 06:05:40.907,0.95984,0.95996,3.00,2.25
2012.05.25 06:05:41.559,0.95984,0.95996,3.00,2.25
2012.05.25 06:05:43.218,0.95984,0.95997,3.00,1.50
2012.05.25 06:05:43.610,0.95984,0.95997,3.00,1.50
2012.05.25 06:05:44.958,0.95987,0.96,4.50,3.00
2012.05.25 06:05:45.710,0.95988,0.96,1.50,4.50
2012.05.25 06:05:46.258,0.95986,0.96,3.00,1.88
2012.05.25 06:05:46.796,0.95988,0.96,1.50,1.88
2012.05.25 06:05:47.411,0.9599,0.96001,1.50,2.25
2012.05.25 06:05:48.651,0.95988,0.96,2.25,1.88
2012.05.25 06:05:48.840,0.95987,0.96001,5.25,1.50
2012.05.25 06:05:49.367,0.95988,0.96,2.25,1.50
2012.05.25 06:05:50.560,0.9599,0.96002,1.50,1.69
2012.05.25 06:05:51.099,0.95988,0.96001,1.69,1.50
2012.05.25 06:05:51.452,0.95991,0.96003,1.50,1.50
2012.05.25 06:05:52.023,0.95991,0.96003,3.00,1.50
2012.05.25 06:05:52.379,0.95992,0.96005,2.25,1.88
2012.05.25 06:05:53.202,0.95992,0.96005,2.25,1.13
2012.05.25 06:05:53.290,0.95996,0.96009,2.25,2.88
2012.05.25 06:05:53.850,0.95994,0.96008,2.25,2.25
2012.05.25 06:05:54.414,0.95996,0.96008,3.00,2.25
2012.05.25 06:05:54.768,0.95994,0.96004,3.00,1.50
2012.05.25 06:05:54.838,0.95994,0.96004,3.00,1.50
2012.05.25 06:05:55.388,0.95993,0.96004,3.00,1.50
2012.05.25 06:05:55.778,0.95993,0.96002,3.00,1.50
2012.05.25 06:05:56.314,0.95993,0.96003,3.00,1.50
2012.05.25 06:05:57.447,0.95995,0.96003,1.50,1.50
2012.05.25 06:05:57.802,0.95998,0.96007,1.50,1.50
2012.05.25 06:05:57.882,0.95998,0.96007,1.50,1.50
2012.05.25 06:05:57.960,0.95998,0.9601,1.50,7.13
2012.05.25 06:05:58.101,0.95995,0.96007,2.25,2.25
2012.05.25 06:05:58.179,0.95993,0.96007,2.25,3.00
2012.05.25 06:05:58.319,0.95992,0.96002,3.19,1.50
2012.05.25 06:05:58.902,0.95991,0.96003,2.44,1.50
2012.05.25 06:05:59.421,0.95991,0.96003,2.25,1.50
2012.05.25 06:06:00.538,0.95993,0.96003,1.50,2.25
2012.05.25 06:06:00.896,0.95995,0.96007,2.25,3.38
2012.05.25 06:06:01.458,0.95996,0.96009,2.25,1.13
2012.05.25 06:06:02.498,0.95995,0.96006,3.00,1.50
2012.05.25 06:06:02.969,0.95994,0.96004,3.00,1.50
2012.05.25 06:06:03.311,0.95991,0.96003,4.69,1.50
2012.05.25 06:06:03.449,0.95995,0.96007,1.50,3.00
2012.05.25 06:06:03.990,0.95996,0.96008,1.50,3.38
2012.05.25 06:06:04.342,0.96001,0.9601,2.25,1.50
2012.05.25 06:06:04.757,0.96001,0.96011,3.75,1.50
2012.05.25 06:06:04.904,0.96005,0.96011,2.25,1.50
2012.05.25 06:06:05.121,0.96003,0.96015,3.00,2.25
2012.05.25 06:06:05.332,0.96003,0.96016,3.00,1.73
2012.05.25 06:06:05.836,0.96003,0.96016,3.00,3.08
2012.05.25 06:06:06.467,0.96003,0.96014,3.00,1.50
2012.05.25 06:06:06.772,0.96003,0.9601,3.00,1.50
2012.05.25 06:06:06.988,0.96002,0.96014,1.50,2.44
2012.05.25 06:06:07.061,0.96,0.9601,1.50,1.50
2012.05.25 06:06:07.625,0.96,0.96012,3.75,1.13
2012.05.25 06:06:07.705,0.96002,0.96014,2.25,4.69
2012.05.25 06:06:07.783,0.95999,0.96011,4.50,1.50
2012.05.25 06:06:08.348,0.95999,0.96012,3.00,2.25
2012.05.25 06:06:08.417,0.95999,0.96012,3.00,2.25
2012.05.25 06:06:08.877,0.95999,0.96012,3.00,2.63
2012.05.25 06:06:11.148,0.96,0.96012,1.50,4.50
2012.05.25 06:06:11.360,0.95999,0.96013,4.50,2.63
2012.05.25 06:06:11.779,0.95999,0.96012,3.00,2.25
2012.05.25 06:06:12.300,0.95999,0.96013,4.50,4.88
2012.05.25 06:06:13.348,0.95999,0.96013,4.50,2.63
2012.05.25 06:06:14.249,0.95999,0.96012,3.00,1.50
2012.05.25 06:06:14.840,0.95999,0.96013,4.50,2.44
2012.05.25 06:06:15.357,0.95999,0.96012,3.00,1.50
2012.05.25 06:06:15.830,0.95999,0.9601,3.00,1.50
2012.05.25 06:06:16.184,0.95999,0.96007,1.13,1.50
2012.05.25 06:06:16.545,0.96012,0.96017,1.50,1.50
2012.05.25 06:06:16.624,0.96011,0.96017,2.25,1.54
2012.05.25 06:06:17.123,0.9601,0.96018,2.25,1.80
2012.05.25 06:06:17.483,0.96009,0.96015,3.00,1.50
2012.05.25 06:06:18.040,0.96009,0.96015,3.00,1.50
2012.05.25 06:06:18.395,0.96008,0.96019,3.19,1.65
2012.05.25 06:06:18.472,0.96009,0.96023,3.75,1.50
2012.05.25 06:06:18.550,0.96011,0.96023,1.50,1.50
2012.05.25 06:06:19.177,0.96011,0.96023,2.25,2.25
2012.05.25 06:06:19.741,0.96009,0.96021,4.50,1.50
2012.05.25 06:06:20.223,0.96012,0.96024,1.50,2.25
2012.05.25 06:06:20.757,0.96011,0.96023,2.25,1.50
2012.05.25 06:06:21.878,0.96011,0.96023,2.25,2.25
2012.05.25 06:06:22.590,0.96011,0.96025,2.25,3.00
2012.05.25 06:06:23.011,0.96009,0.96021,4.50,1.50
2012.05.25 06:06:23.569,0.96011,0.96025,2.25,3.00
2012.05.25 06:06:24.098,0.9601,0.96022,2.25,1.50
2012.05.25 06:06:24.509,0.96008,0.96022,2.63,1.50
2012.05.25 06:06:25.068,0.96008,0.96022,2.25,2.25
2012.05.25 06:06:25.139,0.96007,0.96019,6.75,1.50
2012.05.25 06:06:25.679,0.9601,0.96022,1.50,3.00
2012.05.25 06:06:25.749,0.9601,0.96022,1.50,1.50
2012.05.25 06:06:25.890,0.96008,0.96022,2.25,1.50
2012.05.25 06:06:26.432,0.96009,0.96023,1.50,2.44
2012.05.25 06:06:27.114,0.9601,0.96023,1.50,2.44
2012.05.25 06:06:27.196,0.96013,0.96025,1.50,9.00
2012.05.25 06:06:27.275,0.9601,0.96024,1.50,2.44
2012.05.25 06:06:28.178,0.9601,0.96024,2.25,2.44
2012.05.25 06:06:28.727,0.9601,0.96024,2.25,3.19
2012.05.25 06:06:29.128,0.9601,0.96024,2.25,2.25
2012.05.25 06:06:29.270,0.9601,0.96024,2.25,2.25
2012.05.25 06:06:30.208,0.9601,0.96024,2.25,2.25
2012.05.25 06:06:32.220,0.96013,0.96025,1.50,3.00
2012.05.25 06:06:32.677,0.96011,0.96025,2.25,3.00
2012.05.25 06:06:33.513,0.96011,0.96025,2.25,3.00
2012.05.25 06:06:33.908,0.96011,0.96021,2.25,1.50
2012.05.25 06:06:34.259,0.96007,0.96019,3.19,1.50
2012.05.25 06:06:34.812,0.96007,0.96017,3.00,1.50
2012.05.25 06:06:35.103,0.96003,0.96012,2.44,1.50
2012.05.25 06:06:35.183,0.96001,0.96012,2.25,1.50
2012.05.25 06:06:35.332,0.96,0.96012,3.38,2.25
2012.05.25 06:06:35.820,0.96,0.96012,1.88,1.50
2012.05.25 06:06:36.377,0.95999,0.96012,1.50,1.88
2012.05.25 06:06:36.637,0.95998,0.9601,3.00,1.50
2012.05.25 06:06:36.707,0.95998,0.96012,4.50,2.25
2012.05.25 06:06:37.049,0.96001,0.96013,1.50,3.38
2012.05.25 06:06:38.090,0.96001,0.96013,1.50,1.50
2012.05.25 06:06:38.439,0.96004,0.96018,1.50,6.99
2012.05.25 06:06:38.888,0.96004,0.96018,4.13,2.92
2012.05.25 06:06:38.964,0.96007,0.96021,1.50,3.57
2012.05.25 06:06:39.038,0.96007,0.96021,1.50,3.19
2012.05.25 06:06:39.979,0.96006,0.9602,4.13,1.50
2012.05.25 06:06:40.537,0.96007,0.96019,1.50,1.50
2012.05.25 06:06:41.081,0.96007,0.96019,1.50,2.25
2012.05.25 06:06:41.628,0.96007,0.96021,1.50,2.25
2012.05.25 06:06:43.099,0.96007,0.96019,1.50,3.38
2012.05.25 06:06:43.380,0.96004,0.96016,3.00,1.50
2012.05.25 06:06:43.591,0.96005,0.96018,2.25,2.82
2012.05.25 06:06:43.786,0.96005,0.96018,2.25,1.69
2012.05.25 06:06:45.018,0.96004,0.96018,2.25,3.00
2012.05.25 06:06:45.650,0.96004,0.96018,2.25,2.25
2012.05.25 06:06:45.729,0.96004,0.96015,3.75,1.13
2012.05.25 06:06:46.083,0.95998,0.96012,4.50,4.13
2012.05.25 06:06:46.234,0.95998,0.96007,3.00,1.50
2012.05.25 06:06:46.312,0.95997,0.9601,4.69,1.13
2012.05.25 06:06:46.880,0.95998,0.9601,1.50,1.50
2012.05.25 06:06:47.299,0.96001,0.96012,1.50,2.25
2012.05.25 06:06:47.640,0.95999,0.96013,3.00,4.13
2012.05.25 06:06:47.957,0.96001,0.96013,1.50,3.38
2012.05.25 06:06:48.637,0.95999,0.96013,1.50,3.38
2012.05.25 06:06:49.246,0.95999,0.96013,1.50,3.38
2012.05.25 06:06:49.776,0.95999,0.96013,1.50,3.38
2012.05.25 06:06:50.018,0.96001,0.96013,1.50,3.38
2012.05.25 06:06:50.580,0.96001,0.96013,1.50,1.69
2012.05.25 06:06:50.990,0.96001,0.96015,1.50,1.50
2012.05.25 06:06:51.062,0.96003,0.96015,1.50,1.50
2012.05.25 06:06:51.759,0.96001,0.96013,1.50,1.50
2012.05.25 06:06:52.309,0.96,0.96014,3.75,1.50
2012.05.25 06:06:52.830,0.96002,0.96014,1.50,1.50
2012.05.25 06:06:57.788,0.96003,0.96015,1.50,1.50
2012.05.25 06:07:00.927,0.96002,0.96014,1.50,1.50
2012.05.25 06:07:01.653,0.96,0.96013,3.00,1.50
2012.05.25 06:07:01.875,0.95998,0.96009,3.38,1.50
2012.05.25 06:07:02.022,0.95997,0.96008,3.75,1.13
2012.05.25 06:07:02.101,0.95997,0.96008,3.75,2.63
2012.05.25 06:07:02.172,0.95994,0.96008,2.63,4.13
2012.05.25 06:07:02.255,0.95994,0.96004,2.63,1.50
2012.05.25 06:07:02.469,0.95991,0.96002,3.00,1.50
2012.05.25 06:07:02.740,0.95991,0.96004,3.00,1.50
2012.05.25 06:07:03.077,0.95993,0.96005,1.50,2.44
2012.05.25 06:07:03.650,0.95992,0.96004,1.50,2.25
2012.05.25 06:07:06.480,0.95992,0.96003,1.50,1.50
2012.05.25 06:07:06.901,0.9599,0.95999,1.50,1.88
2012.05.25 06:07:06.977,0.95986,0.95999,1.50,1.88
2012.05.25 06:07:07.323,0.95988,0.96,2.25,2.44
2012.05.25 06:07:07.878,0.95988,0.96002,1.50,3.75
2012.05.25 06:07:08.088,0.95989,0.96002,2.25,1.50
2012.05.25 06:07:08.648,0.95991,0.96003,2.25,2.63
2012.05.25 06:07:09.187,0.95991,0.96002,2.25,1.50
2012.05.25 06:07:09.609,0.95989,0.96001,2.44,1.50
2012.05.25 06:07:09.892,0.95989,0.96003,3.94,3.75
2012.05.25 06:07:09.968,0.95991,0.96003,2.25,2.25
2012.05.25 06:07:10.640,0.95991,0.96002,2.25,1.50
2012.05.25 06:07:11.169,0.95991,0.96003,3.75,1.50
2012.05.25 06:07:11.793,0.95992,0.96005,2.25,3.38
2012.05.25 06:07:13.096,0.95992,0.96004,3.75,1.50
2012.05.25 06:07:14.127,0.95993,0.96005,1.50,4.50
2012.05.25 06:07:14.729,0.95992,0.96004,3.75,1.50
2012.05.25 06:07:15.479,0.95992,0.96005,3.75,3.00
2012.05.25 06:07:17.650,0.95994,0.96006,1.50,1.13
2012.05.25 06:07:19.138,0.95994,0.96006,1.50,1.50
2012.05.25 06:07:20.617,0.95993,0.96005,1.50,1.50
2012.05.25 06:07:28.030,0.95993,0.96004,1.50,1.50
2012.05.25 06:07:28.380,0.95991,0.96001,1.50,1.50
2012.05.25 06:07:28.516,0.95989,0.96001,3.00,1.50
2012.05.25 06:07:30.701,0.95989,0.96001,2.25,2.25
2012.05.25 06:07:30.841,0.95987,0.95998,2.44,1.50
2012.05.25 06:07:31.108,0.95987,0.96,3.94,2.25
2012.05.25 06:07:31.440,0.95987,0.95998,2.25,1.50
2012.05.25 06:07:31.980,0.95988,0.95999,2.25,1.50
2012.05.25 06:07:32.320,0.9599,0.96002,1.50,1.50
2012.05.25 06:07:32.673,0.95992,0.96004,1.50,1.13
2012.05.25 06:07:32.755,0.95992,0.96005,1.50,1.88
2012.05.25 06:07:33.318,0.95991,0.96003,3.75,1.50
2012.05.25 06:07:33.451,0.95992,0.96006,1.50,4.50
2012.05.25 06:07:34.092,0.95991,0.96005,1.50,1.88
2012.05.25 06:07:38.856,0.95991,0.96005,1.50,2.25
2012.05.25 06:07:39.179,0.9599,0.96002,3.75,1.50
2012.05.25 06:07:39.729,0.95988,0.95999,3.94,1.50
2012.05.25 06:07:40.008,0.95988,0.96001,2.25,1.50
2012.05.25 06:07:41.309,0.95988,0.95999,2.25,1.50
2012.05.25 06:07:41.570,0.95988,0.96001,2.25,1.50
2012.05.25 06:07:41.715,0.95991,0.96003,1.50,1.88
2012.05.25 06:07:42.280,0.95992,0.96004,1.50,2.25
2012.05.25 06:07:42.421,0.95992,0.96004,1.50,1.50
2012.05.25 06:07:42.611,0.95992,0.96006,1.50,4.50
2012.05.25 06:07:45.031,0.95992,0.96006,1.50,4.50
2012.05.25 06:07:45.596,0.9599,0.96004,3.00,1.50
2012.05.25 06:07:45.672,0.95989,0.96001,2.25,1.50
2012.05.25 06:07:46.013,0.95987,0.95999,2.44,1.50
2012.05.25 06:07:46.420,0.95986,0.96,5.44,1.50
2012.05.25 06:07:46.688,0.95988,0.96,1.50,1.50
2012.05.25 06:07:46.820,0.95986,0.96,5.44,1.50
2012.05.25 06:07:47.921,0.95986,0.95997,3.75,1.50
2012.05.25 06:07:48.615,0.95985,0.95997,2.25,2.25
2012.05.25 06:07:48.969,0.95985,0.95995,2.25,1.50
2012.05.25 06:07:49.040,0.95985,0.95997,2.25,2.25
2012.05.25 06:07:50.719,0.95985,0.95996,2.25,1.50
2012.05.25 06:07:51.254,0.95985,0.95997,2.25,1.50
2012.05.25 06:07:51.543,0.95985,0.95995,2.25,2.25
2012.05.25 06:07:51.611,0.95985,0.95995,2.25,1.50
2012.05.25 06:07:51.753,0.95983,0.95995,4.13,2.25
2012.05.25 06:07:51.825,0.95983,0.95993,2.25,1.50
2012.05.25 06:07:51.974,0.95981,0.95993,1.50,1.50
2012.05.25 06:07:52.262,0.9598,0.95989,2.25,1.50
2012.05.25 06:07:52.330,0.95979,0.95991,3.94,3.00
2012.05.25 06:07:52.890,0.95978,0.9599,3.94,1.50
2012.05.25 06:07:53.169,0.95978,0.95992,3.94,3.38
2012.05.25 06:07:53.691,0.95978,0.95992,3.75,3.38
2012.05.25 06:07:54.205,0.95978,0.95992,3.75,3.38
2012.05.25 06:07:55.373,0.95978,0.95991,2.25,1.50
2012.05.25 06:07:57.081,0.95978,0.95992,3.75,2.63
2012.05.25 06:07:57.224,0.9598,0.95992,1.50,2.25
2012.05.25 06:07:57.433,0.95981,0.95995,1.50,3.19
2012.05.25 06:07:57.643,0.95984,0.95996,1.50,6.00
2012.05.25 06:07:57.970,0.95982,0.95994,3.75,2.25
2012.05.25 06:07:58.504,0.9598,0.95992,3.94,1.50
2012.05.25 06:07:58.864,0.95978,0.95988,2.25,1.50
2012.05.25 06:07:59.292,0.95976,0.95988,1.50,3.00
2012.05.25 06:07:59.421,0.95976,0.95988,1.50,3.00
2012.05.25 06:07:59.634,0.95976,0.95988,1.50,3.00
2012.05.25 06:07:59.854,0.95977,0.9599,1.50,1.69
2012.05.25 06:08:00.060,0.95979,0.9599,1.50,1.69
2012.05.25 06:08:00.203,0.95979,0.95991,1.50,3.00
2012.05.25 06:08:00.761,0.95982,0.95993,1.50,1.69
2012.05.25 06:08:01.373,0.95982,0.95994,1.50,3.00
2012.05.25 06:08:01.450,0.9598,0.95992,1.50,1.50
2012.05.25 06:08:02.001,0.95981,0.95993,1.50,2.25
2012.05.25 06:08:03.532,0.9598,0.95994,1.50,3.38
2012.05.25 06:08:04.069,0.95981,0.95993,1.50,2.25
2012.05.25 06:08:04.609,0.9598,0.95992,1.50,1.50
2012.05.25 06:08:05.369,0.95981,0.95993,1.50,2.25
2012.05.25 06:08:06.656,0.95982,0.95993,1.50,1.50
2012.05.25 06:08:06.734,0.95983,0.95995,3.75,1.50
2012.05.25 06:08:07.648,0.95984,0.95996,1.50,1.43
2012.05.25 06:08:08.212,0.95984,0.95996,1.50,1.43
2012.05.25 06:08:08.748,0.95984,0.95996,1.50,1.43
2012.05.25 06:08:11.577,0.95984,0.95996,1.50,1.43
2012.05.25 06:08:13.668,0.95984,0.95996,1.50,1.43
2012.05.25 06:08:14.004,0.95982,0.95992,2.25,1.50
2012.05.25 06:08:14.212,0.95982,0.95996,1.50,4.43
2012.05.25 06:08:15.075,0.95983,0.95995,1.50,2.18
2012.05.25 06:08:15.152,0.95981,0.95995,1.50,2.18
2012.05.25 06:08:16.571,0.95982,0.95996,1.50,2.93
2012.05.25 06:08:16.719,0.95982,0.95994,1.50,2.25
2012.05.25 06:08:17.298,0.95981,0.95995,1.50,2.93
2012.05.25 06:08:18.882,0.9598,0.95994,3.75,3.00
2012.05.25 06:08:19.232,0.9598,0.95992,1.50,1.50
2012.05.25 06:08:19.372,0.95977,0.95991,3.75,3.75
2012.05.25 06:08:19.911,0.95977,0.9599,2.25,1.50
2012.05.25 06:08:21.585,0.95978,0.9599,1.50,3.19
2012.05.25 06:08:22.150,0.95977,0.9599,2.25,3.19
2012.05.25 06:08:22.856,0.95977,0.9599,2.44,2.25
2012.05.25 06:08:23.992,0.95977,0.9599,2.44,1.50
2012.05.25 06:08:24.543,0.95978,0.9599,1.50,2.25
2012.05.25 06:08:25.061,0.95977,0.9599,2.25,2.25
2012.05.25 06:08:25.573,0.95977,0.95988,2.25,1.50
2012.05.25 06:08:26.251,0.95977,0.95988,2.25,2.63
2012.05.25 06:08:26.392,0.95974,0.95987,4.50,3.75
2012.05.25 06:08:26.463,0.95974,0.95984,2.25,1.50
2012.05.25 06:08:26.949,0.95972,0.95983,2.25,2.25
2012.05.25 06:08:27.025,0.95972,0.95981,2.25,1.50
2012.05.25 06:08:27.103,0.9597,0.95981,2.25,1.50
2012.05.25 06:08:27.526,0.95968,0.95982,3.75,2.25
2012.05.25 06:08:28.545,0.95971,0.95983,1.50,3.19
2012.05.25 06:08:28.903,0.95974,0.95987,1.50,1.50
2012.05.25 06:08:29.184,0.95973,0.95987,1.50,3.00
2012.05.25 06:08:29.743,0.95974,0.95986,1.50,2.25
2012.05.25 06:08:30.291,0.95975,0.95987,1.50,2.25
2012.05.25 06:08:30.360,0.95973,0.95985,5.25,2.25
2012.05.25 06:08:30.641,0.95975,0.95988,1.50,1.58
2012.05.25 06:08:31.398,0.95976,0.95987,1.50,1.20
2012.05.25 06:08:31.869,0.95974,0.95987,1.50,1.20
2012.05.25 06:08:32.393,0.95975,0.95988,1.50,1.58
2012.05.25 06:08:32.872,0.95977,0.95988,3.75,1.58
2012.05.25 06:08:33.399,0.95978,0.95987,1.50,1.20
2012.05.25 06:08:34.360,0.95977,0.95988,3.75,1.58
2012.05.25 06:08:34.642,0.95975,0.95987,3.75,2.25
2012.05.25 06:08:34.782,0.95971,0.95984,2.44,1.50
2012.05.25 06:08:35.345,0.9597,0.95983,2.25,1.50
2012.05.25 06:08:35.421,0.9597,0.95981,2.25,1.50
2012.05.25 06:08:35.950,0.9597,0.95982,2.25,1.50
2012.05.25 06:08:36.527,0.9597,0.95981,2.25,1.50
2012.05.25 06:08:39.204,0.9597,0.95979,2.25,1.50
2012.05.25 06:08:39.793,0.9597,0.9598,2.25,1.50
2012.05.25 06:08:40.142,0.95972,0.95984,1.50,2.44
2012.05.25 06:08:40.212,0.95975,0.95984,2.25,2.44
2012.05.25 06:08:40.283,0.95972,0.95984,1.50,3.19
2012.05.25 06:08:40.420,0.95969,0.95981,1.50,1.50
2012.05.25 06:08:40.619,0.95967,0.95981,1.50,2.25
2012.05.25 06:08:40.761,0.9597,0.95981,2.25,2.25
2012.05.25 06:08:40.831,0.95967,0.95981,1.50,2.25
2012.05.25 06:08:41.179,0.9597,0.95981,2.25,2.25
2012.05.25 06:08:41.569,0.95968,0.9598,3.75,1.50
2012.05.25 06:08:42.835,0.95968,0.95979,1.50,2.25
2012.05.25 06:08:43.124,0.95967,0.95977,3.75,1.50
2012.05.25 06:08:43.473,0.95963,0.95975,1.50,2.25
2012.05.25 06:08:44.042,0.95964,0.95975,1.50,2.25
2012.05.25 06:08:44.254,0.95962,0.95974,3.75,1.50
2012.05.25 06:08:44.754,0.95961,0.95975,5.25,1.50
2012.05.25 06:08:44.834,0.95964,0.95976,1.50,3.75
2012.05.25 06:08:45.406,0.95966,0.95976,1.50,1.50
2012.05.25 06:08:45.762,0.95966,0.95978,1.50,2.82
2012.05.25 06:08:46.110,0.95966,0.9598,1.50,2.44
2012.05.25 06:08:46.250,0.95968,0.9598,1.50,2.44
2012.05.25 06:08:48.626,0.95969,0.95981,1.50,3.00
2012.05.25 06:08:48.913,0.9597,0.95983,3.75,1.13
2012.05.25 06:08:49.055,0.95974,0.95985,1.50,1.88
2012.05.25 06:08:49.817,0.95974,0.95986,1.50,3.00
2012.05.25 06:08:50.279,0.95974,0.95987,1.50,1.88
2012.05.25 06:08:50.801,0.95975,0.95987,1.50,2.25
2012.05.25 06:08:51.224,0.95978,0.95989,1.50,1.13
2012.05.25 06:08:51.373,0.95978,0.95992,1.50,3.75
2012.05.25 06:08:51.513,0.9598,0.95992,1.50,1.50
2012.05.25 06:08:52.071,0.95979,0.95993,1.50,2.25
2012.05.25 06:08:52.634,0.9598,0.95992,1.50,1.50
2012.05.25 06:08:52.716,0.95978,0.9599,1.69,1.50
2012.05.25 06:08:52.792,0.95978,0.95992,1.69,1.50
2012.05.25 06:08:53.191,0.95981,0.95993,1.50,1.50
2012.05.25 06:08:53.332,0.95979,0.95993,5.25,3.00
2012.05.25 06:08:53.892,0.95981,0.95993,1.50,3.00
2012.05.25 06:08:54.230,0.95979,0.95993,1.50,3.00
2012.05.25 06:08:54.440,0.95978,0.9599,3.75,1.50
2012.05.25 06:08:55.310,0.95979,0.95991,1.50,2.25
2012.05.25 06:08:55.843,0.95978,0.95991,2.25,1.50
2012.05.25 06:08:56.191,0.95982,0.95994,1.50,1.50
2012.05.25 06:08:56.262,0.9598,0.95994,1.50,3.00
2012.05.25 06:08:56.403,0.9598,0.95992,1.50,1.50
2012.05.25 06:08:56.890,0.9598,0.95994,1.50,3.00
2012.05.25 06:08:57.292,0.95983,0.95995,1.50,5.07
2012.05.25 06:08:57.489,0.95979,0.95993,3.75,1.50
2012.05.25 06:08:58.004,0.9598,0.95994,1.50,3.00
2012.05.25 06:08:58.979,0.9598,0.95994,1.50,3.38
2012.05.25 06:09:01.170,0.95979,0.95993,3.75,2.25
2012.05.25 06:09:01.685,0.95979,0.95986,2.25,1.50
2012.05.25 06:09:01.822,0.95978,0.95988,2.44,1.50
2012.05.25 06:09:02.032,0.95977,0.95991,1.50,2.44
2012.05.25 06:09:02.310,0.95976,0.95987,3.00,1.50
2012.05.25 06:09:02.932,0.95976,0.95988,4.50,1.50
2012.05.25 06:09:03.273,0.95977,0.95991,1.50,3.19
2012.05.25 06:09:03.690,0.9598,0.95993,1.50,3.00
2012.05.25 06:09:04.099,0.9598,0.95994,1.50,5.82
2012.05.25 06:09:04.609,0.9598,0.95994,1.50,3.57
2012.05.25 06:09:05.084,0.95982,0.95995,1.50,4.88
2012.05.25 06:09:05.621,0.95983,0.95995,1.50,2.25
2012.05.25 06:09:12.286,0.95982,0.95996,1.50,2.82
2012.05.25 06:09:12.977,0.95978,0.9599,1.50,2.25
2012.05.25 06:09:13.059,0.95976,0.9599,2.25,4.13
2012.05.25 06:09:13.558,0.95973,0.95985,5.26,1.13
2012.05.25 06:09:13.635,0.95972,0.95985,3.94,1.13
2012.05.25 06:09:14.199,0.95973,0.95986,1.50,1.13
2012.05.25 06:09:14.549,0.95975,0.95986,1.50,2.07
2012.05.25 06:09:16.480,0.95973,0.95986,1.50,1.32
2012.05.25 06:09:19.110,0.95976,0.95988,1.50,2.82
2012.05.25 06:09:19.460,0.95979,0.95988,1.50,1.32
2012.05.25 06:09:19.894,0.95977,0.95988,1.50,1.32
2012.05.25 06:09:20.043,0.95974,0.95988,1.50,1.32
2012.05.25 06:09:20.110,0.95972,0.95987,4.50,1.88
2012.05.25 06:09:20.528,0.95974,0.95987,1.50,2.63
2012.05.25 06:09:21.063,0.95973,0.95987,1.50,2.63
2012.05.25 06:09:21.843,0.95974,0.95987,1.50,1.50
2012.05.25 06:09:22.189,0.95977,0.95988,1.50,1.32
2012.05.25 06:09:22.718,0.95976,0.95988,1.50,1.32
2012.05.25 06:09:23.143,0.95972,0.95987,5.25,1.13
2012.05.25 06:09:23.430,0.95974,0.95987,1.50,1.50
2012.05.25 06:09:23.954,0.95972,0.95986,1.50,1.88
2012.05.25 06:09:24.092,0.95972,0.95986,1.50,2.63
2012.05.25 06:09:24.373,0.9597,0.95984,1.50,2.25
2012.05.25 06:09:24.891,0.95972,0.95986,1.50,2.63
2012.05.25 06:09:25.602,0.95971,0.95986,1.50,3.38
2012.05.25 06:09:25.950,0.95969,0.95985,3.75,2.25
2012.05.25 06:09:26.759,0.95969,0.95985,4.50,2.25
2012.05.25 06:09:27.311,0.95971,0.95984,1.50,1.50
2012.05.25 06:09:27.841,0.95969,0.95984,6.00,1.69
2012.05.25 06:09:28.171,0.95973,0.95985,1.50,2.07
2012.05.25 06:09:28.699,0.95974,0.95986,1.50,3.00
2012.05.25 06:09:28.771,0.95974,0.95987,1.50,2.44
2012.05.25 06:09:29.289,0.95974,0.95987,1.50,3.57
2012.05.25 06:09:29.501,0.9597,0.95984,2.25,2.25
2012.05.25 06:09:29.572,0.95969,0.95982,4.88,1.50
2012.05.25 06:09:29.924,0.95967,0.9598,1.50,1.50
2012.05.25 06:09:30.074,0.95968,0.95983,1.50,2.44
2012.05.25 06:09:30.603,0.95969,0.95982,3.75,1.50
2012.05.25 06:09:31.089,0.95971,0.95985,1.50,3.00
2012.05.25 06:09:31.230,0.95971,0.95985,1.50,1.69
2012.05.25 06:09:31.563,0.95973,0.95987,1.50,5.25
2012.05.25 06:09:32.131,0.95972,0.95987,1.50,5.63
2012.05.25 06:09:33.031,0.95972,0.95986,1.50,1.13
2012.05.25 06:09:35.779,0.95973,0.95986,1.50,1.13
2012.05.25 06:09:39.852,0.95974,0.95986,1.50,1.13
2012.05.25 06:09:40.381,0.95973,0.95987,1.50,5.25
2012.05.25 06:09:41.588,0.95974,0.95987,1.50,4.50
2012.05.25 06:09:43.040,0.95974,0.95987,1.50,6.38
2012.05.25 06:09:43.589,0.95975,0.95987,1.50,4.88
2012.05.25 06:09:44.300,0.95973,0.95987,1.50,7.13
2012.05.25 06:09:44.810,0.95972,0.95987,1.50,5.63
2012.05.25 06:09:44.879,0.95974,0.95987,1.50,7.13
2012.05.25 06:09:46.488,0.95972,0.95987,1.50,7.13
2012.05.25 06:09:47.091,0.95973,0.95987,1.50,5.63
2012.05.25 06:09:47.638,0.95974,0.95987,1.50,7.13
2012.05.25 06:09:49.440,0.95973,0.95987,1.50,7.13
2012.05.25 06:09:49.811,0.95971,0.95986,2.25,1.69
2012.05.25 06:09:50.294,0.95971,0.95986,1.50,3.94
2012.05.25 06:09:50.849,0.9597,0.95984,1.50,2.25
2012.05.25 06:09:51.349,0.9597,0.95984,1.50,3.75
2012.05.25 06:09:55.322,0.9597,0.95983,1.50,2.44
2012.05.25 06:09:55.677,0.95969,0.95979,1.50,1.13
2012.05.25 06:09:55.893,0.95969,0.95981,1.50,1.50
2012.05.25 06:09:56.722,0.95971,0.95982,1.50,3.75
2012.05.25 06:09:56.870,0.95969,0.95982,1.50,3.75
2012.05.25 06:09:58.461,0.95969,0.9598,1.50,2.44
2012.05.25 06:09:58.797,0.95971,0.95979,1.50,5.25
2012.05.25 06:09:59.149,0.9597,0.95982,1.50,1.88
2012.05.25 06:09:59.219,0.95968,0.95982,1.50,1.50
2012.05.25 06:09:59.749,0.95968,0.95982,1.50,1.50
2012.05.25 06:10:01.679,0.95971,0.95982,1.50,1.69
2012.05.25 06:10:01.964,0.95969,0.95983,1.50,3.75
2012.05.25 06:10:02.113,0.95971,0.95984,1.50,4.69
2012.05.25 06:10:02.560,0.95969,0.95983,3.00,1.50
2012.05.25 06:10:02.900,0.95971,0.95984,1.50,5.44
2012.05.25 06:10:05.051,0.9597,0.95983,1.50,1.88
2012.05.25 06:10:05.819,0.95971,0.95984,1.50,5.07
2012.05.25 06:10:06.841,0.95971,0.95984,1.50,1.50
2012.05.25 06:10:07.197,0.95973,0.95985,3.19,1.50
2012.05.25 06:10:07.553,0.95979,0.95991,1.50,2.25
2012.05.25 06:10:07.693,0.95979,0.95992,1.50,1.50
2012.05.25 06:10:08.042,0.95983,0.95994,1.50,2.63
2012.05.25 06:10:08.882,0.95982,0.95994,1.50,1.88
2012.05.25 06:10:09.585,0.95983,0.95995,1.50,2.44
2012.05.25 06:10:09.663,0.95981,0.95995,1.50,2.44
2012.05.25 06:10:09.861,0.95983,0.95995,1.50,2.44
2012.05.25 06:10:10.401,0.95983,0.95995,1.65,1.69
2012.05.25 06:10:10.681,0.95986,0.95999,1.59,2.44
2012.05.25 06:10:10.893,0.95989,0.96001,1.50,3.75
2012.05.25 06:10:11.101,0.9599,0.96002,1.50,1.50
2012.05.25 06:10:11.245,0.95992,0.96003,1.50,1.69
2012.05.25 06:10:11.321,0.95992,0.96004,1.50,3.94
2012.05.25 06:10:11.393,0.95989,0.96001,3.75,1.50
2012.05.25 06:10:12.671,0.95989,0.96,2.25,1.50
2012.05.25 06:10:13.299,0.95989,0.96003,3.75,2.25
2012.05.25 06:10:13.581,0.95989,0.95999,2.25,1.50
2012.05.25 06:10:13.723,0.95989,0.96001,3.75,1.50
2012.05.25 06:10:13.863,0.9599,0.96003,1.50,1.50
2012.05.25 06:10:14.003,0.95993,0.96005,1.50,2.25
2012.05.25 06:10:14.212,0.95994,0.96007,3.00,1.43
2012.05.25 06:10:14.282,0.95996,0.96007,1.50,1.43
2012.05.25 06:10:14.634,0.95999,0.9601,1.50,1.80
2012.05.25 06:10:15.064,0.95999,0.96011,1.50,3.38
2012.05.25 06:10:15.563,0.95996,0.9601,1.50,2.63
2012.05.25 06:10:15.843,0.95998,0.9601,1.50,3.38
2012.05.25 06:10:16.191,0.95997,0.96009,1.50,3.00
2012.05.25 06:10:16.529,0.95997,0.96009,1.50,3.00
2012.05.25 06:10:17.092,0.95997,0.96009,1.50,2.44
2012.05.25 06:10:18.292,0.95997,0.96009,1.50,2.44
2012.05.25 06:10:18.631,0.95995,0.96008,1.50,2.44
2012.05.25 06:10:18.702,0.95993,0.96005,3.00,1.50
2012.05.25 06:10:19.052,0.9599,0.96002,3.75,3.00
2012.05.25 06:10:19.261,0.9599,0.96002,1.50,1.50
2012.05.25 06:10:19.330,0.95989,0.96,4.13,1.50
2012.05.25 06:10:21.893,0.95989,0.96003,4.88,2.25
2012.05.25 06:10:22.413,0.9599,0.96004,1.50,2.44
2012.05.25 06:10:22.929,0.9599,0.96002,1.50,1.50
2012.05.25 06:10:23.071,0.95989,0.96,3.00,1.50
2012.05.25 06:10:23.141,0.95989,0.96002,3.75,2.25
2012.05.25 06:10:25.410,0.95989,0.96003,3.75,1.50
2012.05.25 06:10:25.662,0.95989,0.96001,3.75,1.50
2012.05.25 06:10:34.841,0.95989,0.95999,2.25,1.50
2012.05.25 06:10:35.359,0.95989,0.96,2.25,2.25
2012.05.25 06:10:37.179,0.95989,0.96,2.25,2.25
2012.05.25 06:10:37.386,0.95987,0.96001,3.75,2.25
2012.05.25 06:10:37.812,0.95989,0.96002,1.50,1.13
2012.05.25 06:10:38.232,0.95991,0.96003,1.50,1.88
2012.05.25 06:10:38.814,0.9599,0.96002,3.75,2.63
2012.05.25 06:10:41.569,0.95991,0.96003,1.50,2.25
2012.05.25 06:10:41.920,0.95987,0.95999,4.96,1.50
2012.05.25 06:10:42.063,0.95987,0.96001,4.96,3.75
2012.05.25 06:10:42.269,0.9599,0.96002,1.50,2.25
2012.05.25 06:10:42.620,0.95993,0.96005,1.50,3.94
2012.05.25 06:10:44.209,0.95993,0.96005,1.50,3.00
2012.05.25 06:10:49.065,0.95992,0.96004,1.50,1.50
2012.05.25 06:10:49.282,0.9599,0.96004,3.75,1.50
2012.05.25 06:10:49.352,0.9599,0.96002,3.75,1.50
2012.05.25 06:10:49.820,0.95992,0.96004,1.50,3.00
2012.05.25 06:10:50.182,0.9599,0.96002,3.75,1.50
2012.05.25 06:10:50.249,0.9599,0.96004,3.75,2.25
2012.05.25 06:10:51.101,0.9599,0.96002,3.75,1.50
2012.05.25 06:10:51.432,0.9599,0.96,2.25,1.50
2012.05.25 06:10:51.642,0.95991,0.96003,1.50,3.75
2012.05.25 06:10:51.851,0.9599,0.96004,3.75,3.00
2012.05.25 06:10:52.251,0.95993,0.96005,1.50,3.19
2012.05.25 06:10:52.770,0.95995,0.96007,1.50,3.38
2012.05.25 06:10:54.001,0.95992,0.96006,1.50,3.00
2012.05.25 06:10:54.205,0.95995,0.96006,1.50,1.50
2012.05.25 06:10:56.120,0.95995,0.96006,1.50,1.50
2012.05.25 06:10:56.190,0.95992,0.96006,1.50,3.75
2012.05.25 06:10:56.743,0.95991,0.96005,1.50,2.25
2012.05.25 06:10:57.143,0.9599,0.96002,4.50,1.50
2012.05.25 06:10:57.494,0.95988,0.95996,2.25,1.50
2012.05.25 06:10:58.041,0.95986,0.95997,2.25,2.25
2012.05.25 06:10:59.295,0.95986,0.95999,2.25,2.25
2012.05.25 06:10:59.513,0.95989,0.96,1.50,1.69
2012.05.25 06:10:59.862,0.95994,0.96005,1.50,3.00
2012.05.25 06:11:00.145,0.95994,0.96005,1.50,1.50
2012.05.25 06:11:00.368,0.95993,0.96005,1.50,4.13
2012.05.25 06:11:00.723,0.95988,0.95998,2.25,1.50
2012.05.25 06:11:01.251,0.95987,0.95997,2.25,1.50
2012.05.25 06:11:01.776,0.95987,0.95999,2.25,2.25
2012.05.25 06:11:02.732,0.95987,0.95997,2.25,1.50
2012.05.25 06:11:03.270,0.95987,0.95995,2.25,1.50
2012.05.25 06:11:03.824,0.95986,0.95996,2.25,2.25
2012.05.25 06:11:04.045,0.95983,0.95997,3.75,2.44
2012.05.25 06:11:04.461,0.95986,0.95997,2.25,2.44
2012.05.25 06:11:04.880,0.95985,0.95995,2.25,1.50
2012.05.25 06:11:06.870,0.95985,0.95996,2.25,1.50
2012.05.25 06:11:07.573,0.95985,0.95996,2.25,3.00
2012.05.25 06:11:08.049,0.95985,0.95992,2.25,1.50
2012.05.25 06:11:08.615,0.95984,0.95992,2.25,2.25
2012.05.25 06:11:09.173,0.95983,0.95992,2.25,2.25
2012.05.25 06:11:09.314,0.95981,0.9599,2.25,1.50
2012.05.25 06:11:10.543,0.9598,0.9599,2.25,1.50
2012.05.25 06:11:10.962,0.95976,0.9599,3.75,1.69
2012.05.25 06:11:11.034,0.95976,0.95987,2.25,3.00
2012.05.25 06:11:13.153,0.95977,0.95989,2.25,2.25
2012.05.25 06:11:13.361,0.95978,0.9599,1.50,1.50
2012.05.25 06:11:13.502,0.95981,0.95992,1.50,3.19
2012.05.25 06:11:14.177,0.95982,0.95993,1.50,3.00
2012.05.25 06:11:15.460,0.95983,0.95993,1.50,2.25
2012.05.25 06:11:15.969,0.95982,0.95993,1.50,2.25
2012.05.25 06:11:16.109,0.95982,0.95994,1.50,2.44
2012.05.25 06:11:16.630,0.95983,0.95995,1.50,5.63
2012.05.25 06:11:16.961,0.95985,0.95995,1.50,2.25
2012.05.25 06:11:17.103,0.95984,0.95996,1.50,3.38
2012.05.25 06:11:17.660,0.95983,0.95994,2.25,1.50
2012.05.25 06:11:19.212,0.95983,0.95996,2.25,1.88
2012.05.25 06:11:23.449,0.95983,0.95995,2.25,2.25
2012.05.25 06:11:23.886,0.95986,0.95995,1.50,2.25
2012.05.25 06:11:23.968,0.95984,0.95995,2.25,2.25
2012.05.25 06:11:24.043,0.95988,0.95995,1.50,2.25
2012.05.25 06:11:24.113,0.95988,0.95999,1.50,1.13
2012.05.25 06:11:24.651,0.95988,0.96,1.50,5.25
2012.05.25 06:11:25.361,0.95988,0.95997,1.50,2.25
2012.05.25 06:11:25.569,0.95986,0.95997,1.50,2.25
2012.05.25 06:11:26.029,0.95988,0.95997,1.50,2.25
2012.05.25 06:11:26.485,0.95987,0.95999,1.50,3.00
2012.05.25 06:11:26.559,0.95989,0.95999,1.50,3.00
2012.05.25 06:11:27.632,0.95989,0.96,1.50,2.82
2012.05.25 06:11:28.355,0.95988,0.96,1.50,2.44
2012.05.25 06:11:30.444,0.95988,0.95999,1.50,2.25
2012.05.25 06:11:30.521,0.95985,0.95999,1.50,3.75
2012.05.25 06:11:30.801,0.95984,0.95995,2.25,1.50
2012.05.25 06:11:31.074,0.95982,0.95994,2.25,1.50
2012.05.25 06:11:31.552,0.9598,0.95992,1.50,1.13
2012.05.25 06:11:31.916,0.95976,0.95986,2.63,1.88
2012.05.25 06:11:32.204,0.95973,0.95985,2.64,1.50
2012.05.25 06:11:32.772,0.95975,0.95988,1.89,3.15
2012.05.25 06:11:33.306,0.95976,0.95989,2.25,2.55
2012.05.25 06:11:33.594,0.95979,0.95991,1.50,4.88
2012.05.25 06:11:34.352,0.95979,0.9599,1.50,3.00
2012.05.25 06:11:35.684,0.95976,0.9599,1.50,6.00
2012.05.25 06:11:35.893,0.95975,0.95985,2.25,1.50
2012.05.25 06:11:36.383,0.95975,0.95987,2.25,1.50
2012.05.25 06:11:41.454,0.95973,0.95986,2.25,1.50
2012.05.25 06:11:41.535,0.95976,0.95986,2.25,1.50
2012.05.25 06:11:41.685,0.95974,0.95986,2.25,1.50
2012.05.25 06:11:42.313,0.95974,0.95985,2.25,1.50
2012.05.25 06:11:42.451,0.95974,0.95987,2.25,3.75
2012.05.25 06:11:42.589,0.95974,0.95985,2.25,1.50
2012.05.25 06:11:43.522,0.95974,0.95985,2.25,2.44
2012.05.25 06:11:44.404,0.95972,0.95983,2.25,1.50
2012.05.25 06:11:44.821,0.95974,0.95984,1.50,2.25
2012.05.25 06:11:45.171,0.95975,0.95986,1.50,1.13
2012.05.25 06:11:45.242,0.95978,0.95986,1.50,1.13
2012.05.25 06:11:46.031,0.95978,0.95987,1.50,1.13
2012.05.25 06:11:47.763,0.95977,0.95988,1.50,3.23
2012.05.25 06:11:48.314,0.95976,0.95987,1.50,1.88
2012.05.25 06:11:48.392,0.95974,0.95987,1.50,1.88
2012.05.25 06:11:48.460,0.95977,0.95988,1.50,2.25
2012.05.25 06:11:48.531,0.95977,0.95989,1.50,2.25
2012.05.25 06:11:49.592,0.95976,0.95987,2.25,1.50
2012.05.25 06:11:49.731,0.95976,0.95989,2.25,1.50
2012.05.25 06:11:49.803,0.95976,0.95987,2.25,1.50
2012.05.25 06:11:49.941,0.95978,0.9599,3.75,1.88
2012.05.25 06:11:50.545,0.95978,0.95989,2.25,1.50
2012.05.25 06:11:50.636,0.95982,0.95994,1.50,4.50
2012.05.25 06:11:50.994,0.95984,0.95994,1.50,2.25
2012.05.25 06:11:51.073,0.95982,0.95994,3.75,2.25
2012.05.25 06:11:51.902,0.9598,0.95992,6.00,1.69
2012.05.25 06:11:51.976,0.95979,0.9599,3.00,1.50
2012.05.25 06:11:52.332,0.95979,0.95989,1.50,1.50
2012.05.25 06:11:52.401,0.95977,0.95989,2.25,1.50
2012.05.25 06:11:52.912,0.95977,0.95991,3.75,1.69
2012.05.25 06:11:53.593,0.95977,0.95989,3.75,1.50
2012.05.25 06:11:55.689,0.95977,0.9599,2.25,1.88
2012.05.25 06:11:55.951,0.95978,0.95988,2.25,1.50
2012.05.25 06:11:56.364,0.95974,0.95985,3.19,1.50
2012.05.25 06:11:56.441,0.95975,0.95987,1.50,1.50
2012.05.25 06:11:56.960,0.95977,0.95988,2.25,1.88
2012.05.25 06:11:58.202,0.95977,0.95984,2.25,1.50
2012.05.25 06:11:58.413,0.95973,0.95984,2.25,1.50
2012.05.25 06:11:59.022,0.95974,0.95986,1.50,1.69
2012.05.25 06:11:59.372,0.95973,0.95985,1.50,5.25
2012.05.25 06:11:59.583,0.95971,0.95983,1.50,1.69
2012.05.25 06:11:59.920,0.95973,0.95984,2.25,1.69
2012.05.25 06:12:00.453,0.95974,0.95985,1.50,2.25
2012.05.25 06:12:02.299,0.95974,0.95985,2.25,1.88
2012.05.25 06:12:03.178,0.95973,0.95985,3.75,1.88
2012.05.25 06:12:03.712,0.95974,0.95985,2.25,1.88
2012.05.25 06:12:04.133,0.95974,0.95987,3.75,1.13
2012.05.25 06:12:04.200,0.95974,0.95985,2.25,1.50
2012.05.25 06:12:05.254,0.95974,0.95986,2.25,1.50
2012.05.25 06:12:12.744,0.95975,0.95987,1.50,1.50
2012.05.25 06:12:13.310,0.95974,0.95985,3.00,1.50
2012.05.25 06:12:14.009,0.95973,0.95985,3.75,1.50
2012.05.25 06:12:16.382,0.95973,0.95983,2.25,1.50
2012.05.25 06:12:16.902,0.95972,0.95984,1.50,1.50
2012.05.25 06:12:19.771,0.95971,0.95983,2.25,1.50
2012.05.25 06:12:20.121,0.95969,0.9598,3.00,1.50
2012.05.25 06:12:20.470,0.95968,0.95978,2.25,1.50
2012.05.25 06:12:20.541,0.95968,0.9598,2.25,1.50
2012.05.25 06:12:21.092,0.95968,0.95979,2.25,1.50
2012.05.25 06:12:22.555,0.95964,0.95975,2.25,1.50
2012.05.25 06:12:22.844,0.95962,0.95976,3.75,5.25
2012.05.25 06:12:23.051,0.95962,0.95972,3.75,1.50
2012.05.25 06:12:23.260,0.95959,0.95973,1.50,1.50
2012.05.25 06:12:23.602,0.95962,0.95974,1.50,2.63
2012.05.25 06:12:24.055,0.95958,0.9597,2.25,1.50
2012.05.25 06:12:24.610,0.95958,0.9597,1.50,2.25
2012.05.25 06:12:25.161,0.95958,0.9597,1.50,1.50
2012.05.25 06:12:25.764,0.95958,0.95971,1.50,1.13
2012.05.25 06:12:26.471,0.95958,0.95971,1.50,1.88
2012.05.25 06:12:27.042,0.9596,0.95971,1.50,1.13
2012.05.25 06:12:27.532,0.95958,0.95971,3.00,1.69
2012.05.25 06:12:27.671,0.95957,0.95968,1.50,1.50
2012.05.25 06:12:27.883,0.95956,0.9597,1.50,3.94
2012.05.25 06:12:28.683,0.95958,0.9597,1.50,1.69
2012.05.25 06:12:29.372,0.95959,0.95971,1.50,3.19
2012.05.25 06:12:29.921,0.95958,0.9597,1.50,1.69
2012.05.25 06:12:30.277,0.95955,0.95967,2.59,1.50
2012.05.25 06:12:30.632,0.95955,0.95964,2.25,3.38
2012.05.25 06:12:30.984,0.95951,0.95958,2.25,1.50
2012.05.25 06:12:31.201,0.95949,0.9596,2.25,2.44
2012.05.25 06:12:31.707,0.95946,0.9596,2.25,2.44
2012.05.25 06:12:32.075,0.95948,0.9596,1.50,2.44
2012.05.25 06:12:32.154,0.95948,0.9596,1.50,2.44
2012.05.25 06:12:33.268,0.95951,0.95962,1.50,3.00
2012.05.25 06:12:33.833,0.9595,0.95962,1.50,2.25
2012.05.25 06:12:34.171,0.95952,0.95964,1.50,2.44
2012.05.25 06:12:34.380,0.95951,0.95963,1.50,2.25
2012.05.25 06:12:35.610,0.95951,0.95963,1.50,2.25
2012.05.25 06:12:35.681,0.95951,0.95962,1.50,1.50
2012.05.25 06:12:36.032,0.95948,0.95958,2.25,1.13
2012.05.25 06:12:36.101,0.95948,0.95958,2.25,1.13
2012.05.25 06:12:36.524,0.95945,0.95958,2.25,2.63
2012.05.25 06:12:36.673,0.95947,0.95958,1.50,1.13
2012.05.25 06:12:37.834,0.95945,0.95958,5.25,1.13
2012.05.25 06:12:37.913,0.95947,0.95958,1.50,1.13
2012.05.25 06:12:38.434,0.95946,0.95958,1.50,2.63
2012.05.25 06:12:38.791,0.95948,0.9596,1.50,2.25
2012.05.25 06:12:39.140,0.95951,0.9596,1.50,2.25
2012.05.25 06:12:39.480,0.95951,0.95962,1.50,1.13
2012.05.25 06:12:39.731,0.95949,0.95961,3.00,2.25
2012.05.25 06:12:45.871,0.95951,0.95962,1.50,1.13
2012.05.25 06:12:51.310,0.9595,0.95963,1.50,1.13
2012.05.25 06:12:51.795,0.9595,0.95962,1.50,2.63
2012.05.25 06:12:52.088,0.95942,0.9595,3.00,1.50
2012.05.25 06:12:52.377,0.9594,0.95945,1.89,1.50
2012.05.25 06:12:52.665,0.95936,0.95945,1.13,1.50
2012.05.25 06:12:52.811,0.95932,0.95945,1.50,1.88
2012.05.25 06:12:53.449,0.95932,0.95943,2.25,1.50
2012.05.25 06:12:53.780,0.95931,0.9594,1.09,1.50
2012.05.25 06:12:53.921,0.95928,0.9594,3.34,2.25
2012.05.25 06:12:53.991,0.95928,0.95941,4.50,2.25
2012.05.25 06:12:54.070,0.95928,0.95942,4.50,2.63
2012.05.25 06:12:54.280,0.95927,0.9594,2.25,3.75
2012.05.25 06:12:56.662,0.95927,0.95939,2.25,1.50
2012.05.25 06:12:56.801,0.95927,0.95939,2.25,2.25
2012.05.25 06:12:56.950,0.95925,0.95939,1.50,4.50
2012.05.25 06:12:57.761,0.95924,0.95938,3.75,2.44
2012.05.25 06:12:58.281,0.95925,0.95937,1.50,2.44
2012.05.25 06:12:59.223,0.95927,0.95939,1.50,2.25
2012.05.25 06:12:59.696,0.95929,0.95939,1.50,1.13
2012.05.25 06:12:59.848,0.95929,0.95942,1.50,1.50
2012.05.25 06:13:00.615,0.95929,0.95942,1.50,1.50
2012.05.25 06:13:01.112,0.95931,0.95943,1.50,6.90
2012.05.25 06:13:01.729,0.95931,0.95943,1.50,3.19
2012.05.25 06:13:02.801,0.95931,0.95943,1.50,3.38
2012.05.25 06:13:03.331,0.95931,0.95943,1.50,3.00
2012.05.25 06:13:03.462,0.95931,0.95943,1.50,3.00
2012.05.25 06:13:07.092,0.95928,0.95942,1.50,2.63
2012.05.25 06:13:09.301,0.9593,0.95942,1.50,3.38
2012.05.25 06:13:09.731,0.95925,0.95939,3.94,1.50
2012.05.25 06:13:10.241,0.95925,0.95939,3.75,1.50
2012.05.25 06:13:10.311,0.95927,0.95939,1.50,1.50
2012.05.25 06:13:10.653,0.95929,0.95941,1.50,2.25
2012.05.25 06:13:11.210,0.95929,0.95941,1.50,3.38
2012.05.25 06:13:11.282,0.95926,0.9594,1.50,1.50
2012.05.25 06:13:11.410,0.95929,0.95941,1.50,3.38
2012.05.25 06:13:18.318,0.95929,0.95941,1.50,3.19
2012.05.25 06:13:18.650,0.95926,0.9594,1.50,1.50
2012.05.25 06:13:18.783,0.95929,0.95941,1.50,4.69
2012.05.25 06:13:19.519,0.9593,0.95942,1.50,3.19
2012.05.25 06:13:19.970,0.95926,0.9594,1.50,1.50
2012.05.25 06:13:21.361,0.95926,0.95939,1.50,1.50
2012.05.25 06:13:21.503,0.95925,0.95937,2.63,1.50
2012.05.25 06:13:31.936,0.95925,0.95936,2.25,1.50
2012.05.25 06:13:32.458,0.95924,0.95936,1.50,1.50
2012.05.25 06:13:34.935,0.95925,0.95938,1.50,1.50
2012.05.25 06:13:35.471,0.95926,0.95937,2.44,2.25
2012.05.25 06:13:35.972,0.95926,0.95936,2.44,1.50
2012.05.25 06:13:39.561,0.95926,0.95934,2.44,3.00
2012.05.25 06:13:39.771,0.95921,0.95933,3.00,1.50
2012.05.25 06:13:39.845,0.95921,0.95935,3.75,2.25
2012.05.25 06:13:40.319,0.95923,0.95936,1.50,3.00
2012.05.25 06:13:40.851,0.95924,0.95936,1.50,3.00
2012.05.25 06:13:41.981,0.95921,0.95935,3.90,3.75
2012.05.25 06:13:42.260,0.95923,0.95935,1.50,2.25
2012.05.25 06:13:47.368,0.95917,0.95929,4.50,1.50
2012.05.25 06:13:47.570,0.95917,0.95931,3.75,2.25
2012.05.25 06:13:48.019,0.95916,0.9593,5.63,1.50
2012.05.25 06:13:48.905,0.95918,0.9593,1.50,1.50
2012.05.25 06:13:49.052,0.9592,0.95931,1.50,1.50
2012.05.25 06:13:49.332,0.95916,0.9593,1.88,1.50
2012.05.25 06:13:49.682,0.95915,0.95926,4.50,1.50
2012.05.25 06:13:49.821,0.95917,0.95929,1.50,1.69
2012.05.25 06:13:49.892,0.95913,0.95926,1.13,1.50
2012.05.25 06:13:50.454,0.95917,0.95927,1.50,1.50
2012.05.25 06:13:50.802,0.95918,0.9593,1.50,1.69
2012.05.25 06:13:51.617,0.95918,0.95931,1.50,3.00
2012.05.25 06:13:53.021,0.95918,0.9593,1.50,3.75
2012.05.25 06:13:53.417,0.95916,0.95928,1.50,1.88
2012.05.25 06:13:53.560,0.95914,0.95927,1.50,1.50
2012.05.25 06:13:53.773,0.95917,0.95928,1.50,2.63
2012.05.25 06:13:54.330,0.95916,0.95929,1.50,1.50
2012.05.25 06:13:55.082,0.95918,0.9593,1.50,3.38
2012.05.25 06:13:55.803,0.95916,0.95926,1.50,1.50
2012.05.25 06:13:55.873,0.95914,0.95926,1.50,1.50
2012.05.25 06:13:56.152,0.95919,0.95929,1.50,3.00
2012.05.25 06:13:56.222,0.95916,0.9593,1.50,3.00
2012.05.25 06:13:56.289,0.95916,0.9593,1.50,3.00
2012.05.25 06:13:56.811,0.95917,0.95929,1.50,1.50
2012.05.25 06:13:57.093,0.95915,0.95929,1.69,2.25
2012.05.25 06:13:57.622,0.95916,0.9593,1.50,3.00
2012.05.25 06:13:58.213,0.95916,0.95928,1.50,1.50
2012.05.25 06:13:58.770,0.95915,0.95927,1.69,1.50
2012.05.25 06:14:00.421,0.95914,0.95926,1.50,1.50
2012.05.25 06:14:01.033,0.95915,0.95927,1.50,1.50
2012.05.25 06:14:01.576,0.95915,0.95927,1.50,2.25
2012.05.25 06:14:02.157,0.95915,0.95922,1.50,1.13
2012.05.25 06:14:02.242,0.95908,0.9592,1.13,3.00
2012.05.25 06:14:02.454,0.95907,0.9592,1.28,2.25
2012.05.25 06:14:02.741,0.95911,0.95922,1.50,1.88
2012.05.25 06:14:02.954,0.95906,0.9592,3.54,1.50
2012.05.25 06:14:03.097,0.95906,0.9592,2.25,2.25
2012.05.25 06:14:03.173,0.95905,0.95917,3.38,1.50
2012.05.25 06:14:03.510,0.95907,0.9592,1.50,1.50
2012.05.25 06:14:04.103,0.95906,0.95918,1.50,1.50
2012.05.25 06:14:05.065,0.95904,0.95916,3.75,1.50
2012.05.25 06:14:08.539,0.95904,0.95918,1.69,1.50
2012.05.25 06:14:08.819,0.95904,0.95916,4.69,1.50
2012.05.25 06:14:09.371,0.95905,0.95917,1.50,2.25
2012.05.25 06:14:09.653,0.95905,0.95919,1.50,3.00
2012.05.25 06:14:10.168,0.95905,0.95919,1.50,3.00
2012.05.25 06:14:10.611,0.95905,0.95919,1.50,4.13
2012.05.25 06:14:10.759,0.95905,0.95919,1.50,3.38
2012.05.25 06:14:10.832,0.95905,0.95919,1.50,3.38
2012.05.25 06:14:10.962,0.95905,0.95919,1.50,3.38
2012.05.25 06:14:11.511,0.95905,0.95919,1.50,3.38
2012.05.25 06:14:11.652,0.95905,0.95919,1.50,3.38
2012.05.25 06:14:12.339,0.95905,0.95919,1.50,3.38
2012.05.25 06:14:12.849,0.95905,0.95919,1.50,4.13
2012.05.25 06:14:14.089,0.95905,0.95919,1.50,2.63
2012.05.25 06:14:14.420,0.95905,0.95919,1.50,4.13
2012.05.25 06:14:14.774,0.95904,0.95914,1.50,1.50
2012.05.25 06:14:15.287,0.95904,0.95916,1.50,1.50
2012.05.25 06:14:15.365,0.95902,0.95913,2.25,1.50
2012.05.25 06:14:15.650,0.95903,0.95915,1.50,2.63
2012.05.25 06:14:16.180,0.95902,0.95914,1.50,1.50
2012.05.25 06:14:16.808,0.95903,0.95915,1.50,2.63
2012.05.25 06:14:20.379,0.95904,0.95916,1.50,1.50
2012.05.25 06:14:21.064,0.95905,0.95917,1.50,3.00
2012.05.25 06:14:23.452,0.95903,0.95917,3.00,3.00
2012.05.25 06:14:23.651,0.95905,0.95916,1.50,1.50
2012.05.25 06:14:24.210,0.95904,0.95916,1.50,1.50
2012.05.25 06:14:24.766,0.95905,0.95916,1.50,1.50
2012.05.25 06:14:25.570,0.95903,0.95916,1.50,1.50
2012.05.25 06:14:25.699,0.95905,0.95917,1.50,3.00
2012.05.25 06:14:26.249,0.95905,0.95917,1.50,1.50
2012.05.25 06:14:26.606,0.95908,0.9592,1.50,3.19
2012.05.25 06:14:26.823,0.95906,0.9592,1.50,2.44
2012.05.25 06:14:26.898,0.95908,0.9592,1.50,2.44
2012.05.25 06:14:28.061,0.95909,0.95921,1.50,3.94
2012.05.25 06:14:29.131,0.9591,0.9592,1.50,1.50
2012.05.25 06:14:29.799,0.95912,0.95923,1.50,2.25
2012.05.25 06:14:30.021,0.95912,0.95925,1.50,3.75
2012.05.25 06:14:30.303,0.95917,0.95927,1.50,3.08
2012.05.25 06:14:30.386,0.95915,0.95927,1.50,3.08
2012.05.25 06:14:30.532,0.95917,0.95929,1.50,1.95
2012.05.25 06:14:30.881,0.9592,0.9593,1.50,1.50
2012.05.25 06:14:30.953,0.9592,0.95932,1.50,4.07
2012.05.25 06:14:31.023,0.95919,0.95932,1.50,1.50
2012.05.25 06:14:31.513,0.95919,0.9593,1.50,2.25
2012.05.25 06:14:31.866,0.9592,0.95933,1.13,2.44
2012.05.25 06:14:32.016,0.95922,0.95934,1.50,1.69
2012.05.25 06:14:32.374,0.95926,0.95937,1.50,2.14
2012.05.25 06:14:32.903,0.95926,0.95937,1.50,2.82
2012.05.25 06:14:34.344,0.95923,0.95937,1.50,2.25
2012.05.25 06:14:34.870,0.95924,0.95938,1.50,5.63
2012.05.25 06:14:35.600,0.95923,0.95937,1.50,2.25
2012.05.25 06:14:37.491,0.95923,0.95935,1.50,1.50
2012.05.25 06:14:37.637,0.95921,0.95935,1.50,1.50
2012.05.25 06:14:38.180,0.95919,0.95931,1.50,1.50
2012.05.25 06:14:38.735,0.95918,0.9593,3.00,1.50
2012.05.25 06:14:41.047,0.95916,0.95929,4.88,2.25
2012.05.25 06:14:41.405,0.95913,0.95926,3.19,1.50
2012.05.25 06:14:41.931,0.95915,0.95927,1.50,1.50
2012.05.25 06:14:42.490,0.95916,0.9593,1.50,2.63
2012.05.25 06:14:43.551,0.95913,0.95927,2.44,1.50
2012.05.25 06:14:44.242,0.95914,0.95928,1.69,2.25
2012.05.25 06:14:44.311,0.95914,0.95926,1.69,1.50
2012.05.25 06:14:44.923,0.95915,0.95927,1.50,1.50
2012.05.25 06:14:45.947,0.95917,0.95931,2.25,2.25
2012.05.25 06:14:46.093,0.9592,0.95932,1.50,3.38
2012.05.25 06:14:46.165,0.9592,0.95932,1.50,3.38
2012.05.25 06:14:46.778,0.95919,0.95932,1.50,1.13
2012.05.25 06:14:47.992,0.95918,0.95932,1.50,2.63
2012.05.25 06:14:48.540,0.95919,0.95932,1.50,1.88
2012.05.25 06:14:52.162,0.95919,0.95932,1.50,1.13
2012.05.25 06:14:52.763,0.9592,0.95932,1.50,2.63
2012.05.25 06:14:55.160,0.95919,0.95931,1.50,2.25
2012.05.25 06:14:55.671,0.95917,0.95931,4.13,2.25
2012.05.25 06:14:55.880,0.95919,0.95933,2.25,2.25
2012.05.25 06:14:56.163,0.95921,0.95935,1.50,1.69
2012.05.25 06:14:56.722,0.95922,0.95935,1.50,1.50
2012.05.25 06:14:57.270,0.95921,0.95935,1.88,1.50
2012.05.25 06:14:59.595,0.95923,0.95935,1.50,1.50
2012.05.25 06:14:59.953,0.95926,0.95938,5.07,3.75
2012.05.25 06:15:00.302,0.95929,0.95942,5.25,1.95
2012.05.25 06:15:00.444,0.95931,0.95945,2.44,3.02
2012.05.25 06:15:00.526,0.95934,0.95945,1.50,1.52
2012.05.25 06:15:00.673,0.95934,0.95948,1.50,4.88
2012.05.25 06:15:01.027,0.95932,0.95944,2.25,1.50
2012.05.25 06:15:01.594,0.95931,0.95943,2.44,1.50
2012.05.25 06:15:01.874,0.95933,0.95947,1.50,3.00
2012.05.25 06:15:02.130,0.95931,0.95945,1.69,1.50
2012.05.25 06:15:02.550,0.95931,0.95943,1.50,1.50
2012.05.25 06:15:03.233,0.95928,0.9594,5.25,1.50
2012.05.25 06:15:03.581,0.95932,0.95944,1.50,3.00
2012.05.25 06:15:04.121,0.95931,0.95943,2.25,1.50
2012.05.25 06:15:04.194,0.95931,0.95945,2.25,2.25
2012.05.25 06:15:04.262,0.95931,0.95943,1.50,1.50
2012.05.25 06:15:04.615,0.95929,0.95943,2.25,3.75
2012.05.25 06:15:05.290,0.95929,0.95941,2.25,1.50
2012.05.25 06:15:05.629,0.95929,0.95943,2.25,2.25
2012.05.25 06:15:05.771,0.95929,0.95941,2.25,1.50
2012.05.25 06:15:06.320,0.9593,0.95942,1.50,1.50
2012.05.25 06:15:07.069,0.9593,0.95942,1.50,2.25
2012.05.25 06:15:08.829,0.9593,0.95942,1.50,2.25
2012.05.25 06:15:09.775,0.95928,0.95942,3.94,2.25
2012.05.25 06:15:09.855,0.95928,0.9594,3.94,1.50
2012.05.25 06:15:10.281,0.95926,0.95938,3.75,1.50
2012.05.25 06:15:11.264,0.95927,0.95938,1.50,2.25
2012.05.25 06:15:11.809,0.95926,0.9594,1.50,3.19
2012.05.25 06:15:12.770,0.95926,0.9594,1.50,2.25
2012.05.25 06:15:15.051,0.95929,0.95941,1.50,3.19
2012.05.25 06:15:15.183,0.95925,0.95939,1.50,2.25
2012.05.25 06:15:15.372,0.95927,0.95939,1.50,2.25
2012.05.25 06:15:15.900,0.95926,0.9594,1.50,2.25
2012.05.25 06:15:16.371,0.95923,0.95936,1.88,2.25
2012.05.25 06:15:16.584,0.95922,0.95934,1.88,1.50
2012.05.25 06:15:16.652,0.95924,0.95936,1.50,2.25
2012.05.25 06:15:17.192,0.95924,0.95938,1.50,2.63
2012.05.25 06:15:17.740,0.95925,0.95937,1.50,2.25
2012.05.25 06:15:17.811,0.95923,0.95937,1.50,2.25
2012.05.25 06:15:17.881,0.95925,0.95937,1.50,2.25
2012.05.25 06:15:18.143,0.95923,0.95937,1.50,2.25
2012.05.25 06:15:18.288,0.95925,0.95937,1.50,2.25
2012.05.25 06:15:18.643,0.95927,0.95938,1.50,1.13
2012.05.25 06:15:18.851,0.95925,0.95938,1.50,1.13
2012.05.25 06:15:18.993,0.95923,0.95937,1.50,2.25
2012.05.25 06:15:19.623,0.95922,0.95934,1.69,1.50
2012.05.25 06:15:20.139,0.95923,0.95935,1.50,2.25
2012.05.25 06:15:23.735,0.95921,0.95934,2.40,1.50
2012.05.25 06:15:24.695,0.95921,0.95935,1.65,2.63
2012.05.25 06:15:24.915,0.95918,0.9593,2.64,2.25
2012.05.25 06:15:25.644,0.95918,0.95932,1.50,2.25
2012.05.25 06:15:26.005,0.95916,0.95926,1.14,1.50
2012.05.25 06:15:26.560,0.95917,0.95929,1.50,2.25
2012.05.25 06:15:27.119,0.95916,0.95929,1.14,2.25
2012.05.25 06:15:28.331,0.95916,0.95929,1.51,2.25
2012.05.25 06:15:28.542,0.95919,0.95929,1.50,2.25
2012.05.25 06:15:28.890,0.95922,0.95935,1.50,5.25
2012.05.25 06:15:28.962,0.9592,0.95934,1.50,2.44
2012.05.25 06:15:29.102,0.95917,0.95929,4.88,1.50
2012.05.25 06:15:29.311,0.95918,0.95932,2.25,2.25
2012.05.25 06:15:29.962,0.95921,0.95933,1.50,2.44
2012.05.25 06:15:30.032,0.95918,0.95932,1.50,2.25
2012.05.25 06:15:36.429,0.95917,0.95929,2.44,1.50
2012.05.25 06:15:37.102,0.95916,0.95929,1.51,1.50
2012.05.25 06:15:37.661,0.95916,0.95928,2.26,1.50
2012.05.25 06:15:38.163,0.95918,0.9593,3.75,1.50
2012.05.25 06:15:38.303,0.9592,0.9593,1.50,1.50
2012.05.25 06:15:38.645,0.95922,0.95935,1.50,1.50
2012.05.25 06:15:39.391,0.9592,0.95934,1.50,2.25
2012.05.25 06:15:39.742,0.95922,0.95934,1.50,2.25
2012.05.25 06:15:40.134,0.95925,0.95935,1.50,1.50
2012.05.25 06:15:40.543,0.95925,0.95936,1.50,3.38
2012.05.25 06:15:40.685,0.95926,0.95937,1.50,3.75
2012.05.25 06:15:40.762,0.95929,0.95937,1.50,2.25
2012.05.25 06:15:41.324,0.95929,0.95941,1.50,4.69
2012.05.25 06:15:41.840,0.95929,0.95941,1.50,3.19
2012.05.25 06:15:42.399,0.95928,0.95941,1.50,3.19
2012.05.25 06:15:43.210,0.9593,0.95941,1.50,3.19
2012.05.25 06:15:43.781,0.95929,0.95941,1.50,4.69
2012.05.25 06:15:44.301,0.9593,0.95941,1.50,3.19
2012.05.25 06:15:44.882,0.95929,0.95941,1.50,4.69
2012.05.25 06:15:48.312,0.9593,0.95941,1.50,3.38
2012.05.25 06:15:49.830,0.9593,0.95941,1.50,3.00
2012.05.25 06:15:50.879,0.9593,0.95941,1.50,3.00
2012.05.25 06:15:53.509,0.95928,0.95941,1.50,3.00
2012.05.25 06:15:53.639,0.9593,0.95941,1.50,3.00
2012.05.25 06:15:56.592,0.95929,0.95941,1.50,4.50
2012.05.25 06:15:57.236,0.95929,0.95941,1.50,4.88
2012.05.25 06:15:59.224,0.95928,0.95941,1.50,3.38
2012.05.25 06:15:59.784,0.95929,0.95941,1.50,2.63
2012.05.25 06:16:00.300,0.95929,0.95941,1.50,2.63
2012.05.25 06:16:01.541,0.9593,0.95942,1.50,2.25
2012.05.25 06:16:01.612,0.95928,0.95939,1.50,2.25
2012.05.25 06:16:02.171,0.95927,0.95939,1.50,2.25
2012.05.25 06:16:04.606,0.95922,0.95934,2.38,1.50
2012.05.25 06:16:04.684,0.95922,0.95934,1.69,2.25
2012.05.25 06:16:05.043,0.95919,0.95933,1.89,2.25
2012.05.25 06:16:07.731,0.9592,0.95932,1.50,2.25
2012.05.25 06:16:08.342,0.95919,0.95931,1.50,2.25
2012.05.25 06:16:09.892,0.9592,0.95933,1.50,2.25
2012.05.25 06:16:10.032,0.95922,0.95936,1.50,5.63
2012.05.25 06:16:10.749,0.9592,0.95934,1.50,2.25
2012.05.25 06:16:11.372,0.95922,0.95934,1.50,2.25
2012.05.25 06:16:11.580,0.95922,0.95936,1.50,3.19
2012.05.25 06:16:12.682,0.95921,0.95933,1.50,2.25
2012.05.25 06:16:13.024,0.95923,0.95935,1.50,4.69
2012.05.25 06:16:14.861,0.95922,0.95934,1.50,4.50
2012.05.25 06:16:15.396,0.95923,0.95934,1.50,3.00
2012.05.25 06:16:16.221,0.95923,0.95934,1.50,3.00
2012.05.25 06:16:16.291,0.9592,0.95933,1.50,2.25
2012.05.25 06:16:16.572,0.95918,0.95932,4.13,2.25
2012.05.25 06:16:18.269,0.95917,0.95929,1.88,1.50
2012.05.25 06:16:18.742,0.9592,0.95932,1.50,3.00
2012.05.25 06:16:18.954,0.95916,0.9593,4.13,3.00
2012.05.25 06:16:19.512,0.95916,0.9593,3.94,3.38
2012.05.25 06:16:20.062,0.95917,0.95929,1.50,1.50
2012.05.25 06:16:20.620,0.95917,0.95929,1.50,2.25
2012.05.25 06:16:22.271,0.95916,0.95928,3.75,2.25
2012.05.25 06:16:22.750,0.95916,0.95926,2.25,1.50
2012.05.25 06:16:23.282,0.95914,0.95927,3.76,1.50
2012.05.25 06:16:23.761,0.95917,0.95929,1.50,2.25
2012.05.25 06:16:24.833,0.95917,0.95929,1.50,2.25
2012.05.25 06:16:25.501,0.95918,0.9593,1.50,2.25
2012.05.25 06:16:26.025,0.95917,0.95929,1.50,2.25
2012.05.25 06:16:27.570,0.95916,0.9593,1.50,2.25
2012.05.25 06:16:27.871,0.95917,0.9593,3.00,2.25
2012.05.25 06:16:28.222,0.95924,0.95934,1.50,2.25
2012.05.25 06:16:28.290,0.9592,0.95934,1.50,3.75
2012.05.25 06:16:28.840,0.9592,0.95932,1.50,2.25
2012.05.25 06:16:30.388,0.95919,0.95929,1.35,1.50
2012.05.25 06:16:30.536,0.95918,0.9593,3.60,1.32
2012.05.25 06:16:30.894,0.95922,0.9593,1.50,1.50
2012.05.25 06:16:30.963,0.95922,0.95934,1.50,1.13
2012.05.25 06:16:31.041,0.95925,0.95934,1.50,1.13
2012.05.25 06:16:31.183,0.95925,0.95934,1.50,1.13
2012.05.25 06:16:31.321,0.95925,0.95933,1.50,1.50
2012.05.25 06:16:31.391,0.95925,0.95935,1.50,1.50
2012.05.25 06:16:31.463,0.95922,0.95934,1.50,2.25
2012.05.25 06:16:31.991,0.9592,0.95934,5.64,2.25
2012.05.25 06:16:32.192,0.95924,0.95936,1.50,1.13
2012.05.25 06:16:34.270,0.95923,0.95936,3.00,1.13
2012.05.25 06:16:34.809,0.95924,0.95936,1.50,1.13
2012.05.25 06:16:36.622,0.95922,0.95936,3.75,2.25
2012.05.25 06:16:37.133,0.95921,0.95934,2.64,2.25
2012.05.25 06:16:39.531,0.95921,0.95935,4.89,2.25
2012.05.25 06:16:40.080,0.95923,0.95935,2.25,2.25
2012.05.25 06:16:40.410,0.95925,0.95939,1.50,3.75
2012.05.25 06:16:41.531,0.95926,0.95939,1.50,2.25
2012.05.25 06:16:41.880,0.95928,0.95939,1.50,1.50
2012.05.25 06:16:42.304,0.95929,0.95941,1.50,2.44
2012.05.25 06:16:43.144,0.95929,0.95941,1.50,2.25
2012.05.25 06:16:44.431,0.95929,0.95943,1.50,4.69
2012.05.25 06:16:44.570,0.95931,0.95943,1.50,3.19
2012.05.25 06:16:45.132,0.95932,0.95943,1.50,3.19
2012.05.25 06:16:45.684,0.95932,0.95945,1.50,1.88
2012.05.25 06:16:49.420,0.95932,0.95946,1.50,4.69
2012.05.25 06:16:51.414,0.95932,0.95944,1.50,2.25
2012.05.25 06:16:51.483,0.95932,0.95946,1.50,4.50
2012.05.25 06:16:52.213,0.95931,0.95944,1.50,1.50
2012.05.25 06:16:52.560,0.95928,0.95942,2.63,1.50
2012.05.25 06:16:52.980,0.95932,0.95944,1.50,2.25
2012.05.25 06:16:53.202,0.9593,0.95944,1.50,2.25
2012.05.25 06:17:10.140,0.95932,0.95943,1.50,3.00
2012.05.25 06:17:10.679,0.95931,0.95943,1.50,4.50
2012.05.25 06:17:13.180,0.95931,0.95943,1.50,3.00
2012.05.25 06:17:15.799,0.9593,0.95943,1.50,3.00
2012.05.25 06:17:19.892,0.95932,0.95943,1.50,3.00
2012.05.25 06:17:23.840,0.95931,0.95943,1.50,4.50
2012.05.25 06:17:26.402,0.95932,0.95943,1.50,3.19
2012.05.25 06:17:26.825,0.95934,0.95945,1.50,3.00
2012.05.25 06:17:26.910,0.95934,0.95946,1.50,1.69
2012.05.25 06:17:27.473,0.95936,0.95947,1.50,2.07
2012.05.25 06:17:28.101,0.95936,0.95949,1.50,1.88
2012.05.25 06:17:28.662,0.95935,0.95949,1.50,4.50
2012.05.25 06:17:28.731,0.95934,0.95945,1.50,1.50
2012.05.25 06:17:29.280,0.95932,0.95944,2.44,1.50
2012.05.25 06:17:30.190,0.95932,0.95944,2.25,1.50
2012.05.25 06:17:32.299,0.9593,0.95944,6.19,1.50
2012.05.25 06:17:36.241,0.95932,0.95944,2.25,1.50
2012.05.25 06:17:36.759,0.95931,0.95944,2.44,2.25
2012.05.25 06:17:37.261,0.95932,0.95944,2.25,1.50
2012.05.25 06:17:39.032,0.95932,0.95943,2.25,1.50
2012.05.25 06:17:43.959,0.95932,0.95944,3.75,1.50
2012.05.25 06:17:49.949,0.95933,0.95946,1.50,1.50
2012.05.25 06:17:50.215,0.95935,0.95947,1.50,3.00
2012.05.25 06:17:50.819,0.95937,0.95949,1.50,3.00
2012.05.25 06:17:51.024,0.95934,0.95948,2.25,2.25
2012.05.25 06:17:52.281,0.95934,0.95946,2.25,1.50
2012.05.25 06:17:52.542,0.95934,0.95948,2.25,3.75
2012.05.25 06:17:53.180,0.95933,0.95947,1.50,1.50
2012.05.25 06:17:53.772,0.95932,0.95945,3.38,1.50
2012.05.25 06:17:59.531,0.95931,0.95944,4.13,1.50
2012.05.25 06:18:00.970,0.95931,0.95945,5.63,1.50
2012.05.25 06:18:09.000,0.95932,0.95945,1.13,1.50
2012.05.25 06:18:09.210,0.95934,0.95948,1.50,2.44
2012.05.25 06:18:10.150,0.95933,0.95947,4.50,2.25
2012.05.25 06:18:12.209,0.95934,0.95948,1.50,2.44
2012.05.25 06:18:13.150,0.95934,0.95946,1.50,1.50
2012.05.25 06:18:13.839,0.95934,0.95948,2.25,2.44
2012.05.25 06:18:15.941,0.95933,0.95947,4.50,2.25
2012.05.25 06:18:17.473,0.95934,0.95948,2.25,2.25
2012.05.25 06:18:22.380,0.95933,0.95947,6.19,2.25
2012.05.25 06:18:22.922,0.95935,0.95947,1.50,2.25
2012.05.25 06:18:22.994,0.95933,0.95947,4.50,2.25
2012.05.25 06:18:28.444,0.95933,0.95943,2.44,1.50
2012.05.25 06:18:29.044,0.95932,0.95944,1.69,1.50
2012.05.25 06:18:31.510,0.95932,0.95944,1.50,1.50
2012.05.25 06:18:32.678,0.95932,0.95944,2.25,1.50
2012.05.25 06:18:33.252,0.95932,0.95944,1.50,1.50
2012.05.25 06:18:35.388,0.95932,0.95944,2.25,1.50
2012.05.25 06:18:35.953,0.95932,0.95944,1.50,1.50
2012.05.25 06:18:36.279,0.95934,0.95946,1.50,1.50
2012.05.25 06:18:38.370,0.95931,0.95944,2.44,1.50
2012.05.25 06:18:38.795,0.9593,0.95944,1.50,5.25
2012.05.25 06:18:39.140,0.95929,0.95943,1.50,2.44
2012.05.25 06:18:39.612,0.95929,0.95943,1.50,2.44
2012.05.25 06:18:39.762,0.95927,0.95939,4.50,1.50
2012.05.25 06:18:40.322,0.95926,0.9594,6.00,2.25
2012.05.25 06:18:40.671,0.95926,0.95938,3.75,1.50
2012.05.25 06:18:41.072,0.95929,0.95941,1.50,2.25
2012.05.25 06:18:41.210,0.95927,0.9594,1.50,1.50
2012.05.25 06:18:41.845,0.95926,0.9594,3.75,1.50
2012.05.25 06:18:46.974,0.95925,0.95939,3.94,2.25
2012.05.25 06:18:47.583,0.95925,0.95939,3.94,3.00
2012.05.25 06:18:47.652,0.95925,0.95939,3.94,3.75
2012.05.25 06:18:47.933,0.95925,0.95938,3.94,1.50
2012.05.25 06:18:49.395,0.95925,0.95937,3.94,1.50
2012.05.25 06:18:49.756,0.95924,0.95929,1.50,1.50
2012.05.25 06:18:49.822,0.9592,0.95929,1.50,1.50
2012.05.25 06:18:50.178,0.95917,0.95928,1.50,1.50
2012.05.25 06:18:50.253,0.95914,0.95926,2.63,2.25
2012.05.25 06:18:50.811,0.95915,0.95929,1.50,3.38
2012.05.25 06:18:51.657,0.95915,0.95929,1.50,3.38
2012.05.25 06:18:51.874,0.95918,0.95929,1.50,1.13
2012.05.25 06:18:53.034,0.9592,0.9593,1.50,1.13
2012.05.25 06:18:53.582,0.95921,0.9593,1.50,1.13
2012.05.25 06:18:54.130,0.9592,0.9593,1.50,1.13
2012.05.25 06:18:57.111,0.9592,0.95932,1.50,1.13
2012.05.25 06:18:57.644,0.95917,0.95929,1.50,1.50
2012.05.25 06:18:58.182,0.95918,0.9593,1.50,4.50
2012.05.25 06:19:02.640,0.95918,0.9593,1.50,2.63
2012.05.25 06:19:02.974,0.95914,0.95926,3.94,1.50
2012.05.25 06:19:03.480,0.95914,0.95927,3.75,1.50
2012.05.25 06:19:05.383,0.95914,0.95926,1.50,1.50
2012.05.25 06:19:05.912,0.95912,0.95925,2.25,1.50
2012.05.25 06:19:06.432,0.95912,0.95926,3.75,2.25
2012.05.25 06:19:06.752,0.95915,0.95927,1.50,2.44
2012.05.25 06:19:06.879,0.95913,0.95927,1.50,2.44
2012.05.25 06:19:07.282,0.95915,0.95927,1.50,2.44
2012.05.25 06:19:08.173,0.95914,0.95926,1.50,2.25
2012.05.25 06:19:08.720,0.95915,0.95927,1.50,2.25
2012.05.25 06:19:09.070,0.95913,0.95927,3.75,2.25
2012.05.25 06:19:09.411,0.95915,0.95927,1.50,2.25
2012.05.25 06:19:11.579,0.95915,0.95928,2.25,2.25
2012.05.25 06:19:12.797,0.95915,0.95926,2.25,1.50
2012.05.25 06:19:15.521,0.95915,0.95928,2.25,2.25
2012.05.25 06:19:17.684,0.95915,0.95927,2.25,1.50
2012.05.25 06:19:17.827,0.95915,0.95923,2.25,1.50
2012.05.25 06:19:17.905,0.95912,0.95923,3.19,1.50
2012.05.25 06:19:17.985,0.9591,0.95921,1.50,1.50
2012.05.25 06:19:18.197,0.95909,0.95921,1.50,2.25
2012.05.25 06:19:18.623,0.95908,0.95919,1.50,1.50
2012.05.25 06:19:18.693,0.95909,0.95923,1.50,3.19
2012.05.25 06:19:18.905,0.95908,0.9592,2.25,1.50
2012.05.25 06:19:19.516,0.95907,0.95918,1.13,1.50
2012.05.25 06:19:20.083,0.95909,0.95921,1.50,3.19
2012.05.25 06:19:21.389,0.95909,0.95921,1.50,1.13
2012.05.25 06:19:35.064,0.95909,0.9592,2.25,1.50
2012.05.25 06:19:35.599,0.95909,0.95919,2.25,1.50
2012.05.25 06:19:36.442,0.95909,0.9592,2.25,1.50
2012.05.25 06:19:39.060,0.95909,0.95919,2.25,1.50
2012.05.25 06:19:39.825,0.9591,0.95922,1.50,3.75
2012.05.25 06:19:39.904,0.95908,0.9592,1.50,1.50
2012.05.25 06:19:39.973,0.95906,0.9592,4.88,2.25
2012.05.25 06:19:40.043,0.9591,0.95921,1.50,3.00
2012.05.25 06:19:41.192,0.9591,0.95917,1.50,1.50
2012.05.25 06:19:41.414,0.95909,0.95918,1.50,2.27
2012.05.25 06:19:41.481,0.95906,0.95917,2.25,1.50
2012.05.25 06:19:41.986,0.95904,0.95918,3.75,2.25
2012.05.25 06:19:42.921,0.95904,0.95918,4.50,2.25
2012.05.25 06:19:43.064,0.95907,0.95919,1.50,2.25
2012.05.25 06:19:43.412,0.95908,0.9592,1.50,1.69
2012.05.25 06:19:43.482,0.95906,0.95918,1.50,1.50
2012.05.25 06:19:44.000,0.95907,0.9592,1.50,1.69
2012.05.25 06:19:44.212,0.95906,0.95917,2.25,1.50
2012.05.25 06:19:44.759,0.95906,0.95918,2.25,1.50
2012.05.25 06:19:47.040,0.95906,0.95919,2.25,3.75
2012.05.25 06:19:49.175,0.95906,0.95918,2.25,1.50
2012.05.25 06:19:49.535,0.95902,0.95914,4.13,1.50
2012.05.25 06:19:50.056,0.95902,0.95916,1.50,3.19
2012.05.25 06:19:50.603,0.95903,0.95915,1.50,2.44
2012.05.25 06:19:51.167,0.95905,0.95917,1.50,3.75
2012.05.25 06:19:51.523,0.95907,0.95918,1.50,1.50
2012.05.25 06:19:52.070,0.95906,0.95918,3.75,2.25
2012.05.25 06:19:53.951,0.95906,0.95916,2.25,1.50
2012.05.25 06:19:56.532,0.95906,0.95918,2.25,2.25
2012.05.25 06:19:58.119,0.95906,0.95919,2.25,1.50
2012.05.25 06:19:58.555,0.95906,0.95915,2.25,1.50
2012.05.25 06:19:58.705,0.95906,0.95919,3.75,1.50
2012.05.25 06:19:59.132,0.95908,0.95919,1.50,1.13
2012.05.25 06:19:59.890,0.95907,0.95919,1.50,2.63
2012.05.25 06:20:01.595,0.95908,0.9592,1.50,2.25
2012.05.25 06:20:02.702,0.95907,0.95919,1.50,2.25
2012.05.25 06:20:03.242,0.95904,0.95917,2.25,1.50
2012.05.25 06:20:03.312,0.95906,0.95917,1.50,1.50
2012.05.25 06:20:03.863,0.95905,0.95917,3.75,1.50
2012.05.25 06:20:04.182,0.95908,0.95921,1.50,1.69
2012.05.25 06:20:04.523,0.9591,0.95921,1.50,2.44
2012.05.25 06:20:04.592,0.9591,0.95921,1.50,1.69
2012.05.25 06:20:04.663,0.95912,0.95921,1.50,1.69
2012.05.25 06:20:05.018,0.95912,0.95924,2.25,3.00
2012.05.25 06:20:05.163,0.95914,0.95924,2.25,2.25
2012.05.25 06:20:05.722,0.95915,0.95926,3.75,1.50
2012.05.25 06:20:06.444,0.95915,0.95926,2.25,1.50
2012.05.25 06:20:06.988,0.95914,0.95927,2.25,1.50
2012.05.25 06:20:07.550,0.95914,0.95928,3.75,1.69
2012.05.25 06:20:08.199,0.95914,0.95927,2.25,1.50
2012.05.25 06:20:08.741,0.95915,0.95927,1.50,1.50
2012.05.25 06:20:09.289,0.95914,0.95928,3.75,2.44
2012.05.25 06:20:09.620,0.95915,0.95926,2.25,1.50
2012.05.25 06:20:09.690,0.95915,0.95928,2.25,1.69
2012.05.25 06:20:10.218,0.95916,0.95928,1.50,1.69
2012.05.25 06:20:11.891,0.95916,0.95926,1.50,1.50
2012.05.25 06:20:12.103,0.95911,0.95922,1.88,1.50
2012.05.25 06:20:12.382,0.95913,0.95925,1.50,1.50
2012.05.25 06:20:12.711,0.95915,0.95927,1.50,2.44
2012.05.25 06:20:13.462,0.95915,0.95927,1.50,1.69
2012.05.25 06:20:14.133,0.95914,0.95926,3.75,2.25
2012.05.25 06:20:14.342,0.95914,0.95928,3.75,2.25
2012.05.25 06:20:14.601,0.95915,0.95923,1.50,1.88
2012.05.25 06:20:14.815,0.95906,0.95916,1.88,1.50
2012.05.25 06:20:15.382,0.95906,0.95917,1.13,1.50
2012.05.25 06:20:15.514,0.95909,0.9592,1.50,3.75
2012.05.25 06:20:15.655,0.95909,0.95921,3.75,2.63
2012.05.25 06:20:16.191,0.9591,0.95922,3.75,1.50
2012.05.25 06:20:16.513,0.95908,0.95922,2.25,1.50
2012.05.25 06:20:18.290,0.9591,0.95922,1.50,2.25
2012.05.25 06:20:18.580,0.95908,0.95922,1.50,2.25
2012.05.25 06:20:19.703,0.9591,0.95922,1.50,2.25
2012.05.25 06:20:19.773,0.95908,0.95922,3.75,2.25
2012.05.25 06:20:19.980,0.95912,0.95924,1.50,2.44
2012.05.25 06:20:20.582,0.95912,0.95925,1.50,1.69
2012.05.25 06:20:21.193,0.95909,0.95921,1.50,2.25
2012.05.25 06:20:21.263,0.95911,0.95923,1.50,2.25
2012.05.25 06:20:21.612,0.95913,0.95924,1.50,1.50
2012.05.25 06:20:22.160,0.95913,0.95925,1.50,1.88
2012.05.25 06:20:22.443,0.95917,0.95927,1.50,2.25
2012.05.25 06:20:22.583,0.95914,0.95926,3.75,3.00
2012.05.25 06:20:22.652,0.95915,0.95928,1.50,2.07
2012.05.25 06:20:23.063,0.95911,0.95922,2.25,1.50
2012.05.25 06:20:23.202,0.9591,0.95922,1.50,3.00
2012.05.25 06:20:23.271,0.95908,0.9592,3.19,1.50
2012.05.25 06:20:23.614,0.95905,0.95916,3.39,4.20
2012.05.25 06:20:23.754,0.95902,0.95914,1.50,2.82
2012.05.25 06:20:23.828,0.95902,0.95913,1.50,1.13
2012.05.25 06:20:24.183,0.95897,0.95905,2.25,4.13
2012.05.25 06:20:24.392,0.95893,0.95903,1.50,2.25
2012.05.25 06:20:24.591,0.95891,0.95903,3.00,2.63
2012.05.25 06:20:25.154,0.95892,0.95904,1.50,2.63
2012.05.25 06:20:25.972,0.95892,0.95903,1.50,2.25
2012.05.25 06:20:26.322,0.9589,0.95903,1.99,2.25
2012.05.25 06:20:26.865,0.95893,0.95903,1.50,1.69
2012.05.25 06:20:27.422,0.95893,0.95905,1.50,5.25
2012.05.25 06:20:28.121,0.95893,0.95905,1.50,3.38
2012.05.25 06:20:30.099,0.95892,0.95904,1.50,1.50
2012.05.25 06:20:30.304,0.95892,0.95901,1.50,1.13
2012.05.25 06:20:30.655,0.9589,0.95894,1.50,1.50
2012.05.25 06:20:30.734,0.95885,0.95894,1.50,1.50
2012.05.25 06:20:30.873,0.95885,0.95896,2.25,2.63
2012.05.25 06:20:31.014,0.95883,0.95895,2.25,4.13
2012.05.25 06:20:31.086,0.95883,0.95894,2.25,1.50
2012.05.25 06:20:31.620,0.95883,0.95894,1.50,2.25
2012.05.25 06:20:32.728,0.95883,0.95893,1.50,2.63
2012.05.25 06:20:32.803,0.95879,0.95893,1.50,4.13
2012.05.25 06:20:32.872,0.95877,0.95889,1.88,1.50
2012.05.25 06:20:33.433,0.95878,0.9589,1.50,1.50
2012.05.25 06:20:34.700,0.95877,0.9589,1.50,1.50
2012.05.25 06:20:36.672,0.95877,0.95891,2.25,1.69
2012.05.25 06:20:37.012,0.9588,0.95893,1.50,6.00
2012.05.25 06:20:37.082,0.9588,0.95893,1.50,3.00
2012.05.25 06:20:38.523,0.95882,0.95893,1.50,3.00
2012.05.25 06:20:38.666,0.95879,0.95893,1.69,4.50
2012.05.25 06:20:38.814,0.95879,0.95891,1.69,1.50
2012.05.25 06:20:39.103,0.95881,0.95893,2.11,5.63
2012.05.25 06:20:39.695,0.95882,0.95894,1.89,1.88
2012.05.25 06:20:39.782,0.95879,0.95891,2.44,1.50
2012.05.25 06:20:40.470,0.95879,0.95891,1.50,3.75
2012.05.25 06:20:40.971,0.95879,0.95891,1.50,4.50
2012.05.25 06:20:41.044,0.95879,0.9589,1.50,1.88
2012.05.25 06:20:41.182,0.95879,0.9589,1.50,1.88
2012.05.25 06:20:41.251,0.95877,0.9589,1.50,1.88
2012.05.25 06:20:41.466,0.95877,0.95886,1.50,1.13
2012.05.25 06:20:41.893,0.95872,0.95884,2.63,3.38
2012.05.25 06:20:41.963,0.95872,0.95884,2.25,3.38
2012.05.25 06:20:42.510,0.95871,0.95885,1.50,4.13
2012.05.25 06:20:43.053,0.95871,0.95883,1.50,1.13
2012.05.25 06:20:45.130,0.95871,0.95884,1.50,3.00
2012.05.25 06:20:45.962,0.95871,0.95883,1.50,1.13
2012.05.25 06:20:46.721,0.95871,0.95884,1.50,1.50
2012.05.25 06:20:47.263,0.95871,0.95883,1.50,1.13
2012.05.25 06:20:48.222,0.95871,0.95884,1.50,1.88
2012.05.25 06:20:48.831,0.95871,0.95885,2.25,3.75
2012.05.25 06:20:49.350,0.95871,0.95885,2.86,3.00
2012.05.25 06:20:51.169,0.95871,0.95885,2.60,3.38
2012.05.25 06:20:52.169,0.95871,0.95885,2.60,2.63
2012.05.25 06:20:52.702,0.95871,0.95885,3.13,4.50
2012.05.25 06:20:52.774,0.95871,0.95882,1.40,1.50
2012.05.25 06:20:52.915,0.95868,0.95882,4.50,2.25
2012.05.25 06:20:53.133,0.95868,0.9588,2.25,1.50
2012.05.25 06:20:53.641,0.95868,0.95882,2.25,2.44
2012.05.25 06:20:54.040,0.95871,0.95883,1.50,2.44
2012.05.25 06:20:54.787,0.9587,0.95882,1.50,1.69
2012.05.25 06:20:55.516,0.95869,0.95881,1.50,1.50
2012.05.25 06:20:58.600,0.95869,0.95883,1.50,2.25
2012.05.25 06:20:59.063,0.95869,0.95881,1.50,1.50
2012.05.25 06:20:59.901,0.95871,0.95883,1.50,2.63
2012.05.25 06:21:00.711,0.95873,0.95883,1.50,1.13
2012.05.25 06:21:03.975,0.95871,0.95883,1.95,3.00
2012.05.25 06:21:04.331,0.95875,0.95889,1.50,3.00
2012.05.25 06:21:04.680,0.95875,0.95887,2.25,1.50
2012.05.25 06:21:04.953,0.95875,0.95885,1.13,1.50
2012.05.25 06:21:05.511,0.95874,0.95885,2.63,1.50
2012.05.25 06:21:05.866,0.95873,0.95883,2.93,1.50
2012.05.25 06:21:06.014,0.95874,0.95885,2.25,1.50
2012.05.25 06:21:06.085,0.95875,0.95888,1.13,1.50
2012.05.25 06:21:06.308,0.95878,0.95889,1.50,1.50
2012.05.25 06:21:06.391,0.95876,0.95888,1.50,1.50
2012.05.25 06:21:06.812,0.95874,0.95885,4.50,1.50
2012.05.25 06:21:07.319,0.95874,0.95886,5.25,1.50
2012.05.25 06:21:07.771,0.95876,0.95888,1.50,1.50
2012.05.25 06:21:08.942,0.95875,0.95887,3.75,1.88
2012.05.25 06:21:09.292,0.95875,0.95883,1.50,2.82
2012.05.25 06:21:09.642,0.95865,0.95874,1.13,1.13
2012.05.25 06:21:09.852,0.95861,0.95875,3.57,2.25
2012.05.25 06:21:09.925,0.95862,0.95875,1.50,2.25
2012.05.25 06:21:10.721,0.95862,0.95876,1.50,6.00
2012.05.25 06:21:11.275,0.95861,0.95876,1.50,9.00
2012.05.25 06:21:11.801,0.95861,0.95876,2.25,8.25
2012.05.25 06:21:11.872,0.9586,0.95876,1.50,8.25
2012.05.25 06:21:12.012,0.95861,0.95876,1.50,8.25
2012.05.25 06:21:13.112,0.95861,0.95875,3.00,1.69
2012.05.25 06:21:13.653,0.95861,0.95875,1.50,2.44
2012.05.25 06:21:14.174,0.95861,0.95875,2.25,2.44
2012.05.25 06:21:14.700,0.95861,0.95875,2.25,2.07
2012.05.25 06:21:15.291,0.95862,0.95875,1.50,3.57
2012.05.25 06:21:16.111,0.95861,0.95875,2.25,2.07
2012.05.25 06:21:16.759,0.95862,0.95875,1.50,3.57
2012.05.25 06:21:16.891,0.9586,0.95875,2.25,1.88
2012.05.25 06:21:17.398,0.95862,0.95875,1.50,3.38
2012.05.25 06:21:18.368,0.9586,0.95875,2.25,1.88
2012.05.25 06:21:18.879,0.9586,0.95875,2.25,1.88
2012.05.25 06:21:20.290,0.9586,0.95875,1.50,2.25
2012.05.25 06:21:20.853,0.95861,0.95875,1.50,1.50
2012.05.25 06:21:21.379,0.95861,0.95876,2.25,6.38
2012.05.25 06:21:21.939,0.95861,0.95875,2.25,1.50
2012.05.25 06:21:22.499,0.95861,0.95876,2.25,6.38
2012.05.25 06:21:23.031,0.95861,0.95875,3.00,1.50
2012.05.25 06:21:23.385,0.9587,0.9588,1.69,1.50
2012.05.25 06:21:23.537,0.95869,0.9588,2.25,1.50
2012.05.25 06:21:23.683,0.95869,0.95882,2.25,3.00
2012.05.25 06:21:23.895,0.95868,0.9588,1.50,1.50
2012.05.25 06:21:23.974,0.95868,0.95882,1.50,1.50
2012.05.25 06:21:24.483,0.95868,0.95882,2.25,1.50
2012.05.25 06:21:24.900,0.95869,0.95884,2.25,4.50
2012.05.25 06:21:25.832,0.95869,0.95882,2.25,2.25
2012.05.25 06:21:26.183,0.95866,0.95875,1.50,1.50
2012.05.25 06:21:27.763,0.95863,0.95876,2.14,3.75
2012.05.25 06:21:28.370,0.95865,0.95875,1.50,1.50
2012.05.25 06:21:29.206,0.95864,0.95877,3.19,1.50
2012.05.25 06:21:29.286,0.95866,0.95882,2.25,3.75
2012.05.25 06:21:29.362,0.95866,0.95882,2.25,3.75
2012.05.25 06:21:29.645,0.95867,0.95882,2.25,1.88
2012.05.25 06:21:30.008,0.95871,0.95883,1.50,1.50
2012.05.25 06:21:30.570,0.95872,0.95885,1.50,1.69
2012.05.25 06:21:30.994,0.95869,0.95883,1.50,3.00
2012.05.25 06:21:31.064,0.95869,0.9588,2.25,1.50
2012.05.25 06:21:31.264,0.95869,0.95882,1.50,3.00
2012.05.25 06:21:31.391,0.95869,0.9588,1.50,1.50
2012.05.25 06:21:31.910,0.95869,0.95881,1.50,1.50
2012.05.25 06:21:34.033,0.95869,0.95883,3.38,1.50
2012.05.25 06:21:34.443,0.95869,0.95882,1.13,2.25
2012.05.25 06:21:35.001,0.95868,0.9588,1.13,1.50
2012.05.25 06:21:35.343,0.95866,0.95876,1.88,1.50
2012.05.25 06:21:35.484,0.95864,0.95876,2.64,1.50
2012.05.25 06:21:35.903,0.95864,0.95874,1.14,1.50
2012.05.25 06:21:36.599,0.95861,0.95874,2.25,1.88
2012.05.25 06:21:36.952,0.95861,0.95874,1.50,1.88
2012.05.25 06:21:37.031,0.95859,0.95872,3.38,2.25
2012.05.25 06:21:37.591,0.95858,0.95871,2.63,1.50
2012.05.25 06:21:38.252,0.95857,0.95871,1.50,1.50
2012.05.25 06:21:40.071,0.95858,0.95873,3.00,1.13
2012.05.25 06:21:40.589,0.95859,0.95872,1.50,1.50
2012.05.25 06:21:41.656,0.95859,0.95873,1.50,1.13
2012.05.25 06:21:42.188,0.95859,0.95874,1.50,2.25
2012.05.25 06:21:42.749,0.95859,0.95874,2.25,2.25
2012.05.25 06:21:43.281,0.95859,0.95874,2.25,2.25
2012.05.25 06:21:44.490,0.95859,0.95874,3.00,2.25
2012.05.25 06:21:45.983,0.95859,0.95872,1.32,1.50
2012.05.25 06:21:46.520,0.95859,0.95873,3.19,1.50
2012.05.25 06:21:48.650,0.9586,0.95873,1.69,1.50
2012.05.25 06:21:53.941,0.95861,0.95876,2.25,1.69
2012.05.25 06:21:55.401,0.95862,0.95875,1.50,1.50
2012.05.25 06:21:55.662,0.9586,0.95872,1.69,1.50
2012.05.25 06:21:56.182,0.95859,0.95871,1.50,1.50
2012.05.25 06:21:56.252,0.95858,0.95871,1.50,1.50
2012.05.25 06:21:56.902,0.95859,0.95871,1.50,1.50
2012.05.25 06:21:57.113,0.95859,0.95874,1.50,1.50
2012.05.25 06:21:57.655,0.95861,0.95874,2.25,1.50
2012.05.25 06:22:02.961,0.95861,0.95874,2.44,1.50
2012.05.25 06:22:03.981,0.95861,0.95874,1.13,1.50
2012.05.25 06:22:05.391,0.95861,0.95876,1.13,1.50
2012.05.25 06:22:05.941,0.95862,0.95875,2.44,1.50
2012.05.25 06:22:06.452,0.95862,0.95876,1.69,1.50
2012.05.25 06:22:07.202,0.95862,0.95875,1.69,1.50
2012.05.25 06:22:07.721,0.95861,0.95876,3.00,2.25
2012.05.25 06:22:09.544,0.95862,0.95877,3.19,3.75
2012.05.25 06:22:09.892,0.95866,0.95878,1.50,2.25
2012.05.25 06:22:10.241,0.95864,0.95878,1.73,1.50
2012.05.25 06:22:10.823,0.95865,0.95878,1.73,1.50
2012.05.25 06:22:13.326,0.95864,0.95877,3.60,1.50
2012.05.25 06:22:13.404,0.95864,0.95877,5.48,1.50
2012.05.25 06:22:14.081,0.95864,0.95875,3.00,1.50
2012.05.25 06:22:14.410,0.95862,0.95875,3.19,1.50
2012.05.25 06:22:14.682,0.95863,0.95877,1.69,3.75
2012.05.25 06:22:18.293,0.95863,0.95877,1.50,4.50
2012.05.25 06:22:18.504,0.95862,0.95875,1.50,3.75
2012.05.25 06:22:18.845,0.95859,0.95871,1.13,1.50
2012.05.25 06:22:19.127,0.95862,0.95873,1.50,1.50
2012.05.25 06:22:19.344,0.95863,0.95875,1.50,4.50
2012.05.25 06:22:19.972,0.95862,0.95874,1.50,2.25
2012.05.25 06:22:20.046,0.9586,0.95874,1.50,2.25
2012.05.25 06:22:21.132,0.95861,0.95875,1.50,6.75
2012.05.25 06:22:21.613,0.95861,0.95873,1.50,2.25
2012.05.25 06:22:22.108,0.95858,0.95868,1.13,1.50
2012.05.25 06:22:22.182,0.95858,0.95872,1.88,3.75
2012.05.25 06:22:22.393,0.95858,0.9587,1.88,1.50
2012.05.25 06:22:22.946,0.95859,0.95871,1.50,1.50
2012.05.25 06:22:23.500,0.95858,0.95872,1.88,2.25
2012.05.25 06:22:24.162,0.95858,0.95872,1.88,2.25
2012.05.25 06:22:24.831,0.95858,0.95872,1.50,2.25
2012.05.25 06:22:26.093,0.95857,0.95871,2.63,1.88
2012.05.25 06:22:26.443,0.95852,0.95866,5.64,1.50
2012.05.25 06:22:27.126,0.95852,0.95865,1.33,2.25
2012.05.25 06:22:27.206,0.95852,0.95863,1.33,1.50
2012.05.25 06:22:27.837,0.95851,0.95865,3.19,1.50
2012.05.25 06:22:28.382,0.95851,0.95863,1.69,1.50
2012.05.25 06:22:28.923,0.95851,0.95865,1.69,2.25
2012.05.25 06:22:29.463,0.95851,0.95865,1.50,2.25
2012.05.25 06:22:29.805,0.95849,0.95861,2.44,1.50
2012.05.25 06:22:30.164,0.95848,0.95859,2.25,1.50
2012.05.25 06:22:30.306,0.95846,0.95859,3.19,1.50
2012.05.25 06:22:30.813,0.95846,0.9586,2.44,1.50
2012.05.25 06:22:32.512,0.95845,0.95859,7.73,1.50
2012.05.25 06:22:33.054,0.95845,0.95855,3.15,1.50
2012.05.25 06:22:33.332,0.95842,0.95855,1.50,1.13
2012.05.25 06:22:33.874,0.95843,0.95856,1.50,2.44
2012.05.25 06:22:34.225,0.95844,0.95857,1.88,4.69
2012.05.25 06:22:34.376,0.95845,0.95859,1.50,3.00
2012.05.25 06:22:34.454,0.95848,0.95859,1.50,1.50
2012.05.25 06:22:34.523,0.95844,0.95856,1.50,1.50
2012.05.25 06:22:34.802,0.95846,0.9586,1.50,3.75
2012.05.25 06:22:35.153,0.95844,0.95856,1.50,1.50
2012.05.25 06:22:35.943,0.95844,0.95856,2.63,1.50
2012.05.25 06:22:36.293,0.95846,0.95858,1.50,1.50
2012.05.25 06:22:36.364,0.95845,0.95856,1.50,1.50
2012.05.25 06:22:36.712,0.95843,0.95853,2.25,1.50
2012.05.25 06:22:36.783,0.95843,0.95855,3.75,1.50
2012.05.25 06:22:36.853,0.95845,0.95856,1.50,1.13
2012.05.25 06:22:37.207,0.95846,0.95851,1.50,1.13
2012.05.25 06:22:37.357,0.95837,0.95845,2.25,1.50
2012.05.25 06:22:37.435,0.95837,0.95845,1.50,1.50
2012.05.25 06:22:37.792,0.95836,0.95847,1.50,3.00
2012.05.25 06:22:38.332,0.95835,0.95847,2.25,2.44
2012.05.25 06:22:38.893,0.95835,0.95847,1.50,3.19
2012.05.25 06:22:42.083,0.95837,0.95848,1.50,3.42
2012.05.25 06:22:42.152,0.95835,0.95848,3.00,2.67
2012.05.25 06:22:42.693,0.95836,0.95848,2.25,3.42
2012.05.25 06:22:44.531,0.95834,0.95844,1.50,1.50
2012.05.25 06:22:44.816,0.95831,0.95842,1.50,1.50
2012.05.25 06:22:45.250,0.95832,0.95844,1.50,1.50
2012.05.25 06:22:45.396,0.95835,0.95846,1.50,1.95
2012.05.25 06:22:46.475,0.95834,0.95846,1.50,3.75
2012.05.25 06:22:46.976,0.95835,0.95846,1.50,1.13
2012.05.25 06:22:48.154,0.95833,0.95846,1.50,1.50
2012.05.25 06:22:48.644,0.95831,0.95843,1.50,1.50
2012.05.25 06:22:49.203,0.95829,0.95843,3.00,1.50
2012.05.25 06:22:49.847,0.95829,0.95843,3.75,1.50
2012.05.25 06:22:50.202,0.95833,0.95844,1.50,3.38
2012.05.25 06:22:50.678,0.9583,0.9584,2.25,1.50
2012.05.25 06:22:51.032,0.95828,0.95838,1.88,1.50
2012.05.25 06:22:51.516,0.95827,0.9584,1.69,1.50
2012.05.25 06:22:54.476,0.95832,0.95843,1.50,1.88
2012.05.25 06:22:54.693,0.95832,0.95844,2.25,2.07
2012.05.25 06:22:55.233,0.95833,0.95846,1.50,3.83
2012.05.25 06:22:55.304,0.95833,0.95846,1.50,3.08
2012.05.25 06:22:55.848,0.95833,0.95846,1.50,1.58
2012.05.25 06:22:56.361,0.95832,0.95846,3.38,1.58
2012.05.25 06:22:56.901,0.95832,0.95846,3.00,1.50
2012.05.25 06:22:57.901,0.95833,0.95846,1.50,1.50
2012.05.25 06:22:58.116,0.95836,0.95848,2.25,1.73
2012.05.25 06:22:58.265,0.95836,0.95848,1.50,1.65
2012.05.25 06:22:58.801,0.95836,0.95848,1.50,1.65
2012.05.25 06:22:59.546,0.95834,0.95846,3.75,1.50
2012.05.25 06:22:59.915,0.95832,0.95845,1.50,1.50
2012.05.25 06:23:00.493,0.95831,0.95845,3.19,1.50
2012.05.25 06:23:00.580,0.95835,0.95847,1.50,2.25
2012.05.25 06:23:00.953,0.95837,0.95847,1.50,1.50
2012.05.25 06:23:01.101,0.95837,0.95849,1.50,3.38
2012.05.25 06:23:01.664,0.95838,0.9585,1.50,1.13
2012.05.25 06:23:01.876,0.9584,0.95851,1.50,5.44
2012.05.25 06:23:02.303,0.95843,0.95852,1.50,1.87
2012.05.25 06:23:02.798,0.95843,0.95856,1.50,1.87
2012.05.25 06:23:02.878,0.95843,0.95857,1.50,3.19
2012.05.25 06:23:04.943,0.95843,0.95857,2.25,2.25
2012.05.25 06:23:05.291,0.95849,0.95858,1.50,1.69
2012.05.25 06:23:05.575,0.95851,0.95861,1.50,1.50
2012.05.25 06:23:05.796,0.95851,0.95863,1.50,3.94
2012.05.25 06:23:06.156,0.95854,0.95863,1.50,1.50
2012.05.25 06:23:06.237,0.95856,0.95868,1.50,5.85
2012.05.25 06:23:06.455,0.95856,0.95868,1.50,2.85
2012.05.25 06:23:07.012,0.95856,0.9587,3.94,2.55
2012.05.25 06:23:07.564,0.95858,0.9587,1.50,4.69
2012.05.25 06:23:08.547,0.95857,0.95871,3.75,2.44
2012.05.25 06:23:08.694,0.95859,0.95872,1.50,1.50
2012.05.25 06:23:09.044,0.95861,0.95873,1.50,2.63
2012.05.25 06:23:09.184,0.95861,0.95873,1.50,1.88
2012.05.25 06:23:09.744,0.95862,0.95876,1.50,8.25
2012.05.25 06:23:10.145,0.95864,0.95876,1.50,2.63
2012.05.25 06:23:10.713,0.95862,0.95876,2.25,1.88
2012.05.25 06:23:10.924,0.95863,0.95877,2.25,3.75
2012.05.25 06:23:11.394,0.95861,0.95873,4.50,1.50
2012.05.25 06:23:11.733,0.9586,0.9587,1.88,1.50
2012.05.25 06:23:11.874,0.9586,0.95872,1.88,2.25
2012.05.25 06:23:12.014,0.9586,0.9587,1.13,1.50
2012.05.25 06:23:12.085,0.95858,0.9587,4.50,1.50
2012.05.25 06:23:12.162,0.95858,0.9587,2.25,1.50
2012.05.25 06:23:12.232,0.95858,0.95872,2.25,3.00
2012.05.25 06:23:13.087,0.95858,0.95871,1.50,2.25
2012.05.25 06:23:13.592,0.95858,0.9587,1.50,1.50
2012.05.25 06:23:14.625,0.95855,0.95865,3.00,1.50
2012.05.25 06:23:14.704,0.95853,0.95865,2.44,1.50
2012.05.25 06:23:14.785,0.95852,0.95863,3.75,1.50
2012.05.25 06:23:15.205,0.95851,0.95863,2.25,1.50
2012.05.25 06:23:15.774,0.95848,0.95862,5.85,1.50
2012.05.25 06:23:15.982,0.95848,0.9586,5.10,1.50
2012.05.25 06:23:16.122,0.95848,0.9586,2.25,1.50
2012.05.25 06:23:16.681,0.95848,0.95862,2.25,2.25
2012.05.25 06:23:16.892,0.95848,0.9586,2.25,1.50
2012.05.25 06:23:17.483,0.95848,0.95862,2.25,2.25
2012.05.25 06:23:17.852,0.95848,0.9586,2.25,1.50
2012.05.25 06:23:18.601,0.95848,0.9586,1.50,4.88
2012.05.25 06:23:18.895,0.95847,0.95861,1.50,4.50
2012.05.25 06:23:18.972,0.95849,0.95861,1.50,4.50
2012.05.25 06:23:19.321,0.95851,0.95861,1.50,3.00
2012.05.25 06:23:21.312,0.95851,0.95861,1.50,3.00
2012.05.25 06:23:21.454,0.95846,0.95857,2.44,2.25
2012.05.25 06:23:21.596,0.95844,0.95858,2.25,1.69
2012.05.25 06:23:21.675,0.95847,0.95859,1.50,3.75
2012.05.25 06:23:21.961,0.95849,0.9586,1.50,1.50
2012.05.25 06:23:22.523,0.95849,0.95863,3.00,7.50
2012.05.25 06:23:22.666,0.95851,0.95863,1.50,6.00
2012.05.25 06:23:23.254,0.95851,0.95863,1.50,2.25
2012.05.25 06:23:23.885,0.95852,0.95864,1.50,5.82
2012.05.25 06:23:24.700,0.95852,0.95862,1.50,4.13
2012.05.25 06:23:24.778,0.95847,0.95861,3.00,2.25
2012.05.25 06:23:24.858,0.95846,0.95858,3.76,1.50
2012.05.25 06:23:25.005,0.95848,0.9586,1.50,5.25
2012.05.25 06:23:25.585,0.95848,0.95861,1.50,2.82
2012.05.25 06:23:26.203,0.95848,0.95862,5.25,2.63
2012.05.25 06:23:26.551,0.95851,0.95865,1.50,5.63
2012.05.25 06:23:26.621,0.95851,0.95865,2.25,5.63
2012.05.25 06:23:26.903,0.95855,0.95868,1.50,5.10
2012.05.25 06:23:27.453,0.95853,0.95867,2.25,1.88
2012.05.25 06:23:27.663,0.95853,0.95865,2.25,1.50
2012.05.25 06:23:28.215,0.95854,0.95866,2.25,1.50
2012.05.25 06:23:28.562,0.95857,0.9587,2.25,1.43
2012.05.25 06:23:28.842,0.95856,0.95868,3.00,1.65
2012.05.25 06:23:29.156,0.95856,0.95868,2.25,1.65
2012.05.25 06:23:29.680,0.95856,0.95868,2.25,1.65
2012.05.25 06:23:30.379,0.95856,0.95868,2.25,1.50
2012.05.25 06:23:31.074,0.95855,0.95869,4.88,1.50
2012.05.25 06:23:31.214,0.95855,0.95869,4.13,2.25
2012.05.25 06:23:31.495,0.95853,0.95864,3.00,1.50
2012.05.25 06:23:31.713,0.95852,0.95864,1.05,1.50
2012.05.25 06:23:31.787,0.95851,0.95864,1.43,1.50
2012.05.25 06:23:31.933,0.95853,0.95865,1.50,2.25
2012.05.25 06:23:32.007,0.9585,0.95864,5.25,2.25
2012.05.25 06:23:32.522,0.9585,0.95864,3.00,2.25
2012.05.25 06:23:33.051,0.95851,0.95864,1.11,3.00
2012.05.25 06:23:33.723,0.9585,0.95863,2.26,1.50
2012.05.25 06:23:33.795,0.95849,0.95861,6.69,1.50
2012.05.25 06:23:34.084,0.95847,0.95859,2.44,1.50
2012.05.25 06:23:34.221,0.95848,0.95862,1.69,3.75
2012.05.25 06:23:34.490,0.95851,0.95862,1.50,2.25
2012.05.25 06:23:37.463,0.95851,0.95863,1.50,1.50
2012.05.25 06:23:38.026,0.95851,0.95864,1.50,4.13
2012.05.25 06:23:38.388,0.95853,0.95864,1.50,1.88
2012.05.25 06:23:38.749,0.95852,0.95864,3.00,1.88
2012.05.25 06:23:38.967,0.95852,0.95863,1.50,3.38
2012.05.25 06:23:39.046,0.95848,0.9586,1.50,1.50
2012.05.25 06:23:40.212,0.95849,0.95861,1.50,1.50
2012.05.25 06:23:41.922,0.95848,0.9586,1.50,1.50
2012.05.25 06:23:42.273,0.95846,0.95858,2.25,1.50
2012.05.25 06:23:42.626,0.95845,0.95856,1.13,1.50
2012.05.25 06:23:42.705,0.95846,0.95858,2.25,1.50
2012.05.25 06:23:43.275,0.95846,0.95857,1.50,1.50
2012.05.25 06:23:43.343,0.95848,0.9586,1.50,2.63
2012.05.25 06:23:44.232,0.95849,0.95861,1.50,1.88
2012.05.25 06:23:44.782,0.95848,0.9586,1.50,2.25
2012.05.25 06:23:44.921,0.95845,0.95859,2.44,1.50
2012.05.25 06:23:45.940,0.95846,0.9586,1.50,3.00
2012.05.25 06:23:46.471,0.95845,0.95859,1.50,1.50
2012.05.25 06:23:46.611,0.95847,0.95859,1.50,1.50
2012.05.25 06:23:47.300,0.95845,0.95859,1.50,1.50
2012.05.25 06:23:47.819,0.95846,0.9586,1.50,3.75
2012.05.25 06:23:48.828,0.95846,0.95858,1.50,1.50
2012.05.25 06:23:49.033,0.95846,0.9586,2.25,2.25
2012.05.25 06:23:49.773,0.95848,0.9586,1.50,2.25
2012.05.25 06:23:50.301,0.95849,0.95861,1.50,2.44
2012.05.25 06:23:50.931,0.95852,0.95861,1.50,1.50
2012.05.25 06:23:51.064,0.95852,0.95863,1.50,1.50
2012.05.25 06:23:51.331,0.95852,0.95866,1.50,5.07
2012.05.25 06:23:51.403,0.95854,0.95866,1.50,4.69
2012.05.25 06:23:51.604,0.95852,0.95866,1.50,5.44
2012.05.25 06:23:52.165,0.95856,0.95868,1.50,6.00
2012.05.25 06:23:53.030,0.95855,0.95868,1.50,3.75
2012.05.25 06:23:53.592,0.95856,0.95868,1.50,5.25
2012.05.25 06:23:54.152,0.95855,0.95869,1.50,6.00
2012.05.25 06:23:55.100,0.95855,0.95869,1.50,4.13
2012.05.25 06:24:00.864,0.95857,0.95869,1.50,3.45
2012.05.25 06:24:01.424,0.95857,0.9587,1.50,1.58
2012.05.25 06:24:01.935,0.95858,0.9587,1.50,1.58
2012.05.25 06:24:03.894,0.95858,0.95872,1.50,2.44
2012.05.25 06:24:04.401,0.95858,0.9587,1.50,1.50
2012.05.25 06:24:07.800,0.95859,0.95871,1.50,2.44
2012.05.25 06:24:13.947,0.95863,0.95873,1.50,1.88
2012.05.25 06:24:14.304,0.95865,0.95877,1.50,1.95
2012.05.25 06:24:14.588,0.95866,0.95878,1.69,1.65
2012.05.25 06:24:14.738,0.95867,0.95881,1.69,3.00
2012.05.25 06:24:15.612,0.95867,0.95881,4.69,1.50
2012.05.25 06:24:16.446,0.95867,0.95881,2.44,3.75
2012.05.25 06:24:17.067,0.95868,0.9588,1.50,1.50
2012.05.25 06:24:17.897,0.95868,0.95882,2.25,2.44
2012.05.25 06:24:18.785,0.9587,0.95883,1.50,4.69
2012.05.25 06:24:19.135,0.95873,0.95885,2.25,3.19
2012.05.25 06:24:19.205,0.95873,0.95885,1.50,2.25
2012.05.25 06:24:19.345,0.95874,0.95887,1.50,4.05
2012.05.25 06:24:19.621,0.95875,0.95889,2.25,3.19
2012.05.25 06:24:19.693,0.95878,0.9589,1.50,3.19
2012.05.25 06:24:20.261,0.95877,0.95889,1.50,1.69
2012.05.25 06:24:21.082,0.95875,0.95887,3.75,1.50
2012.05.25 06:24:21.813,0.95873,0.95885,2.25,1.50
2012.05.25 06:24:22.540,0.95874,0.95886,2.25,1.50
2012.05.25 06:24:22.802,0.95873,0.95887,2.25,1.50
2012.05.25 06:24:23.362,0.95872,0.95886,2.63,1.88
2012.05.25 06:24:23.502,0.95872,0.95884,1.13,1.50
2012.05.25 06:24:23.853,0.95872,0.95882,1.13,1.50
2012.05.25 06:24:23.982,0.95871,0.95882,1.50,1.50
2012.05.25 06:24:24.234,0.95871,0.95884,1.50,1.50
2012.05.25 06:24:25.061,0.95871,0.95884,2.25,1.50
2012.05.25 06:24:26.153,0.95871,0.95883,1.69,1.50
2012.05.25 06:24:26.702,0.9587,0.95884,5.63,1.50
2012.05.25 06:24:27.250,0.9587,0.95884,3.75,1.50
2012.05.25 06:24:28.005,0.9587,0.95884,3.00,1.50
2012.05.25 06:24:28.560,0.95871,0.95883,1.50,1.50
2012.05.25 06:24:28.826,0.95868,0.9588,3.75,1.50
2012.05.25 06:24:29.407,0.95869,0.95881,1.50,1.50
2012.05.25 06:24:30.167,0.95868,0.95881,1.50,1.50
2012.05.25 06:24:30.523,0.9587,0.95882,1.50,1.50
2012.05.25 06:24:32.461,0.95871,0.95883,1.50,1.88
2012.05.25 06:24:32.671,0.95869,0.95883,1.50,1.88
2012.05.25 06:24:32.853,0.95871,0.95883,1.50,2.63
2012.05.25 06:24:33.664,0.95872,0.95884,1.50,1.69
2012.05.25 06:24:34.015,0.95874,0.95886,1.50,4.88
2012.05.25 06:24:34.424,0.95869,0.95883,2.44,1.50
2012.05.25 06:24:34.966,0.95869,0.95882,1.69,1.50
2012.05.25 06:24:37.063,0.95871,0.95883,1.50,2.25
2012.05.25 06:24:37.611,0.95873,0.95885,1.50,3.19
2012.05.25 06:24:38.130,0.95873,0.95885,1.50,2.25
2012.05.25 06:24:38.202,0.9587,0.95884,2.25,1.50
2012.05.25 06:24:38.331,0.95872,0.95885,1.50,1.50
2012.05.25 06:24:38.580,0.9587,0.95884,2.25,1.50
2012.05.25 06:24:39.506,0.9587,0.95884,2.25,2.25
2012.05.25 06:24:40.052,0.95869,0.95882,1.50,2.25
2012.05.25 06:24:40.562,0.95871,0.95883,1.50,2.25
2012.05.25 06:24:41.083,0.9587,0.95884,2.25,4.69
2012.05.25 06:24:41.591,0.9587,0.95884,2.25,4.69
2012.05.25 06:24:42.191,0.9587,0.95884,2.25,4.69
2012.05.25 06:24:42.719,0.9587,0.95884,2.25,5.44
2012.05.25 06:24:43.279,0.9587,0.95884,2.25,4.69
2012.05.25 06:24:43.698,0.95873,0.95886,1.50,3.38
2012.05.25 06:24:44.184,0.95876,0.95887,1.50,1.13
2012.05.25 06:24:44.255,0.95873,0.95886,3.75,1.13
2012.05.25 06:24:44.813,0.95873,0.95886,2.25,1.13
2012.05.25 06:24:45.694,0.95871,0.95883,3.00,1.50
2012.05.25 06:24:45.775,0.9587,0.95883,2.44,1.50
2012.05.25 06:24:46.313,0.95869,0.95881,2.25,1.50
2012.05.25 06:24:46.724,0.95868,0.95881,1.50,2.25
2012.05.25 06:24:47.270,0.95869,0.9588,1.50,1.50
2012.05.25 06:24:47.829,0.95866,0.9588,3.00,3.00
2012.05.25 06:24:49.023,0.95867,0.95881,2.25,3.94
2012.05.25 06:24:49.593,0.95867,0.9588,2.25,1.50
2012.05.25 06:24:49.780,0.95869,0.95881,1.50,3.94
2012.05.25 06:24:50.191,0.9587,0.95883,1.50,5.25
2012.05.25 06:24:50.732,0.95871,0.95881,1.50,1.69
2012.05.25 06:24:51.034,0.95869,0.95881,1.50,2.44
2012.05.25 06:24:51.800,0.95867,0.9588,2.25,1.50
2012.05.25 06:24:52.225,0.95867,0.9588,2.25,1.50
2012.05.25 06:24:52.373,0.95867,0.9588,2.25,1.50
2012.05.25 06:24:52.691,0.95867,0.9588,2.25,2.25
2012.05.25 06:24:52.890,0.95867,0.9588,2.25,1.50
2012.05.25 06:24:53.423,0.95868,0.9588,1.50,1.50
2012.05.25 06:24:53.493,0.9587,0.9588,1.50,1.50
2012.05.25 06:24:54.061,0.9587,0.9588,1.50,2.25
2012.05.25 06:24:54.271,0.95868,0.9588,1.50,3.00
2012.05.25 06:24:55.034,0.95866,0.9588,3.00,3.00
2012.05.25 06:24:55.604,0.95866,0.9588,3.00,3.75
2012.05.25 06:24:56.139,0.95866,0.9588,3.00,3.00
2012.05.25 06:24:57.270,0.95866,0.95879,3.00,1.50
2012.05.25 06:24:57.683,0.95866,0.9588,3.00,4.50
2012.05.25 06:24:58.042,0.95868,0.95879,1.50,1.50
2012.05.25 06:24:58.646,0.95867,0.9588,1.50,2.25
2012.05.25 06:24:58.999,0.95867,0.95879,1.50,1.50
2012.05.25 06:24:59.774,0.95866,0.95878,1.50,1.50
2012.05.25 06:25:00.326,0.95863,0.95873,1.50,1.50
2012.05.25 06:25:00.405,0.95863,0.95873,1.50,2.25
2012.05.25 06:25:00.484,0.95861,0.95873,2.25,3.75
2012.05.25 06:25:00.845,0.95858,0.9587,3.75,1.50
2012.05.25 06:25:00.925,0.9586,0.95872,1.50,2.25
2012.05.25 06:25:01.284,0.95858,0.95869,1.50,1.13
2012.05.25 06:25:01.634,0.95853,0.95865,2.18,1.50
2012.05.25 06:25:02.183,0.95852,0.95866,1.80,4.88
2012.05.25 06:25:02.322,0.95853,0.95866,1.50,3.00
2012.05.25 06:25:03.543,0.95854,0.95866,1.50,4.13
2012.05.25 06:25:04.112,0.95854,0.95865,1.50,2.25
2012.05.25 06:25:04.621,0.95853,0.95865,1.50,2.25
2012.05.25 06:25:05.165,0.95853,0.95867,1.69,4.50
2012.05.25 06:25:05.242,0.95853,0.95867,2.44,3.75
2012.05.25 06:25:05.592,0.95858,0.95869,1.50,3.38
2012.05.25 06:25:07.410,0.95858,0.95869,1.50,2.25
2012.05.25 06:25:08.263,0.95858,0.9587,1.50,2.25
2012.05.25 06:25:08.800,0.95859,0.95871,1.50,1.50
2012.05.25 06:25:09.692,0.95862,0.95874,1.50,3.94
2012.05.25 06:25:10.045,0.95864,0.95876,1.50,5.40
2012.05.25 06:25:10.601,0.95863,0.95875,1.50,1.73
2012.05.25 06:25:11.126,0.95863,0.95874,1.50,1.13
2012.05.25 06:25:11.417,0.95859,0.95872,2.25,1.73
2012.05.25 06:25:12.123,0.95857,0.95871,1.50,1.50
2012.05.25 06:25:12.190,0.95859,0.95871,1.50,1.50
2012.05.25 06:25:12.775,0.95859,0.95871,1.50,2.25
2012.05.25 06:25:13.332,0.95859,0.95871,1.50,2.63
2012.05.25 06:25:13.401,0.95857,0.95871,2.63,2.63
2012.05.25 06:25:13.744,0.95857,0.95869,1.88,1.50
2012.05.25 06:25:14.280,0.95856,0.95868,1.88,1.50
2012.05.25 06:25:14.816,0.95854,0.95868,3.94,1.73
2012.05.25 06:25:15.332,0.95852,0.95866,5.25,1.50
2012.05.25 06:25:15.401,0.95852,0.95866,3.00,1.50
2012.05.25 06:25:15.546,0.95854,0.95866,1.50,1.50
2012.05.25 06:25:16.110,0.95853,0.95864,1.50,1.13
2012.05.25 06:25:16.662,0.95853,0.95866,1.50,2.25
2012.05.25 06:25:16.876,0.95856,0.95867,1.50,2.25
2012.05.25 06:25:19.965,0.95856,0.95868,1.50,3.75
2012.05.25 06:25:20.499,0.95857,0.95869,1.50,2.44
2012.05.25 06:25:22.252,0.95857,0.95864,1.50,1.13
2012.05.25 06:25:22.331,0.95848,0.95861,3.75,1.50
2012.05.25 06:25:22.474,0.95848,0.9586,1.50,3.75
2012.05.25 06:25:22.754,0.95846,0.95857,2.25,1.50
2012.05.25 06:25:23.324,0.95847,0.95859,1.50,1.50
2012.05.25 06:25:23.532,0.95849,0.9586,1.50,2.25
2012.05.25 06:25:23.672,0.95849,0.95862,1.50,2.25
2012.05.25 06:25:25.642,0.95849,0.95861,1.50,1.13
2012.05.25 06:25:25.864,0.95848,0.95859,1.50,2.63
2012.05.25 06:25:26.072,0.95844,0.95857,1.50,2.44
2012.05.25 06:25:26.352,0.9584,0.95852,3.39,1.50
2012.05.25 06:25:26.765,0.9584,0.9585,1.89,1.50
2012.05.25 06:25:27.175,0.95835,0.95843,3.75,1.50
2012.05.25 06:25:27.324,0.95833,0.95845,1.50,7.88
2012.05.25 06:25:27.893,0.95833,0.95845,1.50,6.75
2012.05.25 06:25:28.100,0.95835,0.95845,1.50,3.00
2012.05.25 06:25:28.650,0.95834,0.95845,1.50,4.50
2012.05.25 06:25:31.932,0.95834,0.95845,1.50,4.50
2012.05.25 06:25:32.690,0.95835,0.95847,1.50,7.50
2012.05.25 06:25:33.890,0.95835,0.95847,1.50,5.63
2012.05.25 06:25:35.350,0.95835,0.95847,1.50,6.75
2012.05.25 06:25:35.493,0.9583,0.95843,1.13,1.50
2012.05.25 06:25:35.634,0.95829,0.9584,2.25,2.25
2012.05.25 06:25:35.993,0.95822,0.95832,1.14,2.63
2012.05.25 06:25:36.615,0.95821,0.95833,1.89,1.88
2012.05.25 06:25:36.698,0.95821,0.95833,2.25,1.88
2012.05.25 06:25:37.333,0.95821,0.95834,2.25,4.50
2012.05.25 06:25:37.884,0.95825,0.95837,1.50,1.69
2012.05.25 06:25:38.037,0.95823,0.95836,2.25,3.00
2012.05.25 06:25:38.589,0.95823,0.95835,2.25,1.13
2012.05.25 06:25:39.051,0.95823,0.95835,2.25,1.13
2012.05.25 06:25:39.195,0.95823,0.95834,2.25,3.00
2012.05.25 06:25:39.276,0.9582,0.95834,3.00,2.25
2012.05.25 06:25:39.703,0.95823,0.95835,1.50,2.63
2012.05.25 06:25:40.056,0.9582,0.95831,1.50,4.50
2012.05.25 06:25:40.135,0.95817,0.95829,1.50,1.69
2012.05.25 06:25:40.287,0.95817,0.95826,1.50,1.50
2012.05.25 06:25:40.503,0.95815,0.95829,2.25,2.44
2012.05.25 06:25:40.771,0.95815,0.95822,2.25,1.13
2012.05.25 06:25:40.916,0.95815,0.95821,1.50,1.50
2012.05.25 06:25:40.994,0.95814,0.95819,2.63,2.03
2012.05.25 06:25:41.149,0.95811,0.95822,1.86,2.25
2012.05.25 06:25:41.227,0.95811,0.95819,1.11,2.25
2012.05.25 06:25:41.448,0.95808,0.95819,2.25,2.25
2012.05.25 06:25:41.668,0.95808,0.95821,2.25,3.19
2012.05.25 06:25:41.886,0.95808,0.95819,2.25,1.50
2012.05.25 06:25:42.177,0.95805,0.95817,1.89,3.00
2012.05.25 06:25:42.767,0.95805,0.95818,2.25,1.50
2012.05.25 06:25:43.339,0.95805,0.95819,2.25,3.75
2012.05.25 06:25:43.485,0.95805,0.95817,1.50,1.50
2012.05.25 06:25:43.567,0.95803,0.95815,2.25,1.88
2012.05.25 06:25:43.925,0.95798,0.95811,2.25,1.50
2012.05.25 06:25:44.742,0.95798,0.95813,2.25,2.44
2012.05.25 06:25:45.023,0.95801,0.95814,2.25,2.63
2012.05.25 06:25:45.376,0.958,0.95805,1.33,1.50
2012.05.25 06:25:45.455,0.95796,0.95805,1.50,1.50
2012.05.25 06:25:45.532,0.95796,0.95805,1.50,1.50
2012.05.25 06:25:46.073,0.95797,0.95808,1.50,1.69
2012.05.25 06:25:46.471,0.95799,0.95809,3.75,2.25
2012.05.25 06:25:46.603,0.95797,0.95809,6.00,1.50
2012.05.25 06:25:47.375,0.958,0.95812,2.25,3.00
2012.05.25 06:25:47.808,0.95797,0.95812,4.50,2.25
2012.05.25 06:25:48.371,0.95798,0.95812,1.50,1.50
2012.05.25 06:25:49.003,0.95798,0.95812,2.25,1.50
2012.05.25 06:25:50.194,0.95799,0.95808,3.00,1.50
2012.05.25 06:25:50.335,0.95796,0.95806,1.14,1.13
2012.05.25 06:25:50.481,0.95795,0.95804,1.14,2.63
2012.05.25 06:25:50.623,0.95794,0.95804,1.50,2.63
2012.05.25 06:25:50.695,0.95791,0.95804,2.25,3.57
2012.05.25 06:25:50.846,0.95791,0.95802,2.25,1.13
2012.05.25 06:25:51.470,0.9579,0.95802,2.25,1.15
2012.05.25 06:25:51.933,0.95784,0.95798,4.50,1.69
2012.05.25 06:25:52.498,0.95785,0.95798,2.25,2.25
2012.05.25 06:25:53.064,0.95783,0.95797,3.75,1.20
2012.05.25 06:25:53.351,0.95783,0.95796,4.50,1.20
2012.05.25 06:25:53.694,0.95788,0.95798,2.25,2.10
2012.05.25 06:25:53.763,0.95788,0.95798,2.25,2.10
2012.05.25 06:25:53.907,0.95788,0.95803,2.25,5.63
2012.05.25 06:25:53.985,0.95788,0.95803,1.50,3.38
2012.05.25 06:25:54.132,0.95788,0.95803,3.38,1.13
2012.05.25 06:25:54.416,0.95788,0.95801,2.63,1.50
2012.05.25 06:25:54.492,0.95789,0.95803,1.50,1.13
2012.05.25 06:25:54.960,0.95789,0.95803,2.25,1.13
2012.05.25 06:25:55.031,0.95789,0.95803,2.25,2.63
2012.05.25 06:25:55.172,0.95791,0.95803,2.25,1.50
2012.05.25 06:25:55.854,0.95789,0.95803,3.00,1.50
2012.05.25 06:25:56.151,0.9579,0.95803,3.38,1.50
2012.05.25 06:25:56.224,0.9579,0.95803,2.25,1.50
2012.05.25 06:25:56.365,0.9579,0.95803,2.25,2.63
2012.05.25 06:25:56.793,0.9579,0.95802,2.25,1.13
2012.05.25 06:25:57.300,0.95789,0.95803,2.25,1.88
2012.05.25 06:25:57.742,0.95789,0.95802,3.00,1.50
2012.05.25 06:25:58.093,0.95795,0.95802,3.75,1.50
2012.05.25 06:25:58.302,0.95798,0.95811,1.50,4.05
2012.05.25 06:25:58.371,0.95796,0.95809,1.88,1.50
2012.05.25 06:25:58.723,0.958,0.95812,2.25,1.32
2012.05.25 06:25:59.072,0.95801,0.95815,1.50,4.90
2012.05.25 06:25:59.490,0.958,0.95812,3.75,1.50
2012.05.25 06:26:00.887,0.958,0.95814,3.75,3.75
2012.05.25 06:26:01.245,0.95802,0.95816,5.63,1.50
2012.05.25 06:26:01.605,0.95807,0.9582,2.25,4.43
2012.05.25 06:26:01.964,0.95809,0.9582,2.25,1.80
2012.05.25 06:26:02.332,0.95806,0.9581,3.75,1.50
2012.05.25 06:26:02.474,0.9581,0.95816,3.00,1.50
2012.05.25 06:26:02.626,0.95807,0.95812,1.50,1.13
2012.05.25 06:26:02.776,0.95803,0.95809,4.50,2.25
2012.05.25 06:26:02.853,0.95798,0.95809,1.50,2.25
2012.05.25 06:26:02.923,0.95795,0.95809,2.25,3.00
2012.05.25 06:26:03.137,0.95795,0.95807,3.75,2.25
2012.05.25 06:26:03.496,0.95795,0.95804,3.00,1.50
2012.05.25 06:26:03.644,0.95794,0.95808,1.13,2.25
2012.05.25 06:26:03.715,0.95794,0.95806,1.13,1.13
2012.05.25 06:26:04.072,0.95795,0.95808,2.25,2.25
2012.05.25 06:26:04.562,0.95798,0.95811,1.50,4.58
2012.05.25 06:26:05.503,0.95799,0.95812,1.50,2.63
2012.05.25 06:26:06.810,0.95799,0.95811,1.50,1.88
2012.05.25 06:26:07.158,0.95802,0.95811,3.00,1.50
2012.05.25 06:26:07.236,0.95802,0.95814,2.25,1.50
2012.05.25 06:26:07.383,0.95802,0.95811,4.50,1.50
2012.05.25 06:26:07.662,0.95802,0.95813,2.25,1.50
2012.05.25 06:26:07.983,0.958,0.95813,3.38,1.50
2012.05.25 06:26:08.313,0.958,0.95811,3.38,1.50
2012.05.25 06:26:08.736,0.95799,0.9581,2.25,1.50
2012.05.25 06:26:08.885,0.95796,0.95802,3.75,1.50
2012.05.25 06:26:08.965,0.95796,0.95804,2.25,1.50
2012.05.25 06:26:09.046,0.95796,0.95806,2.25,1.50
2012.05.25 06:26:09.194,0.95794,0.95805,3.75,1.50
2012.05.25 06:26:09.743,0.95794,0.95807,3.75,2.25
2012.05.25 06:26:10.094,0.95792,0.95805,4.69,1.50
2012.05.25 06:26:10.587,0.95792,0.95807,3.19,1.50
2012.05.25 06:26:11.150,0.95792,0.95807,5.25,1.50
2012.05.25 06:26:13.584,0.95793,0.95806,1.69,1.50
2012.05.25 06:26:14.089,0.95792,0.95807,5.25,1.50
2012.05.25 06:26:14.302,0.95792,0.95805,3.19,1.50
2012.05.25 06:26:14.441,0.95795,0.95808,1.50,2.25
2012.05.25 06:26:14.514,0.95797,0.95809,3.75,2.25
2012.05.25 06:26:14.724,0.95797,0.95811,4.69,3.00
2012.05.25 06:26:14.934,0.95798,0.95811,3.00,1.50
2012.05.25 06:26:15.002,0.95799,0.95813,3.00,1.95
2012.05.25 06:26:15.212,0.95802,0.95812,2.25,1.50
2012.05.25 06:26:15.285,0.95802,0.95815,4.50,1.50
2012.05.25 06:26:15.366,0.95804,0.95818,1.50,1.13
2012.05.25 06:26:15.725,0.95806,0.95819,2.25,1.88
2012.05.25 06:26:16.292,0.95806,0.95818,3.19,1.50
2012.05.25 06:26:16.854,0.95805,0.95818,5.44,1.50
2012.05.25 06:26:17.272,0.95806,0.9582,3.19,1.88
2012.05.25 06:26:17.832,0.95806,0.95819,4.69,1.50
2012.05.25 06:26:18.542,0.95806,0.9582,4.50,1.50
2012.05.25 06:26:19.683,0.95806,0.95821,2.25,3.38
2012.05.25 06:26:19.963,0.95806,0.95817,2.25,1.50
2012.05.25 06:26:20.314,0.95804,0.95818,4.50,1.50
2012.05.25 06:26:20.733,0.95806,0.9582,4.50,1.50
2012.05.25 06:26:20.804,0.95806,0.95818,3.00,1.50
2012.05.25 06:26:21.222,0.95807,0.95822,3.00,1.88
2012.05.25 06:26:22.065,0.95807,0.95819,1.50,1.50
2012.05.25 06:26:22.354,0.95806,0.95819,3.00,1.50
2012.05.25 06:26:22.773,0.95808,0.95819,3.00,1.50
2012.05.25 06:26:23.126,0.95813,0.95823,3.00,1.50
2012.05.25 06:26:23.205,0.95814,0.95825,2.25,1.50
2012.05.25 06:26:23.284,0.95814,0.95829,2.25,1.88
2012.05.25 06:26:23.352,0.95814,0.95829,2.25,1.88
2012.05.25 06:26:23.423,0.95814,0.95829,3.19,1.50
2012.05.25 06:26:23.563,0.95814,0.95829,3.19,1.50
2012.05.25 06:26:24.125,0.95816,0.95828,2.25,1.50
2012.05.25 06:26:24.273,0.95816,0.9583,2.25,3.38
2012.05.25 06:26:24.414,0.95818,0.9583,1.50,2.63
2012.05.25 06:26:24.963,0.95816,0.9583,2.25,1.50
2012.05.25 06:26:27.092,0.95815,0.95829,6.00,1.50
2012.05.25 06:26:27.519,0.95815,0.95826,1.50,1.50
2012.05.25 06:26:27.663,0.95816,0.95828,1.50,1.50
2012.05.25 06:26:27.949,0.95817,0.95831,3.00,2.44
2012.05.25 06:26:28.305,0.95816,0.95826,1.50,1.50
2012.05.25 06:26:28.453,0.95816,0.95828,2.25,1.50
2012.05.25 06:26:28.992,0.95817,0.95829,1.50,2.44
2012.05.25 06:26:29.534,0.95818,0.9583,1.50,1.50
2012.05.25 06:26:30.070,0.95817,0.95831,1.50,4.13
2012.05.25 06:26:30.575,0.95817,0.95831,1.50,4.13
2012.05.25 06:26:31.129,0.95817,0.9583,1.50,2.25
2012.05.25 06:26:32.281,0.95818,0.95831,3.75,1.50
2012.05.25 06:26:32.424,0.9582,0.95833,1.88,1.69
2012.05.25 06:26:32.777,0.95824,0.95837,2.25,1.50
2012.05.25 06:26:33.677,0.95824,0.95836,2.25,1.50
2012.05.25 06:26:35.133,0.95824,0.95836,2.25,2.25
2012.05.25 06:26:35.336,0.95821,0.95834,3.00,2.25
2012.05.25 06:26:35.414,0.95821,0.95832,1.50,1.50
2012.05.25 06:26:35.839,0.9582,0.95831,1.50,1.13
2012.05.25 06:26:35.985,0.9582,0.95829,1.50,1.50
2012.05.25 06:26:36.134,0.95817,0.95827,1.50,1.50
2012.05.25 06:26:36.555,0.95814,0.95825,3.00,1.50
2012.05.25 06:26:36.632,0.95813,0.95825,3.00,1.50
2012.05.25 06:26:37.365,0.95811,0.95822,3.21,1.50
2012.05.25 06:26:37.449,0.95811,0.95821,2.25,1.50
2012.05.25 06:26:37.524,0.95809,0.95821,2.25,1.88
2012.05.25 06:26:37.814,0.95805,0.95818,5.25,1.50
2012.05.25 06:26:37.883,0.95805,0.95818,5.25,1.50
2012.05.25 06:26:38.164,0.95805,0.95815,3.00,1.50
2012.05.25 06:26:38.442,0.95804,0.95818,5.25,2.63
2012.05.25 06:26:38.842,0.95807,0.95818,1.50,1.50
2012.05.25 06:26:39.390,0.95807,0.95819,1.50,3.38
2012.05.25 06:26:39.811,0.95805,0.95817,4.50,1.50
2012.05.25 06:26:41.933,0.95806,0.9582,1.50,1.69
2012.05.25 06:26:42.142,0.95809,0.95821,1.50,2.25
2012.05.25 06:26:42.580,0.95809,0.95821,1.50,1.50
2012.05.25 06:26:43.232,0.9581,0.95822,1.50,3.23
2012.05.25 06:26:43.983,0.95809,0.95821,1.50,1.50
2012.05.25 06:26:46.574,0.95808,0.9582,1.50,1.50
2012.05.25 06:26:46.722,0.95806,0.95818,2.25,1.50
2012.05.25 06:26:47.074,0.95804,0.95815,2.25,1.50
2012.05.25 06:26:47.590,0.95802,0.95814,5.25,1.50
2012.05.25 06:26:49.826,0.95801,0.95811,1.88,1.50
2012.05.25 06:26:49.905,0.95801,0.95813,1.88,1.50
2012.05.25 06:26:50.866,0.95802,0.95813,2.25,1.50
2012.05.25 06:26:50.946,0.95799,0.95809,3.00,1.50
2012.05.25 06:26:51.024,0.95799,0.95812,2.25,1.50
2012.05.25 06:26:51.163,0.95799,0.95811,1.50,2.44
2012.05.25 06:26:51.304,0.95797,0.95809,2.25,2.25
2012.05.25 06:26:51.662,0.95794,0.95808,4.88,2.25
2012.05.25 06:26:51.802,0.95796,0.95808,1.50,2.25
2012.05.25 06:26:52.551,0.95796,0.95808,2.25,2.25
2012.05.25 06:26:53.145,0.95796,0.95808,1.50,1.50
2012.05.25 06:26:56.131,0.95796,0.95808,1.50,2.25
2012.05.25 06:26:56.633,0.95796,0.95808,1.50,2.25
2012.05.25 06:26:59.240,0.95796,0.95808,1.50,2.44
2012.05.25 06:26:59.790,0.95796,0.95808,1.50,2.44
2012.05.25 06:27:00.363,0.95798,0.9581,1.50,4.88
2012.05.25 06:27:00.880,0.95797,0.9581,1.50,3.75
2012.05.25 06:27:02.110,0.95797,0.9581,1.50,1.13
2012.05.25 06:27:02.749,0.95797,0.9581,1.50,1.13
2012.05.25 06:27:03.224,0.958,0.95811,1.50,1.13
2012.05.25 06:27:03.291,0.95797,0.95811,3.75,3.00
2012.05.25 06:27:03.432,0.95799,0.95812,1.50,1.13
2012.05.25 06:27:04.197,0.95803,0.95815,1.50,4.13
2012.05.25 06:27:04.279,0.95804,0.95818,1.50,3.00
2012.05.25 06:27:04.351,0.95804,0.95816,1.50,1.50
2012.05.25 06:27:04.890,0.95803,0.95817,1.50,2.25
2012.05.25 06:27:05.449,0.95803,0.95817,1.50,1.65
2012.05.25 06:27:06.402,0.95805,0.95817,1.50,1.50
2012.05.25 06:27:06.757,0.95807,0.95819,1.50,3.19
2012.05.25 06:27:07.112,0.95809,0.95821,1.50,3.75
2012.05.25 06:27:07.251,0.95809,0.95821,1.50,1.50
2012.05.25 06:27:07.884,0.9581,0.95821,2.25,1.50
2012.05.25 06:27:08.433,0.95809,0.95821,4.50,1.50
2012.05.25 06:27:09.182,0.95807,0.95821,2.25,1.50
2012.05.25 06:27:09.373,0.9581,0.95822,1.50,1.69
2012.05.25 06:27:10.271,0.95809,0.95823,1.50,1.69
2012.05.25 06:27:11.263,0.9581,0.95823,1.50,1.13
2012.05.25 06:27:11.332,0.95811,0.95823,1.50,1.88
2012.05.25 06:27:11.532,0.95813,0.95823,1.50,1.13
2012.05.25 06:27:11.871,0.9581,0.95824,1.50,2.10
2012.05.25 06:27:12.404,0.95809,0.95823,1.50,2.63
2012.05.25 06:27:12.931,0.95808,0.95823,1.50,1.88
2012.05.25 06:27:13.448,0.95809,0.95823,1.50,4.13
2012.05.25 06:27:15.289,0.9581,0.95822,1.50,2.25
2012.05.25 06:27:15.562,0.95808,0.95822,1.50,2.25
2012.05.25 06:27:15.691,0.9581,0.95822,1.50,2.25
2012.05.25 06:27:15.833,0.95808,0.95822,1.50,2.25
2012.05.25 06:27:16.104,0.9581,0.95822,1.50,2.25
2012.05.25 06:27:16.454,0.95811,0.95821,1.50,1.13
2012.05.25 06:27:16.664,0.95802,0.95813,1.13,1.50
2012.05.25 06:27:16.874,0.95803,0.95815,1.50,2.25
2012.05.25 06:27:16.943,0.95801,0.95813,2.25,1.50
2012.05.25 06:27:17.011,0.95799,0.95813,4.28,1.50
2012.05.25 06:27:17.211,0.95801,0.95813,1.50,2.63
2012.05.25 06:27:17.411,0.95799,0.95813,4.28,1.50
2012.05.25 06:27:18.006,0.95799,0.95813,4.28,2.25
2012.05.25 06:27:18.724,0.95799,0.95813,2.25,1.50
2012.05.25 06:27:18.793,0.95799,0.95813,2.25,2.25
2012.05.25 06:27:19.146,0.95796,0.95809,3.00,2.25
2012.05.25 06:27:19.227,0.95796,0.95808,2.25,2.25
2012.05.25 06:27:19.305,0.95796,0.95809,2.25,2.25
2012.05.25 06:27:19.863,0.95796,0.95808,2.25,1.50
2012.05.25 06:27:20.077,0.958,0.95811,1.50,1.69
2012.05.25 06:27:20.365,0.958,0.95814,1.50,3.94
2012.05.25 06:27:20.582,0.95802,0.95815,1.50,2.44
2012.05.25 06:27:20.934,0.95805,0.95819,1.50,4.88
2012.05.25 06:27:21.190,0.95805,0.95819,1.50,2.63
2012.05.25 06:27:21.261,0.95807,0.95819,1.50,2.63
2012.05.25 06:27:21.813,0.95807,0.95819,1.50,2.25
2012.05.25 06:27:22.491,0.95808,0.9582,1.50,4.13
2012.05.25 06:27:23.992,0.95806,0.9582,1.50,4.13
2012.05.25 06:27:24.513,0.95805,0.95817,2.25,1.50
2012.05.25 06:27:24.723,0.95803,0.95817,2.63,1.50
2012.05.25 06:27:25.202,0.95806,0.95819,1.50,2.63
2012.05.25 06:27:26.083,0.95806,0.95819,1.50,1.88
2012.05.25 06:27:26.923,0.95808,0.9582,1.50,5.82
2012.05.25 06:27:27.472,0.95807,0.95819,1.50,2.44
2012.05.25 06:27:28.087,0.95808,0.9582,1.50,3.57
2012.05.25 06:27:30.002,0.95808,0.9582,1.50,3.38
2012.05.25 06:27:30.366,0.95815,0.95827,1.50,2.63
2012.05.25 06:27:30.726,0.95813,0.95824,2.25,1.50
2012.05.25 06:27:31.261,0.95813,0.95825,1.50,2.25
2012.05.25 06:27:31.790,0.95814,0.95828,1.50,4.50
2012.05.25 06:27:32.961,0.95814,0.95827,1.50,1.50
2012.05.25 06:27:33.513,0.95814,0.95827,1.50,1.50
2012.05.25 06:27:34.984,0.95814,0.95828,1.50,4.50
2012.05.25 06:27:35.055,0.95812,0.95824,2.25,1.50
2012.05.25 06:27:35.207,0.95811,0.95822,1.69,1.50
2012.05.25 06:27:35.355,0.95811,0.95825,3.19,2.25
2012.05.25 06:27:36.086,0.95812,0.95824,3.75,2.25
2012.05.25 06:27:36.167,0.95815,0.95827,1.50,4.50
2012.05.25 06:27:36.500,0.95813,0.95824,1.50,1.50
2012.05.25 06:27:37.067,0.95811,0.95825,4.69,3.00
2012.05.25 06:27:37.426,0.95813,0.95819,1.50,1.13
2012.05.25 06:27:37.573,0.95809,0.95819,1.50,1.13
2012.05.25 06:27:37.832,0.9581,0.95818,1.50,1.88
2012.05.25 06:27:37.974,0.95806,0.95815,2.25,1.50
2012.05.25 06:27:38.115,0.95803,0.95815,3.75,1.50
2012.05.25 06:27:38.613,0.95802,0.95814,2.25,1.13
2012.05.25 06:27:38.744,0.95801,0.95814,3.00,1.13
2012.05.25 06:27:39.024,0.95801,0.95813,1.50,1.88
2012.05.25 06:27:39.373,0.95798,0.95808,2.44,1.13
2012.05.25 06:27:39.441,0.95798,0.95811,1.69,1.88
2012.05.25 06:27:39.997,0.958,0.95811,1.50,2.63
2012.05.25 06:27:41.784,0.958,0.95814,1.50,6.75
2012.05.25 06:27:41.920,0.95799,0.95811,1.50,1.50
2012.05.25 06:27:41.993,0.95799,0.95813,3.75,1.50
2012.05.25 06:27:42.204,0.95801,0.95813,1.50,1.50
2012.05.25 06:27:42.552,0.95805,0.95817,1.50,4.88
2012.05.25 06:27:43.033,0.95803,0.95817,3.75,1.50
2012.05.25 06:27:43.549,0.95804,0.95818,2.25,3.57
2012.05.25 06:27:44.352,0.95805,0.95817,1.50,1.50
2012.05.25 06:27:44.773,0.95804,0.95816,1.50,2.25
2012.05.25 06:27:45.191,0.95802,0.95815,1.50,1.50
2012.05.25 06:27:45.700,0.95801,0.95815,2.25,1.50
2012.05.25 06:27:45.844,0.958,0.95811,1.13,1.50
2012.05.25 06:27:46.127,0.958,0.95813,3.00,1.50
2012.05.25 06:27:46.271,0.958,0.95811,3.00,1.50
2012.05.25 06:27:47.040,0.958,0.95812,2.25,3.00
2012.05.25 06:27:48.925,0.95801,0.95813,1.50,1.50
2012.05.25 06:27:49.350,0.95803,0.95815,1.50,1.69
2012.05.25 06:27:49.881,0.95802,0.95814,1.50,1.69
2012.05.25 06:27:50.554,0.95801,0.95815,1.50,1.50
2012.05.25 06:27:50.891,0.958,0.95813,2.25,1.50
2012.05.25 06:27:51.163,0.95803,0.95817,1.50,5.07
2012.05.25 06:27:51.661,0.95805,0.95817,1.50,2.07
2012.05.25 06:27:52.432,0.95805,0.95818,1.50,2.25
2012.05.25 06:27:55.532,0.95807,0.95819,1.50,2.63
2012.05.25 06:27:56.182,0.95807,0.95819,2.25,1.50
2012.05.25 06:27:57.663,0.95807,0.9582,2.25,1.13
2012.05.25 06:27:58.018,0.95814,0.95823,3.75,2.48
2012.05.25 06:27:58.304,0.95817,0.95829,1.50,1.13
2012.05.25 06:27:58.375,0.95819,0.95829,1.50,1.13
2012.05.25 06:27:58.664,0.95817,0.95831,1.50,2.25
2012.05.25 06:27:59.210,0.95817,0.95831,1.50,1.50
2012.05.25 06:27:59.753,0.95818,0.95831,1.50,3.94
2012.05.25 06:28:01.293,0.95818,0.95832,1.50,7.88
2012.05.25 06:28:01.852,0.95819,0.9583,1.50,3.19
2012.05.25 06:28:03.340,0.95819,0.9583,1.50,3.19
2012.05.25 06:28:03.810,0.95817,0.95832,1.50,4.50
2012.05.25 06:28:04.573,0.95817,0.9583,1.50,2.25
2012.05.25 06:28:05.154,0.95817,0.9583,1.50,2.25
2012.05.25 06:28:06.009,0.95817,0.9583,2.25,2.25
2012.05.25 06:28:06.962,0.95817,0.9583,3.00,2.25
2012.05.25 06:28:07.175,0.95818,0.95832,3.60,1.65
2012.05.25 06:28:07.565,0.95823,0.95832,1.50,1.50
2012.05.25 06:28:08.066,0.95822,0.95834,1.50,1.39
2012.05.25 06:28:08.356,0.9582,0.95834,2.25,2.74
2012.05.25 06:28:08.863,0.95821,0.95834,1.50,1.80
2012.05.25 06:28:10.184,0.95821,0.95834,1.50,2.18
2012.05.25 06:28:10.254,0.95823,0.95834,1.50,1.43
2012.05.25 06:28:10.392,0.95822,0.95835,1.50,3.04
2012.05.25 06:28:10.533,0.95822,0.95835,1.50,2.67
2012.05.25 06:28:11.080,0.95821,0.95834,1.50,1.43
2012.05.25 06:28:11.595,0.9582,0.95833,2.25,1.73
2012.05.25 06:28:11.744,0.95818,0.95833,3.00,1.69
2012.05.25 06:28:12.023,0.95818,0.95832,6.00,1.65
2012.05.25 06:28:12.425,0.95817,0.9583,5.63,2.25
2012.05.25 06:28:13.422,0.95815,0.95829,1.88,2.25
2012.05.25 06:28:13.971,0.95815,0.95828,1.50,2.44
2012.05.25 06:28:14.511,0.95814,0.95828,1.50,1.69
2012.05.25 06:28:15.041,0.95815,0.95828,1.50,1.69
2012.05.25 06:28:15.732,0.95814,0.95828,1.50,1.69
2012.05.25 06:28:16.300,0.95815,0.95828,1.50,1.69
2012.05.25 06:28:16.839,0.95814,0.95828,1.50,1.69
2012.05.25 06:28:17.378,0.95815,0.95828,1.50,3.19
2012.05.25 06:28:17.898,0.95815,0.95828,1.50,3.19
2012.05.25 06:28:18.511,0.95813,0.95827,1.50,2.25
2012.05.25 06:28:22.322,0.95815,0.95828,1.50,1.50
2012.05.25 06:28:22.890,0.95814,0.95828,1.50,3.00
2012.05.25 06:28:23.412,0.95815,0.95828,1.50,1.50
2012.05.25 06:28:23.671,0.95815,0.95829,3.00,3.19
2012.05.25 06:28:23.813,0.95817,0.95829,1.50,1.69
2012.05.25 06:28:24.140,0.9582,0.9583,1.50,3.94
2012.05.25 06:28:24.680,0.95819,0.95831,1.50,6.75
2012.05.25 06:28:25.199,0.95819,0.95831,1.50,4.88
2012.05.25 06:28:25.763,0.9582,0.95831,1.50,3.75
2012.05.25 06:28:25.974,0.9582,0.95833,1.50,4.35
2012.05.25 06:28:30.082,0.9582,0.95833,1.50,3.98
2012.05.25 06:28:30.599,0.9582,0.95833,1.50,2.70
2012.05.25 06:28:33.130,0.9582,0.95833,1.50,2.70
2012.05.25 06:28:34.551,0.9582,0.95833,2.25,2.48
2012.05.25 06:28:34.829,0.9582,0.95834,2.25,5.33
2012.05.25 06:28:37.275,0.9582,0.95834,2.25,2.63
2012.05.25 06:28:37.691,0.95823,0.95837,1.50,5.07
2012.05.25 06:28:38.239,0.95823,0.95837,1.50,3.94
2012.05.25 06:28:38.753,0.95822,0.95836,2.25,2.44
2012.05.25 06:28:39.553,0.95822,0.95837,1.50,1.13
2012.05.25 06:28:40.982,0.95822,0.95838,1.50,2.44
2012.05.25 06:28:41.320,0.95825,0.95839,1.50,7.32
2012.05.25 06:28:41.992,0.95824,0.95839,1.50,7.32
2012.05.25 06:28:42.561,0.95825,0.95838,1.50,2.25
2012.05.25 06:28:47.410,0.95824,0.95838,1.50,2.25
2012.05.25 06:28:48.549,0.95822,0.95836,2.25,3.75
2012.05.25 06:28:48.901,0.95824,0.95835,1.50,2.25
2012.05.25 06:28:49.523,0.95824,0.95836,1.50,1.13
2012.05.25 06:28:50.165,0.95824,0.95835,1.50,2.25
2012.05.25 06:28:51.046,0.95824,0.95836,1.50,1.13
2012.05.25 06:28:55.573,0.95824,0.95836,1.50,1.88
2012.05.25 06:28:57.986,0.95821,0.95837,4.88,2.46
2012.05.25 06:28:58.521,0.95825,0.95838,1.50,3.57
2012.05.25 06:28:58.592,0.95825,0.95838,1.50,4.32
2012.05.25 06:28:58.663,0.95825,0.95838,1.50,3.57
2012.05.25 06:28:58.732,0.95823,0.95838,1.50,2.07
2012.05.25 06:28:59.271,0.95822,0.95836,1.50,2.25
2012.05.25 06:28:59.601,0.95821,0.95834,1.88,1.50
2012.05.25 06:29:01.734,0.95822,0.95836,1.50,4.88
2012.05.25 06:29:02.043,0.95822,0.95832,1.50,1.88
2012.05.25 06:29:02.113,0.95819,0.95831,2.25,1.50
2012.05.25 06:29:02.383,0.95818,0.95832,1.50,4.50
2012.05.25 06:29:02.790,0.95821,0.95832,1.50,3.75
2012.05.25 06:29:05.554,0.95823,0.95837,1.50,3.75
2012.05.25 06:29:05.915,0.95825,0.95837,1.50,3.75
2012.05.25 06:29:06.266,0.95823,0.95838,1.50,3.00
2012.05.25 06:29:06.613,0.95825,0.95839,1.50,4.50
2012.05.25 06:29:06.896,0.95823,0.95838,1.50,1.50
2012.05.25 06:29:07.442,0.95824,0.95839,1.50,5.25
2012.05.25 06:29:08.714,0.95827,0.95839,1.50,3.75
2012.05.25 06:29:09.272,0.95827,0.9584,1.50,2.85
2012.05.25 06:29:09.825,0.95829,0.95841,1.50,4.43
2012.05.25 06:29:09.979,0.95829,0.95843,1.50,1.58
2012.05.25 06:29:10.124,0.95829,0.95843,4.13,1.50
2012.05.25 06:29:10.196,0.95835,0.95844,1.50,1.69
2012.05.25 06:29:10.551,0.95835,0.95846,1.50,3.83
2012.05.25 06:29:11.021,0.95843,0.95848,1.50,1.57
2012.05.25 06:29:11.095,0.95843,0.95852,1.50,1.89
2012.05.25 06:29:11.174,0.95843,0.95852,1.50,1.87
2012.05.25 06:29:11.313,0.95842,0.95855,1.50,3.21
2012.05.25 06:29:11.870,0.95843,0.95855,1.50,3.96
2012.05.25 06:29:12.081,0.95842,0.95855,1.50,3.94
2012.05.25 06:29:12.222,0.9584,0.95855,1.50,5.44
2012.05.25 06:29:12.992,0.95842,0.95855,1.50,3.94
2012.05.25 06:29:13.621,0.95842,0.95856,1.50,4.50
2012.05.25 06:29:14.092,0.95842,0.95855,1.50,3.00
2012.05.25 06:29:14.163,0.95839,0.95854,1.69,2.25
2012.05.25 06:29:14.584,0.95842,0.95855,1.50,3.00
2012.05.25 06:29:14.650,0.95842,0.95855,1.50,3.00
2012.05.25 06:29:15.280,0.95842,0.95855,1.50,3.00
2012.05.25 06:29:15.818,0.95842,0.95855,1.50,3.19
2012.05.25 06:29:16.340,0.95841,0.95855,1.50,3.19
2012.05.25 06:29:16.904,0.95842,0.95855,1.50,2.44
2012.05.25 06:29:16.973,0.95844,0.95855,1.50,1.50
2012.05.25 06:29:17.045,0.95844,0.95855,1.50,1.50
2012.05.25 06:29:17.600,0.95845,0.95858,1.50,6.75
2012.05.25 06:29:17.884,0.95843,0.95857,1.50,2.25
2012.05.25 06:29:19.173,0.95843,0.95856,1.50,1.50
2012.05.25 06:29:19.242,0.9584,0.95856,1.69,4.13
2012.05.25 06:29:19.443,0.95842,0.95855,1.50,2.25
2012.05.25 06:29:19.775,0.95841,0.9585,1.50,1.88
2012.05.25 06:29:19.924,0.95838,0.95849,2.25,2.63
2012.05.25 06:29:19.997,0.95836,0.95849,1.50,1.50
2012.05.25 06:29:20.535,0.95835,0.95849,2.44,1.50
2012.05.25 06:29:21.040,0.95835,0.95849,1.69,1.50
2012.05.25 06:29:21.807,0.95835,0.95847,1.50,1.50
2012.05.25 06:29:21.893,0.95835,0.95846,1.50,2.63
2012.05.25 06:29:22.106,0.95832,0.95845,1.50,3.38
2012.05.25 06:29:22.252,0.9583,0.95845,1.89,3.38
2012.05.25 06:29:22.810,0.95831,0.95845,1.50,4.13
2012.05.25 06:29:23.531,0.95831,0.95845,1.50,4.13
2012.05.25 06:29:23.601,0.95831,0.95842,1.50,2.25
2012.05.25 06:29:23.743,0.95827,0.95838,1.50,2.25
2012.05.25 06:29:24.022,0.95824,0.95837,2.25,2.25
2012.05.25 06:29:24.445,0.95824,0.95837,1.50,2.25
2012.05.25 06:29:25.098,0.95825,0.95837,1.50,2.25
2012.05.25 06:29:25.245,0.95832,0.95837,1.50,2.25
2012.05.25 06:29:25.394,0.95832,0.95844,1.50,1.13
2012.05.25 06:29:25.932,0.95831,0.95844,1.50,1.88
2012.05.25 06:29:26.440,0.95831,0.95844,1.50,1.50
2012.05.25 06:29:26.973,0.95832,0.95845,1.50,3.38
2012.05.25 06:29:29.451,0.95836,0.95845,1.50,1.88
2012.05.25 06:29:29.875,0.95837,0.95847,1.50,3.00
2012.05.25 06:29:30.432,0.95836,0.95848,1.50,1.50
2012.05.25 06:29:30.951,0.95835,0.95848,2.25,3.00
2012.05.25 06:29:31.719,0.95834,0.95847,3.19,3.00
2012.05.25 06:29:31.865,0.95831,0.95844,2.25,1.50
2012.05.25 06:29:32.433,0.95829,0.95844,1.50,2.82
2012.05.25 06:29:33.007,0.9583,0.95844,1.50,2.82
2012.05.25 06:29:34.093,0.95829,0.95844,1.50,1.32
2012.05.25 06:29:34.701,0.9583,0.95844,1.50,2.82
2012.05.25 06:29:35.254,0.95829,0.95844,1.50,2.63
2012.05.25 06:29:35.849,0.95829,0.95844,1.50,2.63
2012.05.25 06:29:36.050,0.95829,0.95841,1.50,1.50
2012.05.25 06:29:36.123,0.95826,0.95839,3.00,3.19
2012.05.25 06:29:36.322,0.95824,0.95839,3.00,5.44
2012.05.25 06:29:36.863,0.95825,0.95837,1.50,2.25
2012.05.25 06:29:37.390,0.95824,0.95837,2.25,2.25
2012.05.25 06:29:37.955,0.95825,0.95837,1.50,2.25
2012.05.25 06:29:38.525,0.95827,0.95839,1.50,1.50
2012.05.25 06:29:38.733,0.95823,0.95837,3.19,2.25
2012.05.25 06:29:39.261,0.95824,0.95838,1.69,1.88
2012.05.25 06:29:39.821,0.95825,0.95838,1.50,1.13
2012.05.25 06:29:44.195,0.95824,0.95838,3.00,1.88
2012.05.25 06:29:44.278,0.95826,0.95839,1.50,2.82
2012.05.25 06:29:44.638,0.95828,0.95841,2.25,2.25
2012.05.25 06:29:44.714,0.9583,0.95842,1.50,1.50
2012.05.25 06:29:44.782,0.95833,0.95845,1.50,5.25
2012.05.25 06:29:44.851,0.95833,0.95844,1.50,1.50
2012.05.25 06:29:45.414,0.95832,0.95845,1.50,1.50
2012.05.25 06:29:45.690,0.95834,0.95846,1.50,1.88
2012.05.25 06:29:46.258,0.95835,0.95847,1.50,5.63
2012.05.25 06:29:46.607,0.95835,0.9584,1.50,1.50
2012.05.25 06:29:47.142,0.95829,0.95843,1.69,2.25
2012.05.25 06:29:47.353,0.95831,0.95843,1.50,2.25
2012.05.25 06:29:47.903,0.9583,0.95842,2.25,2.25
2012.05.25 06:29:48.465,0.95828,0.95842,1.69,4.13
2012.05.25 06:29:48.814,0.95827,0.95839,1.50,2.63
2012.05.25 06:29:49.304,0.95827,0.95838,1.50,2.63
2012.05.25 06:29:50.674,0.95829,0.95838,1.50,1.13
2012.05.25 06:29:51.220,0.95829,0.9584,1.50,3.00
2012.05.25 06:29:51.361,0.9583,0.95843,1.50,6.38
2012.05.25 06:29:51.801,0.95832,0.95843,1.50,2.25
2012.05.25 06:29:51.942,0.95832,0.95844,1.50,6.75
2012.05.25 06:29:53.133,0.95834,0.95846,1.50,4.50
2012.05.25 06:29:53.206,0.95834,0.95846,1.50,3.75
2012.05.25 06:29:53.741,0.95834,0.95848,1.50,3.19
2012.05.25 06:29:54.251,0.95834,0.95848,1.50,2.25
2012.05.25 06:29:54.323,0.95836,0.95849,1.50,1.50
2012.05.25 06:29:54.890,0.95836,0.9585,1.50,6.38
2012.05.25 06:29:56.024,0.95837,0.95849,1.50,2.25
2012.05.25 06:29:56.361,0.95838,0.95851,1.50,3.94
2012.05.25 06:29:56.919,0.95838,0.9585,1.50,1.50
2012.05.25 06:29:57.630,0.95838,0.95851,1.50,3.94
2012.05.25 06:30:00.292,0.95837,0.95851,3.00,3.75
2012.05.25 06:30:00.483,0.95839,0.95851,1.50,3.75
2012.05.25 06:30:01.021,0.95838,0.95851,1.50,2.25
2012.05.25 06:30:01.363,0.95835,0.95849,3.75,1.50
2012.05.25 06:30:01.714,0.95834,0.95847,1.13,1.50
2012.05.25 06:30:02.385,0.95834,0.95846,1.13,1.50
2012.05.25 06:30:02.730,0.95832,0.95844,2.25,1.50
2012.05.25 06:30:03.080,0.95835,0.95847,1.50,4.50
2012.05.25 06:30:03.533,0.95833,0.95846,1.50,1.13
2012.05.25 06:30:04.125,0.95831,0.95845,2.44,2.25
2012.05.25 06:30:04.331,0.9583,0.95844,2.25,3.00
2012.05.25 06:30:05.523,0.9583,0.95844,1.50,3.00
2012.05.25 06:30:06.322,0.95829,0.95841,1.50,2.25
2012.05.25 06:30:06.859,0.95828,0.95842,1.50,3.00
2012.05.25 06:30:07.382,0.95828,0.95842,1.50,3.00
2012.05.25 06:30:07.737,0.95832,0.95844,1.50,1.50
2012.05.25 06:30:08.025,0.95834,0.95848,1.50,4.88
2012.05.25 06:30:08.651,0.95835,0.95847,1.50,3.00
2012.05.25 06:30:09.035,0.95832,0.95844,5.25,1.50
2012.05.25 06:30:09.689,0.95834,0.95847,1.50,1.50
2012.05.25 06:30:10.773,0.95834,0.95847,1.50,2.63
2012.05.25 06:30:11.323,0.95834,0.95848,1.50,3.00
2012.05.25 06:30:12.114,0.95834,0.95847,1.50,1.50
2012.05.25 06:30:12.712,0.95834,0.95847,1.50,1.50
2012.05.25 06:30:14.280,0.95834,0.95846,1.50,1.50
2012.05.25 06:30:14.820,0.95835,0.95847,1.50,3.00
2012.05.25 06:30:16.125,0.95833,0.95847,2.25,3.75
2012.05.25 06:30:16.617,0.95832,0.95845,1.13,1.50
2012.05.25 06:30:17.045,0.95836,0.95847,1.50,1.50
2012.05.25 06:30:17.314,0.95832,0.95846,1.88,2.63
2012.05.25 06:30:17.594,0.95834,0.95846,1.50,1.88
2012.05.25 06:30:18.512,0.95834,0.95846,1.50,1.88
2012.05.25 06:30:19.043,0.95834,0.95846,1.50,1.13
2012.05.25 06:30:20.563,0.95834,0.95847,1.50,2.63
2012.05.25 06:30:20.990,0.95834,0.95847,1.50,2.63
2012.05.25 06:30:21.120,0.95835,0.95847,1.50,4.88
2012.05.25 06:30:23.431,0.95837,0.95849,1.50,1.69
2012.05.25 06:30:24.026,0.95837,0.9585,1.50,1.65
2012.05.25 06:30:26.779,0.95835,0.95848,2.25,1.88
2012.05.25 06:30:27.346,0.95835,0.95847,2.25,1.50
2012.05.25 06:30:27.428,0.95837,0.95849,1.50,2.25
2012.05.25 06:30:30.748,0.95837,0.95849,6.00,1.50
2012.05.25 06:30:31.174,0.95841,0.95853,1.50,1.80
2012.05.25 06:30:31.243,0.95841,0.95853,1.50,2.25
2012.05.25 06:30:31.793,0.95839,0.95851,3.38,1.50
2012.05.25 06:30:32.423,0.95839,0.9585,1.50,1.13
2012.05.25 06:30:32.493,0.95837,0.95849,1.69,2.25
2012.05.25 06:30:32.633,0.95835,0.95847,4.50,1.50
2012.05.25 06:30:32.973,0.95835,0.95843,2.25,1.50
2012.05.25 06:30:33.114,0.95832,0.95843,1.50,2.25
2012.05.25 06:30:33.650,0.95831,0.95843,1.88,1.88
2012.05.25 06:30:34.324,0.95829,0.95841,3.75,1.50
2012.05.25 06:30:34.882,0.9583,0.95842,2.25,3.38
2012.05.25 06:30:35.732,0.95828,0.95841,3.19,1.13
2012.05.25 06:30:37.372,0.95828,0.9584,3.00,1.88
2012.05.25 06:30:37.657,0.95827,0.95839,3.00,1.50
2012.05.25 06:30:38.223,0.95828,0.95839,1.50,1.13
2012.05.25 06:30:39.440,0.95828,0.95841,1.50,2.44
2012.05.25 06:30:40.823,0.95826,0.95839,1.50,1.50
2012.05.25 06:30:41.380,0.95826,0.9584,3.00,3.00
2012.05.25 06:30:41.453,0.95826,0.95838,3.00,1.50
2012.05.25 06:30:41.992,0.95825,0.95837,1.13,2.63
2012.05.25 06:30:42.626,0.95826,0.95839,3.00,1.50
2012.05.25 06:30:42.970,0.95828,0.95841,1.50,5.33
2012.05.25 06:30:43.492,0.95827,0.95839,2.25,1.50
2012.05.25 06:30:43.632,0.95828,0.95842,2.25,1.50
2012.05.25 06:30:44.166,0.95828,0.95842,3.00,1.50
2012.05.25 06:30:45.434,0.95829,0.95843,2.25,1.50
2012.05.25 06:30:49.881,0.95829,0.95843,3.19,1.50
2012.05.25 06:30:50.106,0.95833,0.95845,1.50,1.50
2012.05.25 06:30:50.464,0.95837,0.95846,1.50,1.35
2012.05.25 06:30:51.144,0.95836,0.95848,1.50,4.50
2012.05.25 06:30:51.216,0.95836,0.95848,1.50,1.50
2012.05.25 06:30:52.972,0.95836,0.95848,1.50,2.25
2012.05.25 06:30:53.555,0.95836,0.95848,1.50,2.25
2012.05.25 06:30:54.314,0.95835,0.95849,1.50,4.92
2012.05.25 06:30:54.856,0.95835,0.95848,1.50,3.00
2012.05.25 06:30:55.482,0.95835,0.95847,1.50,2.25
2012.05.25 06:30:56.013,0.95834,0.95847,1.50,2.25
2012.05.25 06:30:56.155,0.95834,0.95844,1.50,1.50
2012.05.25 06:30:56.798,0.95833,0.95845,1.50,2.25
2012.05.25 06:30:57.282,0.95833,0.95846,2.25,3.75
2012.05.25 06:30:57.833,0.95832,0.95843,1.50,3.38
2012.05.25 06:30:58.045,0.95829,0.95841,3.19,1.50
2012.05.25 06:30:58.603,0.9583,0.95842,1.50,4.13
2012.05.25 06:30:58.674,0.9583,0.95841,1.50,1.50
2012.05.25 06:30:59.024,0.95829,0.9584,1.50,2.07
2012.05.25 06:30:59.094,0.95827,0.95839,1.50,2.25
2012.05.25 06:30:59.163,0.95825,0.95839,3.00,2.25
2012.05.25 06:30:59.433,0.95823,0.95834,1.50,1.50
2012.05.25 06:30:59.504,0.95823,0.95834,1.50,1.50
2012.05.25 06:31:00.068,0.95822,0.95834,2.25,1.50
2012.05.25 06:31:02.019,0.95821,0.95833,2.25,1.50
2012.05.25 06:31:02.447,0.9582,0.95832,2.25,3.00
2012.05.25 06:31:02.921,0.95818,0.95832,1.88,3.38
2012.05.25 06:31:03.241,0.95817,0.95828,3.00,1.50
2012.05.25 06:31:03.854,0.95817,0.95829,4.50,1.50
2012.05.25 06:31:04.362,0.95817,0.95828,3.00,1.50
2012.05.25 06:31:04.553,0.95817,0.9583,3.00,1.50
2012.05.25 06:31:05.101,0.95818,0.95829,1.13,1.50
2012.05.25 06:31:06.188,0.95817,0.95828,3.00,1.50
2012.05.25 06:31:06.732,0.95817,0.95827,3.00,1.50
2012.05.25 06:31:08.978,0.95815,0.95826,2.25,1.50
2012.05.25 06:31:09.130,0.95813,0.95825,2.44,1.50
2012.05.25 06:31:09.485,0.95811,0.95825,3.75,1.50
2012.05.25 06:31:10.094,0.95811,0.95825,2.25,2.25
2012.05.25 06:31:10.784,0.9581,0.9582,1.88,1.50
2012.05.25 06:31:10.926,0.95811,0.95825,1.50,4.13
2012.05.25 06:31:11.493,0.95812,0.95825,1.50,1.50
2012.05.25 06:31:12.060,0.95811,0.95825,1.50,3.00
2012.05.25 06:31:12.671,0.95811,0.95825,1.50,3.00
2012.05.25 06:31:13.185,0.95811,0.95825,1.50,3.23
2012.05.25 06:31:13.332,0.95813,0.95825,1.50,3.23
2012.05.25 06:31:13.980,0.95811,0.95825,1.50,2.48
2012.05.25 06:31:14.491,0.95812,0.95826,1.50,8.85
2012.05.25 06:31:14.999,0.95812,0.95824,1.50,1.50
2012.05.25 06:31:16.064,0.95814,0.95826,1.50,4.77
2012.05.25 06:31:16.582,0.95814,0.95826,1.50,1.17
2012.05.25 06:31:17.483,0.95816,0.95828,1.50,3.00
2012.05.25 06:31:17.693,0.95813,0.95827,2.63,1.50
2012.05.25 06:31:18.011,0.95815,0.95827,1.50,1.50
2012.05.25 06:31:18.146,0.95813,0.95827,2.63,1.50
2012.05.25 06:31:18.832,0.95814,0.95828,1.50,1.50
2012.05.25 06:31:21.141,0.95813,0.95827,2.44,1.50
2012.05.25 06:31:22.533,0.95814,0.95827,1.13,1.50
2012.05.25 06:31:22.673,0.95816,0.95829,1.50,1.13
2012.05.25 06:31:23.087,0.95815,0.95826,2.25,1.50
2012.05.25 06:31:23.625,0.95815,0.95827,3.94,1.50
2012.05.25 06:31:25.245,0.95815,0.95827,2.25,2.25
2012.05.25 06:31:25.583,0.95813,0.95824,1.13,1.50
2012.05.25 06:31:26.145,0.95812,0.95822,2.25,1.50
2012.05.25 06:31:27.564,0.95812,0.95825,2.25,1.50
2012.05.25 06:31:28.126,0.95815,0.95827,1.50,4.13
2012.05.25 06:31:28.413,0.95812,0.95825,3.38,1.50
2012.05.25 06:31:29.001,0.95813,0.95825,1.50,1.50
2012.05.25 06:31:29.522,0.95812,0.95826,2.63,3.00
2012.05.25 06:31:30.033,0.95812,0.95825,1.13,1.50
2012.05.25 06:31:31.516,0.95815,0.95827,1.50,2.63
2012.05.25 06:31:31.594,0.95813,0.95827,1.50,2.63
2012.05.25 06:31:32.274,0.95813,0.95827,1.50,2.63
2012.05.25 06:31:35.412,0.95813,0.95827,1.50,1.88
2012.05.25 06:31:35.990,0.95815,0.95827,1.50,1.50
2012.05.25 06:31:36.650,0.95813,0.95827,1.50,1.50
2012.05.25 06:31:36.720,0.95815,0.95827,1.50,1.50
2012.05.25 06:31:37.261,0.95815,0.95827,1.50,1.80
2012.05.25 06:31:37.330,0.95813,0.95827,1.50,1.65
2012.05.25 06:31:37.400,0.95813,0.95827,1.50,2.25
2012.05.25 06:31:37.590,0.95815,0.95827,1.50,2.25
2012.05.25 06:31:39.378,0.95816,0.95828,1.50,2.63
2012.05.25 06:31:39.970,0.95816,0.95828,1.50,1.88
2012.05.25 06:31:40.762,0.95817,0.95829,1.50,3.19
2012.05.25 06:31:41.091,0.95815,0.95829,3.00,3.19
2012.05.25 06:31:41.712,0.95817,0.95829,1.50,3.42
2012.05.25 06:31:42.142,0.95815,0.95829,3.00,3.19
2012.05.25 06:31:42.280,0.95817,0.95829,1.50,3.19
2012.05.25 06:31:42.839,0.95816,0.95828,1.50,1.69
2012.05.25 06:31:44.742,0.95816,0.9583,1.50,5.18
2012.05.25 06:31:45.271,0.95817,0.9583,1.50,3.53
2012.05.25 06:31:45.625,0.95819,0.9583,1.50,1.20
2012.05.25 06:31:45.986,0.95825,0.95831,1.50,1.05
2012.05.25 06:31:46.476,0.95825,0.95832,1.50,1.58
2012.05.25 06:31:46.561,0.95824,0.95838,2.25,4.15
2012.05.25 06:31:50.413,0.95824,0.95837,2.25,1.50
2012.05.25 06:31:50.835,0.95821,0.95835,3.00,1.50
2012.05.25 06:31:51.381,0.95823,0.95836,1.50,1.13
2012.05.25 06:31:51.710,0.95825,0.95836,1.50,1.13
2012.05.25 06:31:52.415,0.95824,0.95836,1.50,2.03
2012.05.25 06:31:52.502,0.95821,0.95833,1.50,1.80
2012.05.25 06:31:52.864,0.95821,0.95833,2.25,1.50
2012.05.25 06:31:53.145,0.95825,0.95837,1.50,7.50
2012.05.25 06:31:53.701,0.95824,0.95836,1.50,2.25
2012.05.25 06:31:54.240,0.95823,0.95837,1.50,5.63
2012.05.25 06:31:55.282,0.95824,0.95837,1.50,4.88
2012.05.25 06:31:55.828,0.95823,0.95837,1.50,6.38
2012.05.25 06:31:56.192,0.95825,0.95837,1.50,5.63
2012.05.25 06:31:56.320,0.95823,0.95837,1.50,6.38
2012.05.25 06:31:56.873,0.95824,0.95837,1.50,1.88
2012.05.25 06:31:57.014,0.95824,0.95838,2.63,3.23
2012.05.25 06:31:57.296,0.95825,0.95839,3.00,1.50
2012.05.25 06:31:57.874,0.95826,0.9584,3.00,1.50
2012.05.25 06:31:58.797,0.95826,0.9584,2.25,1.50
2012.05.25 06:32:00.502,0.95826,0.9584,3.19,1.50
2012.05.25 06:32:01.031,0.95827,0.95839,1.50,1.50
2012.05.25 06:32:01.592,0.95826,0.95838,2.44,1.50
2012.05.25 06:32:02.301,0.95826,0.9584,2.44,2.25
2012.05.25 06:32:02.822,0.95825,0.95839,3.94,2.25
2012.05.25 06:32:03.353,0.95827,0.95839,1.50,1.50
2012.05.25 06:32:03.883,0.95826,0.95838,2.25,1.50
2012.05.25 06:32:04.482,0.95825,0.95839,3.75,2.25
2012.05.25 06:32:05.026,0.95827,0.95839,1.50,2.25
2012.05.25 06:32:05.586,0.95826,0.9584,2.25,1.50
2012.05.25 06:32:07.631,0.95826,0.9584,3.00,2.25
2012.05.25 06:32:07.846,0.95829,0.95842,1.50,3.00
2012.05.25 06:32:08.206,0.95833,0.95844,1.50,3.45
2012.05.25 06:32:08.495,0.95831,0.95844,3.00,2.25
2012.05.25 06:32:09.066,0.95831,0.95845,2.25,2.25
2012.05.25 06:32:10.131,0.95831,0.95845,2.25,2.44
2012.05.25 06:32:10.680,0.95831,0.95843,2.25,1.50
2012.05.25 06:32:12.118,0.95832,0.95844,1.50,1.50
2012.05.25 06:32:12.795,0.9583,0.95844,5.64,1.50
2012.05.25 06:32:13.341,0.9583,0.95841,3.39,1.50
2012.05.25 06:32:13.843,0.9583,0.95842,2.25,1.50
2012.05.25 06:32:15.612,0.95829,0.95841,2.44,1.50
2012.05.25 06:32:16.723,0.95829,0.95841,2.25,1.50
2012.05.25 06:32:17.912,0.9583,0.95844,1.50,4.88
2012.05.25 06:32:17.981,0.95826,0.95844,6.00,4.88
2012.05.25 06:32:18.834,0.95828,0.95842,2.25,2.44
2012.05.25 06:32:20.052,0.95829,0.95843,1.50,4.32
2012.05.25 06:32:21.372,0.95829,0.95841,1.50,1.50
2012.05.25 06:32:21.891,0.95828,0.95842,1.50,2.63
2012.05.25 06:32:23.639,0.9583,0.95842,1.50,2.63
2012.05.25 06:32:24.966,0.95831,0.95844,1.50,5.44
2012.05.25 06:32:25.326,0.95835,0.95847,1.50,2.14
2012.05.25 06:32:25.894,0.95836,0.95849,1.50,1.95
2012.05.25 06:32:26.103,0.95836,0.9585,3.75,2.25
2012.05.25 06:32:26.819,0.95837,0.9585,2.25,1.50
2012.05.25 06:32:26.903,0.95839,0.95851,1.50,5.25
2012.05.25 06:32:27.432,0.95838,0.95851,1.50,3.75
2012.05.25 06:32:28.793,0.95837,0.95851,2.25,5.25
2012.05.25 06:32:29.148,0.95834,0.95839,2.25,1.58
2012.05.25 06:32:29.509,0.95828,0.95835,1.50,2.25
2012.05.25 06:32:29.852,0.95828,0.95834,1.50,2.25
2012.05.25 06:32:30.063,0.95824,0.95836,1.50,2.25
2012.05.25 06:32:30.203,0.95824,0.95836,1.50,2.25
2012.05.25 06:32:30.622,0.95825,0.95836,1.50,1.50
2012.05.25 06:32:32.166,0.95825,0.95834,1.50,1.50
2012.05.25 06:32:32.619,0.95823,0.95831,2.25,1.50
2012.05.25 06:32:32.700,0.95824,0.95835,2.25,1.50
2012.05.25 06:32:33.244,0.95826,0.95834,1.50,1.50
2012.05.25 06:32:35.574,0.95826,0.95837,3.01,1.88
2012.05.25 06:32:35.928,0.95836,0.9584,1.28,2.25
2012.05.25 06:32:36.145,0.9584,0.95851,1.69,1.50
2012.05.25 06:32:36.223,0.95843,0.95853,1.50,3.75
2012.05.25 06:32:36.576,0.95844,0.95856,1.50,3.38
2012.05.25 06:32:36.942,0.95845,0.95857,1.50,1.88
2012.05.25 06:32:37.013,0.95843,0.95855,1.50,1.50
2012.05.25 06:32:37.285,0.95845,0.95857,1.50,2.63
2012.05.25 06:32:37.693,0.95844,0.95856,2.25,2.25
2012.05.25 06:32:38.040,0.95841,0.95853,2.25,1.50
2012.05.25 06:32:38.573,0.95847,0.95857,1.50,2.25
2012.05.25 06:32:38.927,0.95855,0.95863,1.50,1.22
2012.05.25 06:32:39.208,0.95855,0.95866,1.50,1.64
2012.05.25 06:32:39.493,0.95853,0.95865,1.50,2.20
2012.05.25 06:32:39.912,0.95854,0.95866,1.50,2.44
2012.05.25 06:32:40.462,0.95854,0.95866,1.50,2.25
2012.05.25 06:32:40.931,0.95854,0.95861,1.50,1.13
2012.05.25 06:32:41.354,0.9585,0.95862,2.25,1.69
2012.05.25 06:32:41.423,0.95852,0.95863,1.50,2.25
2012.05.25 06:32:41.496,0.95852,0.95864,1.88,3.75
2012.05.25 06:32:41.577,0.9585,0.95862,2.25,1.50
2012.05.25 06:32:41.935,0.95852,0.95862,4.50,1.50
2012.05.25 06:32:42.297,0.95862,0.95871,1.50,1.13
2012.05.25 06:32:42.840,0.95863,0.95876,3.75,3.27
2012.05.25 06:32:43.682,0.95863,0.95876,3.75,1.50
2012.05.25 06:32:44.102,0.95863,0.95873,3.00,1.50
2012.05.25 06:32:44.457,0.95862,0.9587,2.25,4.50
2012.05.25 06:32:44.533,0.95857,0.9587,1.33,3.75
2012.05.25 06:32:44.747,0.95859,0.95872,2.25,2.63
2012.05.25 06:32:45.034,0.95859,0.9587,2.25,1.50
2012.05.25 06:32:45.744,0.95858,0.9587,1.50,1.69
2012.05.25 06:32:46.096,0.95856,0.95867,1.50,1.50
2012.05.25 06:32:46.246,0.95852,0.95866,5.25,1.88
2012.05.25 06:32:46.325,0.95852,0.95866,3.75,1.88
2012.05.25 06:32:46.933,0.95852,0.95863,3.00,1.50
2012.05.25 06:32:47.289,0.95851,0.9586,2.25,1.50
2012.05.25 06:32:47.367,0.95848,0.9586,1.50,2.25
2012.05.25 06:32:47.445,0.95848,0.95856,1.50,1.50
2012.05.25 06:32:47.797,0.95843,0.95854,2.64,1.50
2012.05.25 06:32:47.943,0.9584,0.95852,6.23,1.50
2012.05.25 06:32:48.076,0.9584,0.9585,1.35,1.50
2012.05.25 06:32:48.223,0.9584,0.95852,5.10,1.50
2012.05.25 06:32:48.431,0.95841,0.95854,1.50,1.50
2012.05.25 06:32:48.991,0.95841,0.95855,4.50,2.82
2012.05.25 06:32:49.543,0.95844,0.95855,2.25,2.82
2012.05.25 06:32:50.036,0.95845,0.95857,1.50,1.50
2012.05.25 06:32:50.186,0.95845,0.95859,1.50,4.92
2012.05.25 06:32:50.472,0.95844,0.95856,4.50,1.50
2012.05.25 06:32:51.233,0.95845,0.95857,2.25,1.50
2012.05.25 06:32:51.599,0.95849,0.9586,1.50,1.13
2012.05.25 06:32:51.954,0.95851,0.95861,1.50,1.88
2012.05.25 06:32:52.513,0.9585,0.95863,2.25,2.25
2012.05.25 06:32:52.797,0.95849,0.95863,3.75,2.25
2012.05.25 06:32:53.086,0.95851,0.95858,2.25,1.50
2012.05.25 06:32:53.167,0.95847,0.95858,2.25,1.50
2012.05.25 06:32:53.245,0.95847,0.95856,2.25,1.50
2012.05.25 06:32:53.730,0.95845,0.95856,2.25,1.50
2012.05.25 06:32:54.244,0.95845,0.95857,2.25,1.50
2012.05.25 06:32:54.461,0.95847,0.95857,2.25,1.50
2012.05.25 06:32:54.743,0.95848,0.9586,2.25,5.25
2012.05.25 06:32:55.397,0.95848,0.95858,2.25,1.50
2012.05.25 06:32:55.952,0.95849,0.95859,2.25,1.50
2012.05.25 06:32:58.371,0.9585,0.95859,2.25,1.50
2012.05.25 06:32:58.793,0.95848,0.95858,2.25,1.50
2012.05.25 06:32:59.422,0.95848,0.95859,2.25,1.50
2012.05.25 06:33:00.396,0.95848,0.95862,3.75,3.00
2012.05.25 06:33:00.542,0.95851,0.95862,2.25,2.25
2012.05.25 06:33:00.925,0.95851,0.95862,2.25,1.50
2012.05.25 06:33:01.063,0.9585,0.95864,3.75,2.25
2012.05.25 06:33:01.375,0.95852,0.95864,1.50,2.25
2012.05.25 06:33:02.462,0.95852,0.95864,1.50,4.32
2012.05.25 06:33:03.022,0.95849,0.95861,3.98,1.50
2012.05.25 06:33:03.561,0.95849,0.95859,2.25,1.50
2012.05.25 06:33:03.630,0.95847,0.95859,3.00,1.50
2012.05.25 06:33:04.162,0.95847,0.95858,3.00,1.50
2012.05.25 06:33:05.077,0.95847,0.95859,4.50,2.25
2012.05.25 06:33:05.578,0.95847,0.95858,2.25,2.25
2012.05.25 06:33:06.131,0.95847,0.95857,2.25,1.50
2012.05.25 06:33:06.649,0.95848,0.9586,2.25,3.19
2012.05.25 06:33:06.730,0.9585,0.9586,3.75,1.50
2012.05.25 06:33:06.946,0.9585,0.95862,1.50,1.32
2012.05.25 06:33:07.292,0.95849,0.9586,2.25,1.50
2012.05.25 06:33:07.561,0.95849,0.95862,2.25,1.69
2012.05.25 06:33:08.000,0.95849,0.9586,2.25,1.50
2012.05.25 06:33:08.543,0.95849,0.95859,2.25,1.50
2012.05.25 06:33:09.564,0.95852,0.95861,1.50,1.50
2012.05.25 06:33:09.638,0.9585,0.9586,1.50,1.50
2012.05.25 06:33:09.782,0.95849,0.95862,2.25,3.00
2012.05.25 06:33:09.984,0.95849,0.9586,2.25,1.50
2012.05.25 06:33:10.340,0.95854,0.95864,2.25,1.13
2012.05.25 06:33:10.904,0.95852,0.95864,3.75,1.50
2012.05.25 06:33:11.324,0.95854,0.95864,2.25,1.50
2012.05.25 06:33:11.863,0.95854,0.95865,2.25,1.50
2012.05.25 06:33:12.563,0.95856,0.95868,1.50,2.63
2012.05.25 06:33:13.121,0.95856,0.9587,1.50,3.67
2012.05.25 06:33:14.278,0.95855,0.95867,1.50,1.50
2012.05.25 06:33:14.794,0.95854,0.95867,3.75,1.50
2012.05.25 06:33:15.333,0.95853,0.95866,3.00,1.50
2012.05.25 06:33:15.672,0.95856,0.95869,1.50,2.63
2012.05.25 06:33:16.622,0.95855,0.95868,2.25,1.50
2012.05.25 06:33:17.198,0.95854,0.95868,3.75,3.00
2012.05.25 06:33:19.870,0.95854,0.95868,3.75,2.25
2012.05.25 06:33:21.513,0.95855,0.95869,1.50,3.38
2012.05.25 06:33:21.923,0.95855,0.95869,3.75,2.63
2012.05.25 06:33:22.483,0.95856,0.95868,1.50,2.25
2012.05.25 06:33:23.113,0.95855,0.95867,1.50,1.50
2012.05.25 06:33:23.662,0.95854,0.95866,3.75,1.50
2012.05.25 06:33:25.573,0.95859,0.95868,1.50,1.50
2012.05.25 06:33:25.929,0.95863,0.95872,1.50,1.95
2012.05.25 06:33:26.216,0.95864,0.95875,2.25,5.33
2012.05.25 06:33:26.507,0.95862,0.95872,2.25,1.50
2012.05.25 06:33:26.997,0.95862,0.95873,2.25,2.82
2012.05.25 06:33:27.154,0.9586,0.95872,2.25,2.25
2012.05.25 06:33:27.235,0.95858,0.9587,2.25,1.13
2012.05.25 06:33:27.770,0.95857,0.95869,2.25,1.69
2012.05.25 06:33:27.905,0.95857,0.95867,2.25,1.50
2012.05.25 06:33:31.163,0.95857,0.95866,2.25,1.50
2012.05.25 06:33:31.234,0.95854,0.95866,1.50,3.19
2012.05.25 06:33:31.304,0.95852,0.95863,3.00,1.50
2012.05.25 06:33:31.443,0.95851,0.95862,3.75,1.50
2012.05.25 06:33:31.586,0.95853,0.95862,2.25,1.50
2012.05.25 06:33:32.425,0.95853,0.95864,2.25,3.75
2012.05.25 06:33:32.773,0.95851,0.95861,2.25,2.25
2012.05.25 06:33:33.322,0.9585,0.95861,2.25,1.50
2012.05.25 06:33:35.411,0.9585,0.95862,2.25,2.25
2012.05.25 06:33:39.609,0.9585,0.95862,2.25,2.25
2012.05.25 06:33:41.580,0.9585,0.95862,2.25,4.88
2012.05.25 06:33:42.116,0.9585,0.95861,2.25,1.50
2012.05.25 06:33:43.590,0.9585,0.9586,2.25,1.50
2012.05.25 06:33:45.422,0.9585,0.95862,2.25,3.38
2012.05.25 06:33:45.979,0.9585,0.95862,2.25,2.25
2012.05.25 06:33:46.402,0.9585,0.95859,2.25,1.50
2012.05.25 06:33:46.919,0.9585,0.9586,2.25,2.25
2012.05.25 06:33:47.263,0.9585,0.95858,2.25,1.50
2012.05.25 06:33:47.617,0.95842,0.95855,6.75,1.88
2012.05.25 06:33:47.767,0.95842,0.95855,2.25,3.00
2012.05.25 06:33:47.988,0.95844,0.95856,1.50,1.50
2012.05.25 06:33:48.347,0.95846,0.95858,3.75,3.00
2012.05.25 06:33:48.636,0.95844,0.95858,3.94,1.50
2012.05.25 06:33:48.852,0.95846,0.9586,1.50,3.38
2012.05.25 06:33:49.412,0.95846,0.95858,1.50,1.50
2012.05.25 06:33:49.954,0.95847,0.95859,1.50,2.25
2012.05.25 06:33:50.714,0.95846,0.9586,1.50,3.60
2012.05.25 06:33:51.244,0.95847,0.95859,1.50,2.25
2012.05.25 06:33:51.781,0.95846,0.9586,1.50,3.38
2012.05.25 06:33:52.374,0.95846,0.9586,1.50,2.85
2012.05.25 06:33:54.265,0.95849,0.9586,1.50,1.35
2012.05.25 06:33:54.626,0.95854,0.95864,1.50,4.20
2012.05.25 06:33:54.705,0.95854,0.95864,3.00,2.25
2012.05.25 06:33:54.775,0.95856,0.95864,1.50,2.25
2012.05.25 06:33:55.180,0.95856,0.95868,1.50,1.13
2012.05.25 06:33:55.732,0.95856,0.95869,3.75,1.35
2012.05.25 06:33:57.669,0.95855,0.95867,3.75,1.50
2012.05.25 06:33:58.291,0.95855,0.95868,1.50,1.50
2012.05.25 06:34:00.092,0.95854,0.95868,4.50,2.25
2012.05.25 06:34:01.365,0.95854,0.95866,1.50,2.25
2012.05.25 06:34:01.786,0.95851,0.95864,1.50,1.50
2012.05.25 06:34:02.006,0.9585,0.95862,3.00,1.50
2012.05.25 06:34:02.086,0.95849,0.95862,5.48,1.50
2012.05.25 06:34:02.169,0.95849,0.9586,3.23,1.50
2012.05.25 06:34:02.701,0.9585,0.95864,1.50,3.00
2012.05.25 06:34:03.244,0.95851,0.95865,3.00,3.19
2012.05.25 06:34:03.688,0.95853,0.95865,1.50,3.19
2012.05.25 06:34:04.302,0.95853,0.95864,1.50,1.88
2012.05.25 06:34:04.513,0.95851,0.95865,1.50,4.32
2012.05.25 06:34:05.216,0.95851,0.95865,1.50,4.32
2012.05.25 06:34:05.563,0.95854,0.95865,1.50,2.82
2012.05.25 06:34:05.632,0.95852,0.95865,1.50,2.82
2012.05.25 06:34:06.336,0.95852,0.95865,1.50,3.57
2012.05.25 06:34:06.905,0.95851,0.95865,1.50,5.07
2012.05.25 06:34:07.421,0.9585,0.95864,1.50,2.25
2012.05.25 06:34:07.556,0.95852,0.95865,1.50,1.50
2012.05.25 06:34:07.915,0.95854,0.95866,3.00,3.00
2012.05.25 06:34:08.662,0.95856,0.95867,1.50,1.69
2012.05.25 06:34:08.737,0.95854,0.95867,1.50,1.69
2012.05.25 06:34:09.742,0.95856,0.95867,1.50,1.69
2012.05.25 06:34:10.081,0.95854,0.95867,2.25,1.50
2012.05.25 06:34:10.885,0.95855,0.95869,1.50,4.50
2012.05.25 06:34:11.105,0.95856,0.9587,3.75,3.38
2012.05.25 06:34:11.172,0.95858,0.9587,1.50,1.88
2012.05.25 06:34:11.383,0.95855,0.95868,3.00,1.50
2012.05.25 06:34:11.901,0.95856,0.95868,1.50,1.50
2012.05.25 06:34:12.702,0.95855,0.95867,4.50,1.50
2012.05.25 06:34:13.262,0.95855,0.95868,3.00,2.25
2012.05.25 06:34:13.621,0.95855,0.95866,3.00,1.50
2012.05.25 06:34:14.045,0.95853,0.95865,1.50,3.00
2012.05.25 06:34:17.080,0.95853,0.95865,1.50,3.00
2012.05.25 06:34:18.460,0.95853,0.95866,1.50,1.88
2012.05.25 06:34:18.970,0.95852,0.95866,1.50,3.38
2012.05.25 06:34:21.183,0.95854,0.95866,1.50,2.25
2012.05.25 06:34:21.721,0.95852,0.95866,1.50,2.25
2012.05.25 06:34:21.992,0.95854,0.95866,1.50,3.00
2012.05.25 06:34:25.054,0.95853,0.95865,1.50,3.00
2012.05.25 06:34:25.570,0.95854,0.95866,1.50,2.63
2012.05.25 06:34:30.983,0.95852,0.95866,6.19,2.25
2012.05.25 06:34:31.059,0.95855,0.95868,3.75,3.38
2012.05.25 06:34:31.633,0.95855,0.95868,3.75,1.13
2012.05.25 06:34:33.910,0.95855,0.95868,3.75,1.50
2012.05.25 06:34:34.782,0.95855,0.95868,3.94,1.50
2012.05.25 06:34:35.300,0.95856,0.95867,2.25,1.50
2012.05.25 06:34:36.156,0.95856,0.95865,2.25,1.50
2012.05.25 06:34:36.689,0.95855,0.95865,2.25,1.50
2012.05.25 06:34:37.404,0.95855,0.95864,2.25,1.50
2012.05.25 06:34:37.756,0.95855,0.9586,2.25,2.10
2012.05.25 06:34:38.115,0.95846,0.95854,2.25,1.73
2012.05.25 06:34:38.198,0.95848,0.95853,1.50,1.13
2012.05.25 06:34:38.611,0.95846,0.95853,1.50,1.13
2012.05.25 06:34:38.698,0.95844,0.9585,2.25,1.50
2012.05.25 06:34:38.917,0.95838,0.95848,2.25,2.25
2012.05.25 06:34:38.996,0.95836,0.95848,3.75,2.25
2012.05.25 06:34:40.164,0.95836,0.95847,2.25,2.25
2012.05.25 06:34:40.589,0.95835,0.95845,2.25,1.50
2012.05.25 06:34:40.661,0.95835,0.95848,2.25,3.94
2012.05.25 06:34:41.222,0.95836,0.95848,2.25,2.44
2012.05.25 06:34:41.434,0.95836,0.95844,2.25,1.50
2012.05.25 06:34:41.991,0.95834,0.95845,2.25,2.25
2012.05.25 06:34:43.544,0.95834,0.95844,2.25,1.50
2012.05.25 06:34:44.326,0.95836,0.95846,2.25,3.00
2012.05.25 06:34:44.412,0.95834,0.95847,2.25,3.00
2012.05.25 06:34:45.313,0.95833,0.95845,2.25,1.50
2012.05.25 06:34:46.092,0.95833,0.95847,3.75,2.44
2012.05.25 06:34:46.375,0.95833,0.95844,3.75,1.88
2012.05.25 06:34:46.722,0.95835,0.95846,1.50,3.00
2012.05.25 06:34:46.792,0.95832,0.95844,1.50,1.50
2012.05.25 06:34:47.071,0.95834,0.95844,2.25,1.50
2012.05.25 06:34:47.553,0.95834,0.95846,3.75,1.50
2012.05.25 06:34:47.623,0.95834,0.95846,1.50,2.25
2012.05.25 06:34:47.976,0.95831,0.95843,1.50,1.50
2012.05.25 06:34:48.525,0.9583,0.95843,2.25,1.50
2012.05.25 06:34:48.975,0.95834,0.95844,2.25,2.25
2012.05.25 06:34:49.053,0.95832,0.95844,2.25,1.50
2012.05.25 06:34:49.252,0.95834,0.95845,1.50,1.73
2012.05.25 06:34:49.814,0.95834,0.95846,1.50,2.70
2012.05.25 06:34:50.337,0.95832,0.95845,1.50,2.63
2012.05.25 06:34:50.415,0.95832,0.95845,1.50,2.63
2012.05.25 06:34:53.363,0.9583,0.95843,1.69,1.50
2012.05.25 06:34:55.800,0.95829,0.95841,4.50,1.50
2012.05.25 06:34:56.365,0.9583,0.95842,1.50,2.25
2012.05.25 06:34:56.871,0.95829,0.95842,2.25,1.50
2012.05.25 06:34:57.465,0.95829,0.9584,2.25,1.50
2012.05.25 06:35:01.067,0.95829,0.95839,2.25,1.50
2012.05.25 06:35:01.425,0.95826,0.95835,2.25,1.50
2012.05.25 06:35:01.507,0.95823,0.95835,4.69,1.50
2012.05.25 06:35:01.711,0.95825,0.95837,1.50,2.25
2012.05.25 06:35:01.914,0.95823,0.95837,3.94,2.25
2012.05.25 06:35:02.195,0.95825,0.95837,1.50,2.25
2012.05.25 06:35:04.111,0.95825,0.95837,1.50,2.25
2012.05.25 06:35:04.980,0.95826,0.95838,1.50,1.50
2012.05.25 06:35:05.591,0.95825,0.95838,1.50,1.50
2012.05.25 06:35:06.122,0.95826,0.95838,1.50,1.50
2012.05.25 06:35:06.473,0.95828,0.95841,1.50,4.50
2012.05.25 06:35:06.618,0.95828,0.95841,1.50,4.50
2012.05.25 06:35:07.606,0.95828,0.9584,1.50,1.32
2012.05.25 06:35:07.687,0.95828,0.95836,1.50,2.25
2012.05.25 06:35:07.768,0.95824,0.95834,2.25,1.50
2012.05.25 06:35:07.849,0.95824,0.95836,3.75,3.75
2012.05.25 06:35:08.411,0.95825,0.95839,1.50,3.38
2012.05.25 06:35:09.051,0.95827,0.95839,1.50,4.13
2012.05.25 06:35:09.120,0.95827,0.95839,1.50,4.13
2012.05.25 06:35:09.451,0.95825,0.95839,1.50,4.13
2012.05.25 06:35:12.252,0.95828,0.9584,1.50,2.25
2012.05.25 06:35:13.258,0.95827,0.95838,2.25,1.50
2012.05.25 06:35:13.541,0.9583,0.95842,3.75,2.25
2012.05.25 06:35:13.893,0.95832,0.95843,2.25,1.50
2012.05.25 06:35:14.414,0.95832,0.95844,3.75,2.25
2012.05.25 06:35:16.099,0.95831,0.95843,1.50,2.25
2012.05.25 06:35:16.594,0.95835,0.95845,1.50,1.50
2012.05.25 06:35:16.802,0.95834,0.95847,2.25,3.00
2012.05.25 06:35:17.072,0.95837,0.95849,1.50,4.69
2012.05.25 06:35:17.423,0.95842,0.95851,1.50,4.20
2012.05.25 06:35:17.494,0.95839,0.9585,3.75,1.50
2012.05.25 06:35:17.636,0.95842,0.95852,2.25,1.73
2012.05.25 06:35:18.192,0.95844,0.95855,2.25,1.50
2012.05.25 06:35:18.613,0.95844,0.95857,2.25,2.25
2012.05.25 06:35:19.151,0.95844,0.95856,3.75,1.50
2012.05.25 06:35:20.774,0.95844,0.95858,5.25,1.50
2012.05.25 06:35:22.282,0.95846,0.95858,1.50,1.50
2012.05.25 06:35:22.602,0.95844,0.95857,4.50,1.50
2012.05.25 06:35:22.673,0.95844,0.95855,3.00,1.50
2012.05.25 06:35:23.073,0.95845,0.95855,1.13,1.50
2012.05.25 06:35:23.285,0.95849,0.95859,3.75,3.00
2012.05.25 06:35:23.366,0.95849,0.95863,3.75,2.74
2012.05.25 06:35:23.981,0.9585,0.95863,1.50,1.99
2012.05.25 06:35:24.058,0.95851,0.95859,2.25,1.50
2012.05.25 06:35:24.553,0.95849,0.95861,1.50,1.50
2012.05.25 06:35:24.842,0.95852,0.95864,1.50,1.50
2012.05.25 06:35:25.897,0.95852,0.95865,2.25,1.50
2012.05.25 06:35:26.464,0.9585,0.95864,3.00,1.50
2012.05.25 06:35:27.026,0.9585,0.95863,2.25,1.88
2012.05.25 06:35:27.243,0.95848,0.95862,3.00,2.25
2012.05.25 06:35:27.314,0.95848,0.9586,3.00,1.50
2012.05.25 06:35:27.456,0.95848,0.9586,2.25,1.50
2012.05.25 06:35:29.622,0.95848,0.95862,2.25,2.25
2012.05.25 06:35:29.892,0.9585,0.95864,1.50,4.50
2012.05.25 06:35:30.423,0.9585,0.95862,1.50,2.25
2012.05.25 06:35:30.552,0.95848,0.95862,4.50,3.00
2012.05.25 06:35:31.070,0.95848,0.95861,3.00,1.50
2012.05.25 06:35:32.474,0.95848,0.95858,3.00,1.50
2012.05.25 06:35:33.950,0.95848,0.95859,2.25,1.50
2012.05.25 06:35:34.854,0.95848,0.95862,3.75,2.25
2012.05.25 06:35:35.000,0.9585,0.9586,2.25,1.50
2012.05.25 06:35:35.540,0.9585,0.95859,2.25,1.50
2012.05.25 06:35:40.664,0.9585,0.95862,2.25,1.50
2012.05.25 06:35:40.874,0.95855,0.95866,1.50,1.13
2012.05.25 06:35:41.507,0.95854,0.95868,1.50,3.75
2012.05.25 06:35:42.236,0.95855,0.95867,1.50,1.50
2012.05.25 06:35:42.384,0.95857,0.95869,1.50,1.84
2012.05.25 06:35:43.143,0.95856,0.95868,3.19,1.50
2012.05.25 06:35:43.694,0.95855,0.95867,4.69,1.50
2012.05.25 06:35:43.830,0.95855,0.95869,4.69,1.50
2012.05.25 06:35:44.625,0.95855,0.95868,3.19,1.50
2012.05.25 06:35:45.150,0.95855,0.95868,3.00,1.50
2012.05.25 06:35:45.842,0.95855,0.95869,4.50,1.50
2012.05.25 06:35:46.720,0.95855,0.95868,3.00,1.50
2012.05.25 06:35:49.531,0.95855,0.95867,4.50,1.50
2012.05.25 06:35:50.071,0.95855,0.95868,3.00,1.50
2012.05.25 06:35:52.650,0.95856,0.95868,3.00,1.50
2012.05.25 06:35:52.722,0.95859,0.9587,1.50,1.50
2012.05.25 06:35:53.279,0.95859,0.95871,1.50,1.50
2012.05.25 06:35:55.143,0.95859,0.95871,1.50,2.25
2012.05.25 06:36:02.086,0.95859,0.9587,1.50,2.78
2012.05.25 06:36:02.166,0.95855,0.95867,4.50,1.50
2012.05.25 06:36:02.314,0.95855,0.95865,1.50,1.50
2012.05.25 06:36:03.043,0.95857,0.95869,1.50,2.25
2012.05.25 06:36:03.582,0.95856,0.95868,3.75,1.50
2012.05.25 06:36:04.151,0.95856,0.95867,2.25,1.50
2012.05.25 06:36:04.715,0.95856,0.95868,2.25,1.50
2012.05.25 06:36:05.244,0.95857,0.9587,2.25,2.25
2012.05.25 06:36:06.023,0.95857,0.95868,2.25,1.50
2012.05.25 06:36:07.375,0.95859,0.95868,1.32,1.50
2012.05.25 06:36:07.652,0.95861,0.95873,1.50,2.25
2012.05.25 06:36:08.182,0.95861,0.95873,1.50,2.25
2012.05.25 06:36:09.171,0.95859,0.95873,1.50,2.25
2012.05.25 06:36:10.149,0.95858,0.95872,1.50,2.25
2012.05.25 06:36:10.223,0.95861,0.95874,1.50,1.13
2012.05.25 06:36:10.651,0.9586,0.95873,2.25,2.25
2012.05.25 06:36:11.578,0.95861,0.95873,1.50,2.25
2012.05.25 06:36:12.114,0.9586,0.95872,3.75,1.50
2012.05.25 06:36:12.652,0.9586,0.9587,2.25,1.50
2012.05.25 06:36:13.193,0.9586,0.95871,2.25,1.50
2012.05.25 06:36:14.461,0.9586,0.95872,2.25,2.25
2012.05.25 06:36:15.022,0.9586,0.95871,2.25,1.50
2012.05.25 06:36:17.495,0.9586,0.95868,2.25,1.50
2012.05.25 06:36:17.923,0.95856,0.95864,5.25,1.13
2012.05.25 06:36:18.005,0.95852,0.95864,2.67,3.00
2012.05.25 06:36:18.674,0.95852,0.95864,1.50,3.00
2012.05.25 06:36:20.587,0.9585,0.9586,1.50,1.50
2012.05.25 06:36:20.663,0.95847,0.9586,3.19,1.50
2012.05.25 06:36:21.620,0.95849,0.95861,1.50,2.25
2012.05.25 06:36:22.374,0.95847,0.95861,1.69,3.75
2012.05.25 06:36:22.986,0.95849,0.95861,1.50,3.00
2012.05.25 06:36:27.631,0.95848,0.9586,1.50,1.50
2012.05.25 06:36:28.167,0.95849,0.95861,1.50,3.75
2012.05.25 06:36:28.471,0.95848,0.9586,1.50,2.25
2012.05.25 06:36:31.351,0.95845,0.95857,4.69,1.50
2012.05.25 06:36:32.042,0.95843,0.95855,6.75,1.50
2012.05.25 06:36:32.695,0.95843,0.95855,4.50,1.50
2012.05.25 06:36:35.802,0.95843,0.95854,3.00,1.50
2012.05.25 06:36:35.931,0.95845,0.95854,2.25,1.50
2012.05.25 06:36:36.273,0.95846,0.95858,1.50,2.25
2012.05.25 06:36:38.784,0.95846,0.95858,1.50,2.25
2012.05.25 06:36:38.859,0.95848,0.95858,2.25,2.25
2012.05.25 06:36:39.005,0.95848,0.95861,4.50,1.13
2012.05.25 06:36:39.345,0.95854,0.95863,1.50,3.34
2012.05.25 06:36:39.831,0.95854,0.95863,1.50,1.28
2012.05.25 06:36:42.324,0.95855,0.95865,1.50,1.80
2012.05.25 06:36:42.466,0.95853,0.95865,1.50,3.00
2012.05.25 06:36:46.638,0.95852,0.95866,1.50,2.25
2012.05.25 06:36:48.152,0.95856,0.95867,1.50,1.69
2012.05.25 06:36:48.362,0.95857,0.95869,1.50,1.88
2012.05.25 06:36:48.445,0.95859,0.95869,1.50,1.13
2012.05.25 06:36:49.321,0.95858,0.9587,1.50,3.00
2012.05.25 06:36:49.523,0.95856,0.95868,1.50,2.25
2012.05.25 06:36:51.152,0.95857,0.95869,1.50,2.25
2012.05.25 06:36:51.461,0.95855,0.95869,1.69,2.25
2012.05.25 06:36:52.470,0.95857,0.95869,1.50,2.25
2012.05.25 06:36:53.431,0.95856,0.95868,1.50,2.25
2012.05.25 06:36:56.233,0.95856,0.95868,1.50,2.25
2012.05.25 06:36:56.692,0.95853,0.95865,2.63,1.50
2012.05.25 06:36:57.244,0.95854,0.95865,1.50,2.25
2012.05.25 06:36:57.776,0.95855,0.95867,1.50,1.50
2012.05.25 06:36:58.783,0.95856,0.95866,1.50,1.50
2012.05.25 06:37:03.150,0.95856,0.95867,1.50,1.50
2012.05.25 06:37:06.792,0.95855,0.95867,1.50,3.75
2012.05.25 06:37:06.863,0.95855,0.95867,1.50,2.25
2012.05.25 06:37:07.401,0.95854,0.95865,1.50,2.25
2012.05.25 06:37:12.289,0.95854,0.95865,1.50,2.25
2012.05.25 06:37:14.244,0.95854,0.95865,1.50,2.63
2012.05.25 06:37:14.761,0.95853,0.95865,1.50,2.63
2012.05.25 06:37:15.216,0.95854,0.95866,1.50,2.25
2012.05.25 06:37:15.731,0.95852,0.95866,1.69,2.25
2012.05.25 06:37:16.542,0.95853,0.95867,2.44,2.25
2012.05.25 06:37:16.911,0.95857,0.95868,1.50,1.50
2012.05.25 06:37:17.475,0.95857,0.95866,1.50,1.50
2012.05.25 06:37:17.617,0.95853,0.95863,2.25,1.50
2012.05.25 06:37:18.044,0.95852,0.95863,1.50,1.50
2012.05.25 06:37:18.532,0.9585,0.95859,2.25,1.50
2012.05.25 06:37:21.285,0.9585,0.9586,2.25,2.25
2012.05.25 06:37:25.351,0.9585,0.95862,2.25,2.25
2012.05.25 06:37:31.643,0.9585,0.95861,2.25,1.50
2012.05.25 06:37:34.876,0.9585,0.95861,2.25,2.25
2012.05.25 06:37:38.201,0.9585,0.95862,2.25,2.25
2012.05.25 06:37:49.025,0.95852,0.95864,3.75,2.25
2012.05.25 06:37:49.223,0.95852,0.95864,3.75,2.25
2012.05.25 06:37:51.633,0.95854,0.95866,1.50,2.44
2012.05.25 06:37:51.912,0.95852,0.95866,3.75,2.44
2012.05.25 06:37:58.121,0.95852,0.95862,2.25,1.50
2012.05.25 06:37:58.192,0.9585,0.95862,1.69,1.50
2012.05.25 06:37:58.662,0.95849,0.9586,2.25,1.50
2012.05.25 06:37:59.204,0.95849,0.95862,2.25,2.25
2012.05.25 06:38:01.965,0.95849,0.95859,2.25,1.50
2012.05.25 06:38:02.491,0.95848,0.95859,2.44,1.50
2012.05.25 06:38:03.185,0.95849,0.9586,1.50,2.25
2012.05.25 06:38:03.477,0.9585,0.95863,2.25,2.25
2012.05.25 06:38:04.374,0.9585,0.95861,2.25,1.50
2012.05.25 06:38:15.477,0.95853,0.95863,2.25,2.25
2012.05.25 06:38:16.304,0.95851,0.95862,2.25,2.25
2012.05.25 06:38:16.651,0.95849,0.95861,3.94,1.50
2012.05.25 06:38:23.153,0.9585,0.95864,1.50,3.38
2012.05.25 06:38:24.144,0.95851,0.95864,1.50,2.44
2012.05.25 06:38:24.212,0.95854,0.95865,1.50,3.19
2012.05.25 06:38:24.954,0.95854,0.95865,1.50,2.44
2012.05.25 06:38:25.080,0.95852,0.95865,1.50,2.44
2012.05.25 06:38:25.270,0.95854,0.95865,1.50,2.63
2012.05.25 06:38:25.826,0.95853,0.95865,1.50,4.13
2012.05.25 06:38:26.512,0.95851,0.95864,2.25,2.25
2012.05.25 06:38:26.783,0.95851,0.95861,2.25,1.50
2012.05.25 06:38:26.982,0.95851,0.95863,2.25,2.25
2012.05.25 06:38:27.616,0.95851,0.95861,3.00,1.50
2012.05.25 06:38:27.833,0.95851,0.95864,2.25,3.75
2012.05.25 06:38:28.882,0.9585,0.95861,3.00,1.50
2012.05.25 06:38:29.391,0.9585,0.95861,3.00,1.50
2012.05.25 06:38:29.665,0.95851,0.95864,2.25,2.25
2012.05.25 06:38:29.851,0.95851,0.95861,2.25,1.50
2012.05.25 06:38:30.410,0.9585,0.95861,3.00,1.50
2012.05.25 06:38:31.132,0.95849,0.95861,5.44,1.50
2012.05.25 06:38:33.576,0.95849,0.9586,3.00,1.50
2012.05.25 06:38:34.084,0.95848,0.95858,3.94,1.50
2012.05.25 06:38:34.273,0.95848,0.9586,3.94,1.50
2012.05.25 06:38:34.412,0.95848,0.95858,3.94,1.50
2012.05.25 06:38:34.612,0.95848,0.9586,3.94,2.25
2012.05.25 06:38:35.212,0.95848,0.95858,3.94,1.50
2012.05.25 06:38:36.523,0.95851,0.95862,2.25,2.44
2012.05.25 06:38:41.887,0.95851,0.95862,2.25,2.25
2012.05.25 06:38:47.636,0.95852,0.95863,1.50,1.50
2012.05.25 06:38:47.713,0.95853,0.95865,1.50,2.63
2012.05.25 06:38:48.221,0.95852,0.95865,2.25,2.25
2012.05.25 06:38:49.483,0.95852,0.95862,2.25,1.50
2012.05.25 06:38:49.684,0.95848,0.9586,3.00,2.25
2012.05.25 06:38:53.223,0.95848,0.95859,2.25,1.88
2012.05.25 06:38:53.363,0.95846,0.95859,1.50,1.13
2012.05.25 06:38:53.434,0.95849,0.95859,1.50,1.13
2012.05.25 06:38:53.504,0.95847,0.95859,2.25,1.13
2012.05.25 06:38:53.645,0.95849,0.95859,1.50,1.13
2012.05.25 06:38:53.714,0.95847,0.95859,2.25,1.13
2012.05.25 06:39:00.991,0.95848,0.95861,1.50,2.44
2012.05.25 06:39:01.623,0.95849,0.95861,1.50,1.13
2012.05.25 06:39:01.904,0.95849,0.95861,1.50,1.13
2012.05.25 06:39:03.033,0.95849,0.95861,1.50,1.88
2012.05.25 06:39:03.103,0.95847,0.95861,1.50,3.38
2012.05.25 06:39:03.243,0.95847,0.95859,1.50,1.50
2012.05.25 06:39:03.591,0.95846,0.95857,1.50,1.13
2012.05.25 06:39:03.661,0.95846,0.95858,1.50,2.25
2012.05.25 06:39:03.945,0.95848,0.9586,3.00,2.25
2012.05.25 06:39:04.014,0.9585,0.95862,1.50,1.13
2012.05.25 06:39:04.402,0.9585,0.95862,1.50,1.88
2012.05.25 06:39:04.960,0.95849,0.95861,1.50,2.25
2012.05.25 06:39:06.043,0.95851,0.95862,1.50,1.69
2012.05.25 06:39:06.665,0.95854,0.95863,1.50,1.69
2012.05.25 06:39:06.875,0.95854,0.95866,1.50,3.94
2012.05.25 06:39:07.225,0.95856,0.95865,1.50,1.50
2012.05.25 06:39:07.363,0.95856,0.95866,1.50,1.50
2012.05.25 06:39:07.505,0.95859,0.95869,1.50,1.73
2012.05.25 06:39:07.642,0.95859,0.9587,1.50,1.69
2012.05.25 06:39:08.643,0.95858,0.9587,1.50,2.44
2012.05.25 06:39:09.006,0.9586,0.95871,1.50,1.69
2012.05.25 06:39:09.894,0.95858,0.95871,1.50,1.69
2012.05.25 06:39:10.445,0.95857,0.95871,3.75,2.25
2012.05.25 06:39:10.907,0.95858,0.95872,1.50,2.25
2012.05.25 06:39:11.173,0.9586,0.95872,1.50,2.25
2012.05.25 06:39:11.926,0.95861,0.95873,3.75,2.44
2012.05.25 06:39:12.482,0.95862,0.95874,1.50,3.00
2012.05.25 06:39:13.043,0.9586,0.95872,5.25,1.50
2012.05.25 06:39:13.571,0.9586,0.95873,2.25,2.25
2012.05.25 06:39:15.555,0.9586,0.95872,3.75,1.50
2012.05.25 06:39:16.091,0.9586,0.95874,3.75,2.25
2012.05.25 06:39:21.287,0.9586,0.95873,3.75,3.00
2012.05.25 06:39:21.369,0.9586,0.95868,1.50,1.50
2012.05.25 06:39:21.449,0.95858,0.95868,3.00,4.88
2012.05.25 06:39:21.529,0.95858,0.95865,1.50,2.63
2012.05.25 06:39:21.751,0.95849,0.9586,2.25,1.13
2012.05.25 06:39:21.830,0.95846,0.95853,4.50,1.50
2012.05.25 06:39:22.047,0.95843,0.95853,1.13,1.50
2012.05.25 06:39:22.123,0.95841,0.95851,1.50,1.50
2012.05.25 06:39:22.685,0.95836,0.95846,1.50,1.50
2012.05.25 06:39:22.752,0.95833,0.95844,6.56,1.50
2012.05.25 06:39:22.824,0.95833,0.95844,5.81,1.50
2012.05.25 06:39:22.964,0.95834,0.95846,1.69,3.75
2012.05.25 06:39:23.575,0.95834,0.95846,1.50,2.25
2012.05.25 06:39:24.184,0.95834,0.95846,1.50,2.25
2012.05.25 06:39:25.026,0.95834,0.95845,1.50,3.45
2012.05.25 06:39:25.384,0.95827,0.95837,2.55,1.50
2012.05.25 06:39:25.864,0.95825,0.95837,1.50,2.25
2012.05.25 06:39:26.101,0.95825,0.95837,1.50,4.50
2012.05.25 06:39:27.224,0.95823,0.95837,5.25,5.63
2012.05.25 06:39:27.364,0.95823,0.95834,1.50,3.38
2012.05.25 06:39:27.997,0.95823,0.95831,1.50,2.25
2012.05.25 06:39:28.219,0.95819,0.95831,1.50,4.50
2012.05.25 06:39:28.361,0.95821,0.95831,1.50,3.00
2012.05.25 06:39:29.631,0.95821,0.9583,1.50,1.50
2012.05.25 06:39:30.415,0.95818,0.9583,1.50,1.50
2012.05.25 06:39:30.861,0.9582,0.9583,1.50,1.50
2012.05.25 06:39:31.644,0.9582,0.9583,1.50,1.50
2012.05.25 06:39:32.124,0.95818,0.95831,1.50,3.75
2012.05.25 06:39:32.616,0.95815,0.95827,3.00,1.50
2012.05.25 06:39:32.823,0.95818,0.9583,1.50,3.94
2012.05.25 06:39:33.955,0.95819,0.95831,1.50,3.00
2012.05.25 06:39:35.854,0.95817,0.95829,1.50,3.00
2012.05.25 06:39:36.078,0.95817,0.95827,1.50,1.13
2012.05.25 06:39:36.436,0.95812,0.95822,1.50,2.25
2012.05.25 06:39:36.584,0.95809,0.95822,2.63,2.63
2012.05.25 06:39:37.085,0.95813,0.95821,1.50,1.13
2012.05.25 06:39:37.224,0.95811,0.95821,1.50,1.13
2012.05.25 06:39:37.424,0.95811,0.95822,1.50,1.50
2012.05.25 06:39:37.564,0.95813,0.95822,1.50,1.50
2012.05.25 06:39:37.914,0.9581,0.95822,2.25,3.00
2012.05.25 06:39:38.461,0.9581,0.95822,3.75,3.00
2012.05.25 06:39:39.177,0.95809,0.95822,2.25,1.50
2012.05.25 06:39:39.722,0.95808,0.95822,3.75,3.19
2012.05.25 06:39:40.250,0.95808,0.95822,2.25,3.19
2012.05.25 06:39:40.572,0.9581,0.95822,1.50,3.94
2012.05.25 06:39:41.110,0.95809,0.95821,1.50,2.25
2012.05.25 06:39:41.612,0.9581,0.95822,1.50,3.19
2012.05.25 06:39:42.803,0.9581,0.95822,1.50,3.00
2012.05.25 06:39:43.136,0.95814,0.95823,2.25,1.50
2012.05.25 06:39:43.217,0.95814,0.95826,1.50,5.25
2012.05.25 06:39:43.366,0.95814,0.95826,1.50,2.25
2012.05.25 06:39:43.864,0.95818,0.95829,1.50,3.94
2012.05.25 06:39:44.144,0.95818,0.95829,1.50,3.94
2012.05.25 06:39:45.786,0.95819,0.9583,1.50,4.13
2012.05.25 06:39:46.493,0.95818,0.9583,1.50,3.38
2012.05.25 06:39:46.562,0.9582,0.9583,1.50,3.38
2012.05.25 06:39:47.109,0.95817,0.95829,1.50,1.50
2012.05.25 06:39:47.470,0.95813,0.95822,2.25,6.02
2012.05.25 06:39:47.548,0.95816,0.9582,1.50,1.90
2012.05.25 06:39:47.625,0.95816,0.9582,1.50,3.40
2012.05.25 06:39:47.697,0.95808,0.95815,1.05,1.50
2012.05.25 06:39:47.775,0.95803,0.95815,2.26,2.25
2012.05.25 06:39:48.262,0.95801,0.95815,3.20,3.38
2012.05.25 06:39:48.824,0.95801,0.95815,2.25,4.13
2012.05.25 06:39:49.511,0.95802,0.95815,2.25,2.63
2012.05.25 06:39:49.996,0.95806,0.95814,1.50,1.50
2012.05.25 06:39:50.429,0.95807,0.95818,1.50,2.44
2012.05.25 06:39:50.511,0.9581,0.95818,1.50,1.50
2012.05.25 06:39:50.584,0.95807,0.95818,1.50,1.50
2012.05.25 06:39:51.143,0.95807,0.95819,1.50,1.50
2012.05.25 06:39:56.457,0.95808,0.95821,1.50,3.38
2012.05.25 06:39:56.537,0.9581,0.95821,1.50,1.50
2012.05.25 06:39:56.615,0.9581,0.95822,1.50,3.00
2012.05.25 06:39:56.758,0.9581,0.95823,3.75,1.50
2012.05.25 06:39:57.258,0.95815,0.95827,1.50,4.50
2012.05.25 06:39:57.671,0.95815,0.95829,1.50,4.65
2012.05.25 06:39:57.804,0.95817,0.95829,1.13,1.65
2012.05.25 06:39:58.154,0.95822,0.9583,1.50,1.13
2012.05.25 06:39:58.222,0.95822,0.95832,1.50,1.50
2012.05.25 06:39:59.735,0.95819,0.95831,1.50,1.50
2012.05.25 06:40:00.158,0.95819,0.95828,1.50,1.50
2012.05.25 06:40:00.448,0.95817,0.95828,1.50,1.35
2012.05.25 06:40:00.528,0.95815,0.95827,2.25,1.50
2012.05.25 06:40:01.093,0.95816,0.95828,1.50,2.25
2012.05.25 06:40:01.593,0.95816,0.95828,1.50,3.19
2012.05.25 06:40:01.663,0.95816,0.9582,1.50,1.13
2012.05.25 06:40:01.947,0.95805,0.95816,1.48,1.50
2012.05.25 06:40:02.028,0.95805,0.95816,1.33,1.50
2012.05.25 06:40:02.533,0.95808,0.95818,1.50,1.13
2012.05.25 06:40:02.747,0.9581,0.95819,1.50,1.65
2012.05.25 06:40:03.304,0.95813,0.95823,1.50,1.50
2012.05.25 06:40:03.373,0.95815,0.95824,1.50,1.88
2012.05.25 06:40:03.582,0.95815,0.95827,1.50,5.25
2012.05.25 06:40:03.654,0.95813,0.95827,3.00,5.25
2012.05.25 06:40:04.443,0.95812,0.95824,3.00,1.50
2012.05.25 06:40:04.582,0.95814,0.95826,1.50,2.25
2012.05.25 06:40:05.541,0.95814,0.95825,1.50,1.50
2012.05.25 06:40:05.824,0.95805,0.95816,1.50,1.50
2012.05.25 06:40:06.107,0.95803,0.95817,4.88,1.50
2012.05.25 06:40:06.465,0.95807,0.95819,1.50,3.57
2012.05.25 06:40:06.971,0.95808,0.95819,1.50,2.07
2012.05.25 06:40:07.381,0.95806,0.95819,1.50,2.07
2012.05.25 06:40:07.981,0.95807,0.95819,1.50,2.07
2012.05.25 06:40:10.144,0.95806,0.95819,1.50,2.82
2012.05.25 06:40:10.217,0.95806,0.95819,1.50,2.82
2012.05.25 06:40:10.434,0.95803,0.95817,3.38,2.25
2012.05.25 06:40:12.322,0.95804,0.95818,1.50,5.63
2012.05.25 06:40:12.391,0.95807,0.95818,1.50,4.13
2012.05.25 06:40:12.523,0.95804,0.95818,3.00,4.88
2012.05.25 06:40:12.808,0.95801,0.95814,1.69,1.50
2012.05.25 06:40:13.167,0.958,0.95811,3.00,1.50
2012.05.25 06:40:13.246,0.958,0.95814,4.50,2.25
2012.05.25 06:40:13.957,0.95803,0.95815,1.50,2.25
2012.05.25 06:40:14.757,0.95801,0.95815,1.50,2.25
2012.05.25 06:40:16.483,0.95802,0.95816,2.44,4.50
2012.05.25 06:40:18.213,0.95804,0.95817,1.50,4.50
2012.05.25 06:40:18.751,0.95805,0.95816,1.50,3.00
2012.05.25 06:40:18.885,0.95803,0.95816,1.50,3.00
2012.05.25 06:40:19.071,0.95805,0.95816,1.50,3.00
2012.05.25 06:40:19.474,0.95808,0.95817,1.50,1.50
2012.05.25 06:40:19.614,0.95808,0.95819,1.50,2.25
2012.05.25 06:40:19.894,0.9581,0.95822,1.50,3.00
2012.05.25 06:40:21.263,0.95809,0.95821,1.50,1.50
2012.05.25 06:40:21.478,0.95806,0.95819,1.69,1.50
2012.05.25 06:40:21.834,0.95805,0.95816,3.00,1.50
2012.05.25 06:40:21.973,0.95804,0.95816,2.25,1.50
2012.05.25 06:40:22.042,0.95804,0.95818,1.50,4.50
2012.05.25 06:40:22.114,0.95804,0.95816,1.50,1.50
2012.05.25 06:40:22.474,0.95802,0.95812,1.69,1.50
2012.05.25 06:40:22.547,0.95802,0.95816,3.19,3.75
2012.05.25 06:40:22.765,0.95802,0.95814,2.44,1.50
2012.05.25 06:40:23.322,0.95803,0.95815,1.50,5.63
2012.05.25 06:40:23.652,0.95795,0.95806,2.63,1.50
2012.05.25 06:40:23.811,0.95795,0.95809,3.38,1.50
2012.05.25 06:40:23.953,0.95798,0.9581,1.50,2.25
2012.05.25 06:40:24.297,0.95801,0.95812,1.50,1.13
2012.05.25 06:40:24.851,0.95801,0.95813,1.50,3.00
2012.05.25 06:40:25.667,0.95801,0.95813,1.50,3.00
2012.05.25 06:40:25.817,0.95799,0.95812,1.50,1.13
2012.05.25 06:40:25.896,0.95799,0.95808,1.50,1.50
2012.05.25 06:40:26.046,0.95799,0.9581,1.50,2.63
2012.05.25 06:40:26.127,0.95794,0.95807,4.50,1.50
2012.05.25 06:40:26.732,0.95797,0.9581,1.50,4.88
2012.05.25 06:40:27.165,0.95795,0.95807,1.50,1.50
2012.05.25 06:40:27.234,0.95793,0.95807,3.19,1.50
2012.05.25 06:40:27.947,0.95792,0.95806,4.17,1.50
2012.05.25 06:40:28.939,0.95792,0.95805,1.13,1.50
2012.05.25 06:40:29.017,0.95792,0.95802,1.13,1.50
2012.05.25 06:40:29.378,0.9579,0.95799,3.39,1.50
2012.05.25 06:40:29.525,0.9579,0.95802,3.75,1.50
2012.05.25 06:40:29.724,0.9579,0.95804,3.75,2.25
2012.05.25 06:40:30.284,0.95791,0.95805,1.50,5.25
2012.05.25 06:40:30.646,0.95791,0.95804,1.50,1.50
2012.05.25 06:40:31.051,0.95791,0.95798,1.50,1.13
2012.05.25 06:40:31.198,0.95785,0.95795,2.26,1.69
2012.05.25 06:40:31.706,0.95785,0.95794,1.14,2.25
2012.05.25 06:40:31.914,0.95785,0.95795,1.14,3.19
2012.05.25 06:40:32.057,0.95785,0.95797,4.14,3.00
2012.05.25 06:40:32.203,0.95786,0.95796,1.50,2.25
2012.05.25 06:40:32.414,0.95786,0.95799,1.50,1.69
2012.05.25 06:40:32.553,0.95787,0.958,2.25,1.50
2012.05.25 06:40:33.412,0.95787,0.958,2.25,1.50
2012.05.25 06:40:33.935,0.95789,0.95799,1.50,4.50
2012.05.25 06:40:34.283,0.95784,0.95788,1.51,1.50
2012.05.25 06:40:34.555,0.95777,0.95786,1.13,1.50
2012.05.25 06:40:35.605,0.95775,0.95787,1.50,1.50
2012.05.25 06:40:35.813,0.95775,0.95787,1.50,1.50
2012.05.25 06:40:36.097,0.95783,0.95795,2.25,1.50
2012.05.25 06:40:36.641,0.95786,0.95797,1.50,1.13
2012.05.25 06:40:37.182,0.95786,0.95798,2.25,1.50
2012.05.25 06:40:37.852,0.95783,0.95788,1.32,1.50
2012.05.25 06:40:38.210,0.95779,0.95783,3.75,1.13
2012.05.25 06:40:38.497,0.95769,0.95781,2.59,1.50
2012.05.25 06:40:38.648,0.95769,0.9578,1.69,2.63
2012.05.25 06:40:39.005,0.95771,0.95782,1.50,3.38
2012.05.25 06:40:39.075,0.95771,0.95782,1.50,1.88
2012.05.25 06:40:39.633,0.95771,0.95781,1.50,1.13
2012.05.25 06:40:42.118,0.95771,0.95782,1.50,1.88
2012.05.25 06:40:42.982,0.95771,0.95783,1.50,4.13
2012.05.25 06:40:43.254,0.95773,0.95784,1.50,1.13
2012.05.25 06:40:43.325,0.95773,0.95785,1.50,1.65
2012.05.25 06:40:43.890,0.95771,0.95783,5.25,1.50
2012.05.25 06:40:44.313,0.95773,0.95785,1.50,1.50
2012.05.25 06:40:44.815,0.95773,0.95787,1.50,3.19
2012.05.25 06:40:45.343,0.95774,0.95786,1.50,2.44
2012.05.25 06:40:47.393,0.95774,0.95782,1.50,1.13
2012.05.25 06:40:47.607,0.95765,0.95776,1.28,1.50
2012.05.25 06:40:47.685,0.95764,0.95776,2.94,1.50
2012.05.25 06:40:48.499,0.95764,0.95776,1.13,1.58
2012.05.25 06:40:49.031,0.95762,0.95776,2.25,2.25
2012.05.25 06:40:49.795,0.95762,0.95776,3.38,2.25
2012.05.25 06:40:49.933,0.95763,0.95776,1.50,2.25
2012.05.25 06:40:50.353,0.95766,0.95778,2.25,1.50
2012.05.25 06:40:50.493,0.9577,0.95781,1.50,2.18
2012.05.25 06:40:50.695,0.9577,0.95781,1.50,1.50
2012.05.25 06:40:51.253,0.9577,0.95782,1.50,1.50
2012.05.25 06:40:52.885,0.95771,0.95784,1.13,3.19
2012.05.25 06:40:53.094,0.95775,0.95786,2.25,1.24
2012.05.25 06:40:53.626,0.95776,0.95788,3.00,1.05
2012.05.25 06:40:53.717,0.9578,0.95792,1.50,3.00
2012.05.25 06:40:53.799,0.95784,0.95792,1.50,1.50
2012.05.25 06:40:54.343,0.95784,0.95794,1.50,1.50
2012.05.25 06:40:54.708,0.95784,0.95796,1.50,3.75
2012.05.25 06:40:54.998,0.95787,0.95799,1.50,2.25
2012.05.25 06:40:55.076,0.95788,0.95799,1.50,1.50
2012.05.25 06:40:55.353,0.9579,0.95802,1.50,2.44
2012.05.25 06:40:55.845,0.95792,0.95804,1.50,2.40
2012.05.25 06:40:56.196,0.95796,0.95805,1.50,1.05
2012.05.25 06:40:56.615,0.95796,0.95807,1.50,1.50
2012.05.25 06:40:57.175,0.95796,0.95808,1.50,3.00
2012.05.25 06:40:57.316,0.95794,0.95807,1.50,2.25
2012.05.25 06:40:57.868,0.95795,0.95807,1.50,3.00
2012.05.25 06:40:58.406,0.95794,0.95806,1.50,1.88
2012.05.25 06:40:59.113,0.95793,0.95807,1.50,3.38
2012.05.25 06:40:59.442,0.9579,0.95804,3.00,1.50
2012.05.25 06:40:59.784,0.9579,0.95802,1.50,1.50
2012.05.25 06:41:00.343,0.9579,0.95804,1.50,3.38
2012.05.25 06:41:00.902,0.9579,0.95802,1.50,2.63
2012.05.25 06:41:01.442,0.95791,0.95802,1.50,1.32
2012.05.25 06:41:01.854,0.95789,0.95802,1.50,5.07
2012.05.25 06:41:02.055,0.95787,0.95801,3.00,4.88
2012.05.25 06:41:02.601,0.95787,0.95801,1.50,7.50
2012.05.25 06:41:02.886,0.95784,0.95798,3.00,2.63
2012.05.25 06:41:03.380,0.95783,0.95795,2.44,1.50
2012.05.25 06:41:03.745,0.95787,0.958,1.50,3.75
2012.05.25 06:41:04.233,0.95787,0.95801,1.50,4.50
2012.05.25 06:41:04.965,0.95786,0.95798,1.50,1.50
2012.05.25 06:41:05.173,0.95787,0.958,1.50,3.00
2012.05.25 06:41:06.314,0.95786,0.95799,1.50,1.88
2012.05.25 06:41:06.454,0.95784,0.95798,1.69,2.25
2012.05.25 06:41:06.803,0.95782,0.95793,1.50,1.50
2012.05.25 06:41:07.223,0.95783,0.95795,1.50,1.50
2012.05.25 06:41:07.532,0.95783,0.95797,1.50,1.50
2012.05.25 06:41:08.952,0.95784,0.95797,1.50,2.25
2012.05.25 06:41:09.490,0.95785,0.95799,1.50,6.75
2012.05.25 06:41:10.003,0.95783,0.95797,1.69,2.25
2012.05.25 06:41:10.354,0.95786,0.95798,1.50,2.25
2012.05.25 06:41:10.901,0.95785,0.95797,1.50,1.50
2012.05.25 06:41:13.991,0.95785,0.95799,1.50,6.19
2012.05.25 06:41:14.584,0.95784,0.95798,3.00,2.44
2012.05.25 06:41:15.133,0.95785,0.95799,1.50,5.44
2012.05.25 06:41:15.703,0.95786,0.95798,1.50,1.69
2012.05.25 06:41:20.605,0.95787,0.95799,1.50,5.63
2012.05.25 06:41:20.953,0.95788,0.95801,1.50,1.50
2012.05.25 06:41:24.302,0.95788,0.95802,1.50,6.19
2012.05.25 06:41:24.582,0.95787,0.95799,1.50,1.50
2012.05.25 06:41:24.774,0.95787,0.95801,1.50,4.32
2012.05.25 06:41:24.844,0.95789,0.95801,1.50,2.82
2012.05.25 06:41:25.715,0.95791,0.95803,1.50,3.75
2012.05.25 06:41:26.521,0.95791,0.95803,1.50,2.25
2012.05.25 06:41:27.169,0.95791,0.95803,1.50,2.25
2012.05.25 06:41:27.775,0.9579,0.95802,3.00,1.50
2012.05.25 06:41:28.128,0.95787,0.95799,1.50,1.50
2012.05.25 06:41:28.902,0.95788,0.958,1.50,1.50
2012.05.25 06:41:29.554,0.95786,0.958,1.50,2.25
2012.05.25 06:41:30.103,0.95787,0.95801,1.50,3.00
2012.05.25 06:41:30.623,0.95786,0.958,1.50,2.25
2012.05.25 06:41:31.150,0.95787,0.95799,1.50,1.50
2012.05.25 06:41:31.696,0.95785,0.95799,3.75,3.38
2012.05.25 06:41:31.907,0.95784,0.95794,1.50,1.50
2012.05.25 06:41:32.313,0.95783,0.95796,2.44,3.00
2012.05.25 06:41:33.031,0.95783,0.95796,1.69,1.50
2012.05.25 06:41:33.177,0.95785,0.95798,2.25,3.00
2012.05.25 06:41:33.734,0.95787,0.95799,1.50,1.88
2012.05.25 06:41:33.874,0.95785,0.95798,1.69,1.50
2012.05.25 06:41:34.422,0.95786,0.95798,1.50,1.50
2012.05.25 06:41:34.493,0.95788,0.958,1.50,6.75
2012.05.25 06:41:35.310,0.9579,0.958,1.50,1.50
2012.05.25 06:41:37.591,0.9579,0.95801,1.50,3.38
2012.05.25 06:41:38.294,0.95787,0.95799,1.50,1.50
2012.05.25 06:41:38.362,0.95785,0.95797,3.19,1.50
2012.05.25 06:41:38.959,0.95786,0.95798,1.50,1.50
2012.05.25 06:41:41.440,0.95785,0.95797,1.50,1.50
2012.05.25 06:41:41.511,0.95785,0.95799,1.50,3.00
2012.05.25 06:41:42.296,0.9579,0.95801,1.50,1.13
2012.05.25 06:41:42.372,0.9579,0.95802,1.50,1.50
2012.05.25 06:41:43.904,0.95787,0.95799,3.94,1.50
2012.05.25 06:41:44.113,0.95789,0.95803,1.50,4.13
2012.05.25 06:41:44.442,0.95791,0.95803,1.50,2.63
2012.05.25 06:41:44.641,0.95789,0.95803,3.00,2.63
2012.05.25 06:41:45.217,0.9579,0.95803,1.50,1.13
2012.05.25 06:41:45.295,0.95789,0.958,1.50,1.50
2012.05.25 06:41:45.845,0.95788,0.958,1.50,1.50
2012.05.25 06:41:46.302,0.9579,0.95802,1.50,3.75
2012.05.25 06:41:46.640,0.95792,0.95804,1.50,6.19
2012.05.25 06:41:48.747,0.95789,0.95802,1.50,2.25
2012.05.25 06:41:48.967,0.95788,0.95805,1.50,4.88
2012.05.25 06:41:49.047,0.95788,0.95802,1.50,2.25
2012.05.25 06:41:49.127,0.95788,0.95802,1.50,2.25
2012.05.25 06:41:49.275,0.95787,0.95799,1.69,1.50
2012.05.25 06:41:49.833,0.95785,0.95799,5.10,3.00
2012.05.25 06:41:50.114,0.95783,0.95797,1.14,2.25
2012.05.25 06:41:50.453,0.95781,0.95797,5.26,3.75
2012.05.25 06:41:50.663,0.95782,0.95796,1.88,2.25
2012.05.25 06:41:51.194,0.95781,0.95795,6.38,1.50
2012.05.25 06:41:51.684,0.95782,0.95794,1.50,2.25
2012.05.25 06:41:54.370,0.95782,0.95794,1.50,2.25
2012.05.25 06:41:54.902,0.95783,0.95795,1.50,3.00
2012.05.25 06:41:58.935,0.95784,0.95796,1.50,1.50
2012.05.25 06:41:59.483,0.95785,0.95797,1.50,2.25
2012.05.25 06:42:01.835,0.95786,0.95798,1.50,3.19
2012.05.25 06:42:02.242,0.95787,0.95799,1.50,1.50
2012.05.25 06:42:03.095,0.95785,0.95797,2.25,1.50
2012.05.25 06:42:03.694,0.95785,0.95799,2.25,3.75
2012.05.25 06:42:04.865,0.95785,0.95799,2.25,3.75
2012.05.25 06:42:06.093,0.95785,0.95799,3.00,3.00
2012.05.25 06:42:06.234,0.95785,0.95799,2.25,5.63
2012.05.25 06:42:06.374,0.95785,0.95798,2.25,3.00
2012.05.25 06:42:06.972,0.95783,0.95797,2.25,2.25
2012.05.25 06:42:07.043,0.95782,0.95795,3.00,1.50
2012.05.25 06:42:07.513,0.95785,0.95797,1.50,2.25
2012.05.25 06:42:10.592,0.95784,0.95798,1.50,4.50
2012.05.25 06:42:11.542,0.95784,0.95798,1.50,4.88
2012.05.25 06:42:11.682,0.95784,0.95798,2.25,4.88
2012.05.25 06:42:15.183,0.95784,0.95798,6.00,2.25
2012.05.25 06:42:15.513,0.95782,0.95794,1.88,2.25
2012.05.25 06:42:15.822,0.95782,0.95792,1.50,1.50
2012.05.25 06:42:16.364,0.95781,0.95793,2.25,2.25
2012.05.25 06:42:17.638,0.95781,0.95793,2.25,2.63
2012.05.25 06:42:17.789,0.95779,0.9579,3.00,1.13
2012.05.25 06:42:18.214,0.95776,0.95788,4.65,1.50
2012.05.25 06:42:19.293,0.95778,0.9579,3.19,1.50
2012.05.25 06:42:19.843,0.9578,0.95791,1.50,1.50
2012.05.25 06:42:20.185,0.9578,0.95792,1.88,1.50
2012.05.25 06:42:20.643,0.95782,0.95793,1.50,2.25
2012.05.25 06:42:21.704,0.95783,0.95791,1.50,1.50
2012.05.25 06:42:21.772,0.9578,0.95791,1.88,1.50
2012.05.25 06:42:21.845,0.9578,0.95792,1.13,1.50
2012.05.25 06:42:21.914,0.95781,0.9579,1.50,1.50
2012.05.25 06:42:22.454,0.9578,0.9579,2.63,1.50
2012.05.25 06:42:22.762,0.95781,0.9579,1.50,2.25
2012.05.25 06:42:23.142,0.9578,0.9579,1.88,1.50
2012.05.25 06:42:23.712,0.9578,0.9579,1.13,1.50
2012.05.25 06:42:23.852,0.95781,0.9579,1.50,1.50
2012.05.25 06:42:25.319,0.95781,0.95791,1.50,2.25
2012.05.25 06:42:25.607,0.95784,0.95796,2.82,1.50
2012.05.25 06:42:25.686,0.95785,0.95799,2.25,2.25
2012.05.25 06:42:25.828,0.95785,0.95799,3.75,2.25
2012.05.25 06:42:26.370,0.95784,0.95798,3.19,2.25
2012.05.25 06:42:27.092,0.95784,0.95798,2.25,2.44
2012.05.25 06:42:27.635,0.95784,0.95796,2.25,2.25
2012.05.25 06:42:27.984,0.95781,0.9579,1.50,1.50
2012.05.25 06:42:28.312,0.95779,0.95788,1.43,1.50
2012.05.25 06:42:28.382,0.95779,0.95788,1.43,1.50
2012.05.25 06:42:28.453,0.95779,0.9579,1.43,1.50
2012.05.25 06:42:28.982,0.95779,0.95789,1.05,1.50
2012.05.25 06:42:29.306,0.95777,0.95791,6.42,2.25
2012.05.25 06:42:29.835,0.95779,0.95791,2.25,1.50
2012.05.25 06:42:30.323,0.95777,0.95789,6.94,1.50
2012.05.25 06:42:30.873,0.95778,0.9579,2.25,1.50
2012.05.25 06:42:31.401,0.95777,0.95791,6.42,2.25
2012.05.25 06:42:32.044,0.95777,0.95789,5.67,1.50
2012.05.25 06:42:32.352,0.95777,0.95787,3.98,1.50
2012.05.25 06:42:32.743,0.95777,0.95789,3.98,2.25
2012.05.25 06:42:33.533,0.95777,0.95788,4.17,1.50
2012.05.25 06:42:34.305,0.95777,0.95788,3.94,1.50
2012.05.25 06:42:34.564,0.95778,0.9579,2.25,2.63
2012.05.25 06:42:35.102,0.95779,0.95791,1.50,4.32
2012.05.25 06:42:35.525,0.95778,0.95789,2.25,2.25
2012.05.25 06:42:35.662,0.95774,0.95787,1.13,3.00
2012.05.25 06:42:36.201,0.95774,0.95786,2.25,1.69
2012.05.25 06:42:37.484,0.95775,0.95788,2.25,4.13
2012.05.25 06:42:37.694,0.95774,0.95785,2.25,1.50
2012.05.25 06:42:38.349,0.95774,0.95786,2.25,1.50
2012.05.25 06:42:38.564,0.95777,0.95789,1.50,1.50
2012.05.25 06:42:38.777,0.95778,0.95791,1.69,3.00
2012.05.25 06:42:38.925,0.95778,0.95788,1.69,1.50
2012.05.25 06:42:39.473,0.95778,0.95788,1.69,1.50
2012.05.25 06:42:40.615,0.95778,0.95789,1.69,1.50
2012.05.25 06:42:40.894,0.95779,0.95792,1.69,2.25
2012.05.25 06:42:41.111,0.95781,0.95793,3.00,3.75
2012.05.25 06:42:41.463,0.95785,0.95794,2.25,1.50
2012.05.25 06:42:41.934,0.95786,0.95796,2.25,3.38
2012.05.25 06:42:42.075,0.95785,0.95797,2.25,1.50
2012.05.25 06:42:42.356,0.95788,0.95799,1.50,2.25
2012.05.25 06:42:42.569,0.95788,0.95799,1.50,1.13
2012.05.25 06:42:42.785,0.95782,0.95794,5.25,1.50
2012.05.25 06:42:43.263,0.95782,0.95796,1.50,1.50
2012.05.25 06:42:43.636,0.95784,0.95798,1.50,3.38
2012.05.25 06:42:43.997,0.95788,0.95798,1.50,1.13
2012.05.25 06:42:44.217,0.95788,0.958,1.50,3.38
2012.05.25 06:42:44.684,0.95788,0.958,1.50,2.63
2012.05.25 06:42:45.771,0.95789,0.95801,1.50,1.13
2012.05.25 06:42:46.333,0.95789,0.958,3.00,1.50
2012.05.25 06:42:49.787,0.95789,0.958,2.25,1.50
2012.05.25 06:42:50.387,0.95788,0.958,1.50,1.50
2012.05.25 06:42:52.276,0.95788,0.958,1.13,3.00
2012.05.25 06:42:52.500,0.95784,0.95796,5.25,1.50
2012.05.25 06:42:53.053,0.95784,0.95796,3.75,1.50
2012.05.25 06:42:56.522,0.95786,0.95798,1.50,1.69
2012.05.25 06:42:57.046,0.95787,0.958,1.50,3.00
2012.05.25 06:42:58.247,0.95783,0.95795,5.25,1.50
2012.05.25 06:42:58.604,0.95782,0.95787,2.25,1.50
2012.05.25 06:42:58.814,0.95778,0.95787,1.50,1.50
2012.05.25 06:42:59.375,0.95777,0.95788,2.25,1.50
2012.05.25 06:43:02.713,0.95778,0.9579,2.44,1.50
2012.05.25 06:43:02.855,0.9578,0.9579,1.50,1.50
2012.05.25 06:43:02.923,0.9578,0.95792,1.50,1.50
2012.05.25 06:43:03.453,0.9578,0.95792,1.50,1.50
2012.05.25 06:43:04.441,0.95779,0.95792,1.50,1.50
2012.05.25 06:43:04.879,0.9578,0.95792,2.63,1.50
2012.05.25 06:43:04.957,0.95781,0.95795,3.00,1.50
2012.05.25 06:43:05.245,0.9578,0.95791,1.88,1.50
2012.05.25 06:43:05.667,0.95779,0.95789,1.50,1.50
2012.05.25 06:43:05.816,0.95777,0.95789,2.25,1.50
2012.05.25 06:43:06.362,0.95777,0.95788,1.50,1.50
2012.05.25 06:43:09.997,0.95777,0.95788,1.50,1.50
2012.05.25 06:43:10.367,0.95777,0.95791,3.00,2.63
2012.05.25 06:43:10.803,0.95778,0.95789,1.50,1.50
2012.05.25 06:43:11.073,0.95778,0.95791,1.50,1.50
2012.05.25 06:43:11.202,0.95778,0.95789,1.50,1.50
2012.05.25 06:43:11.432,0.95778,0.95791,1.50,1.50
2012.05.25 06:43:11.944,0.95778,0.9579,1.50,1.50
2012.05.25 06:43:12.084,0.95781,0.95795,1.50,5.25
2012.05.25 06:43:12.505,0.95779,0.95793,3.00,1.69
2012.05.25 06:43:12.644,0.95779,0.95791,3.38,1.50
2012.05.25 06:43:14.444,0.95782,0.95794,1.50,1.50
2012.05.25 06:43:14.822,0.95779,0.95793,6.38,1.50
2012.05.25 06:43:15.385,0.95781,0.95793,1.50,1.50
2012.05.25 06:43:15.527,0.95779,0.95791,6.38,1.50
2012.05.25 06:43:16.015,0.95781,0.95793,1.50,1.50
2012.05.25 06:43:16.088,0.95779,0.95793,7.50,2.25
2012.05.25 06:43:16.429,0.95779,0.9579,3.75,1.50
2012.05.25 06:43:16.960,0.95779,0.95791,4.50,1.50
2012.05.25 06:43:19.346,0.95781,0.95793,1.50,1.69
2012.05.25 06:43:19.706,0.95778,0.95789,2.25,1.50
2012.05.25 06:43:19.997,0.95778,0.95791,3.00,1.50
2012.05.25 06:43:20.555,0.95778,0.9579,4.50,1.50
2012.05.25 06:43:20.891,0.95778,0.95792,4.50,1.50
2012.05.25 06:43:21.026,0.95778,0.95792,4.50,3.75
2012.05.25 06:43:22.154,0.95778,0.9579,2.25,3.00
2012.05.25 06:43:22.505,0.95776,0.9579,3.15,4.50
2012.05.25 06:43:23.065,0.95778,0.9579,1.50,4.50
2012.05.25 06:43:23.412,0.95776,0.9579,1.65,5.25
2012.05.25 06:43:23.928,0.95774,0.95783,3.53,1.50
2012.05.25 06:43:24.423,0.95773,0.95785,1.50,2.63
2012.05.25 06:43:24.639,0.95771,0.9578,3.00,1.50
2012.05.25 06:43:24.787,0.95768,0.9578,2.44,1.50
2012.05.25 06:43:25.359,0.95772,0.95784,1.50,2.63
2012.05.25 06:43:25.854,0.95775,0.95787,1.50,2.93
2012.05.25 06:43:26.275,0.95774,0.95784,1.50,1.50
2012.05.25 06:43:26.615,0.95772,0.95784,1.88,1.50
2012.05.25 06:43:27.375,0.95771,0.95782,3.38,1.50
2012.05.25 06:43:27.588,0.9577,0.95782,1.50,1.50
2012.05.25 06:43:27.667,0.95769,0.9578,3.75,1.50
2012.05.25 06:43:28.276,0.95768,0.95775,1.13,1.50
2012.05.25 06:43:28.354,0.95764,0.95775,2.18,1.50
2012.05.25 06:43:28.492,0.95764,0.95775,1.88,1.50
2012.05.25 06:43:28.903,0.95764,0.95772,3.00,2.07
2012.05.25 06:43:29.262,0.95756,0.95764,2.49,3.00
2012.05.25 06:43:29.340,0.95753,0.95763,2.34,1.88
2012.05.25 06:43:29.421,0.95753,0.95763,2.25,1.88
2012.05.25 06:43:29.501,0.95749,0.95759,1.50,1.50
2012.05.25 06:43:29.790,0.95749,0.95759,1.13,2.25
2012.05.25 06:43:30.221,0.95746,0.95757,3.60,1.50
2012.05.25 06:43:30.775,0.95746,0.95758,2.70,1.50
2012.05.25 06:43:31.604,0.95746,0.95758,2.55,1.50
2012.05.25 06:43:32.264,0.95748,0.95762,4.50,2.63
2012.05.25 06:43:32.698,0.95751,0.95765,1.50,4.69
2012.05.25 06:43:33.478,0.95751,0.95765,3.76,1.69
2012.05.25 06:43:33.835,0.95756,0.95769,2.25,3.00
2012.05.25 06:43:34.186,0.95758,0.95769,1.50,3.00
2012.05.25 06:43:34.755,0.95757,0.95769,1.50,3.00
2012.05.25 06:43:35.102,0.95757,0.9577,1.50,3.94
2012.05.25 06:43:35.685,0.95759,0.9577,1.50,1.69
2012.05.25 06:43:36.896,0.95761,0.95771,1.50,2.25
2012.05.25 06:43:36.970,0.9576,0.95772,1.50,4.50
2012.05.25 06:43:37.536,0.95758,0.95772,2.25,2.25
2012.05.25 06:43:37.817,0.95761,0.95773,1.50,2.44
2012.05.25 06:43:38.372,0.9576,0.95774,3.00,1.69
2012.05.25 06:43:38.724,0.95762,0.95774,1.50,1.50
2012.05.25 06:43:38.864,0.9576,0.95774,1.50,3.00
2012.05.25 06:43:39.146,0.95762,0.95774,1.50,1.50
2012.05.25 06:43:39.495,0.9576,0.95772,1.50,1.50
2012.05.25 06:43:39.827,0.9576,0.95774,1.50,1.50
2012.05.25 06:43:40.114,0.9576,0.95774,1.50,2.25
2012.05.25 06:43:40.471,0.95753,0.95762,1.50,1.50
2012.05.25 06:43:41.121,0.95753,0.95761,1.50,1.88
2012.05.25 06:43:41.204,0.95748,0.9576,1.50,2.25
2012.05.25 06:43:42.044,0.95749,0.95761,1.50,3.38
2012.05.25 06:43:42.604,0.95748,0.9576,1.50,1.50
2012.05.25 06:43:42.746,0.95749,0.95759,1.50,1.88
2012.05.25 06:43:42.827,0.95747,0.95759,1.50,2.63
2012.05.25 06:43:43.586,0.95745,0.95759,2.25,3.38
2012.05.25 06:43:44.132,0.95746,0.95759,1.50,1.69
2012.05.25 06:43:44.420,0.95748,0.9576,1.50,3.02
2012.05.25 06:43:45.064,0.95748,0.95761,3.00,2.25
2012.05.25 06:43:45.612,0.95748,0.95761,2.25,1.50
2012.05.25 06:43:47.434,0.95748,0.95761,3.00,1.50
2012.05.25 06:43:47.574,0.95748,0.95762,3.00,2.25
2012.05.25 06:43:47.785,0.9575,0.95762,3.00,2.25
2012.05.25 06:43:48.267,0.95754,0.95764,1.50,2.44
2012.05.25 06:43:48.347,0.95754,0.95766,1.50,3.00
2012.05.25 06:43:48.425,0.95756,0.95766,1.50,1.50
2012.05.25 06:43:48.986,0.95755,0.95766,1.50,1.50
2012.05.25 06:43:49.337,0.95757,0.95768,1.50,2.63
2012.05.25 06:43:49.808,0.95755,0.95767,2.25,2.25
2012.05.25 06:43:52.236,0.95755,0.95766,2.25,1.50
2012.05.25 06:43:52.307,0.95753,0.95766,3.75,3.00
2012.05.25 06:43:52.873,0.95752,0.95765,1.50,1.50
2012.05.25 06:43:53.426,0.95753,0.95765,1.50,1.50
2012.05.25 06:43:53.975,0.95752,0.95765,2.25,1.50
2012.05.25 06:43:54.523,0.95752,0.95765,2.25,3.19
2012.05.25 06:43:55.484,0.95752,0.95765,1.50,1.50
2012.05.25 06:43:56.002,0.95752,0.95765,3.00,3.00
2012.05.25 06:43:56.698,0.95752,0.95765,2.25,2.25
2012.05.25 06:43:57.231,0.95752,0.95764,1.50,1.50
2012.05.25 06:43:58.825,0.95751,0.95765,3.00,3.00
2012.05.25 06:43:58.895,0.95751,0.95764,3.00,2.25
2012.05.25 06:43:58.968,0.95751,0.95764,1.50,3.04
2012.05.25 06:43:59.186,0.95747,0.95762,5.25,2.44
2012.05.25 06:43:59.754,0.95747,0.9576,5.25,2.25
2012.05.25 06:44:00.276,0.95748,0.95761,2.25,2.25
2012.05.25 06:44:00.832,0.95749,0.95762,2.25,2.44
2012.05.25 06:44:01.514,0.95747,0.95762,5.25,3.19
2012.05.25 06:44:02.052,0.95749,0.95762,2.25,2.44
2012.05.25 06:44:03.435,0.95747,0.95761,5.25,1.50
2012.05.25 06:44:03.577,0.95747,0.95761,3.00,2.63
2012.05.25 06:44:03.938,0.95744,0.95753,3.00,1.50
2012.05.25 06:44:04.019,0.95744,0.95756,3.00,1.50
2012.05.25 06:44:04.169,0.95743,0.95756,2.25,1.50
2012.05.25 06:44:04.317,0.95744,0.95758,1.50,2.25
2012.05.25 06:44:04.607,0.95742,0.95756,1.69,1.50
2012.05.25 06:44:04.966,0.95743,0.95754,3.75,1.50
2012.05.25 06:44:05.036,0.95743,0.95757,3.75,1.50
2012.05.25 06:44:05.564,0.95743,0.95756,3.94,1.50
2012.05.25 06:44:05.916,0.95745,0.95759,2.25,1.88
2012.05.25 06:44:06.345,0.95743,0.95756,1.69,1.50
2012.05.25 06:44:07.435,0.95746,0.95759,3.00,4.50
2012.05.25 06:44:07.854,0.95746,0.95759,3.00,2.25
2012.05.25 06:44:07.996,0.95746,0.95759,3.00,2.25
2012.05.25 06:44:10.529,0.95749,0.9576,1.50,1.50
2012.05.25 06:44:10.676,0.9575,0.95764,1.50,2.25
2012.05.25 06:44:10.900,0.95752,0.95765,2.25,3.75
2012.05.25 06:44:11.452,0.95753,0.95766,3.00,3.19
2012.05.25 06:44:12.676,0.95753,0.95766,2.25,2.44
2012.05.25 06:44:13.249,0.95753,0.95762,2.25,1.50
2012.05.25 06:44:13.330,0.95751,0.95762,2.25,2.25
2012.05.25 06:44:14.914,0.95751,0.95763,2.25,1.50
2012.05.25 06:44:15.606,0.95751,0.95764,2.25,1.50
2012.05.25 06:44:16.123,0.95752,0.95764,2.25,1.50
2012.05.25 06:44:16.674,0.95753,0.95766,2.25,3.38
2012.05.25 06:44:17.219,0.95754,0.95766,3.75,1.13
2012.05.25 06:44:17.646,0.95756,0.95767,2.25,2.25
2012.05.25 06:44:17.785,0.95754,0.95767,4.50,1.50
2012.05.25 06:44:18.349,0.95755,0.95765,2.25,2.25
2012.05.25 06:44:19.503,0.95756,0.95766,2.25,1.50
2012.05.25 06:44:19.587,0.95752,0.95763,3.00,1.50
2012.05.25 06:44:19.937,0.95752,0.95765,4.50,3.00
2012.05.25 06:44:20.154,0.95754,0.95766,1.50,2.25
2012.05.25 06:44:20.683,0.95752,0.95766,1.69,3.00
2012.05.25 06:44:21.187,0.95752,0.95765,1.69,1.50
2012.05.25 06:44:22.174,0.95752,0.95767,5.44,1.50
2012.05.25 06:44:22.713,0.95752,0.95765,3.94,1.50
2012.05.25 06:44:24.024,0.95752,0.95765,3.94,2.25
2012.05.25 06:44:25.833,0.95752,0.95765,3.94,3.00
2012.05.25 06:44:26.941,0.95752,0.95763,3.75,1.50
2012.05.25 06:44:27.442,0.95752,0.95763,3.75,2.25
2012.05.25 06:44:28.043,0.95752,0.95761,3.75,1.50
2012.05.25 06:44:28.572,0.95752,0.95762,3.75,1.50
2012.05.25 06:44:30.888,0.95754,0.95762,2.25,1.50
2012.05.25 06:44:31.040,0.95754,0.95767,2.25,2.25
2012.05.25 06:44:31.186,0.95752,0.95763,4.88,1.50
2012.05.25 06:44:31.545,0.95752,0.95765,4.13,1.50
2012.05.25 06:44:32.053,0.95752,0.95764,4.13,1.50
2012.05.25 06:44:32.612,0.95752,0.95764,3.38,1.50
2012.05.25 06:44:33.218,0.9575,0.95764,4.13,2.25
2012.05.25 06:44:33.366,0.9575,0.95759,1.88,1.50
2012.05.25 06:44:33.925,0.9575,0.95761,1.13,1.50
2012.05.25 06:44:35.183,0.9575,0.95762,1.13,1.50
2012.05.25 06:44:35.452,0.95751,0.9576,3.00,1.50
2012.05.25 06:44:35.522,0.95751,0.95762,3.00,1.50
2012.05.25 06:44:36.257,0.95751,0.9576,3.00,1.50
2012.05.25 06:44:37.302,0.95751,0.95762,3.00,1.50
2012.05.25 06:44:37.894,0.95749,0.95761,3.94,1.50
2012.05.25 06:44:38.256,0.95754,0.95761,2.25,1.50
2012.05.25 06:44:38.395,0.95754,0.95766,3.75,1.88
2012.05.25 06:44:38.536,0.95751,0.95763,2.25,1.50
2012.05.25 06:44:38.877,0.95751,0.9576,3.00,1.50
2012.05.25 06:44:39.388,0.95752,0.95765,2.25,2.25
2012.05.25 06:44:40.297,0.95752,0.95764,2.25,1.50
2012.05.25 06:44:41.564,0.95752,0.95763,2.25,1.50
2012.05.25 06:44:44.615,0.95752,0.95765,3.75,1.13
2012.05.25 06:44:44.942,0.95752,0.95763,2.25,1.50
2012.05.25 06:44:45.471,0.95752,0.95764,1.50,1.50
2012.05.25 06:44:47.694,0.95753,0.95765,1.50,1.13
2012.05.25 06:44:49.594,0.95752,0.95764,2.25,1.50
2012.05.25 06:44:50.133,0.95751,0.95763,2.63,1.50
2012.05.25 06:44:50.594,0.95751,0.95761,1.13,1.50
2012.05.25 06:44:52.173,0.9575,0.95761,3.38,1.50
2012.05.25 06:44:52.514,0.95751,0.95763,1.50,2.25
2012.05.25 06:44:52.643,0.95754,0.95765,1.50,1.50
2012.05.25 06:44:53.188,0.95753,0.95765,1.50,2.25
2012.05.25 06:44:55.672,0.95753,0.95765,1.50,1.50
2012.05.25 06:44:56.613,0.95752,0.95766,3.75,3.38
2012.05.25 06:44:56.960,0.95754,0.95766,1.50,3.38
2012.05.25 06:44:57.351,0.95752,0.95766,3.75,3.38
2012.05.25 06:44:58.212,0.95754,0.95766,1.50,3.38
2012.05.25 06:44:58.772,0.95753,0.95766,2.25,1.50
2012.05.25 06:44:59.185,0.95755,0.95767,2.03,2.25
2012.05.25 06:44:59.327,0.95757,0.95769,2.03,2.44
2012.05.25 06:44:59.408,0.95759,0.9577,2.25,3.00
2012.05.25 06:44:59.558,0.95759,0.95771,2.25,3.00
2012.05.25 06:45:00.057,0.95758,0.9577,2.25,1.50
2012.05.25 06:45:00.133,0.95758,0.95772,2.25,2.25
2012.05.25 06:45:00.346,0.95759,0.95773,2.25,3.19
2012.05.25 06:45:00.698,0.9576,0.95772,2.25,2.25
2012.05.25 06:45:01.053,0.95757,0.95769,1.13,1.50
2012.05.25 06:45:01.640,0.95753,0.95761,3.00,1.50
2012.05.25 06:45:02.133,0.95752,0.95761,3.38,1.50
2012.05.25 06:45:02.206,0.95752,0.95763,3.38,1.50
2012.05.25 06:45:03.254,0.95752,0.95765,3.38,3.75
2012.05.25 06:45:03.946,0.95752,0.95765,3.38,3.00
2012.05.25 06:45:04.084,0.95753,0.95767,4.50,2.25
2012.05.25 06:45:04.153,0.95753,0.95765,4.50,1.50
2012.05.25 06:45:04.585,0.95753,0.95763,1.13,1.50
2012.05.25 06:45:05.196,0.95751,0.9576,3.75,1.50
2012.05.25 06:45:05.335,0.95751,0.9576,3.00,1.50
2012.05.25 06:45:06.343,0.95751,0.95762,2.25,1.50
2012.05.25 06:45:06.985,0.95751,0.95763,3.00,2.25
2012.05.25 06:45:07.066,0.95751,0.9576,2.25,1.50
2012.05.25 06:45:08.036,0.95751,0.95762,2.25,1.50
2012.05.25 06:45:10.235,0.95756,0.95764,1.50,1.50
2012.05.25 06:45:10.444,0.95755,0.95767,1.50,1.69
2012.05.25 06:45:11.007,0.95753,0.95762,1.69,1.50
2012.05.25 06:45:11.436,0.95751,0.95764,3.00,2.63
2012.05.25 06:45:11.642,0.95751,0.95764,1.13,2.63
2012.05.25 06:45:14.314,0.95752,0.95764,1.50,3.00
2012.05.25 06:45:14.842,0.95753,0.95765,1.50,1.88
2012.05.25 06:45:15.384,0.95753,0.95767,3.00,3.90
2012.05.25 06:45:15.943,0.95754,0.95766,2.25,2.25
2012.05.25 06:45:16.724,0.95753,0.95766,3.75,2.25
2012.05.25 06:45:19.514,0.95751,0.9576,1.13,1.50
2012.05.25 06:45:20.053,0.95749,0.95761,2.25,2.25
2012.05.25 06:45:20.614,0.95747,0.95761,5.44,2.25
2012.05.25 06:45:21.285,0.95747,0.95761,5.25,2.63
2012.05.25 06:45:21.823,0.95747,0.95761,5.25,2.63
2012.05.25 06:45:22.174,0.95747,0.95761,5.63,2.63
2012.05.25 06:45:22.540,0.95747,0.95758,4.13,1.50
2012.05.25 06:45:23.410,0.95745,0.95757,1.69,1.50
2012.05.25 06:45:23.489,0.95745,0.95757,1.69,3.00
2012.05.25 06:45:23.565,0.95745,0.95755,1.69,1.50
2012.05.25 06:45:24.125,0.95745,0.95757,2.44,1.88
2012.05.25 06:45:24.950,0.95743,0.95757,3.19,2.25
2012.05.25 06:45:25.025,0.95743,0.95757,3.19,2.25
2012.05.25 06:45:26.084,0.95743,0.95757,3.94,1.50
2012.05.25 06:45:28.152,0.95744,0.95757,1.13,1.50
2012.05.25 06:45:28.622,0.95746,0.95759,2.25,3.00
2012.05.25 06:45:29.172,0.95746,0.95758,2.25,2.25
2012.05.25 06:45:29.736,0.95747,0.95759,1.50,3.19
2012.05.25 06:45:31.955,0.95745,0.95759,3.19,3.38
2012.05.25 06:45:32.365,0.95746,0.95759,2.25,1.50
2012.05.25 06:45:34.491,0.95746,0.95758,3.00,1.50
2012.05.25 06:45:34.564,0.95745,0.95758,1.69,1.50
2012.05.25 06:45:34.639,0.95745,0.95758,1.69,1.50
2012.05.25 06:45:35.203,0.9575,0.95759,3.75,1.50
2012.05.25 06:45:35.558,0.9575,0.9576,4.50,1.50
2012.05.25 06:45:35.639,0.95752,0.95763,1.50,1.50
2012.05.25 06:45:35.714,0.9575,0.95762,3.00,1.50
2012.05.25 06:45:37.302,0.9575,0.95764,4.50,4.88
2012.05.25 06:45:39.822,0.9575,0.95764,4.50,4.13
2012.05.25 06:45:41.435,0.9575,0.95764,4.88,4.13
2012.05.25 06:45:42.634,0.95751,0.95765,1.88,2.25
2012.05.25 06:45:42.704,0.95753,0.95766,1.50,1.13
2012.05.25 06:45:43.305,0.95754,0.95766,1.50,3.00
2012.05.25 06:45:43.657,0.95756,0.95768,1.50,3.38
2012.05.25 06:45:43.738,0.95756,0.95768,1.50,3.38
2012.05.25 06:45:44.358,0.95755,0.95767,3.75,1.88
2012.05.25 06:45:44.927,0.95756,0.95767,2.25,1.88
2012.05.25 06:45:45.478,0.95755,0.95767,2.25,2.25
2012.05.25 06:45:46.018,0.95756,0.95767,1.50,1.13
2012.05.25 06:45:47.764,0.95756,0.95766,2.25,1.50
2012.05.25 06:45:47.833,0.95753,0.95766,5.63,1.50
2012.05.25 06:45:48.327,0.95756,0.95765,2.25,1.50
2012.05.25 06:45:48.476,0.95756,0.95767,2.25,1.50
2012.05.25 06:45:49.505,0.95756,0.9577,3.75,4.33
2012.05.25 06:45:50.012,0.95757,0.95769,1.50,2.35
2012.05.25 06:45:50.756,0.95756,0.95769,2.25,2.35
2012.05.25 06:45:51.959,0.95758,0.95769,2.25,2.27
2012.05.25 06:45:52.174,0.95756,0.95768,3.75,1.88
2012.05.25 06:45:53.473,0.95755,0.95767,3.94,1.50
2012.05.25 06:45:55.223,0.95755,0.95765,2.44,1.50
2012.05.25 06:45:55.955,0.95755,0.95766,2.44,1.50
2012.05.25 06:45:56.444,0.95758,0.95769,2.25,3.30
2012.05.25 06:45:56.584,0.95754,0.95766,5.44,1.50
2012.05.25 06:45:57.101,0.95754,0.95767,3.94,1.50
2012.05.25 06:45:59.445,0.95754,0.95767,4.13,1.50
2012.05.25 06:46:00.604,0.95755,0.95769,1.50,2.55
2012.05.25 06:46:01.782,0.95754,0.95768,5.63,1.65
2012.05.25 06:46:02.342,0.95755,0.95767,1.69,1.65
2012.05.25 06:46:02.876,0.95756,0.95768,1.50,1.65
2012.05.25 06:46:03.404,0.95757,0.95769,1.50,2.40
2012.05.25 06:46:03.914,0.95758,0.95769,1.50,1.20
2012.05.25 06:46:05.564,0.95758,0.9577,1.50,3.17
2012.05.25 06:46:06.173,0.95759,0.9577,1.50,1.67
2012.05.25 06:46:06.765,0.95759,0.9577,1.50,1.67
2012.05.25 06:46:07.265,0.95759,0.95771,1.50,2.80
2012.05.25 06:46:07.473,0.95761,0.95771,1.50,1.30
2012.05.25 06:46:08.003,0.9576,0.95771,1.50,1.22
2012.05.25 06:46:08.290,0.95761,0.95773,2.25,2.63
2012.05.25 06:46:08.575,0.95761,0.95774,2.44,1.50
2012.05.25 06:46:09.314,0.95762,0.95776,4.50,3.75
2012.05.25 06:46:10.796,0.95763,0.95773,3.00,1.50
2012.05.25 06:46:11.072,0.95763,0.95775,3.00,2.25
2012.05.25 06:46:11.642,0.95763,0.95774,3.00,1.50
2012.05.25 06:46:12.156,0.95763,0.95773,2.25,1.50
2012.05.25 06:46:13.215,0.95763,0.95772,2.25,1.50
2012.05.25 06:46:13.283,0.95763,0.95774,2.25,2.25
2012.05.25 06:46:13.832,0.95763,0.95775,3.75,2.25
2012.05.25 06:46:14.421,0.95763,0.95776,3.75,2.25
2012.05.25 06:46:15.651,0.95764,0.95776,1.50,4.50
2012.05.25 06:46:16.171,0.95763,0.95775,3.75,2.25
2012.05.25 06:46:19.083,0.95763,0.95773,2.25,1.50
2012.05.25 06:46:19.153,0.95763,0.95771,2.25,1.50
2012.05.25 06:46:19.294,0.95762,0.95774,3.00,2.25
2012.05.25 06:46:19.833,0.95763,0.95776,1.50,5.25
2012.05.25 06:46:20.531,0.95762,0.95776,4.50,5.25
2012.05.25 06:46:20.797,0.95764,0.95776,1.50,5.25
2012.05.25 06:46:21.172,0.95762,0.95776,4.50,4.13
2012.05.25 06:46:22.345,0.95763,0.95776,1.50,3.38
2012.05.25 06:46:24.984,0.95763,0.95775,1.50,2.25
2012.05.25 06:46:26.671,0.95764,0.95776,1.50,4.13
2012.05.25 06:46:26.933,0.95766,0.95776,1.50,1.50
2012.05.25 06:46:27.004,0.95764,0.95776,3.75,1.50
2012.05.25 06:46:27.545,0.95764,0.95776,3.75,2.25
2012.05.25 06:46:28.164,0.95764,0.95775,3.75,1.88
2012.05.25 06:46:28.724,0.95764,0.95775,1.50,1.88
2012.05.25 06:46:28.865,0.95764,0.95773,1.50,1.13
2012.05.25 06:46:29.428,0.95764,0.95774,1.50,1.13
2012.05.25 06:46:29.953,0.95764,0.95775,1.50,1.88
2012.05.25 06:46:32.911,0.95762,0.95775,6.00,1.88
2012.05.25 06:46:34.353,0.95762,0.95775,4.50,3.38
2012.05.25 06:46:34.871,0.95762,0.95774,4.50,3.38
2012.05.25 06:46:37.442,0.95764,0.95774,1.50,1.88
2012.05.25 06:46:37.573,0.95762,0.95774,2.25,1.88
2012.05.25 06:46:37.642,0.95764,0.95774,1.50,1.88
2012.05.25 06:46:38.244,0.95763,0.95774,1.50,1.88
2012.05.25 06:46:38.862,0.95764,0.95774,2.25,1.88
2012.05.25 06:46:39.147,0.95761,0.95774,1.50,3.00
2012.05.25 06:46:39.703,0.95763,0.95776,1.50,1.50
2012.05.25 06:46:42.254,0.95763,0.95776,1.50,1.50
2012.05.25 06:46:42.396,0.95764,0.95777,1.50,2.63
2012.05.25 06:46:42.466,0.95766,0.95777,1.50,2.63
2012.05.25 06:46:43.756,0.95766,0.95777,1.50,1.69
2012.05.25 06:46:43.826,0.95761,0.95774,1.50,1.50
2012.05.25 06:46:44.383,0.95763,0.95776,1.50,2.44
2012.05.25 06:46:45.040,0.95763,0.95776,1.50,2.44
2012.05.25 06:46:47.074,0.95763,0.95775,1.50,2.44
2012.05.25 06:46:47.613,0.95763,0.95774,1.50,1.50
2012.05.25 06:46:47.756,0.95761,0.95773,1.50,1.50
2012.05.25 06:46:48.302,0.95764,0.95774,1.50,1.50
2012.05.25 06:46:48.683,0.95761,0.95773,2.25,1.13
2012.05.25 06:46:49.247,0.9576,0.95771,1.50,1.13
2012.05.25 06:46:49.655,0.95759,0.95766,1.50,1.50
2012.05.25 06:46:49.733,0.95755,0.95765,3.75,2.25
2012.05.25 06:46:53.012,0.95755,0.95767,2.25,1.88
2012.05.25 06:46:53.512,0.95757,0.95769,1.50,3.19
2012.05.25 06:46:53.645,0.95755,0.95767,3.75,1.50
2012.05.25 06:46:54.194,0.95756,0.95767,2.25,1.50
2012.05.25 06:46:54.705,0.95757,0.95769,1.50,5.07
2012.05.25 06:46:55.351,0.95756,0.95769,2.25,5.07
2012.05.25 06:46:56.154,0.95756,0.95769,3.75,1.13
2012.05.25 06:46:59.476,0.95758,0.95771,1.50,2.22
2012.05.25 06:46:59.957,0.9576,0.9577,1.50,1.32
2012.05.25 06:47:00.506,0.95758,0.9577,2.25,1.50
2012.05.25 06:47:01.045,0.95758,0.9577,1.50,2.25
2012.05.25 06:47:01.375,0.95756,0.95768,4.14,1.50
2012.05.25 06:47:01.983,0.95755,0.95767,3.00,1.50
2012.05.25 06:47:02.448,0.95754,0.95765,3.00,1.50
2012.05.25 06:47:02.723,0.95756,0.95768,1.50,1.88
2012.05.25 06:47:03.494,0.95755,0.95767,2.25,1.50
2012.05.25 06:47:04.045,0.95754,0.95766,2.25,1.50
2012.05.25 06:47:09.806,0.95756,0.95769,1.50,3.00
2012.05.25 06:47:10.084,0.95759,0.95769,1.50,1.13
2012.05.25 06:47:10.225,0.95757,0.95769,3.00,1.13
2012.05.25 06:47:11.108,0.95758,0.95769,1.50,1.13
2012.05.25 06:47:14.820,0.95755,0.95769,3.75,1.88
2012.05.25 06:47:15.244,0.95755,0.95767,2.25,1.50
2012.05.25 06:47:18.155,0.95753,0.95766,4.51,1.50
2012.05.25 06:47:18.223,0.95753,0.95766,2.26,1.50
2012.05.25 06:47:18.595,0.95754,0.95765,1.88,1.50
2012.05.25 06:47:18.663,0.95755,0.95769,2.25,4.50
2012.05.25 06:47:18.734,0.95757,0.95769,1.50,3.75
2012.05.25 06:47:19.175,0.95755,0.95769,2.25,3.75
2012.05.25 06:47:19.675,0.95756,0.95769,1.50,2.25
2012.05.25 06:47:19.747,0.95758,0.95769,1.50,2.25
2012.05.25 06:47:19.893,0.95758,0.9577,1.50,2.25
2012.05.25 06:47:20.455,0.95757,0.95771,1.50,4.95
2012.05.25 06:47:21.432,0.95759,0.9577,1.50,3.83
2012.05.25 06:47:21.971,0.95758,0.9577,1.50,4.13
2012.05.25 06:47:22.541,0.95758,0.95771,1.50,4.88
2012.05.25 06:47:25.522,0.95758,0.95771,1.50,4.28
2012.05.25 06:47:27.161,0.95758,0.95771,1.50,3.53
2012.05.25 06:47:27.295,0.95755,0.95769,4.13,1.50
2012.05.25 06:47:27.368,0.95757,0.95769,1.11,1.50
2012.05.25 06:47:27.446,0.95761,0.95773,2.25,2.44
2012.05.25 06:47:27.728,0.95767,0.95775,1.50,1.05
2012.05.25 06:47:27.810,0.95763,0.95775,1.69,1.05
2012.05.25 06:47:28.095,0.95762,0.95774,2.44,2.40
2012.05.25 06:47:28.578,0.95768,0.95775,1.50,1.05
2012.05.25 06:47:28.724,0.95768,0.95779,1.50,3.30
2012.05.25 06:47:29.206,0.95766,0.95778,3.00,1.50
2012.05.25 06:47:29.272,0.95766,0.95778,1.50,2.25
2012.05.25 06:47:29.563,0.95766,0.95778,1.50,1.50
2012.05.25 06:47:30.675,0.95768,0.9578,1.50,4.07
2012.05.25 06:47:30.874,0.95765,0.95777,3.00,1.50
2012.05.25 06:47:31.413,0.95766,0.95778,1.50,1.50
2012.05.25 06:47:32.025,0.95766,0.95778,3.00,1.50
2012.05.25 06:47:32.536,0.95765,0.95778,1.50,1.50
2012.05.25 06:47:33.063,0.95764,0.95778,6.01,2.25
2012.05.25 06:47:33.616,0.95765,0.95778,1.50,1.50
2012.05.25 06:47:34.504,0.95765,0.95776,1.50,1.50
2012.05.25 06:47:35.036,0.95766,0.95778,2.25,3.75
2012.05.25 06:47:35.175,0.95768,0.95778,1.50,3.00
2012.05.25 06:47:35.754,0.95768,0.95779,1.50,1.67
2012.05.25 06:47:36.094,0.95765,0.95777,3.00,1.50
2012.05.25 06:47:37.522,0.95765,0.95779,3.00,3.07
2012.05.25 06:47:37.866,0.95771,0.95783,2.25,2.25
2012.05.25 06:47:38.214,0.95768,0.95782,3.00,2.25
2012.05.25 06:47:38.744,0.95771,0.95783,1.50,2.25
2012.05.25 06:47:41.274,0.95771,0.95783,1.50,2.44
2012.05.25 06:47:41.629,0.95774,0.95785,1.50,3.00
2012.05.25 06:47:41.776,0.95775,0.95787,1.50,3.64
2012.05.25 06:47:41.915,0.95773,0.95785,2.25,1.50
2012.05.25 06:47:42.332,0.95771,0.95783,5.26,1.50
2012.05.25 06:47:42.810,0.95771,0.95783,5.26,1.50
2012.05.25 06:47:44.692,0.95772,0.95786,1.50,1.95
2012.05.25 06:47:45.233,0.95773,0.95785,1.50,1.50
2012.05.25 06:47:45.846,0.95774,0.95786,1.50,1.50
2012.05.25 06:47:49.055,0.95773,0.95786,3.00,1.95
2012.05.25 06:47:49.609,0.95772,0.95785,2.25,2.44
2012.05.25 06:47:50.266,0.95773,0.95785,1.50,2.44
2012.05.25 06:47:50.776,0.95773,0.95785,1.50,1.69
2012.05.25 06:47:51.120,0.95778,0.95787,1.50,1.69
2012.05.25 06:47:51.548,0.9578,0.95788,1.50,2.25
2012.05.25 06:47:51.696,0.9578,0.95791,1.50,1.15
2012.05.25 06:47:51.768,0.9578,0.9579,1.50,1.52
2012.05.25 06:47:52.127,0.95771,0.95777,1.50,3.00
2012.05.25 06:47:52.476,0.95765,0.9577,6.30,2.25
2012.05.25 06:47:52.549,0.95764,0.9577,1.51,2.78
2012.05.25 06:47:53.004,0.95754,0.95765,1.50,3.00
2012.05.25 06:47:53.148,0.95758,0.95762,1.50,1.50
2012.05.25 06:47:53.227,0.9575,0.95762,4.05,1.50
2012.05.25 06:47:53.296,0.9575,0.95759,1.80,1.50
2012.05.25 06:47:53.368,0.95749,0.95759,1.13,1.50
2012.05.25 06:47:53.517,0.95755,0.95761,1.14,3.00
2012.05.25 06:47:54.085,0.95748,0.95759,1.65,1.50
2012.05.25 06:47:54.724,0.95748,0.95762,5.18,2.25
2012.05.25 06:47:54.933,0.95751,0.95765,1.65,2.25
2012.05.25 06:47:55.343,0.95754,0.95765,1.50,1.50
2012.05.25 06:47:55.414,0.95754,0.95766,1.50,2.44
2012.05.25 06:47:56.040,0.95754,0.95766,1.50,2.44
2012.05.25 06:47:57.007,0.95756,0.95768,1.50,4.69
2012.05.25 06:47:57.364,0.95759,0.9577,1.50,3.85
2012.05.25 06:47:57.574,0.95757,0.9577,1.50,3.00
2012.05.25 06:47:57.946,0.95759,0.9577,1.50,3.00
2012.05.25 06:47:58.134,0.95759,0.95771,1.50,3.75
2012.05.25 06:47:58.725,0.95759,0.95771,1.50,3.75
2012.05.25 06:47:59.426,0.95758,0.9577,1.50,1.50
2012.05.25 06:48:00.365,0.95759,0.95771,1.50,2.25
2012.05.25 06:48:00.646,0.9576,0.95773,1.50,1.35
2012.05.25 06:48:00.918,0.95758,0.9577,5.25,1.50
2012.05.25 06:48:00.999,0.95758,0.95772,5.25,1.50
2012.05.25 06:48:01.419,0.95758,0.95768,1.50,1.50
2012.05.25 06:48:01.497,0.95756,0.95767,1.50,1.50
2012.05.25 06:48:01.709,0.95754,0.95765,5.63,1.50
2012.05.25 06:48:01.856,0.95754,0.95765,4.13,1.50
2012.05.25 06:48:02.383,0.95754,0.95766,2.63,1.50
2012.05.25 06:48:03.215,0.95753,0.95764,1.88,1.50
2012.05.25 06:48:03.295,0.95751,0.95764,2.44,1.50
2012.05.25 06:48:04.093,0.95752,0.95764,1.09,1.50
2012.05.25 06:48:04.164,0.95752,0.95761,1.09,1.50
2012.05.25 06:48:04.514,0.95749,0.95758,1.50,1.52
2012.05.25 06:48:04.866,0.95745,0.95749,1.50,1.50
2012.05.25 06:48:05.287,0.95738,0.95746,4.50,1.50
2012.05.25 06:48:05.650,0.95735,0.95741,1.50,1.50
2012.05.25 06:48:06.074,0.9573,0.95742,1.65,1.50
2012.05.25 06:48:06.284,0.95732,0.95744,4.65,2.25
2012.05.25 06:48:06.832,0.95731,0.95745,2.55,3.00
2012.05.25 06:48:07.828,0.95732,0.95745,1.88,2.25
2012.05.25 06:48:08.035,0.95732,0.95742,1.35,1.50
2012.05.25 06:48:08.317,0.95732,0.95744,1.35,1.50
2012.05.25 06:48:08.875,0.95732,0.95743,1.35,1.50
2012.05.25 06:48:09.473,0.95732,0.95743,1.35,1.50
2012.05.25 06:48:10.175,0.95732,0.95745,3.60,2.25
2012.05.25 06:48:11.001,0.95732,0.95745,3.60,2.25
2012.05.25 06:48:11.353,0.95729,0.95742,1.50,3.94
2012.05.25 06:48:11.494,0.95733,0.95743,1.50,2.44
2012.05.25 06:48:11.987,0.95732,0.95745,1.50,2.25
2012.05.25 06:48:12.207,0.95731,0.95743,2.25,1.50
2012.05.25 06:48:12.563,0.95736,0.95746,1.50,1.13
2012.05.25 06:48:13.096,0.95733,0.95747,2.63,2.63
2012.05.25 06:48:13.894,0.95734,0.95746,1.50,3.00
2012.05.25 06:48:14.038,0.95732,0.95743,2.85,1.50
2012.05.25 06:48:14.535,0.95732,0.95745,1.28,1.50
2012.05.25 06:48:15.103,0.95732,0.95743,1.28,1.50
2012.05.25 06:48:15.897,0.95732,0.95744,2.40,1.50
2012.05.25 06:48:16.246,0.95737,0.95747,1.50,1.50
2012.05.25 06:48:16.389,0.95737,0.95749,1.50,2.25
2012.05.25 06:48:16.606,0.9574,0.9575,1.50,1.13
2012.05.25 06:48:17.233,0.95738,0.95752,3.75,3.00
2012.05.25 06:48:17.785,0.95738,0.95752,2.25,3.00
2012.05.25 06:48:18.138,0.9574,0.95752,1.50,3.00
2012.05.25 06:48:18.215,0.95738,0.95752,3.75,3.00
2012.05.25 06:48:18.667,0.9574,0.95752,1.50,3.00
2012.05.25 06:48:19.288,0.95738,0.95748,1.88,1.50
2012.05.25 06:48:19.369,0.95737,0.9575,1.50,1.50
2012.05.25 06:48:20.214,0.95737,0.95751,5.26,2.25
2012.05.25 06:48:20.772,0.95739,0.95751,1.69,1.50
2012.05.25 06:48:21.268,0.95739,0.95753,1.69,1.50
2012.05.25 06:48:21.483,0.95739,0.95751,1.69,1.50
2012.05.25 06:48:22.011,0.95738,0.9575,1.50,1.50
2012.05.25 06:48:22.516,0.95739,0.95751,1.50,1.50
2012.05.25 06:48:23.064,0.95738,0.9575,1.50,1.50
2012.05.25 06:48:23.673,0.95739,0.95751,1.50,2.25
2012.05.25 06:48:24.082,0.95738,0.9575,1.50,2.25
2012.05.25 06:48:24.584,0.95739,0.95751,1.50,4.24
2012.05.25 06:48:25.606,0.95737,0.9575,3.00,1.13
2012.05.25 06:48:25.748,0.95737,0.95746,1.50,2.25
2012.05.25 06:48:25.899,0.9573,0.95742,3.45,1.50
2012.05.25 06:48:26.358,0.95736,0.95745,1.50,3.00
2012.05.25 06:48:26.576,0.95736,0.95748,1.50,1.13
2012.05.25 06:48:28.696,0.95736,0.9575,1.50,3.19
2012.05.25 06:48:29.048,0.95736,0.9575,8.25,1.50
2012.05.25 06:48:29.756,0.95737,0.95749,1.13,1.50
2012.05.25 06:48:30.304,0.95736,0.9575,6.00,1.50
2012.05.25 06:48:30.375,0.95739,0.95752,1.50,3.38
2012.05.25 06:48:30.503,0.95738,0.9575,1.13,1.50
2012.05.25 06:48:30.873,0.9574,0.95752,1.50,1.50
2012.05.25 06:48:31.603,0.95739,0.95751,2.25,1.50
2012.05.25 06:48:32.172,0.95738,0.9575,4.51,1.50
2012.05.25 06:48:32.733,0.95737,0.95749,5.63,1.50
2012.05.25 06:48:33.152,0.95743,0.95749,1.13,1.50
2012.05.25 06:48:33.511,0.9575,0.95757,1.05,1.50
2012.05.25 06:48:33.590,0.95752,0.95762,2.25,2.33
2012.05.25 06:48:33.739,0.95752,0.95765,2.18,3.83
2012.05.25 06:48:33.819,0.95752,0.95765,2.93,3.00
2012.05.25 06:48:34.037,0.95754,0.95768,1.50,2.78
2012.05.25 06:48:34.108,0.95757,0.95768,1.50,1.28
2012.05.25 06:48:34.793,0.95757,0.95769,1.50,2.55
2012.05.25 06:48:35.786,0.95754,0.95768,2.25,2.25
2012.05.25 06:48:35.858,0.95752,0.95763,1.32,1.50
2012.05.25 06:48:36.354,0.95749,0.95761,2.25,1.50
2012.05.25 06:48:36.952,0.9575,0.95762,1.50,2.25
2012.05.25 06:48:38.866,0.95752,0.95764,1.50,3.19
2012.05.25 06:48:39.203,0.9575,0.95764,1.50,4.32
2012.05.25 06:48:39.274,0.95752,0.95764,1.50,5.07
2012.05.25 06:48:39.485,0.9575,0.95763,1.50,1.50
2012.05.25 06:48:40.813,0.95749,0.95761,2.25,1.50
2012.05.25 06:48:41.636,0.95749,0.95761,2.25,2.63
2012.05.25 06:48:41.777,0.95747,0.95758,3.94,1.50
2012.05.25 06:48:42.130,0.95744,0.95756,3.00,2.63
2012.05.25 06:48:42.210,0.95742,0.95756,3.00,2.63
2012.05.25 06:48:42.356,0.95742,0.95751,1.50,1.50
2012.05.25 06:48:42.707,0.95738,0.95751,3.00,1.50
2012.05.25 06:48:43.360,0.95741,0.95752,1.50,1.88
2012.05.25 06:48:43.744,0.95741,0.95752,1.50,3.38
2012.05.25 06:48:43.945,0.95741,0.95752,1.50,3.38
2012.05.25 06:48:44.019,0.95739,0.95751,1.50,1.50
2012.05.25 06:48:44.561,0.95739,0.95752,1.50,1.69
2012.05.25 06:48:44.637,0.95741,0.95753,1.50,3.00
2012.05.25 06:48:44.857,0.95743,0.95756,1.50,4.88
2012.05.25 06:48:45.077,0.95741,0.95753,1.50,1.50
2012.05.25 06:48:45.426,0.95743,0.95756,3.00,1.88
2012.05.25 06:48:45.903,0.95745,0.95756,1.50,1.88
2012.05.25 06:48:46.406,0.95745,0.95755,1.50,2.63
2012.05.25 06:48:46.606,0.95739,0.95753,3.19,1.50
2012.05.25 06:48:47.207,0.95741,0.95754,1.50,2.63
2012.05.25 06:48:47.764,0.95741,0.95753,1.50,2.25
2012.05.25 06:48:48.451,0.95741,0.95753,1.50,2.63
2012.05.25 06:48:49.256,0.95739,0.95751,4.50,2.25
2012.05.25 06:48:49.467,0.95736,0.95749,1.50,1.50
2012.05.25 06:48:49.897,0.95735,0.95747,3.75,1.50
2012.05.25 06:48:50.190,0.95736,0.9575,2.25,3.75
2012.05.25 06:48:50.543,0.95739,0.95752,1.50,2.25
2012.05.25 06:48:51.099,0.95738,0.95752,2.25,1.50
2012.05.25 06:48:51.453,0.95737,0.9575,3.00,1.50
2012.05.25 06:48:51.874,0.95736,0.95748,2.63,1.50
2012.05.25 06:48:51.945,0.95736,0.9575,2.63,3.75
2012.05.25 06:48:52.554,0.95736,0.95749,1.13,2.25
2012.05.25 06:48:55.014,0.95738,0.95752,1.50,4.13
2012.05.25 06:48:55.507,0.95738,0.95752,1.50,4.13
2012.05.25 06:48:55.777,0.95738,0.95752,1.50,4.13
2012.05.25 06:48:56.222,0.95739,0.95752,1.50,2.25
2012.05.25 06:48:57.112,0.95739,0.95752,1.50,2.63
2012.05.25 06:48:57.755,0.95739,0.95752,1.50,1.88
2012.05.25 06:49:00.127,0.95739,0.95752,1.50,1.50
2012.05.25 06:49:03.047,0.95739,0.95753,2.25,4.50
2012.05.25 06:49:03.602,0.95739,0.95753,2.25,3.75
2012.05.25 06:49:03.863,0.95739,0.95749,1.50,1.50
2012.05.25 06:49:04.335,0.95736,0.95746,1.50,1.50
2012.05.25 06:49:04.416,0.95734,0.95746,1.50,2.25
2012.05.25 06:49:04.625,0.95734,0.95746,1.50,3.00
2012.05.25 06:49:04.697,0.95734,0.95746,1.50,3.00
2012.05.25 06:49:05.475,0.95734,0.95746,1.50,3.00
2012.05.25 06:49:05.827,0.95729,0.95742,4.65,1.32
2012.05.25 06:49:06.188,0.95727,0.95738,1.89,2.25
2012.05.25 06:49:06.700,0.95727,0.9574,1.50,3.00
2012.05.25 06:49:06.849,0.95726,0.9574,2.63,3.00
2012.05.25 06:49:06.998,0.95726,0.95739,2.25,3.00
2012.05.25 06:49:07.289,0.95724,0.95735,1.88,1.50
2012.05.25 06:49:07.856,0.95724,0.95735,1.73,1.13
2012.05.25 06:49:08.447,0.95724,0.95736,1.73,2.25
2012.05.25 06:49:09.839,0.95724,0.95736,1.58,2.25
2012.05.25 06:49:10.057,0.95724,0.95736,1.50,3.38
2012.05.25 06:49:10.273,0.95718,0.95732,2.25,2.25
2012.05.25 06:49:10.700,0.95718,0.95732,1.50,3.00
2012.05.25 06:49:10.780,0.9572,0.95733,1.50,2.63
2012.05.25 06:49:10.998,0.95718,0.95732,1.50,3.38
2012.05.25 06:49:11.087,0.95717,0.95729,2.44,1.50
2012.05.25 06:49:11.585,0.95718,0.9573,1.50,2.25
2012.05.25 06:49:12.994,0.95716,0.9573,4.50,3.00
2012.05.25 06:49:13.516,0.95717,0.9573,2.25,2.25
2012.05.25 06:49:14.224,0.95718,0.9573,1.50,3.75
2012.05.25 06:49:14.760,0.95716,0.95728,2.25,1.50
2012.05.25 06:49:15.924,0.95718,0.9573,1.50,5.25
2012.05.25 06:49:16.263,0.95714,0.95726,2.44,3.00
2012.05.25 06:49:16.788,0.95714,0.95726,2.44,3.00
2012.05.25 06:49:17.582,0.95714,0.95726,2.25,3.00
2012.05.25 06:49:18.143,0.95714,0.95726,2.25,3.00
2012.05.25 06:49:19.676,0.95717,0.95726,2.25,2.25
2012.05.25 06:49:19.955,0.95716,0.9573,4.50,3.38
2012.05.25 06:49:20.483,0.95716,0.9573,5.25,3.87
2012.05.25 06:49:20.556,0.95718,0.9573,1.50,4.62
2012.05.25 06:49:20.904,0.95715,0.95726,2.25,1.50
2012.05.25 06:49:22.000,0.95716,0.95726,1.50,1.50
2012.05.25 06:49:22.146,0.95719,0.9573,2.25,1.69
2012.05.25 06:49:22.426,0.95722,0.95732,1.50,1.09
2012.05.25 06:49:22.635,0.95722,0.95733,1.50,3.22
2012.05.25 06:49:22.705,0.95719,0.95733,3.75,4.72
2012.05.25 06:49:23.285,0.95722,0.95733,1.50,2.37
2012.05.25 06:49:23.814,0.95721,0.95733,1.50,3.19
2012.05.25 06:49:24.238,0.95723,0.95734,1.50,1.88
2012.05.25 06:49:24.316,0.95721,0.95734,2.25,1.88
2012.05.25 06:49:24.389,0.95724,0.95735,1.50,2.33
2012.05.25 06:49:24.693,0.95719,0.95727,1.50,1.50
2012.05.25 06:49:24.766,0.9572,0.9573,1.50,1.50
2012.05.25 06:49:24.976,0.95722,0.95732,1.50,1.50
2012.05.25 06:49:25.595,0.95725,0.95735,1.50,1.50
2012.05.25 06:49:25.674,0.95726,0.95737,1.50,1.62
2012.05.25 06:49:26.204,0.95727,0.95739,1.50,3.75
2012.05.25 06:49:26.273,0.95729,0.9574,1.50,1.32
2012.05.25 06:49:27.114,0.95729,0.95742,1.50,2.37
2012.05.25 06:49:27.325,0.95729,0.95741,1.50,2.25
2012.05.25 06:49:27.464,0.95726,0.95737,1.50,1.50
2012.05.25 06:49:27.943,0.95727,0.95739,1.50,4.69
2012.05.25 06:49:28.392,0.95725,0.95736,1.50,1.50
2012.05.25 06:49:29.995,0.95727,0.95739,1.50,4.50
2012.05.25 06:49:30.135,0.95725,0.95737,1.69,1.50
2012.05.25 06:49:30.864,0.95725,0.95737,1.50,1.50
2012.05.25 06:49:32.286,0.95727,0.95739,1.50,2.63
2012.05.25 06:49:32.543,0.95729,0.9574,1.50,1.13
2012.05.25 06:49:33.283,0.95729,0.95741,1.50,3.38
2012.05.25 06:49:33.786,0.95729,0.9574,1.50,2.25
2012.05.25 06:49:33.996,0.95724,0.95736,1.32,1.50
2012.05.25 06:49:34.345,0.95723,0.95733,1.50,1.50
2012.05.25 06:49:34.556,0.95726,0.95736,3.75,1.50
2012.05.25 06:49:34.834,0.95723,0.95736,3.00,2.25
2012.05.25 06:49:35.806,0.95723,0.95736,2.25,1.69
2012.05.25 06:49:36.344,0.95723,0.95735,1.80,1.50
2012.05.25 06:49:36.870,0.95723,0.95735,1.65,1.50
2012.05.25 06:49:37.733,0.95723,0.95735,1.95,1.50
2012.05.25 06:49:38.314,0.95723,0.95735,2.40,1.50
2012.05.25 06:49:38.914,0.95723,0.95737,2.25,3.94
2012.05.25 06:49:40.272,0.95723,0.95735,1.88,1.50
2012.05.25 06:49:40.693,0.95722,0.95734,1.80,2.44
2012.05.25 06:49:40.975,0.95723,0.95734,1.80,1.69
2012.05.25 06:49:41.456,0.95722,0.95733,1.65,1.13
2012.05.25 06:49:41.599,0.95719,0.95731,2.25,1.50
2012.05.25 06:49:42.099,0.9572,0.95732,1.50,4.50
2012.05.25 06:49:42.457,0.9572,0.9573,1.50,1.88
2012.05.25 06:49:42.805,0.95716,0.95724,2.25,1.50
2012.05.25 06:49:43.017,0.95717,0.95729,1.69,3.75
2012.05.25 06:49:43.229,0.95717,0.95729,1.50,3.38
2012.05.25 06:49:43.304,0.95714,0.95727,3.75,2.25
2012.05.25 06:49:43.990,0.95713,0.95727,2.44,4.50
2012.05.25 06:49:44.534,0.95713,0.95726,2.44,1.50
2012.05.25 06:49:45.544,0.95713,0.95726,1.50,1.50
2012.05.25 06:49:46.064,0.95711,0.95725,2.25,2.25
2012.05.25 06:49:46.623,0.9571,0.95724,4.50,2.63
2012.05.25 06:49:47.187,0.9571,0.95724,4.50,4.50
2012.05.25 06:49:47.406,0.9571,0.95723,3.75,2.63
2012.05.25 06:49:47.966,0.95709,0.95719,2.25,1.88
2012.05.25 06:49:48.033,0.95706,0.95717,1.88,1.50
2012.05.25 06:49:48.317,0.95704,0.95715,1.88,1.50
2012.05.25 06:49:48.971,0.957,0.95715,1.50,4.13
2012.05.25 06:49:49.187,0.95704,0.95715,1.50,1.13
2012.05.25 06:49:49.473,0.95705,0.95717,1.50,1.50
2012.05.25 06:49:50.001,0.95702,0.95714,2.63,1.50
2012.05.25 06:49:50.152,0.95705,0.95717,1.73,2.25
2012.05.25 06:49:50.436,0.95703,0.95716,4.13,1.50
2012.05.25 06:49:50.977,0.95703,0.95717,3.75,3.94
2012.05.25 06:49:51.116,0.95703,0.95713,2.25,1.50
2012.05.25 06:49:51.394,0.95702,0.95716,4.50,2.25
2012.05.25 06:49:51.665,0.95704,0.95717,1.50,2.44
2012.05.25 06:49:52.228,0.95706,0.95717,1.50,1.69
2012.05.25 06:49:52.310,0.95704,0.95717,1.50,2.44
2012.05.25 06:49:52.525,0.95704,0.95716,1.50,3.00
2012.05.25 06:49:53.421,0.95704,0.95716,4.69,2.25
2012.05.25 06:49:53.844,0.95702,0.95713,3.75,1.50
2012.05.25 06:49:54.217,0.95701,0.95713,2.63,1.50
2012.05.25 06:49:54.438,0.95701,0.95711,1.13,1.50
2012.05.25 06:49:54.866,0.95701,0.95713,1.88,1.50
2012.05.25 06:49:55.353,0.957,0.95711,1.88,1.50
2012.05.25 06:49:55.543,0.95701,0.95713,1.88,1.50
2012.05.25 06:49:55.887,0.95704,0.95714,1.50,1.50
2012.05.25 06:49:56.318,0.95707,0.95718,1.50,2.82
2012.05.25 06:49:56.537,0.95706,0.95718,1.50,1.69
2012.05.25 06:49:56.678,0.95703,0.95714,1.05,1.50
2012.05.25 06:49:56.897,0.95703,0.95716,1.05,1.50
2012.05.25 06:49:57.671,0.95706,0.95717,1.50,1.69
2012.05.25 06:49:58.096,0.95704,0.95717,1.50,3.19
2012.05.25 06:49:58.656,0.95705,0.95717,3.75,2.44
2012.05.25 06:49:58.727,0.95708,0.95719,1.50,3.00
2012.05.25 06:49:58.810,0.95705,0.95718,1.50,1.50
2012.05.25 06:49:58.961,0.95708,0.9572,1.50,2.63
2012.05.25 06:50:00.410,0.95709,0.95723,1.50,2.78
2012.05.25 06:50:00.492,0.95712,0.95723,1.50,1.13
2012.05.25 06:50:00.849,0.95708,0.95717,1.50,1.50
2012.05.25 06:50:00.997,0.95706,0.95716,3.75,1.50
2012.05.25 06:50:01.147,0.95709,0.95719,2.25,2.44
2012.05.25 06:50:01.556,0.95709,0.95723,1.50,1.80
2012.05.25 06:50:02.140,0.95707,0.95719,4.32,1.50
2012.05.25 06:50:02.706,0.95707,0.95718,1.13,1.50
2012.05.25 06:50:03.253,0.95708,0.95721,1.50,2.25
2012.05.25 06:50:03.587,0.95711,0.95722,1.50,1.80
2012.05.25 06:50:04.075,0.95709,0.95721,1.50,1.50
2012.05.25 06:50:04.494,0.95709,0.95721,1.50,2.25
2012.05.25 06:50:04.568,0.95709,0.95721,1.50,1.50
2012.05.25 06:50:04.785,0.95707,0.95719,1.50,1.50
2012.05.25 06:50:05.204,0.95707,0.95721,3.75,3.00
2012.05.25 06:50:05.726,0.95707,0.95721,3.75,2.44
2012.05.25 06:50:05.867,0.95712,0.95722,1.50,4.50
2012.05.25 06:50:06.086,0.95712,0.95722,1.50,1.50
2012.05.25 06:50:06.673,0.9571,0.95722,1.50,2.25
2012.05.25 06:50:06.822,0.95707,0.95716,3.19,1.50
2012.05.25 06:50:07.179,0.95703,0.95714,3.68,1.50
2012.05.25 06:50:07.385,0.95703,0.95714,1.13,1.50
2012.05.25 06:50:07.454,0.95703,0.95716,3.38,3.00
2012.05.25 06:50:07.943,0.95705,0.95717,1.50,3.75
2012.05.25 06:50:08.153,0.95703,0.95717,3.38,2.25
2012.05.25 06:50:08.904,0.95707,0.95719,1.50,5.82
2012.05.25 06:50:09.656,0.95705,0.95717,2.63,1.50
2012.05.25 06:50:09.872,0.95707,0.95717,2.25,1.50
2012.05.25 06:50:12.622,0.95705,0.95717,1.88,1.50
2012.05.25 06:50:13.153,0.95707,0.95716,2.25,1.50
2012.05.25 06:50:13.654,0.95707,0.95717,3.00,1.50
2012.05.25 06:50:14.075,0.95709,0.95723,1.50,4.50
2012.05.25 06:50:14.612,0.9571,0.95722,1.50,2.25
2012.05.25 06:50:15.591,0.95713,0.95725,1.50,3.38
2012.05.25 06:50:15.665,0.95713,0.95725,1.50,3.38
2012.05.25 06:50:16.169,0.95713,0.95725,1.50,2.63
2012.05.25 06:50:18.356,0.95713,0.95725,3.38,1.50
2012.05.25 06:50:18.429,0.95715,0.95725,1.13,1.50
2012.05.25 06:50:18.784,0.95716,0.95726,1.14,2.25
2012.05.25 06:50:18.927,0.95714,0.95726,5.07,2.25
2012.05.25 06:50:18.994,0.95715,0.95726,1.50,2.25
2012.05.25 06:50:19.193,0.95714,0.95726,4.50,1.50
2012.05.25 06:50:19.754,0.95714,0.95726,3.75,1.50
2012.05.25 06:50:21.276,0.95714,0.95726,3.00,1.50
2012.05.25 06:50:21.812,0.95714,0.95726,3.75,1.50
2012.05.25 06:50:22.315,0.95715,0.95726,1.50,1.50
2012.05.25 06:50:22.384,0.95715,0.95726,1.88,1.50
2012.05.25 06:50:22.523,0.95716,0.9573,2.64,3.04
2012.05.25 06:50:22.723,0.95719,0.95729,1.50,2.25
2012.05.25 06:50:22.867,0.95722,0.95733,1.50,2.25
2012.05.25 06:50:23.370,0.95722,0.95734,1.50,2.44
2012.05.25 06:50:23.642,0.9572,0.95734,3.75,1.69
2012.05.25 06:50:23.790,0.95718,0.95729,3.38,1.50
2012.05.25 06:50:23.936,0.95719,0.95731,2.25,1.50
2012.05.25 06:50:24.486,0.95719,0.95731,2.25,1.50
2012.05.25 06:50:25.474,0.95716,0.9573,6.00,1.50
2012.05.25 06:50:26.065,0.95717,0.9573,1.50,1.50
2012.05.25 06:50:26.205,0.95718,0.9573,1.50,3.75
2012.05.25 06:50:26.545,0.95716,0.95726,1.50,1.50
2012.05.25 06:50:26.933,0.95714,0.95726,3.00,1.50
2012.05.25 06:50:28.025,0.95714,0.95726,3.75,1.50
2012.05.25 06:50:28.686,0.95714,0.95726,3.75,1.50
2012.05.25 06:50:29.175,0.95714,0.95725,1.50,1.50
2012.05.25 06:50:30.492,0.95714,0.95726,2.25,2.25
2012.05.25 06:50:33.872,0.95714,0.95726,1.50,2.93
2012.05.25 06:50:34.756,0.95714,0.95726,1.50,3.00
2012.05.25 06:50:35.276,0.95714,0.95726,1.50,2.25
2012.05.25 06:50:36.485,0.95714,0.95726,1.50,3.38
2012.05.25 06:50:37.335,0.95714,0.95726,1.50,3.00
2012.05.25 06:50:37.843,0.95714,0.95726,1.50,3.38
2012.05.25 06:50:38.351,0.95714,0.95725,1.50,1.50
2012.05.25 06:50:38.865,0.95714,0.95725,1.50,1.13
2012.05.25 06:50:39.424,0.95714,0.95725,1.50,1.13
2012.05.25 06:50:39.965,0.95714,0.95726,2.25,3.38
2012.05.25 06:50:41.279,0.95716,0.95726,1.32,2.25
2012.05.25 06:50:41.964,0.95723,0.9573,1.50,1.80
2012.05.25 06:50:42.386,0.95722,0.95733,3.00,1.58
2012.05.25 06:50:42.457,0.95721,0.95725,3.00,1.50
2012.05.25 06:50:42.606,0.95721,0.95728,1.50,1.50
2012.05.25 06:50:42.747,0.95716,0.95725,1.73,1.50
2012.05.25 06:50:43.286,0.95719,0.95727,1.50,1.50
2012.05.25 06:50:43.427,0.95721,0.95731,2.25,1.35
2012.05.25 06:50:43.495,0.95721,0.9573,3.00,1.50
2012.05.25 06:50:43.843,0.95715,0.95725,1.50,1.50
2012.05.25 06:50:44.125,0.95714,0.95725,1.50,1.50
2012.05.25 06:50:44.665,0.95714,0.95725,1.50,1.50
2012.05.25 06:50:45.265,0.95714,0.95725,1.50,1.50
2012.05.25 06:50:46.065,0.95714,0.95725,2.63,1.50
2012.05.25 06:50:46.418,0.95721,0.95732,1.50,1.69
2012.05.25 06:50:46.967,0.95719,0.95731,3.75,1.69
2012.05.25 06:50:47.364,0.9572,0.95733,2.40,3.00
2012.05.25 06:50:48.053,0.9572,0.95733,2.40,3.00
2012.05.25 06:50:50.298,0.95721,0.95733,1.65,4.50
2012.05.25 06:50:50.447,0.95719,0.9573,1.50,1.50
2012.05.25 06:50:50.528,0.95717,0.9573,1.50,1.50
2012.05.25 06:50:50.874,0.95716,0.95728,2.63,1.50
2012.05.25 06:50:51.485,0.95717,0.95729,1.50,1.50
2012.05.25 06:50:51.836,0.95713,0.95725,3.75,1.50
2012.05.25 06:50:52.045,0.95713,0.95725,3.15,2.25
2012.05.25 06:50:54.067,0.95712,0.95724,1.65,1.50
2012.05.25 06:50:54.207,0.95711,0.95722,5.03,1.50
2012.05.25 06:50:54.535,0.95712,0.95725,1.65,2.25
2012.05.25 06:50:54.675,0.95712,0.95725,1.50,2.82
2012.05.25 06:50:55.183,0.95711,0.95725,2.25,3.19
2012.05.25 06:50:56.375,0.95709,0.95722,1.70,1.50
2012.05.25 06:50:56.733,0.95708,0.95722,3.53,1.50
2012.05.25 06:50:57.547,0.95708,0.95722,3.38,2.25
2012.05.25 06:50:59.115,0.95708,0.95722,3.00,2.25
2012.05.25 06:50:59.965,0.95709,0.95722,1.50,1.50
2012.05.25 06:51:01.948,0.95708,0.95719,1.50,1.50
2012.05.25 06:51:02.304,0.95705,0.95717,2.18,1.50
2012.05.25 06:51:02.586,0.95705,0.95719,3.00,2.25
2012.05.25 06:51:03.125,0.95707,0.95721,2.25,3.38
2012.05.25 06:51:03.465,0.95706,0.95718,2.25,1.50
2012.05.25 06:51:04.262,0.95705,0.95719,2.25,2.25
2012.05.25 06:51:04.840,0.95707,0.9572,2.25,2.44
2012.05.25 06:51:05.393,0.95707,0.9572,2.25,1.69
2012.05.25 06:51:09.072,0.95707,0.95721,2.25,5.44
2012.05.25 06:51:09.611,0.95708,0.9572,2.25,3.75
2012.05.25 06:51:10.155,0.95706,0.9572,2.25,3.00
2012.05.25 06:51:10.696,0.95706,0.9572,3.08,3.75
2012.05.25 06:51:11.044,0.95706,0.95716,1.58,1.50
2012.05.25 06:51:11.673,0.95706,0.95717,1.58,1.50
2012.05.25 06:51:16.430,0.95705,0.95717,1.58,1.50
2012.05.25 06:51:16.702,0.95707,0.95719,2.25,2.25
2012.05.25 06:51:17.173,0.95707,0.95719,2.25,2.25
2012.05.25 06:51:17.528,0.95704,0.95714,1.13,1.50
2012.05.25 06:51:17.888,0.95703,0.95712,1.73,1.50
2012.05.25 06:51:18.176,0.95702,0.95715,2.56,1.69
2012.05.25 06:51:18.320,0.95701,0.95713,1.21,2.25
2012.05.25 06:51:18.885,0.95701,0.95713,1.96,2.25
2012.05.25 06:51:19.442,0.95701,0.95713,1.50,2.25
2012.05.25 06:51:19.586,0.957,0.95711,1.50,1.50
2012.05.25 06:51:19.726,0.957,0.95713,1.50,2.25
2012.05.25 06:51:20.262,0.95699,0.95712,1.50,2.25
2012.05.25 06:51:21.739,0.95702,0.95714,1.50,4.13
2012.05.25 06:51:22.847,0.95702,0.95714,2.85,3.75
2012.05.25 06:51:24.484,0.95702,0.95715,2.25,1.50
2012.05.25 06:51:25.224,0.95701,0.95715,3.00,3.00
2012.05.25 06:51:26.315,0.95701,0.95715,3.00,3.00
2012.05.25 06:51:26.842,0.95701,0.95713,1.50,2.25
2012.05.25 06:51:27.552,0.95701,0.95713,1.50,1.50
2012.05.25 06:51:29.231,0.95701,0.95712,1.50,1.50
2012.05.25 06:51:29.692,0.95701,0.95714,1.50,2.25
2012.05.25 06:51:29.894,0.95701,0.95712,1.50,1.50
2012.05.25 06:51:30.456,0.95702,0.95715,1.50,1.13
2012.05.25 06:51:30.594,0.95704,0.95715,1.50,1.13
2012.05.25 06:51:31.126,0.95703,0.95716,1.50,1.88
2012.05.25 06:51:31.866,0.95703,0.95716,1.50,1.88
2012.05.25 06:51:32.944,0.95703,0.95716,1.50,2.63
2012.05.25 06:51:33.724,0.95703,0.95716,1.50,2.63
2012.05.25 06:51:34.282,0.95701,0.95715,3.00,2.25
2012.05.25 06:51:34.824,0.95701,0.95715,3.00,1.50
2012.05.25 06:51:35.179,0.95701,0.95711,1.50,1.50
2012.05.25 06:51:35.810,0.957,0.95712,2.25,2.25
2012.05.25 06:51:36.429,0.957,0.95714,2.25,2.63
2012.05.25 06:51:37.095,0.95698,0.95712,5.82,1.50
2012.05.25 06:51:37.449,0.95698,0.95707,1.69,1.50
2012.05.25 06:51:38.018,0.95696,0.95709,1.88,1.50
2012.05.25 06:51:38.165,0.95696,0.95707,1.88,1.50
2012.05.25 06:51:38.447,0.95695,0.95709,5.25,1.50
2012.05.25 06:51:38.585,0.95695,0.95706,4.50,1.50
2012.05.25 06:51:40.376,0.95695,0.95706,1.69,2.25
2012.05.25 06:51:40.922,0.95695,0.95706,3.19,1.50
2012.05.25 06:51:42.190,0.95695,0.95706,3.19,1.50
2012.05.25 06:51:43.460,0.95695,0.95705,3.00,2.25
2012.05.25 06:51:43.537,0.95694,0.95705,1.50,2.25
2012.05.25 06:51:43.675,0.95692,0.95703,1.14,1.50
2012.05.25 06:51:43.956,0.9569,0.95702,5.25,1.50
2012.05.25 06:51:44.028,0.95691,0.95704,1.50,2.25
2012.05.25 06:51:44.247,0.95693,0.95705,1.50,1.50
2012.05.25 06:51:44.594,0.95696,0.95708,1.50,6.19
2012.05.25 06:51:45.003,0.95694,0.95706,1.50,1.50
2012.05.25 06:51:45.354,0.95696,0.95708,1.50,3.94
2012.05.25 06:51:45.914,0.95697,0.95709,1.50,3.75
2012.05.25 06:51:46.768,0.957,0.95711,1.50,2.63
2012.05.25 06:51:47.185,0.95702,0.95712,1.50,2.25
2012.05.25 06:51:47.325,0.95701,0.95714,1.50,1.69
2012.05.25 06:51:47.394,0.95703,0.95715,1.50,5.89
2012.05.25 06:51:47.607,0.95701,0.95715,1.50,3.94
2012.05.25 06:51:47.755,0.95704,0.95716,1.50,7.50
2012.05.25 06:51:48.436,0.95704,0.95714,1.50,3.00
2012.05.25 06:51:48.716,0.95698,0.9571,4.50,1.50
2012.05.25 06:51:48.925,0.957,0.95712,1.50,1.69
2012.05.25 06:51:49.463,0.95701,0.95713,1.50,2.44
2012.05.25 06:51:50.070,0.95699,0.95713,2.25,2.44
2012.05.25 06:51:50.236,0.95701,0.95713,1.50,2.44
2012.05.25 06:51:50.380,0.95699,0.95713,2.25,2.44
2012.05.25 06:51:50.737,0.95697,0.9571,1.50,2.25
2012.05.25 06:51:51.087,0.95695,0.95707,2.25,1.69
2012.05.25 06:51:51.518,0.95699,0.95706,3.00,1.50
2012.05.25 06:51:51.734,0.95701,0.95711,1.69,1.50
2012.05.25 06:51:51.943,0.95701,0.95713,2.44,1.50
2012.05.25 06:51:52.015,0.95704,0.95717,1.50,1.05
2012.05.25 06:51:52.436,0.95704,0.95716,1.50,3.02
2012.05.25 06:51:53.151,0.95705,0.95715,1.50,3.00
2012.05.25 06:51:53.495,0.9571,0.95721,1.50,4.43
2012.05.25 06:51:53.986,0.95711,0.95722,1.50,1.69
2012.05.25 06:51:54.128,0.95714,0.95722,1.50,1.50
2012.05.25 06:51:54.278,0.95715,0.95726,1.50,1.88
2012.05.25 06:51:54.354,0.95717,0.95727,1.50,1.50
2012.05.25 06:51:54.706,0.95714,0.95726,1.50,1.88
2012.05.25 06:51:55.264,0.95711,0.95725,2.25,2.25
2012.05.25 06:51:55.605,0.95709,0.95723,2.25,1.50
2012.05.25 06:51:56.462,0.95712,0.95724,1.50,2.25
2012.05.25 06:51:57.214,0.95712,0.95725,1.50,3.38
2012.05.25 06:51:58.375,0.95712,0.95721,1.50,1.13
2012.05.25 06:51:58.520,0.95708,0.95721,1.50,3.38
2012.05.25 06:51:58.671,0.95708,0.95717,1.50,1.50
2012.05.25 06:51:58.748,0.95705,0.95716,3.42,1.50
2012.05.25 06:51:58.826,0.95705,0.95718,3.42,1.50
2012.05.25 06:51:59.353,0.95707,0.95719,1.50,4.13
2012.05.25 06:52:00.007,0.95707,0.95719,2.25,3.38
2012.05.25 06:52:04.915,0.95712,0.95719,1.50,2.25
2012.05.25 06:52:04.987,0.95714,0.95723,1.50,5.25
2012.05.25 06:52:05.127,0.95712,0.95722,1.50,1.50
2012.05.25 06:52:05.343,0.9571,0.95722,1.50,2.25
2012.05.25 06:52:05.886,0.95712,0.95724,1.50,2.85
2012.05.25 06:52:06.434,0.95711,0.95725,1.50,5.25
2012.05.25 06:52:07.019,0.95711,0.95725,1.50,6.38
2012.05.25 06:52:07.376,0.95713,0.95727,2.67,3.00
2012.05.25 06:52:07.506,0.95713,0.95727,1.92,3.75
2012.05.25 06:52:07.788,0.95713,0.95725,4.32,1.50
2012.05.25 06:52:08.146,0.95714,0.95728,2.25,2.25
2012.05.25 06:52:14.798,0.95716,0.95729,2.25,1.13
2012.05.25 06:52:15.764,0.95716,0.95728,2.25,1.50
2012.05.25 06:52:16.551,0.95715,0.95727,2.25,1.50
2012.05.25 06:52:17.073,0.95717,0.95729,1.50,4.13
2012.05.25 06:52:17.634,0.95717,0.95729,1.50,2.63
2012.05.25 06:52:18.172,0.95718,0.95729,1.50,1.13
2012.05.25 06:52:18.524,0.95714,0.95726,2.25,1.50
2012.05.25 06:52:18.808,0.95713,0.95724,3.57,1.50
2012.05.25 06:52:19.025,0.95715,0.95727,2.25,2.25
2012.05.25 06:52:19.472,0.95716,0.9573,2.25,2.63
2012.05.25 06:52:19.987,0.95718,0.95729,1.50,1.13
2012.05.25 06:52:20.548,0.95715,0.95729,2.25,2.63
2012.05.25 06:52:21.604,0.95716,0.9573,2.25,1.50
2012.05.25 06:52:21.887,0.95719,0.95732,1.50,1.69
2012.05.25 06:52:22.575,0.95717,0.95731,4.50,1.69
2012.05.25 06:52:24.733,0.95716,0.95729,4.50,1.50
2012.05.25 06:52:25.375,0.95715,0.95728,1.50,1.50
2012.05.25 06:52:25.583,0.95716,0.9573,3.00,1.50
2012.05.25 06:52:25.772,0.95718,0.9573,1.50,1.50
2012.05.25 06:52:26.792,0.9572,0.95732,1.50,1.50
2012.05.25 06:52:27.268,0.9572,0.95728,1.50,1.50
2012.05.25 06:52:27.347,0.95716,0.95727,3.75,1.50
2012.05.25 06:52:27.627,0.95715,0.95725,1.88,1.50
2012.05.25 06:52:28.257,0.95713,0.95726,1.50,1.50
2012.05.25 06:52:28.336,0.95714,0.95728,2.25,1.69
2012.05.25 06:52:28.912,0.95714,0.95726,2.25,1.50
2012.05.25 06:52:29.933,0.95715,0.95727,2.25,1.50
2012.05.25 06:52:30.861,0.95714,0.95726,2.25,1.50
2012.05.25 06:52:31.199,0.95716,0.9573,1.50,6.38
2012.05.25 06:52:31.277,0.95718,0.9573,1.50,5.25
2012.05.25 06:52:31.569,0.95721,0.95732,1.50,1.50
2012.05.25 06:52:31.924,0.95719,0.95731,1.50,2.25
2012.05.25 06:52:32.203,0.95716,0.95729,3.94,1.50
2012.05.25 06:52:32.712,0.95716,0.95728,3.00,1.50
2012.05.25 06:52:33.068,0.95713,0.95724,4.13,1.50
2012.05.25 06:52:33.626,0.95713,0.95725,5.63,1.50
2012.05.25 06:52:34.204,0.95714,0.95728,2.25,4.13
2012.05.25 06:52:34.419,0.95717,0.95728,1.50,1.13
2012.05.25 06:52:34.887,0.95717,0.95731,1.50,7.32
2012.05.25 06:52:35.714,0.95719,0.95731,1.50,4.69
2012.05.25 06:52:36.756,0.95719,0.9573,1.50,1.69
2012.05.25 06:52:37.106,0.95708,0.95721,4.51,3.00
2012.05.25 06:52:37.789,0.95706,0.95713,2.25,1.13
2012.05.25 06:52:37.939,0.95702,0.95715,2.25,4.13
2012.05.25 06:52:38.503,0.95702,0.95715,1.50,2.63
2012.05.25 06:52:39.057,0.95701,0.95715,1.50,2.63
2012.05.25 06:52:39.613,0.95701,0.95715,1.50,3.38
2012.05.25 06:52:40.034,0.95701,0.95712,1.50,1.13
2012.05.25 06:52:40.387,0.95698,0.95709,1.50,1.13
2012.05.25 06:52:40.737,0.957,0.95711,1.50,1.50
2012.05.25 06:52:41.294,0.95699,0.95711,1.50,3.00
2012.05.25 06:52:41.925,0.95697,0.95709,1.50,1.50
2012.05.25 06:52:42.434,0.95697,0.95711,1.50,3.00
2012.05.25 06:52:42.858,0.95697,0.95708,1.50,1.88
2012.05.25 06:52:42.937,0.95694,0.95707,1.50,1.50
2012.05.25 06:52:43.014,0.95694,0.95707,1.50,2.25
2012.05.25 06:52:43.288,0.95693,0.95707,2.40,1.50
2012.05.25 06:52:43.844,0.95693,0.95707,1.50,1.50
2012.05.25 06:52:45.360,0.95693,0.95707,1.50,1.69
2012.05.25 06:52:45.437,0.95693,0.95703,1.50,3.38
2012.05.25 06:52:45.789,0.9569,0.957,1.14,2.25
2012.05.25 06:52:46.214,0.95691,0.95702,1.50,1.13
2012.05.25 06:52:46.549,0.95693,0.95703,1.50,2.25
2012.05.25 06:52:47.375,0.95692,0.95705,1.50,2.25
2012.05.25 06:52:47.456,0.95693,0.95703,1.50,1.50
2012.05.25 06:52:47.530,0.95693,0.95705,1.50,1.88
2012.05.25 06:52:47.746,0.95691,0.95703,2.25,1.50
2012.05.25 06:52:48.273,0.95692,0.95706,1.50,3.00
2012.05.25 06:52:48.805,0.95692,0.95706,1.50,2.63
2012.05.25 06:52:49.674,0.95692,0.95703,1.50,1.73
2012.05.25 06:52:50.027,0.95688,0.95697,1.50,1.50
2012.05.25 06:52:50.105,0.95687,0.957,1.89,1.50
2012.05.25 06:52:50.245,0.95689,0.95703,2.25,5.63
2012.05.25 06:52:50.575,0.95692,0.95704,1.50,4.50
2012.05.25 06:52:51.115,0.95693,0.95704,1.50,2.25
2012.05.25 06:52:51.538,0.95692,0.95707,3.00,2.63
2012.05.25 06:52:51.617,0.95694,0.95707,1.50,1.42
2012.05.25 06:52:51.828,0.95692,0.95705,2.25,1.50
2012.05.25 06:52:51.904,0.95691,0.95702,3.38,1.50
2012.05.25 06:52:51.975,0.95693,0.95705,1.50,1.50
2012.05.25 06:52:52.243,0.95691,0.95704,2.25,1.50
2012.05.25 06:52:52.843,0.95692,0.95704,1.50,2.25
2012.05.25 06:52:52.986,0.95692,0.95702,1.50,1.13
2012.05.25 06:52:53.125,0.95692,0.95704,1.50,1.88
2012.05.25 06:52:53.335,0.9569,0.95703,1.50,2.25
2012.05.25 06:52:53.848,0.95691,0.95703,1.50,2.25
2012.05.25 06:52:54.134,0.95687,0.95701,4.69,1.50
2012.05.25 06:52:54.472,0.95687,0.95699,4.69,1.50
2012.05.25 06:52:55.033,0.95688,0.957,2.25,1.50
2012.05.25 06:52:55.360,0.9569,0.95702,1.50,4.50
2012.05.25 06:52:55.885,0.9569,0.95702,1.50,4.32
2012.05.25 06:52:56.432,0.95689,0.95702,1.50,2.82
2012.05.25 06:52:56.774,0.95691,0.95702,1.50,1.32
2012.05.25 06:52:57.293,0.9569,0.95702,1.50,3.19
2012.05.25 06:52:58.176,0.9569,0.95702,1.50,3.94
2012.05.25 06:52:58.388,0.95688,0.957,2.25,2.25
2012.05.25 06:52:58.466,0.9569,0.95701,1.50,1.50
2012.05.25 06:52:58.933,0.95688,0.957,2.25,2.25
2012.05.25 06:53:00.555,0.95689,0.95703,1.50,5.44
2012.05.25 06:53:00.624,0.95691,0.95703,1.50,5.44
2012.05.25 06:53:01.947,0.95691,0.95702,1.50,2.07
2012.05.25 06:53:02.506,0.95689,0.95702,3.00,3.60
2012.05.25 06:53:02.646,0.95691,0.95702,1.50,3.60
2012.05.25 06:53:03.183,0.95691,0.95702,1.50,2.10
2012.05.25 06:53:04.151,0.95691,0.95703,1.50,3.60
2012.05.25 06:53:05.687,0.95691,0.95702,1.50,2.63
2012.05.25 06:53:05.896,0.95689,0.957,2.25,3.00
2012.05.25 06:53:05.969,0.95688,0.95696,1.13,1.50
2012.05.25 06:53:06.326,0.95689,0.95701,2.25,3.00
2012.05.25 06:53:06.856,0.9569,0.95701,1.50,3.38
2012.05.25 06:53:07.383,0.95689,0.95701,3.00,2.63
2012.05.25 06:53:07.525,0.95691,0.95701,1.50,1.88
2012.05.25 06:53:08.089,0.95691,0.95702,2.48,1.50
2012.05.25 06:53:08.447,0.95695,0.95705,2.25,1.50
2012.05.25 06:53:08.519,0.95695,0.95708,2.25,1.88
2012.05.25 06:53:09.411,0.95695,0.95707,2.25,3.00
2012.05.25 06:53:09.623,0.95693,0.95707,3.00,4.13
2012.05.25 06:53:11.133,0.95695,0.95707,1.50,3.00
2012.05.25 06:53:11.697,0.95695,0.95709,1.50,2.85
2012.05.25 06:53:11.977,0.95697,0.9571,1.50,2.63
2012.05.25 06:53:12.186,0.95699,0.9571,1.50,1.13
2012.05.25 06:53:12.535,0.95692,0.95704,1.50,2.25
2012.05.25 06:53:12.885,0.95689,0.95703,4.88,3.00
2012.05.25 06:53:13.028,0.95692,0.95703,1.50,2.25
2012.05.25 06:53:13.578,0.95692,0.95703,1.50,2.25
2012.05.25 06:53:14.611,0.95692,0.95703,1.50,1.50
2012.05.25 06:53:14.964,0.95692,0.95703,1.50,2.25
2012.05.25 06:53:15.441,0.95687,0.95699,2.25,2.25
2012.05.25 06:53:15.522,0.95685,0.95696,1.65,1.50
2012.05.25 06:53:16.042,0.95684,0.95696,2.78,1.50
2012.05.25 06:53:18.113,0.95684,0.95697,2.78,1.50
2012.05.25 06:53:18.456,0.9569,0.95701,1.50,1.69
2012.05.25 06:53:19.006,0.9569,0.95703,1.50,1.50
2012.05.25 06:53:20.746,0.9569,0.95703,1.50,1.88
2012.05.25 06:53:22.401,0.95693,0.95704,1.50,2.25
2012.05.25 06:53:22.677,0.95688,0.95702,3.00,2.25
2012.05.25 06:53:23.163,0.95688,0.957,1.50,2.25
2012.05.25 06:53:23.704,0.95687,0.95697,2.25,1.50
2012.05.25 06:53:23.775,0.9569,0.95701,1.50,3.00
2012.05.25 06:53:24.206,0.9569,0.95697,1.50,1.50
2012.05.25 06:53:24.275,0.95686,0.95696,1.50,2.25
2012.05.25 06:53:24.483,0.95685,0.95696,1.65,2.25
2012.05.25 06:53:24.957,0.95685,0.95697,3.75,3.00
2012.05.25 06:53:25.514,0.95685,0.95696,1.50,2.25
2012.05.25 06:53:25.725,0.95684,0.95696,2.25,2.48
2012.05.25 06:53:27.267,0.95684,0.95696,4.50,1.50
2012.05.25 06:53:27.786,0.95684,0.95696,2.25,3.00
2012.05.25 06:53:30.516,0.95685,0.95696,1.69,1.50
2012.05.25 06:53:30.656,0.95686,0.957,2.44,2.25
2012.05.25 06:53:31.076,0.95687,0.957,1.50,1.50
2012.05.25 06:53:31.216,0.95689,0.95702,2.25,1.88
2012.05.25 06:53:31.754,0.95689,0.95702,2.25,1.13
2012.05.25 06:53:32.299,0.95689,0.95703,1.50,2.25
2012.05.25 06:53:32.448,0.95692,0.95704,1.50,2.25
2012.05.25 06:53:32.526,0.95692,0.95704,1.50,2.25
2012.05.25 06:53:33.637,0.95689,0.957,1.50,1.50
2012.05.25 06:53:33.849,0.95689,0.95703,1.50,3.75
2012.05.25 06:53:34.000,0.95691,0.95703,1.50,3.75
2012.05.25 06:53:34.626,0.95691,0.95702,1.50,1.69
2012.05.25 06:53:34.767,0.95687,0.95701,3.00,2.25
2012.05.25 06:53:35.326,0.95687,0.95701,1.50,3.00
2012.05.25 06:53:35.856,0.95687,0.95701,2.25,2.25
2012.05.25 06:53:36.382,0.95687,0.957,1.50,2.25
2012.05.25 06:53:39.596,0.95688,0.957,1.50,2.25
2012.05.25 06:53:39.737,0.95686,0.95698,2.25,1.50
2012.05.25 06:53:39.864,0.95688,0.957,1.50,1.50
2012.05.25 06:53:40.003,0.95686,0.957,3.00,2.25
2012.05.25 06:53:40.523,0.95686,0.957,2.25,2.25
2012.05.25 06:53:41.177,0.95686,0.957,2.25,1.50
2012.05.25 06:53:41.692,0.95686,0.957,2.25,2.25
2012.05.25 06:53:42.244,0.95686,0.957,2.25,2.25
2012.05.25 06:53:42.375,0.95686,0.957,2.25,3.75
2012.05.25 06:53:42.447,0.95686,0.957,2.25,3.00
2012.05.25 06:53:42.658,0.95688,0.957,1.50,3.00
2012.05.25 06:53:43.017,0.95693,0.95702,1.50,1.13
2012.05.25 06:53:43.517,0.95692,0.95703,1.50,1.32
2012.05.25 06:53:43.796,0.9569,0.95702,1.50,2.25
2012.05.25 06:53:44.343,0.95691,0.95703,1.50,4.69
2012.05.25 06:53:45.197,0.95689,0.95703,1.50,3.57
2012.05.25 06:53:45.410,0.95688,0.95699,1.50,1.50
2012.05.25 06:53:45.766,0.95685,0.95695,1.65,2.25
2012.05.25 06:53:46.119,0.95685,0.95697,1.50,1.50
2012.05.25 06:53:46.335,0.95687,0.95699,1.50,2.63
2012.05.25 06:53:46.873,0.95687,0.95698,1.50,1.50
2012.05.25 06:53:50.966,0.95687,0.957,1.50,3.38
2012.05.25 06:53:51.513,0.95687,0.95699,1.50,2.25
2012.05.25 06:53:52.259,0.95687,0.95699,1.50,1.50
2012.05.25 06:53:52.976,0.95687,0.957,1.50,2.25
2012.05.25 06:53:53.513,0.95687,0.957,1.50,1.50
2012.05.25 06:53:54.320,0.95687,0.957,1.50,2.25
2012.05.25 06:53:55.592,0.95687,0.957,1.50,2.25
2012.05.25 06:53:56.674,0.95688,0.95699,1.50,1.50
2012.05.25 06:53:57.156,0.9569,0.957,1.50,1.69
2012.05.25 06:53:57.818,0.95692,0.957,1.50,1.50
2012.05.25 06:53:57.900,0.95692,0.95704,1.50,2.44
2012.05.25 06:53:58.404,0.95691,0.95704,1.50,1.69
2012.05.25 06:53:58.943,0.95692,0.95704,1.50,2.44
2012.05.25 06:53:59.665,0.95692,0.95704,1.50,2.25
2012.05.25 06:54:03.356,0.95693,0.95704,1.50,1.50
2012.05.25 06:54:04.434,0.95691,0.95705,1.50,4.13
2012.05.25 06:54:04.867,0.9569,0.95704,2.25,4.13
2012.05.25 06:54:05.218,0.95689,0.95699,1.50,1.50
2012.05.25 06:54:05.295,0.95691,0.95702,1.50,1.50
2012.05.25 06:54:05.564,0.95689,0.95703,1.50,4.88
2012.05.25 06:54:06.126,0.95687,0.95701,2.25,2.44
2012.05.25 06:54:06.481,0.9569,0.95701,1.50,1.69
2012.05.25 06:54:07.045,0.9569,0.95703,1.50,1.50
2012.05.25 06:54:17.916,0.95688,0.957,3.00,1.50
2012.05.25 06:54:19.598,0.9569,0.95702,1.50,2.25
2012.05.25 06:54:20.338,0.95691,0.95703,1.50,3.57
2012.05.25 06:54:20.487,0.95689,0.95702,1.50,2.25
2012.05.25 06:54:20.695,0.95687,0.957,1.13,1.50
2012.05.25 06:54:21.285,0.95688,0.957,1.50,1.50
2012.05.25 06:54:23.154,0.95691,0.95702,1.50,1.50
2012.05.25 06:54:23.682,0.9569,0.95702,1.50,3.00
2012.05.25 06:54:24.449,0.95689,0.95703,1.50,2.63
2012.05.25 06:54:24.818,0.95687,0.95701,3.00,2.25
2012.05.25 06:54:27.804,0.95687,0.95699,3.00,1.50
2012.05.25 06:54:27.942,0.95687,0.95701,3.00,3.75
2012.05.25 06:54:28.493,0.95687,0.957,1.50,1.50
2012.05.25 06:54:29.078,0.95688,0.95702,1.50,4.13
2012.05.25 06:54:29.623,0.95687,0.957,1.50,1.50
2012.05.25 06:54:30.173,0.95687,0.95699,2.25,2.25
2012.05.25 06:54:30.314,0.95685,0.95697,3.75,1.50
2012.05.25 06:54:30.869,0.95685,0.95696,2.25,2.13
2012.05.25 06:54:31.085,0.95682,0.95695,2.25,2.63
2012.05.25 06:54:31.473,0.95681,0.95693,2.44,1.50
2012.05.25 06:54:31.826,0.95683,0.95695,1.50,1.50
2012.05.25 06:54:33.075,0.95683,0.95696,2.25,1.13
2012.05.25 06:54:36.924,0.95683,0.95696,2.25,1.88
2012.05.25 06:54:37.425,0.95682,0.95694,2.25,1.50
2012.05.25 06:54:38.039,0.95678,0.9569,2.25,2.25
2012.05.25 06:54:38.266,0.95675,0.95687,1.80,1.88
2012.05.25 06:54:38.798,0.95675,0.95686,1.05,1.50
2012.05.25 06:54:38.876,0.95675,0.95683,1.05,1.50
2012.05.25 06:54:39.370,0.95672,0.95683,4.88,1.50
2012.05.25 06:54:39.586,0.95672,0.95686,3.38,2.10
2012.05.25 06:54:39.660,0.95672,0.95684,2.63,1.50
2012.05.25 06:54:40.214,0.95673,0.95685,1.50,1.50
2012.05.25 06:54:40.773,0.95674,0.95686,1.50,2.48
2012.05.25 06:54:41.262,0.95673,0.95685,1.50,4.13
2012.05.25 06:54:41.617,0.95666,0.95677,4.33,1.50
2012.05.25 06:54:42.394,0.95666,0.95677,2.82,2.25
2012.05.25 06:54:42.851,0.95667,0.95681,3.57,3.00
2012.05.25 06:54:42.932,0.95668,0.95682,1.50,3.00
2012.05.25 06:54:43.365,0.9567,0.95683,1.50,1.88
2012.05.25 06:54:43.717,0.95672,0.95683,1.50,1.13
2012.05.25 06:54:44.277,0.95673,0.95685,1.50,1.69
2012.05.25 06:54:44.629,0.95676,0.95686,1.50,3.75
2012.05.25 06:54:44.986,0.9568,0.95688,2.25,1.50
2012.05.25 06:54:45.536,0.95677,0.95687,1.50,1.69
2012.05.25 06:54:46.017,0.95673,0.95686,2.25,2.10
2012.05.25 06:54:46.274,0.95673,0.95685,1.50,2.25
2012.05.25 06:54:46.881,0.95673,0.95683,1.50,3.94
2012.05.25 06:54:46.968,0.95668,0.9568,2.25,1.50
2012.05.25 06:54:47.047,0.95668,0.95682,2.25,2.44
2012.05.25 06:54:47.604,0.95668,0.95682,2.25,3.19
2012.05.25 06:54:47.877,0.9567,0.95682,1.50,1.69
2012.05.25 06:54:48.157,0.95671,0.95685,1.50,2.63
2012.05.25 06:54:48.226,0.95674,0.95685,1.50,1.13
2012.05.25 06:54:48.697,0.95671,0.95684,1.50,2.25
2012.05.25 06:54:49.262,0.95669,0.95683,3.19,2.25
2012.05.25 06:54:49.410,0.95668,0.95678,2.44,1.50
2012.05.25 06:54:49.556,0.95666,0.95678,1.50,3.00
2012.05.25 06:54:49.625,0.95666,0.95676,1.50,1.50
2012.05.25 06:54:49.966,0.9566,0.95671,3.00,1.50
2012.05.25 06:54:50.040,0.95661,0.95672,2.25,1.50
2012.05.25 06:54:50.114,0.95661,0.95673,1.50,3.00
2012.05.25 06:54:50.534,0.95659,0.95672,3.94,1.50
2012.05.25 06:54:50.889,0.9566,0.95674,1.50,2.25
2012.05.25 06:54:51.436,0.95658,0.95669,5.25,1.50
2012.05.25 06:54:51.645,0.95659,0.95671,1.50,2.25
2012.05.25 06:54:51.988,0.95663,0.95675,1.50,6.00
2012.05.25 06:54:52.415,0.95658,0.9567,1.50,1.50
2012.05.25 06:54:52.554,0.9566,0.9567,2.25,1.50
2012.05.25 06:54:52.910,0.95662,0.95674,1.50,3.04
2012.05.25 06:54:52.988,0.95663,0.95675,1.50,2.25
2012.05.25 06:54:53.276,0.95662,0.95676,2.25,3.75
2012.05.25 06:54:53.418,0.95665,0.95676,1.50,1.50
2012.05.25 06:54:53.639,0.95661,0.95673,2.44,1.50
2012.05.25 06:54:53.856,0.95664,0.95676,1.50,1.28
2012.05.25 06:54:54.406,0.95665,0.95677,1.50,1.13
2012.05.25 06:54:54.755,0.9567,0.95681,1.50,2.40
2012.05.25 06:54:54.953,0.95668,0.9568,3.00,2.25
2012.05.25 06:54:55.374,0.95666,0.95679,1.50,2.25
2012.05.25 06:54:55.446,0.95665,0.95679,2.63,2.25
2012.05.25 06:54:55.516,0.95665,0.95679,2.63,1.50
2012.05.25 06:54:55.926,0.95665,0.95679,1.88,1.50
2012.05.25 06:54:56.066,0.95666,0.9568,5.63,1.50
2012.05.25 06:54:56.416,0.95672,0.95685,1.50,2.59
2012.05.25 06:54:56.966,0.95673,0.95685,1.50,1.84
2012.05.25 06:54:57.423,0.95672,0.95686,1.50,3.79
2012.05.25 06:54:58.105,0.95673,0.95687,1.50,4.19
2012.05.25 06:54:58.834,0.95673,0.95685,2.25,1.43
2012.05.25 06:54:59.374,0.95673,0.95685,2.25,1.43
2012.05.25 06:54:59.446,0.95673,0.95687,2.25,3.18
2012.05.25 06:54:59.996,0.95674,0.95686,2.25,1.43
2012.05.25 06:55:00.194,0.95672,0.95684,5.44,1.43
2012.05.25 06:55:00.773,0.95672,0.95684,3.19,1.43
2012.05.25 06:55:01.104,0.95672,0.95684,3.94,1.43
2012.05.25 06:55:01.673,0.95678,0.95686,1.50,1.05
2012.05.25 06:55:01.753,0.95677,0.95689,2.25,1.13
2012.05.25 06:55:01.828,0.95677,0.9569,2.25,3.00
2012.05.25 06:55:01.908,0.95682,0.95691,1.50,1.69
2012.05.25 06:55:01.988,0.9568,0.95691,1.50,2.37
2012.05.25 06:55:02.196,0.95679,0.95691,1.50,2.52
2012.05.25 06:55:02.265,0.95676,0.95687,1.50,1.58
2012.05.25 06:55:02.817,0.9568,0.95687,1.14,1.58
2012.05.25 06:55:03.177,0.95685,0.95694,1.50,1.52
2012.05.25 06:55:03.531,0.95692,0.95697,1.50,1.50
2012.05.25 06:55:03.603,0.95692,0.95697,1.50,1.50
2012.05.25 06:55:04.025,0.95692,0.95703,1.50,1.52
2012.05.25 06:55:04.238,0.95692,0.95703,1.50,1.50
2012.05.25 06:55:04.526,0.95693,0.95705,2.25,1.69
2012.05.25 06:55:04.803,0.95691,0.95705,2.25,3.12
2012.05.25 06:55:04.876,0.95691,0.95702,2.25,1.43
2012.05.25 06:55:05.225,0.95687,0.95698,1.50,1.43
2012.05.25 06:55:05.762,0.95687,0.95698,1.50,1.43
2012.05.25 06:55:05.844,0.95687,0.95701,3.00,3.60
2012.05.25 06:55:06.255,0.95686,0.957,6.00,2.18
2012.05.25 06:55:06.816,0.95686,0.95698,1.50,1.43
2012.05.25 06:55:07.168,0.95683,0.95693,1.50,1.43
2012.05.25 06:55:07.249,0.9568,0.95694,3.19,1.43
2012.05.25 06:55:07.328,0.95679,0.95691,4.50,1.43
2012.05.25 06:55:07.830,0.95678,0.9569,1.50,1.43
2012.05.25 06:55:08.118,0.95677,0.95689,1.13,1.43
2012.05.25 06:55:08.685,0.95675,0.95688,1.14,1.43
2012.05.25 06:55:08.964,0.95677,0.95691,1.50,3.19
2012.05.25 06:55:09.824,0.95678,0.95691,1.50,1.69
2012.05.25 06:55:10.354,0.95679,0.95691,1.50,3.19
2012.05.25 06:55:11.636,0.95679,0.95691,1.50,2.25
2012.05.25 06:55:12.785,0.95679,0.95693,1.50,4.54
2012.05.25 06:55:12.853,0.95681,0.95693,1.50,3.79
2012.05.25 06:55:12.983,0.95679,0.95693,1.50,3.19
2012.05.25 06:55:13.125,0.95682,0.95693,1.50,1.69
2012.05.25 06:55:14.609,0.95682,0.95696,3.00,4.88
2012.05.25 06:55:14.755,0.95684,0.95697,3.00,1.88
2012.05.25 06:55:14.826,0.95689,0.95698,1.50,2.25
2012.05.25 06:55:14.895,0.95689,0.95699,1.50,1.50
2012.05.25 06:55:15.455,0.95689,0.95701,1.50,2.44
2012.05.25 06:55:15.654,0.95691,0.95702,1.50,2.44
2012.05.25 06:55:15.804,0.95689,0.95701,1.50,1.69
2012.05.25 06:55:17.338,0.95687,0.95699,2.63,1.50
2012.05.25 06:55:17.895,0.95686,0.95699,1.50,1.50
2012.05.25 06:55:18.864,0.95688,0.95701,1.50,3.75
2012.05.25 06:55:19.494,0.95687,0.95701,1.50,3.75
2012.05.25 06:55:20.388,0.95687,0.95699,1.50,1.50
2012.05.25 06:55:21.783,0.95686,0.95697,1.50,1.50
2012.05.25 06:55:21.998,0.95686,0.957,2.25,1.50
2012.05.25 06:55:22.204,0.95688,0.957,1.50,1.50
2012.05.25 06:55:22.544,0.9569,0.95702,1.50,4.69
2012.05.25 06:55:22.687,0.95687,0.95701,2.25,1.50
2012.05.25 06:55:22.971,0.95687,0.95699,1.50,2.25
2012.05.25 06:55:24.645,0.95686,0.957,1.50,2.25
2012.05.25 06:55:25.192,0.95687,0.95701,1.50,2.25
2012.05.25 06:55:26.393,0.95686,0.957,1.50,2.25
2012.05.25 06:55:27.196,0.95686,0.95698,1.50,1.50
2012.05.25 06:55:27.405,0.95683,0.95697,5.44,2.25
2012.05.25 06:55:27.935,0.95685,0.95697,1.50,2.25
2012.05.25 06:55:29.456,0.95685,0.95697,1.50,2.67
2012.05.25 06:55:29.663,0.95683,0.95695,5.25,2.25
2012.05.25 06:55:30.213,0.95682,0.95694,5.25,1.50
2012.05.25 06:55:30.427,0.95686,0.95696,1.50,2.25
2012.05.25 06:55:30.567,0.95683,0.95695,1.69,1.50
2012.05.25 06:55:31.393,0.95684,0.95696,1.50,1.50
2012.05.25 06:55:31.470,0.95681,0.95693,3.75,1.50
2012.05.25 06:55:32.085,0.95681,0.95692,3.00,1.50
2012.05.25 06:55:34.704,0.95683,0.95695,1.50,1.50
2012.05.25 06:55:35.214,0.95682,0.95696,2.44,3.75
2012.05.25 06:55:35.413,0.95682,0.95694,2.44,1.50
2012.05.25 06:55:36.815,0.95683,0.95695,1.50,1.50
2012.05.25 06:55:37.165,0.95681,0.95692,3.19,1.50
2012.05.25 06:55:37.443,0.9568,0.95694,5.25,4.13
2012.05.25 06:55:37.984,0.9568,0.95693,3.00,2.25
2012.05.25 06:55:38.053,0.95679,0.95693,2.25,2.25
2012.05.25 06:55:40.135,0.95681,0.95693,1.50,2.25
2012.05.25 06:55:40.589,0.9568,0.9569,1.13,1.50
2012.05.25 06:55:41.125,0.9568,0.95691,1.13,1.50
2012.05.25 06:55:41.686,0.9568,0.95692,2.25,2.25
2012.05.25 06:55:42.038,0.95685,0.95694,1.50,2.63
2012.05.25 06:55:42.256,0.95685,0.95697,1.50,4.13
2012.05.25 06:55:42.465,0.95685,0.95697,1.50,1.88
2012.05.25 06:55:43.968,0.95685,0.95699,1.50,4.69
2012.05.25 06:55:45.165,0.95684,0.95698,1.50,3.19
2012.05.25 06:55:47.334,0.95685,0.95698,1.50,1.69
2012.05.25 06:55:47.944,0.95688,0.957,1.50,6.19
2012.05.25 06:55:48.517,0.95687,0.95699,1.50,2.44
2012.05.25 06:55:49.476,0.95685,0.95697,1.50,1.50
2012.05.25 06:55:49.547,0.95683,0.95695,2.25,1.50
2012.05.25 06:55:50.103,0.95684,0.95696,1.50,2.25
2012.05.25 06:55:51.867,0.95686,0.95698,1.50,3.38
2012.05.25 06:55:52.383,0.95685,0.95697,1.50,2.25
2012.05.25 06:55:52.977,0.95687,0.957,1.50,2.63
2012.05.25 06:55:53.303,0.95685,0.95697,1.50,1.50
2012.05.25 06:55:53.953,0.95686,0.95697,1.50,1.50
2012.05.25 06:55:54.417,0.95682,0.95696,2.44,1.50
2012.05.25 06:55:54.964,0.95681,0.95695,3.94,1.50
2012.05.25 06:55:55.036,0.95681,0.95693,2.25,1.50
2012.05.25 06:55:55.582,0.9568,0.95694,1.50,2.25
2012.05.25 06:55:58.185,0.9568,0.95694,3.75,2.25
2012.05.25 06:55:58.467,0.95683,0.95696,1.50,2.25
2012.05.25 06:55:58.537,0.95685,0.95697,1.50,1.88
2012.05.25 06:55:58.873,0.95683,0.95697,1.50,2.63
2012.05.25 06:55:59.018,0.95686,0.95697,1.50,2.63
2012.05.25 06:55:59.095,0.95682,0.95696,1.50,3.75
2012.05.25 06:55:59.234,0.9568,0.95694,4.13,1.50
2012.05.25 06:55:59.565,0.9568,0.95694,7.13,1.50
2012.05.25 06:56:00.110,0.95683,0.95695,2.25,1.50
2012.05.25 06:56:00.663,0.95682,0.95694,1.50,1.50
2012.05.25 06:56:01.543,0.95683,0.95695,1.50,1.50
2012.05.25 06:56:01.815,0.9568,0.95694,2.25,1.50
2012.05.25 06:56:02.354,0.9568,0.95692,1.50,1.50
2012.05.25 06:56:02.907,0.9568,0.95694,1.50,2.44
2012.05.25 06:56:03.262,0.95683,0.95695,1.50,6.38
2012.05.25 06:56:03.957,0.95683,0.95695,1.50,1.69
2012.05.25 06:56:04.030,0.9568,0.95692,2.25,1.50
2012.05.25 06:56:04.529,0.95681,0.95695,1.50,3.19
2012.05.25 06:56:04.954,0.95684,0.95695,1.50,1.69
2012.05.25 06:56:05.500,0.95683,0.95695,1.50,3.19
2012.05.25 06:56:06.369,0.9568,0.95694,2.25,2.63
2012.05.25 06:56:06.516,0.9568,0.95693,1.50,3.00
2012.05.25 06:56:06.869,0.95683,0.95693,1.50,2.25
2012.05.25 06:56:06.949,0.95683,0.95695,1.50,2.63
2012.05.25 06:56:07.505,0.9568,0.95693,1.50,1.50
2012.05.25 06:56:07.713,0.95679,0.95691,2.44,1.50
2012.05.25 06:56:08.278,0.95678,0.95692,1.69,3.00
2012.05.25 06:56:08.619,0.95682,0.95692,1.50,1.50
2012.05.25 06:56:08.907,0.9568,0.95694,1.50,3.00
2012.05.25 06:56:09.460,0.9568,0.95694,1.50,3.00
2012.05.25 06:56:09.675,0.95682,0.95694,1.50,1.50
2012.05.25 06:56:10.206,0.95682,0.95694,1.50,3.00
2012.05.25 06:56:10.752,0.95681,0.95693,1.50,1.50
2012.05.25 06:56:12.213,0.95683,0.95694,1.50,2.25
2012.05.25 06:56:12.554,0.95681,0.95694,1.50,2.25
2012.05.25 06:56:12.763,0.95683,0.95694,1.50,2.25
2012.05.25 06:56:13.286,0.95683,0.95694,1.50,3.00
2012.05.25 06:56:13.355,0.9568,0.95692,1.50,2.25
2012.05.25 06:56:13.893,0.95681,0.95693,1.50,3.00
2012.05.25 06:56:17.105,0.95682,0.95693,1.50,1.69
2012.05.25 06:56:17.605,0.95679,0.95694,1.50,1.69
2012.05.25 06:56:18.115,0.95682,0.95695,1.50,3.75
2012.05.25 06:56:18.666,0.95683,0.95695,1.50,3.00
2012.05.25 06:56:20.318,0.95682,0.95695,3.00,1.50
2012.05.25 06:56:20.656,0.95684,0.95694,1.50,1.50
2012.05.25 06:56:21.001,0.95682,0.95694,1.50,1.50
2012.05.25 06:56:21.524,0.95684,0.95694,1.50,1.50
2012.05.25 06:56:22.955,0.95683,0.95695,1.50,4.13
2012.05.25 06:56:24.793,0.95682,0.95695,3.00,1.69
2012.05.25 06:56:25.126,0.95684,0.95695,1.50,1.69
2012.05.25 06:56:25.676,0.95683,0.95694,1.50,1.50
2012.05.25 06:56:26.756,0.95683,0.95694,1.50,1.50
2012.05.25 06:56:27.306,0.95684,0.95694,1.50,1.50
2012.05.25 06:56:27.827,0.95683,0.95694,1.50,1.50
2012.05.25 06:56:28.272,0.95683,0.95694,1.50,1.50
2012.05.25 06:56:28.487,0.95681,0.95694,2.25,2.25
2012.05.25 06:56:28.624,0.95684,0.95694,1.50,1.50
2012.05.25 06:56:29.159,0.95683,0.95695,2.25,2.25
2012.05.25 06:56:29.997,0.95684,0.95695,1.50,1.50
2012.05.25 06:56:35.185,0.95684,0.95694,1.50,1.50
2012.05.25 06:56:35.735,0.95684,0.95696,1.50,2.33
2012.05.25 06:56:35.875,0.95684,0.95696,2.25,1.58
2012.05.25 06:56:35.954,0.95686,0.95698,1.50,3.00
2012.05.25 06:56:36.164,0.95686,0.957,1.50,3.19
2012.05.25 06:56:36.826,0.95685,0.95695,1.50,1.50
2012.05.25 06:56:37.345,0.95683,0.95696,3.38,1.50
2012.05.25 06:56:39.187,0.95684,0.95697,1.50,2.25
2012.05.25 06:56:39.722,0.95686,0.95698,1.50,1.50
2012.05.25 06:56:40.253,0.95685,0.95698,3.00,2.25
2012.05.25 06:56:41.174,0.95685,0.95698,3.19,2.25
2012.05.25 06:56:41.845,0.95686,0.95698,1.50,2.25
2012.05.25 06:56:42.189,0.95688,0.957,1.50,1.50
2012.05.25 06:56:42.408,0.95685,0.95699,3.19,2.25
2012.05.25 06:56:42.964,0.95685,0.95697,3.94,1.50
2012.05.25 06:56:45.023,0.95686,0.95697,1.50,1.50
2012.05.25 06:56:45.092,0.95688,0.957,1.50,2.25
2012.05.25 06:56:45.613,0.95686,0.957,2.25,3.00
2012.05.25 06:56:52.225,0.95686,0.957,2.25,3.00
2012.05.25 06:56:53.285,0.95686,0.957,3.00,2.25
2012.05.25 06:56:56.475,0.95687,0.957,2.25,2.25
2012.05.25 06:56:57.012,0.95688,0.957,1.50,2.25
2012.05.25 06:56:57.659,0.9569,0.95702,1.50,3.75
2012.05.25 06:56:58.018,0.95696,0.95706,2.25,2.25
2012.05.25 06:56:58.098,0.95694,0.95706,3.38,1.50
2012.05.25 06:56:58.181,0.95695,0.95708,2.25,1.35
2012.05.25 06:56:58.264,0.95694,0.95708,2.25,2.10
2012.05.25 06:56:58.339,0.95694,0.95708,4.13,1.50
2012.05.25 06:56:58.417,0.95696,0.95709,1.50,1.13
2012.05.25 06:56:58.487,0.95694,0.95708,4.13,1.50
2012.05.25 06:56:58.628,0.95697,0.95709,1.50,1.13
2012.05.25 06:56:58.984,0.95695,0.95707,3.75,1.50
2012.05.25 06:56:59.731,0.95694,0.95706,1.50,1.50
2012.05.25 06:57:00.086,0.9569,0.95701,4.89,1.50
2012.05.25 06:57:00.223,0.9569,0.95701,1.14,1.50
2012.05.25 06:57:00.747,0.9569,0.95702,1.50,1.50
2012.05.25 06:57:00.822,0.95692,0.95702,2.25,1.50
2012.05.25 06:57:00.968,0.95692,0.95704,1.50,1.50
2012.05.25 06:57:01.047,0.95695,0.95704,2.25,1.88
2012.05.25 06:57:01.257,0.95692,0.95702,1.50,3.00
2012.05.25 06:57:01.748,0.95693,0.95705,1.50,1.50
2012.05.25 06:57:01.817,0.95695,0.95705,1.50,1.50
2012.05.25 06:57:02.230,0.95694,0.95708,2.25,3.90
2012.05.25 06:57:02.377,0.95696,0.95708,1.50,3.15
2012.05.25 06:57:02.935,0.95696,0.95708,2.25,1.50
2012.05.25 06:57:03.686,0.95695,0.95709,1.50,1.50
2012.05.25 06:57:04.543,0.95695,0.95707,1.50,1.50
2012.05.25 06:57:05.074,0.95696,0.95708,1.50,1.50
2012.05.25 06:57:05.779,0.95695,0.95709,1.50,2.25
2012.05.25 06:57:06.854,0.95697,0.9571,1.50,4.50
2012.05.25 06:57:07.806,0.95697,0.9571,1.50,2.25
2012.05.25 06:57:08.417,0.95697,0.9571,1.50,3.00
2012.05.25 06:57:08.934,0.95696,0.9571,1.50,4.32
2012.05.25 06:57:09.469,0.95698,0.9571,1.50,4.32
2012.05.25 06:57:10.046,0.95699,0.95711,1.50,5.25
2012.05.25 06:57:10.396,0.95703,0.95711,1.50,2.25
2012.05.25 06:57:10.537,0.95703,0.95714,1.50,3.23
2012.05.25 06:57:11.119,0.95702,0.95714,1.50,1.27
2012.05.25 06:57:19.495,0.95701,0.95715,1.50,4.78
2012.05.25 06:57:20.265,0.95703,0.95714,1.50,1.18
2012.05.25 06:57:21.205,0.95699,0.95713,3.00,3.79
2012.05.25 06:57:21.278,0.95698,0.95711,3.19,1.50
2012.05.25 06:57:21.638,0.95697,0.95709,1.50,1.50
2012.05.25 06:57:22.191,0.95697,0.95709,2.85,1.50
2012.05.25 06:57:22.335,0.957,0.95712,1.50,1.88
2012.05.25 06:57:22.858,0.95698,0.9571,2.25,2.25
2012.05.25 06:57:23.070,0.95695,0.95707,5.10,1.50
2012.05.25 06:57:23.286,0.95698,0.9571,1.50,3.00
2012.05.25 06:57:23.686,0.957,0.9571,1.50,2.25
2012.05.25 06:57:23.896,0.95701,0.95712,1.50,1.50
2012.05.25 06:57:24.036,0.95699,0.95712,2.10,1.50
2012.05.25 06:57:24.353,0.95701,0.95713,1.50,4.69
2012.05.25 06:57:24.863,0.95701,0.95713,1.50,3.94
2012.05.25 06:57:27.691,0.95701,0.95713,1.50,3.00
2012.05.25 06:57:28.330,0.957,0.95712,1.50,2.25
2012.05.25 06:57:29.348,0.95696,0.9571,2.48,2.25
2012.05.25 06:57:29.686,0.95699,0.95711,1.50,1.50
2012.05.25 06:57:30.248,0.95696,0.9571,3.08,2.25
2012.05.25 06:57:30.804,0.95698,0.9571,1.50,3.00
2012.05.25 06:57:31.002,0.95698,0.9571,1.50,3.00
2012.05.25 06:57:31.516,0.95696,0.95707,1.20,2.25
2012.05.25 06:57:31.583,0.95695,0.95707,2.63,2.25
2012.05.25 06:57:32.415,0.95696,0.95708,1.50,3.00
2012.05.25 06:57:35.466,0.95695,0.95707,2.10,2.25
2012.05.25 06:57:36.058,0.95696,0.95708,1.50,3.00
2012.05.25 06:57:36.663,0.95694,0.95708,2.10,2.25
2012.05.25 06:57:37.205,0.95694,0.95705,3.00,2.25
2012.05.25 06:57:37.345,0.95692,0.95702,1.50,1.50
2012.05.25 06:57:37.887,0.95694,0.95706,1.50,3.00
2012.05.25 06:57:38.029,0.95694,0.95706,1.50,1.50
2012.05.25 06:57:38.390,0.95698,0.95706,1.50,1.50
2012.05.25 06:57:38.465,0.95698,0.95708,1.50,1.52
2012.05.25 06:57:39.015,0.95697,0.95709,1.50,1.69
2012.05.25 06:57:39.469,0.95697,0.95709,1.50,1.69
2012.05.25 06:57:39.552,0.95694,0.95708,1.50,3.00
2012.05.25 06:57:40.315,0.95696,0.95708,1.50,2.25
2012.05.25 06:57:40.633,0.95694,0.95706,3.75,2.25
2012.05.25 06:57:41.175,0.95695,0.95707,1.50,2.25
2012.05.25 06:57:44.013,0.95694,0.95708,3.75,3.00
2012.05.25 06:57:44.520,0.95695,0.95708,1.50,1.50
2012.05.25 06:57:45.233,0.95695,0.95709,1.50,2.25
2012.05.25 06:57:45.304,0.957,0.9571,1.50,1.50
2012.05.25 06:57:45.845,0.95698,0.9571,1.50,2.25
2012.05.25 06:57:49.220,0.957,0.95712,1.50,3.00
2012.05.25 06:57:51.508,0.95699,0.95711,1.50,2.25
2012.05.25 06:57:51.794,0.95696,0.95708,1.13,2.25
2012.05.25 06:57:52.127,0.95694,0.95706,5.44,1.50
2012.05.25 06:57:52.913,0.95694,0.95708,5.44,2.25
2012.05.25 06:57:53.336,0.95693,0.95706,2.44,1.50
2012.05.25 06:57:53.956,0.95694,0.95706,1.50,2.44
2012.05.25 06:57:54.486,0.95695,0.95707,1.50,3.19
2012.05.25 06:57:55.015,0.95696,0.95708,1.50,5.25
2012.05.25 06:57:55.580,0.95697,0.95708,1.50,3.75
2012.05.25 06:57:55.996,0.95698,0.95708,1.50,3.00
2012.05.25 06:57:56.348,0.95694,0.95706,1.50,2.25
2012.05.25 06:57:56.756,0.95697,0.95706,1.50,1.50
2012.05.25 06:57:57.035,0.95698,0.9571,1.50,1.88
2012.05.25 06:57:57.548,0.95699,0.9571,1.50,1.13
2012.05.25 06:57:59.654,0.95699,0.9571,1.50,1.13
2012.05.25 06:58:05.463,0.95696,0.9571,5.25,3.00
2012.05.25 06:58:06.842,0.95695,0.95708,2.25,2.25
2012.05.25 06:58:07.362,0.95696,0.95708,1.50,2.25
2012.05.25 06:58:07.892,0.95695,0.95707,3.75,2.25
2012.05.25 06:58:08.442,0.95696,0.95708,1.50,2.25
2012.05.25 06:58:09.165,0.95698,0.9571,1.50,4.88
2012.05.25 06:58:09.584,0.957,0.9571,1.50,1.13
2012.05.25 06:58:09.799,0.95697,0.95709,3.00,2.25
2012.05.25 06:58:10.286,0.95696,0.95705,2.25,1.50
2012.05.25 06:58:10.427,0.95692,0.95705,6.75,1.50
2012.05.25 06:58:11.164,0.95694,0.95706,1.50,2.25
2012.05.25 06:58:12.857,0.95695,0.95707,1.50,2.25
2012.05.25 06:58:12.942,0.95698,0.95709,1.50,1.50
2012.05.25 06:58:14.006,0.95697,0.95709,1.50,3.00
2012.05.25 06:58:15.766,0.95698,0.95709,1.50,1.50
2012.05.25 06:58:16.249,0.95698,0.95709,1.50,1.50
2012.05.25 06:58:16.955,0.95699,0.95709,1.50,1.50
2012.05.25 06:58:17.100,0.95703,0.9571,1.50,1.50
2012.05.25 06:58:17.248,0.95703,0.95714,1.50,1.73
2012.05.25 06:58:17.455,0.95703,0.95715,2.25,3.04
2012.05.25 06:58:17.666,0.95705,0.95715,1.50,1.54
2012.05.25 06:58:18.193,0.95703,0.95715,3.75,2.29
2012.05.25 06:58:18.743,0.95704,0.95717,1.50,1.56
2012.05.25 06:58:19.639,0.95703,0.95717,2.25,2.29
2012.05.25 06:58:19.859,0.95707,0.95718,1.50,1.75
2012.05.25 06:58:20.407,0.95709,0.9572,1.50,4.54
2012.05.25 06:58:20.476,0.95709,0.9572,1.50,3.75
2012.05.25 06:58:21.013,0.95709,0.95721,1.50,4.54
2012.05.25 06:58:21.556,0.95709,0.9572,1.50,1.50
2012.05.25 06:58:22.173,0.95709,0.95723,1.50,6.75
2012.05.25 06:58:23.105,0.95709,0.95723,1.50,3.19
2012.05.25 06:58:23.543,0.95712,0.95723,1.50,2.44
2012.05.25 06:58:23.899,0.95713,0.95724,3.75,1.50
2012.05.25 06:58:23.978,0.95714,0.95726,1.50,2.25
2012.05.25 06:58:24.045,0.95716,0.95726,2.25,3.00
2012.05.25 06:58:24.118,0.95713,0.95724,2.25,1.50
2012.05.25 06:58:24.666,0.95713,0.95725,3.75,2.25
2012.05.25 06:58:25.194,0.95713,0.95725,1.50,3.00
2012.05.25 06:58:25.733,0.95714,0.95726,1.50,2.25
2012.05.25 06:58:26.075,0.95711,0.95725,1.69,3.00
2012.05.25 06:58:26.667,0.95713,0.95725,1.50,3.38
2012.05.25 06:58:28.404,0.95715,0.95726,1.50,2.25
2012.05.25 06:58:28.688,0.95716,0.95727,1.50,3.38
2012.05.25 06:58:29.104,0.95717,0.95731,1.50,5.07
2012.05.25 06:58:29.177,0.95717,0.95731,1.50,5.07
2012.05.25 06:58:29.703,0.95717,0.95731,1.50,4.32
2012.05.25 06:58:33.594,0.95717,0.95729,1.50,1.69
2012.05.25 06:58:34.507,0.95716,0.95729,1.50,1.69
2012.05.25 06:58:35.066,0.95715,0.95727,1.50,2.44
2012.05.25 06:58:35.485,0.95718,0.95728,1.50,3.00
2012.05.25 06:58:36.005,0.95718,0.95728,1.50,1.50
2012.05.25 06:58:37.187,0.95716,0.95728,3.75,1.50
2012.05.25 06:58:37.329,0.95714,0.95726,3.75,2.25
2012.05.25 06:58:37.840,0.95715,0.95727,1.50,2.25
2012.05.25 06:58:38.057,0.95717,0.95729,1.50,3.00
2012.05.25 06:58:40.116,0.95715,0.95725,1.50,1.50
2012.05.25 06:58:41.291,0.95715,0.95725,1.50,2.25
2012.05.25 06:58:41.370,0.95713,0.95725,1.50,2.25
2012.05.25 06:58:41.519,0.95712,0.95722,2.25,2.25
2012.05.25 06:58:41.595,0.95708,0.95722,8.25,3.00
2012.05.25 06:58:41.876,0.95712,0.95721,1.50,1.50
2012.05.25 06:58:42.436,0.95713,0.95725,3.75,2.25
2012.05.25 06:58:43.205,0.95713,0.95726,3.75,2.63
2012.05.25 06:58:43.976,0.95716,0.95727,2.25,2.63
2012.05.25 06:58:44.509,0.95717,0.95727,1.50,1.13
2012.05.25 06:58:45.186,0.95717,0.95727,1.50,1.50
2012.05.25 06:58:45.315,0.95715,0.95727,2.25,3.00
2012.05.25 06:58:45.909,0.95713,0.95726,1.50,1.50
2012.05.25 06:58:46.254,0.95715,0.95726,1.50,1.50
2012.05.25 06:58:46.458,0.95713,0.95726,1.50,1.50
2012.05.25 06:58:46.848,0.95718,0.9573,1.50,3.94
2012.05.25 06:58:46.917,0.95718,0.9573,1.50,2.44
2012.05.25 06:58:47.443,0.95719,0.9573,1.50,2.44
2012.05.25 06:58:47.856,0.95719,0.95731,1.50,1.50
2012.05.25 06:58:48.068,0.95722,0.95731,1.50,1.50
2012.05.25 06:58:48.275,0.95722,0.95735,1.50,3.00
2012.05.25 06:58:48.757,0.95721,0.95731,2.25,1.50
2012.05.25 06:58:49.297,0.9572,0.95733,2.25,2.25
2012.05.25 06:58:49.706,0.95722,0.95731,2.25,1.50
2012.05.25 06:58:49.844,0.95719,0.95731,3.94,1.50
2012.05.25 06:58:50.396,0.95722,0.95733,1.50,1.69
2012.05.25 06:58:50.953,0.95723,0.95734,1.50,3.00
2012.05.25 06:58:52.105,0.95723,0.95734,1.50,1.50
2012.05.25 06:58:52.647,0.95723,0.95734,1.50,2.25
2012.05.25 06:58:52.716,0.95721,0.95732,1.50,3.00
2012.05.25 06:58:52.786,0.95719,0.95729,2.25,1.50
2012.05.25 06:58:52.858,0.95717,0.95729,3.94,1.50
2012.05.25 06:58:52.998,0.9572,0.9573,1.50,1.88
2012.05.25 06:58:53.147,0.95716,0.95728,1.50,1.50
2012.05.25 06:58:54.043,0.95717,0.95728,1.50,1.50
2012.05.25 06:58:54.654,0.95717,0.9573,1.50,2.78
2012.05.25 06:58:54.798,0.95715,0.95726,2.25,1.88
2012.05.25 06:58:55.335,0.95714,0.95726,1.50,2.63
2012.05.25 06:58:55.996,0.95714,0.95725,1.50,1.50
2012.05.25 06:58:56.071,0.95712,0.95724,3.00,2.25
2012.05.25 06:58:56.627,0.95712,0.95724,1.50,3.94
2012.05.25 06:58:57.846,0.95711,0.95723,1.50,1.69
2012.05.25 06:58:58.375,0.9571,0.95722,5.25,2.25
2012.05.25 06:58:59.297,0.9571,0.95722,3.75,3.00
2012.05.25 06:58:59.512,0.95709,0.9572,2.25,3.00
2012.05.25 06:58:59.796,0.95707,0.95717,2.25,1.50
2012.05.25 06:59:00.356,0.95706,0.95718,2.25,3.00
2012.05.25 06:59:00.884,0.95706,0.95716,2.25,3.00
2012.05.25 06:59:02.875,0.95704,0.95718,3.75,2.25
2012.05.25 06:59:03.086,0.95706,0.95719,1.50,1.13
2012.05.25 06:59:03.602,0.95708,0.9572,1.50,3.38
2012.05.25 06:59:04.918,0.95708,0.9572,1.50,2.25
2012.05.25 06:59:05.056,0.95709,0.95721,1.50,2.25
2012.05.25 06:59:05.875,0.95709,0.95721,1.50,2.25
2012.05.25 06:59:06.383,0.95707,0.95719,1.50,2.25
2012.05.25 06:59:10.862,0.95705,0.95717,2.25,1.50
2012.05.25 06:59:12.704,0.95704,0.95718,2.25,1.50
2012.05.25 06:59:13.065,0.95707,0.95719,1.50,2.25
2012.05.25 06:59:13.606,0.95704,0.95716,1.50,1.50
2012.05.25 06:59:13.814,0.95702,0.95715,2.25,2.25
2012.05.25 06:59:14.355,0.95703,0.95715,1.50,2.25
2012.05.25 06:59:15.358,0.95702,0.95715,3.00,1.50
2012.05.25 06:59:15.928,0.95702,0.95715,2.44,2.25
2012.05.25 06:59:16.663,0.95702,0.95715,2.25,3.19
2012.05.25 06:59:19.004,0.95703,0.95715,1.50,2.25
2012.05.25 06:59:19.875,0.95705,0.95717,1.50,3.00
2012.05.25 06:59:20.021,0.95702,0.95714,3.75,1.50
2012.05.25 06:59:20.165,0.95705,0.95716,1.50,1.50
2012.05.25 06:59:20.237,0.95702,0.95716,1.50,3.00
2012.05.25 06:59:21.738,0.95705,0.95717,1.50,4.50
2012.05.25 06:59:22.235,0.95705,0.95717,1.50,2.25
2012.05.25 06:59:23.045,0.95704,0.95718,4.50,2.25
2012.05.25 06:59:23.880,0.95705,0.95717,1.50,2.25
2012.05.25 06:59:24.477,0.95704,0.95716,4.50,1.50
2012.05.25 06:59:24.830,0.95706,0.95718,3.75,1.50
2012.05.25 06:59:24.981,0.95704,0.95716,2.25,1.50
2012.05.25 06:59:25.549,0.95702,0.95714,5.44,1.50
2012.05.25 06:59:26.104,0.95702,0.95713,3.19,1.50
2012.05.25 06:59:26.174,0.95703,0.95715,1.50,1.50
2012.05.25 06:59:28.086,0.95701,0.95715,3.75,1.50
2012.05.25 06:59:28.737,0.95701,0.95715,3.75,1.50
2012.05.25 06:59:29.317,0.95702,0.95716,1.50,3.75
2012.05.25 06:59:29.716,0.95701,0.95713,3.75,1.50
2012.05.25 06:59:30.055,0.95701,0.95715,4.50,3.75
2012.05.25 06:59:31.504,0.95702,0.95716,1.50,2.25
2012.05.25 06:59:32.019,0.95705,0.95717,1.50,2.25
2012.05.25 06:59:32.381,0.95709,0.95719,1.50,1.69
2012.05.25 06:59:32.938,0.95709,0.9572,1.50,1.50
2012.05.25 06:59:33.497,0.95708,0.9572,1.50,1.50
2012.05.25 06:59:33.981,0.9571,0.9572,1.50,2.25
2012.05.25 06:59:34.546,0.9571,0.95721,1.50,1.50
2012.05.25 06:59:35.517,0.95709,0.95721,1.50,2.25
2012.05.25 06:59:36.064,0.95708,0.95722,1.50,2.25
2012.05.25 06:59:37.455,0.9571,0.95722,1.50,2.25
2012.05.25 06:59:37.795,0.95708,0.95722,1.50,2.25
2012.05.25 06:59:38.429,0.95706,0.9572,6.57,1.50
2012.05.25 06:59:38.507,0.95709,0.95721,1.50,2.25
2012.05.25 06:59:40.495,0.95707,0.95721,3.00,2.25
2012.05.25 06:59:41.065,0.95708,0.9572,1.88,1.50
2012.05.25 06:59:42.218,0.9571,0.95722,1.50,5.25
2012.05.25 06:59:43.006,0.9571,0.95722,1.50,5.25
2012.05.25 06:59:45.926,0.95708,0.95721,1.50,1.50
2012.05.25 06:59:46.693,0.9571,0.95721,1.50,1.50
2012.05.25 06:59:49.876,0.95709,0.95721,1.50,2.25
2012.05.25 06:59:52.137,0.9571,0.95722,1.50,3.75
2012.05.25 06:59:52.476,0.95712,0.95723,1.50,1.88
2012.05.25 06:59:52.995,0.95712,0.95723,1.50,1.13
2012.05.25 06:59:59.986,0.95713,0.95724,1.50,1.50
