2017.06.29 10:00:00.238,0.9579,0.958,1.12,4.27
2017.06.29 10:00:00.579,0.95787,0.95797,1.50,1.25
2017.06.29 10:00:01.092,0.95787,0.95796,1.87,1.12
2017.06.29 10:00:01.641,0.95786,0.95796,1.12,2.51
2017.06.29 10:00:01.951,0.95786,0.95795,1.00,2.51
2017.06.29 10:00:02.210,0.95783,0.95793,1.00,1.76
2017.06.29 10:00:03.809,0.95782,0.95791,1.00,2.10
2017.06.29 10:00:05.556,0.95781,0.95791,1.69,1.12
2017.06.29 10:00:05.985,0.95781,0.95789,1.25,1.00
2017.06.29 10:00:07.450,0.95779,0.95788,3.82,1.00
2017.06.29 10:00:07.553,0.95778,0.95787,1.95,1.12
2017.06.29 10:00:07.859,0.95779,0.95785,1.00,1.00
2017.06.29 10:00:08.432,0.95777,0.95784,2.00,1.00
2017.06.29 10:00:08.534,0.95776,0.95784,1.57,1.00
2017.06.29 10:00:09.046,0.95775,0.95783,1.50,1.00
2017.06.29 10:00:09.639,0.95774,0.95783,1.57,1.00
2017.06.29 10:00:10.465,0.95774,0.95782,1.00,1.00
2017.06.29 10:00:10.657,0.95771,0.9578,1.50,1.50
2017.06.29 10:00:11.188,0.95772,0.9578,1.62,1.50
2017.06.29 10:00:11.775,0.95772,0.95779,1.62,1.00
2017.06.29 10:00:12.497,0.95772,0.9578,2.06,1.00
2017.06.29 10:00:14.178,0.95771,0.95778,2.14,1.00
2017.06.29 10:00:14.229,0.95771,0.95778,1.57,1.00
2017.06.29 10:00:14.435,0.95772,0.95779,1.62,1.00
2017.06.29 10:00:14.486,0.95773,0.95782,1.87,2.25
2017.06.29 10:00:14.673,0.95774,0.95782,2.70,1.00
2017.06.29 10:00:15.525,0.95775,0.95783,1.87,1.00
2017.06.29 10:00:16.064,0.95775,0.95783,1.50,1.00
2017.06.29 10:00:17.617,0.95776,0.95784,1.50,1.00
2017.06.29 10:00:17.924,0.95775,0.95783,1.00,1.00
2017.06.29 10:00:18.129,0.95773,0.9578,2.25,1.00
2017.06.29 10:00:20.365,0.95773,0.9578,1.37,1.00
2017.06.29 10:00:23.259,0.95772,0.9578,3.26,1.00
2017.06.29 10:00:23.769,0.95772,0.95778,1.12,1.00
2017.06.29 10:00:23.974,0.95766,0.95774,1.47,1.50
2017.06.29 10:00:24.026,0.95765,0.95772,2.32,1.00
2017.06.29 10:00:26.080,0.95764,0.95771,2.32,1.00
2017.06.29 10:00:26.601,0.95764,0.9577,3.00,1.00
2017.06.29 10:00:27.156,0.95764,0.95769,2.25,1.00
2017.06.29 10:00:27.565,0.95764,0.95771,1.50,1.00
2017.06.29 10:00:28.109,0.95763,0.9577,2.89,1.00
2017.06.29 10:00:28.640,0.95763,0.95771,2.14,1.00
2017.06.29 10:00:28.906,0.95763,0.95771,3.26,1.00
2017.06.29 10:00:35.081,0.95763,0.9577,2.32,1.00
2017.06.29 10:00:35.696,0.95761,0.9577,6.26,1.00
2017.06.29 10:00:36.761,0.95761,0.9577,8.17,1.00
2017.06.29 10:00:37.739,0.95761,0.95769,2.70,1.00
2017.06.29 10:00:38.264,0.95762,0.9577,1.62,1.00
2017.06.29 10:00:38.908,0.95761,0.95769,5.32,1.00
2017.06.29 10:00:39.013,0.9576,0.95768,4.20,1.00
2017.06.29 10:00:39.598,0.9576,0.95767,1.50,1.00
2017.06.29 10:00:39.796,0.95757,0.95767,3.82,1.50
2017.06.29 10:00:42.551,0.95758,0.95765,1.10,1.00
2017.06.29 10:00:43.080,0.95757,0.95765,3.00,1.00
2017.06.29 10:00:43.615,0.95757,0.95764,2.70,1.00
2017.06.29 10:00:45.602,0.95757,0.95764,1.57,1.00
2017.06.29 10:00:45.847,0.95755,0.95762,1.00,1.00
2017.06.29 10:00:46.411,0.95754,0.95762,1.00,1.00
2017.06.29 10:00:47.215,0.95754,0.95764,1.87,1.50
2017.06.29 10:00:47.726,0.95755,0.95764,1.00,1.12
2017.06.29 10:00:52.690,0.95756,0.95764,1.00,1.00
2017.06.29 10:00:53.418,0.95757,0.95764,1.00,1.00
2017.06.29 10:00:53.593,0.95761,0.95769,5.06,2.70
2017.06.29 10:00:53.645,0.95763,0.95769,1.00,1.37
2017.06.29 10:00:53.749,0.95763,0.95773,1.12,1.37
2017.06.29 10:00:54.618,0.95764,0.95772,1.00,1.00
2017.06.29 10:00:55.280,0.95764,0.95773,1.00,2.32
2017.06.29 10:00:55.799,0.95764,0.95772,1.12,1.00
2017.06.29 10:00:56.350,0.95765,0.95772,1.12,1.00
2017.06.29 10:00:57.099,0.95765,0.95774,1.12,1.00
2017.06.29 10:00:57.971,0.95765,0.95775,1.37,1.57
2017.06.29 10:00:58.504,0.95765,0.95774,1.00,1.00
2017.06.29 10:01:00.054,0.95765,0.95774,1.50,1.00
2017.06.29 10:01:01.145,0.95765,0.95776,1.50,3.26
2017.06.29 10:01:01.674,0.95766,0.95776,1.12,1.00
2017.06.29 10:01:02.178,0.95765,0.95775,1.57,1.12
2017.06.29 10:01:03.013,0.95765,0.95774,1.50,1.00
2017.06.29 10:01:10.566,0.95765,0.95773,1.50,1.00
2017.06.29 10:01:10.720,0.95763,0.95773,1.12,1.95
2017.06.29 10:01:11.232,0.95764,0.95773,1.00,1.12
2017.06.29 10:01:11.735,0.95764,0.95772,1.00,1.00
2017.06.29 10:01:12.950,0.95763,0.95772,3.00,1.00
2017.06.29 10:01:13.501,0.95764,0.95772,1.00,1.00
2017.06.29 10:01:14.177,0.95764,0.95773,1.50,1.50
2017.06.29 10:01:14.802,0.95765,0.95773,1.00,1.12
2017.06.29 10:01:15.313,0.95765,0.95774,1.00,1.87
2017.06.29 10:01:16.029,0.95766,0.95776,1.00,3.26
2017.06.29 10:01:16.273,0.95767,0.95777,1.50,2.62
2017.06.29 10:01:16.813,0.95766,0.95777,1.95,3.00
2017.06.29 10:01:17.290,0.95767,0.95778,2.44,1.47
2017.06.29 10:01:17.836,0.95767,0.95777,1.50,2.25
2017.06.29 10:01:18.367,0.95767,0.95776,1.12,1.12
2017.06.29 10:01:18.706,0.95764,0.95774,2.44,1.05
2017.06.29 10:01:19.015,0.95764,0.95774,1.12,4.24
2017.06.29 10:01:19.530,0.95763,0.95773,1.50,1.35
2017.06.29 10:01:20.328,0.95763,0.95774,1.50,3.26
2017.06.29 10:01:20.789,0.95765,0.95774,1.50,2.62
2017.06.29 10:01:22.898,0.95763,0.95773,1.75,4.35
2017.06.29 10:01:23.216,0.95762,0.95771,1.25,1.00
2017.06.29 10:01:23.425,0.95763,0.95772,2.25,1.00
2017.06.29 10:01:33.846,0.95765,0.95772,1.00,1.00
2017.06.29 10:01:34.056,0.95765,0.95776,1.50,2.32
2017.06.29 10:01:34.591,0.95765,0.95774,2.25,1.12
2017.06.29 10:01:37.150,0.95765,0.95773,1.50,1.00
2017.06.29 10:01:37.666,0.95765,0.95772,1.12,1.00
2017.06.29 10:01:37.769,0.95766,0.95774,1.00,1.12
2017.06.29 10:01:37.821,0.95764,0.95772,2.25,2.47
2017.06.29 10:01:37.932,0.95763,0.9577,1.69,1.00
2017.06.29 10:01:38.141,0.95764,0.95772,1.00,1.12
2017.06.29 10:01:38.296,0.95764,0.95774,1.50,1.87
2017.06.29 10:01:39.027,0.95765,0.95774,1.37,1.57
2017.06.29 10:01:40.068,0.95764,0.95774,1.12,2.44
2017.06.29 10:01:40.625,0.95765,0.95774,1.00,1.10
2017.06.29 10:01:41.183,0.95765,0.95773,1.00,1.12
2017.06.29 10:01:42.698,0.95765,0.95774,1.00,1.00
2017.06.29 10:01:44.670,0.95764,0.95774,2.25,1.95
2017.06.29 10:01:45.241,0.95765,0.95774,1.00,1.87
2017.06.29 10:01:45.755,0.95764,0.95774,2.25,2.25
2017.06.29 10:01:52.229,0.95765,0.95774,1.12,1.00
2017.06.29 10:01:52.794,0.95767,0.95775,1.12,1.50
2017.06.29 10:01:53.203,0.95764,0.95776,2.32,4.99
2017.06.29 10:01:53.306,0.95764,0.95774,1.95,1.00
2017.06.29 10:01:53.822,0.95765,0.95774,1.12,1.00
2017.06.29 10:01:54.337,0.95764,0.95774,2.62,1.50
2017.06.29 10:02:00.664,0.95765,0.95775,1.00,3.04
2017.06.29 10:02:02.040,0.95765,0.95775,1.00,1.12
2017.06.29 10:02:02.697,0.95765,0.95774,1.00,1.00
2017.06.29 10:02:03.287,0.95765,0.95775,1.00,2.32
2017.06.29 10:02:03.790,0.95765,0.95775,1.00,2.70
2017.06.29 10:02:04.957,0.95765,0.95775,1.00,1.57
2017.06.29 10:02:05.485,0.95765,0.95775,1.00,1.95
2017.06.29 10:02:06.862,0.95765,0.95775,1.37,2.70
2017.06.29 10:02:07.402,0.95765,0.95775,1.12,2.70
2017.06.29 10:02:08.518,0.95765,0.95775,1.12,2.70
2017.06.29 10:02:11.082,0.95765,0.95775,1.37,1.50
2017.06.29 10:02:11.627,0.95765,0.95775,1.00,2.25
2017.06.29 10:02:12.721,0.95766,0.95775,1.00,1.00
2017.06.29 10:02:13.264,0.95765,0.95775,2.62,1.50
2017.06.29 10:02:13.779,0.95765,0.95775,1.87,1.87
2017.06.29 10:02:14.334,0.95765,0.95775,2.25,1.50
2017.06.29 10:02:15.052,0.95765,0.95775,2.25,1.50
2017.06.29 10:02:15.576,0.95765,0.95775,2.25,1.50
2017.06.29 10:02:21.042,0.95765,0.95774,2.25,1.00
2017.06.29 10:02:22.287,0.95765,0.95775,2.25,2.06
2017.06.29 10:02:27.696,0.95765,0.95772,1.12,3.07
2017.06.29 10:02:27.849,0.95761,0.95771,1.12,3.45
2017.06.29 10:02:28.055,0.95759,0.95769,2.62,1.00
2017.06.29 10:02:28.465,0.95758,0.95768,1.87,1.37
2017.06.29 10:02:28.990,0.95758,0.95768,1.50,1.37
2017.06.29 10:02:29.500,0.95757,0.95767,2.32,1.12
2017.06.29 10:02:30.052,0.95756,0.95766,1.50,1.69
2017.06.29 10:02:30.361,0.95757,0.95766,2.25,1.00
2017.06.29 10:02:32.105,0.95758,0.95768,1.87,1.00
2017.06.29 10:02:32.665,0.95759,0.95769,1.50,3.04
2017.06.29 10:02:33.199,0.95759,0.95769,1.12,3.79
2017.06.29 10:02:34.339,0.95759,0.95769,1.57,2.66
2017.06.29 10:02:34.944,0.95758,0.95767,1.50,1.20
2017.06.29 10:02:35.453,0.95757,0.95767,1.87,1.87
2017.06.29 10:02:39.507,0.95757,0.95764,1.87,1.00
2017.06.29 10:02:40.009,0.95757,0.95764,1.12,1.00
2017.06.29 10:02:41.385,0.95755,0.95764,1.87,1.00
2017.06.29 10:02:41.891,0.95755,0.95764,1.12,1.00
2017.06.29 10:02:42.516,0.95755,0.95762,1.50,1.00
2017.06.29 10:02:47.309,0.95754,0.95764,1.87,1.10
2017.06.29 10:02:47.823,0.95754,0.95764,1.50,1.61
2017.06.29 10:02:48.586,0.95754,0.95764,1.50,1.65
2017.06.29 10:02:48.637,0.95754,0.95762,1.50,1.00
2017.06.29 10:02:49.431,0.95753,0.95762,1.00,2.32
2017.06.29 10:02:50.101,0.95754,0.95764,1.00,4.24
2017.06.29 10:02:50.306,0.95755,0.95765,1.12,4.95
2017.06.29 10:02:50.813,0.95755,0.95765,1.87,3.45
2017.06.29 10:02:51.422,0.95756,0.95765,1.69,1.00
2017.06.29 10:02:51.864,0.95754,0.95764,2.25,1.20
2017.06.29 10:02:52.375,0.95754,0.95762,1.87,1.00
2017.06.29 10:02:52.734,0.95756,0.95765,1.50,1.07
2017.06.29 10:02:52.859,0.95756,0.95766,1.87,1.20
2017.06.29 10:02:53.374,0.95758,0.95767,1.00,1.57
2017.06.29 10:02:53.427,0.95761,0.95768,5.06,2.25
2017.06.29 10:02:53.818,0.95763,0.95769,3.19,1.00
2017.06.29 10:02:54.277,0.95765,0.95772,1.12,1.00
2017.06.29 10:02:55.860,0.95764,0.95773,1.87,1.10
2017.06.29 10:02:56.407,0.95764,0.95772,1.87,1.00
2017.06.29 10:02:57.413,0.95762,0.95771,1.50,1.76
2017.06.29 10:02:57.466,0.95761,0.9577,1.37,1.31
2017.06.29 10:02:57.518,0.95761,0.9577,1.00,1.20
2017.06.29 10:02:57.571,0.9576,0.95768,1.50,1.00
2017.06.29 10:02:57.623,0.95761,0.95771,2.06,3.82
2017.06.29 10:02:57.727,0.95761,0.9577,1.75,3.30
2017.06.29 10:02:57.830,0.95761,0.95769,1.00,1.05
2017.06.29 10:02:58.387,0.95764,0.95772,1.00,1.37
2017.06.29 10:02:58.438,0.95765,0.95773,1.00,2.25
2017.06.29 10:02:58.950,0.95765,0.95775,1.12,3.45
2017.06.29 10:03:00.652,0.95765,0.95775,1.12,2.51
2017.06.29 10:03:01.184,0.95765,0.95774,1.12,1.01
2017.06.29 10:03:01.564,0.95764,0.95773,1.37,2.06
2017.06.29 10:03:02.082,0.95764,0.95774,1.00,3.45
2017.06.29 10:03:02.713,0.95764,0.95773,1.00,1.76
2017.06.29 10:03:02.969,0.95762,0.95772,1.12,1.69
2017.06.29 10:03:03.893,0.95761,0.95771,1.57,1.00
2017.06.29 10:03:05.369,0.95761,0.95771,2.32,1.12
2017.06.29 10:03:07.935,0.9576,0.9577,2.62,1.01
2017.06.29 10:03:08.037,0.95758,0.95768,4.24,1.00
2017.06.29 10:03:08.191,0.95758,0.95767,1.37,1.69
2017.06.29 10:03:08.293,0.95756,0.95766,1.87,1.25
2017.06.29 10:03:12.281,0.95754,0.95764,4.12,1.69
2017.06.29 10:03:12.797,0.95754,0.95764,1.50,1.10
2017.06.29 10:03:13.483,0.95754,0.95763,1.37,1.00
2017.06.29 10:03:15.977,0.95754,0.95764,1.37,1.95
2017.06.29 10:03:17.175,0.95754,0.95762,1.50,1.00
2017.06.29 10:03:17.891,0.95756,0.95762,1.00,1.00
2017.06.29 10:03:17.943,0.95756,0.95766,1.00,1.95
2017.06.29 10:03:18.460,0.95756,0.95766,1.12,1.95
2017.06.29 10:03:22.223,0.95756,0.95766,1.50,1.12
2017.06.29 10:03:34.540,0.95757,0.95766,1.37,1.00
2017.06.29 10:03:35.051,0.95758,0.95766,1.37,1.00
2017.06.29 10:03:38.934,0.95758,0.95767,1.37,1.00
2017.06.29 10:03:39.476,0.95759,0.95769,1.50,2.62
2017.06.29 10:03:41.900,0.95759,0.95769,1.50,1.50
2017.06.29 10:03:42.157,0.9576,0.95769,3.19,1.00
2017.06.29 10:03:43.968,0.95763,0.95772,1.12,1.00
2017.06.29 10:03:44.020,0.95765,0.95772,1.00,1.50
2017.06.29 10:03:44.471,0.95765,0.95775,2.81,1.57
2017.06.29 10:03:47.476,0.95765,0.95774,2.25,1.00
2017.06.29 10:03:48.124,0.95767,0.95774,1.00,1.00
2017.06.29 10:03:48.665,0.95766,0.95774,1.50,1.00
2017.06.29 10:03:50.115,0.95765,0.95773,1.50,1.00
2017.06.29 10:03:50.270,0.95762,0.95773,1.75,3.49
2017.06.29 10:03:50.374,0.95762,0.95773,1.00,4.24
2017.06.29 10:03:50.943,0.95762,0.95772,1.00,2.06
2017.06.29 10:03:54.262,0.95762,0.9577,1.00,1.91
2017.06.29 10:03:54.365,0.9576,0.9577,1.87,2.14
2017.06.29 10:03:55.464,0.9576,0.95767,1.12,1.00
2017.06.29 10:03:55.975,0.95757,0.95766,2.81,1.00
2017.06.29 10:04:34.659,0.95761,0.95766,1.19,1.00
2017.06.29 10:04:34.711,0.95762,0.95769,1.25,1.00
2017.06.29 10:04:34.763,0.95761,0.95771,1.50,1.95
2017.06.29 10:04:34.815,0.9576,0.95769,1.95,1.50
2017.06.29 10:04:35.266,0.9576,0.95766,1.00,1.00
2017.06.29 10:04:35.800,0.95759,0.95766,1.20,1.00
2017.06.29 10:04:36.830,0.95759,0.95769,1.57,1.12
2017.06.29 10:04:36.934,0.95763,0.95769,1.00,1.12
2017.06.29 10:04:37.174,0.95759,0.95769,1.95,1.12
2017.06.29 10:04:37.708,0.95759,0.95769,1.57,1.87
2017.06.29 10:04:41.082,0.95757,0.95768,2.51,2.81
2017.06.29 10:04:44.805,0.95759,0.95769,1.57,2.25
2017.06.29 10:04:44.909,0.95763,0.95769,1.00,1.00
2017.06.29 10:04:45.012,0.95762,0.95772,3.00,1.57
2017.06.29 10:04:45.563,0.95762,0.95772,2.44,1.00
2017.06.29 10:04:46.505,0.95762,0.95774,3.26,6.41
2017.06.29 10:04:47.110,0.95762,0.95772,2.89,1.12
2017.06.29 10:04:48.813,0.95764,0.95772,1.00,1.12
2017.06.29 10:04:50.558,0.95765,0.95774,1.00,1.50
2017.06.29 10:04:50.661,0.95765,0.95775,1.12,2.25
2017.06.29 10:04:51.437,0.95765,0.95775,1.50,1.87
2017.06.29 10:04:52.032,0.95765,0.95774,1.95,1.00
2017.06.29 10:04:52.582,0.95765,0.95774,1.20,1.00
2017.06.29 10:04:53.232,0.95766,0.95774,1.00,1.00
2017.06.29 10:04:53.489,0.95768,0.95778,1.10,3.19
2017.06.29 10:04:53.810,0.95773,0.95781,2.25,2.25
2017.06.29 10:04:54.324,0.95774,0.95781,1.37,2.25
2017.06.29 10:04:54.853,0.95774,0.95782,1.50,1.00
2017.06.29 10:04:55.395,0.95775,0.95782,1.00,1.00
2017.06.29 10:04:56.009,0.95775,0.95783,1.00,1.00
2017.06.29 10:04:56.060,0.95775,0.95785,1.12,1.01
2017.06.29 10:04:56.590,0.95775,0.95785,1.12,1.95
2017.06.29 10:04:57.115,0.95774,0.95784,1.00,2.29
2017.06.29 10:04:58.433,0.95774,0.95784,1.00,2.44
2017.06.29 10:04:58.935,0.95774,0.95785,1.87,3.64
2017.06.29 10:04:59.508,0.95776,0.95786,1.00,1.20
2017.06.29 10:05:00.022,0.95777,0.95787,2.25,1.12
2017.06.29 10:05:01.117,0.95779,0.95789,1.00,4.20
2017.06.29 10:05:01.649,0.95777,0.95787,3.00,1.25
2017.06.29 10:05:02.010,0.9578,0.95788,1.25,3.37
2017.06.29 10:05:02.218,0.95781,0.95791,2.25,2.14
2017.06.29 10:05:02.768,0.95781,0.95791,1.50,1.01
2017.06.29 10:05:03.238,0.95782,0.95788,1.00,1.12
2017.06.29 10:05:03.290,0.95779,0.95788,1.87,1.25
2017.06.29 10:05:03.499,0.95778,0.95787,1.50,1.25
2017.06.29 10:05:03.606,0.9578,0.95788,1.12,1.00
2017.06.29 10:05:03.813,0.9578,0.95791,1.50,1.39
2017.06.29 10:05:04.356,0.95781,0.95791,1.12,2.89
2017.06.29 10:05:04.942,0.95782,0.95792,1.12,1.95
2017.06.29 10:05:13.199,0.95782,0.95792,3.56,1.12
2017.06.29 10:05:13.717,0.95784,0.95792,1.12,1.00
2017.06.29 10:05:28.899,0.95784,0.95794,1.12,1.20
2017.06.29 10:05:29.421,0.95785,0.95794,1.12,1.00
2017.06.29 10:05:29.984,0.95786,0.95794,1.00,1.00
2017.06.29 10:05:39.947,0.95788,0.95794,1.37,1.00
2017.06.29 10:05:39.999,0.95787,0.95796,1.75,1.00
2017.06.29 10:05:40.102,0.95787,0.95796,1.87,1.00
2017.06.29 10:05:42.281,0.95788,0.95798,1.87,1.57
2017.06.29 10:05:43.595,0.9579,0.95798,1.00,1.10
2017.06.29 10:05:44.096,0.95789,0.95799,1.50,2.14
2017.06.29 10:05:44.626,0.9579,0.958,1.00,4.01
2017.06.29 10:05:45.157,0.95788,0.95797,2.25,2.81
2017.06.29 10:05:45.497,0.95786,0.95796,2.25,1.76
2017.06.29 10:05:46.012,0.95785,0.95794,1.87,1.00
2017.06.29 10:05:46.564,0.95785,0.95794,1.12,1.00
2017.06.29 10:05:47.468,0.95785,0.95794,1.12,1.37
2017.06.29 10:05:49.323,0.95786,0.95794,1.00,1.87
2017.06.29 10:05:50.073,0.95785,0.95794,1.87,1.87
2017.06.29 10:05:50.877,0.95787,0.95794,1.00,1.87
2017.06.29 10:05:51.297,0.95788,0.95797,3.37,1.12
2017.06.29 10:05:51.349,0.95791,0.95797,1.00,1.00
2017.06.29 10:05:52.418,0.95791,0.958,1.12,1.20
2017.06.29 10:05:52.957,0.95791,0.95801,1.50,1.31
2017.06.29 10:05:53.483,0.9579,0.95797,1.87,1.00
2017.06.29 10:05:53.587,0.95788,0.95797,1.50,2.14
2017.06.29 10:05:53.690,0.95785,0.95796,3.07,2.44
2017.06.29 10:05:54.194,0.95785,0.95796,3.07,1.87
2017.06.29 10:05:54.731,0.95785,0.95796,2.32,1.87
2017.06.29 10:05:55.277,0.95785,0.95795,1.87,1.39
2017.06.29 10:05:56.417,0.95784,0.95793,2.81,1.62
2017.06.29 10:05:56.558,0.95783,0.95793,2.62,2.06
2017.06.29 10:05:57.346,0.95784,0.95792,1.12,1.00
2017.06.29 10:05:57.862,0.95783,0.95792,1.12,1.37
2017.06.29 10:05:59.570,0.95783,0.95792,1.12,2.81
2017.06.29 10:06:00.106,0.95782,0.95791,1.12,1.62
2017.06.29 10:06:04.681,0.95781,0.95792,3.07,2.25
2017.06.29 10:06:19.504,0.95781,0.95792,1.95,2.44
2017.06.29 10:06:20.027,0.95781,0.95792,1.95,1.50
2017.06.29 10:06:20.630,0.95781,0.95791,1.95,1.62
2017.06.29 10:06:20.936,0.95781,0.95792,1.95,2.81
2017.06.29 10:06:21.915,0.95781,0.95792,3.30,1.50
2017.06.29 10:06:22.475,0.95781,0.95792,3.82,1.00
2017.06.29 10:06:22.998,0.95781,0.95792,3.00,2.44
2017.06.29 10:06:23.553,0.95781,0.95792,3.37,1.91
2017.06.29 10:06:30.979,0.95782,0.95792,1.12,1.29
2017.06.29 10:06:35.923,0.95781,0.95791,1.87,1.32
2017.06.29 10:06:38.149,0.9578,0.95787,1.12,1.00
2017.06.29 10:06:38.323,0.95778,0.95787,1.50,1.12
2017.06.29 10:06:43.152,0.95776,0.95786,3.07,1.37
2017.06.29 10:06:43.255,0.95776,0.95785,2.62,1.12
2017.06.29 10:06:46.173,0.95776,0.95786,2.25,1.20
2017.06.29 10:06:59.939,0.95779,0.95787,3.26,4.12
2017.06.29 10:07:00.198,0.95776,0.95787,6.49,4.31
2017.06.29 10:07:05.272,0.95777,0.95787,1.12,1.99
2017.06.29 10:07:05.791,0.95776,0.95787,2.62,2.89
2017.06.29 10:07:09.239,0.95777,0.95787,1.12,1.10
2017.06.29 10:07:10.492,0.95776,0.95787,3.00,3.11
2017.06.29 10:07:24.225,0.95776,0.95786,1.37,3.67
2017.06.29 10:07:24.380,0.95775,0.95784,1.00,1.00
2017.06.29 10:07:31.756,0.95775,0.95785,1.12,1.00
2017.06.29 10:07:32.285,0.95776,0.95786,1.12,2.32
2017.06.29 10:07:33.078,0.95776,0.95786,1.12,2.89
2017.06.29 10:07:33.590,0.95775,0.95785,1.50,2.55
2017.06.29 10:07:36.158,0.95775,0.95785,1.50,1.57
2017.06.29 10:07:37.521,0.95775,0.95785,1.50,1.10
2017.06.29 10:07:44.396,0.95776,0.95786,1.12,1.20
2017.06.29 10:07:47.580,0.95778,0.95788,1.00,3.45
2017.06.29 10:07:47.634,0.95778,0.95788,1.50,1.20
2017.06.29 10:07:48.173,0.95777,0.95787,1.12,1.50
2017.06.29 10:07:49.683,0.95778,0.95788,1.00,1.50
2017.06.29 10:07:50.649,0.95777,0.95787,1.12,2.06
2017.06.29 10:07:50.906,0.95779,0.95789,1.10,4.50
2017.06.29 10:07:50.958,0.95779,0.95789,1.20,2.62
2017.06.29 10:07:51.494,0.95779,0.95789,1.20,2.62
2017.06.29 10:07:52.035,0.95777,0.95786,1.87,1.00
2017.06.29 10:07:52.345,0.95776,0.95786,1.00,2.51
2017.06.29 10:07:53.299,0.95775,0.95785,1.00,2.44
2017.06.29 10:07:53.851,0.95775,0.95785,1.00,2.44
2017.06.29 10:07:55.859,0.95775,0.95785,1.10,2.44
2017.06.29 10:07:56.404,0.95777,0.95786,1.00,1.75
2017.06.29 10:07:56.557,0.95777,0.95786,1.00,2.06
2017.06.29 10:07:56.660,0.95777,0.95786,1.10,2.81
2017.06.29 10:07:57.171,0.95777,0.95786,1.00,2.06
2017.06.29 10:07:57.378,0.95775,0.95785,1.10,2.44
2017.06.29 10:07:57.884,0.95775,0.95785,1.00,1.75
2017.06.29 10:08:01.251,0.95773,0.95782,2.32,1.00
2017.06.29 10:08:01.303,0.95773,0.95782,1.87,1.00
2017.06.29 10:08:01.804,0.95773,0.95782,1.12,1.87
2017.06.29 10:08:03.510,0.95774,0.95782,1.00,1.37
2017.06.29 10:08:03.869,0.95775,0.95784,1.07,1.12
2017.06.29 10:08:03.974,0.95775,0.95785,1.45,1.50
2017.06.29 10:08:04.455,0.95776,0.95785,1.47,1.50
2017.06.29 10:08:05.286,0.95776,0.95787,2.55,2.81
2017.06.29 10:08:05.818,0.95777,0.95786,1.80,1.50
2017.06.29 10:08:06.792,0.9578,0.95788,2.66,1.75
2017.06.29 10:08:06.987,0.95781,0.95792,2.55,2.62
2017.06.29 10:08:07.500,0.9578,0.9579,3.07,1.50
2017.06.29 10:08:07.602,0.95779,0.95788,1.75,1.19
2017.06.29 10:08:07.706,0.95777,0.95788,2.32,2.44
2017.06.29 10:08:08.459,0.95777,0.95788,1.57,2.06
2017.06.29 10:08:09.493,0.95777,0.95787,1.10,2.44
2017.06.29 10:08:10.334,0.95775,0.95787,2.32,7.24
2017.06.29 10:08:10.983,0.95775,0.95786,1.57,2.81
2017.06.29 10:08:12.269,0.95775,0.95785,1.12,1.50
2017.06.29 10:08:12.802,0.95775,0.95785,1.00,1.75
2017.06.29 10:08:18.111,0.95775,0.95785,1.47,2.44
2017.06.29 10:08:18.675,0.95775,0.95785,1.00,1.75
2017.06.29 10:08:18.855,0.9577,0.9578,1.50,1.31
2017.06.29 10:08:18.907,0.9577,0.9578,1.00,1.69
2017.06.29 10:08:29.066,0.95768,0.95778,2.32,1.00
2017.06.29 10:08:29.392,0.95771,0.9578,1.50,1.37
2017.06.29 10:08:29.598,0.95773,0.95784,1.12,2.89
2017.06.29 10:08:30.058,0.95775,0.95785,1.00,5.51
2017.06.29 10:08:31.398,0.95775,0.95785,1.00,4.76
2017.06.29 10:08:39.165,0.95773,0.95785,1.95,3.64
2017.06.29 10:08:39.677,0.95775,0.95785,1.00,2.70
2017.06.29 10:08:40.292,0.95774,0.95783,1.12,1.00
2017.06.29 10:08:40.802,0.95773,0.95783,1.12,2.06
2017.06.29 10:08:44.938,0.95774,0.95783,1.00,1.00
2017.06.29 10:08:49.582,0.95774,0.95784,1.50,1.12
2017.06.29 10:08:50.013,0.95772,0.95783,1.39,2.06
2017.06.29 10:08:54.370,0.95773,0.95782,1.10,1.00
2017.06.29 10:08:54.473,0.95775,0.95782,1.00,1.00
2017.06.29 10:08:54.677,0.95775,0.95785,1.12,2.44
2017.06.29 10:08:55.995,0.9578,0.95786,1.62,1.37
2017.06.29 10:08:56.098,0.95782,0.95791,1.00,2.62
2017.06.29 10:08:56.200,0.95782,0.95792,1.00,2.89
2017.06.29 10:08:56.827,0.95783,0.95793,1.00,2.25
2017.06.29 10:08:56.982,0.95784,0.95794,1.57,1.12
2017.06.29 10:08:57.511,0.95784,0.95793,1.00,1.00
2017.06.29 10:09:00.042,0.95785,0.95793,1.00,1.00
2017.06.29 10:09:00.298,0.95786,0.95796,1.20,1.50
2017.06.29 10:09:01.223,0.95786,0.95796,1.20,1.50
2017.06.29 10:09:02.319,0.95786,0.95796,3.82,1.12
2017.06.29 10:09:02.371,0.9579,0.95799,1.00,1.87
2017.06.29 10:09:02.423,0.9579,0.95801,1.00,4.39
2017.06.29 10:09:02.528,0.95792,0.95801,1.00,2.70
2017.06.29 10:09:02.888,0.9579,0.958,1.87,1.69
2017.06.29 10:09:03.856,0.95791,0.958,1.00,1.25
2017.06.29 10:09:09.401,0.95792,0.95801,1.00,2.62
2017.06.29 10:09:09.453,0.95791,0.95797,1.37,1.00
2017.06.29 10:09:09.557,0.95786,0.95796,1.50,1.35
2017.06.29 10:09:09.609,0.95786,0.95795,1.12,1.00
2017.06.29 10:09:10.522,0.95785,0.95795,1.12,1.76
2017.06.29 10:09:12.482,0.95786,0.95796,1.00,1.50
2017.06.29 10:09:13.439,0.95785,0.95795,1.12,2.44
2017.06.29 10:09:13.963,0.95785,0.95795,1.12,1.76
2017.06.29 10:09:17.850,0.95786,0.95796,1.00,3.19
2017.06.29 10:09:18.107,0.95787,0.95797,1.87,1.75
2017.06.29 10:09:18.707,0.95788,0.95798,1.12,3.26
2017.06.29 10:09:20.955,0.95788,0.95798,1.12,2.32
2017.06.29 10:09:21.543,0.95788,0.95798,1.12,2.70
2017.06.29 10:09:21.938,0.95791,0.95798,1.00,1.50
2017.06.29 10:09:22.110,0.95789,0.958,1.39,2.06
2017.06.29 10:09:28.963,0.95788,0.95798,1.50,1.87
2017.06.29 10:09:29.066,0.95787,0.95797,1.12,1.69
2017.06.29 10:09:29.616,0.95788,0.95798,1.00,2.14
2017.06.29 10:09:30.133,0.95787,0.95797,2.25,1.12
2017.06.29 10:09:30.971,0.95787,0.95797,1.12,3.30
2017.06.29 10:09:31.487,0.95786,0.95795,1.37,1.12
2017.06.29 10:09:32.018,0.95785,0.95795,2.62,1.12
2017.06.29 10:09:33.164,0.95785,0.95795,1.12,4.01
2017.06.29 10:09:36.852,0.95784,0.95794,1.12,2.06
2017.06.29 10:09:43.320,0.95784,0.95794,1.50,1.31
2017.06.29 10:09:46.291,0.95784,0.95794,1.50,2.81
2017.06.29 10:09:46.806,0.95785,0.95792,1.00,1.00
2017.06.29 10:09:47.580,0.95784,0.95792,1.20,1.00
2017.06.29 10:09:48.339,0.95785,0.95792,1.10,1.00
2017.06.29 10:09:48.391,0.95785,0.95794,1.10,1.50
2017.06.29 10:09:50.660,0.95784,0.95794,1.10,1.50
2017.06.29 10:09:52.515,0.95783,0.95794,3.07,1.69
2017.06.29 10:09:55.622,0.95785,0.95794,1.00,2.81
2017.06.29 10:09:58.348,0.95783,0.95792,1.00,1.50
2017.06.29 10:09:58.856,0.95783,0.95792,1.57,1.50
2017.06.29 10:10:00.048,0.95784,0.95794,1.10,7.31
2017.06.29 10:10:00.584,0.95784,0.95794,1.10,6.56
2017.06.29 10:10:02.503,0.95783,0.95792,1.12,2.06
2017.06.29 10:10:02.709,0.9578,0.9579,3.64,2.29
2017.06.29 10:10:02.761,0.9578,0.9579,1.57,1.69
2017.06.29 10:10:03.301,0.9578,0.9579,1.00,1.87
2017.06.29 10:10:03.854,0.95779,0.9579,1.57,1.87
2017.06.29 10:10:05.368,0.95779,0.9579,1.95,1.50
2017.06.29 10:10:05.929,0.95779,0.9579,1.37,2.89
2017.06.29 10:10:06.434,0.95778,0.95786,1.20,1.00
2017.06.29 10:10:06.641,0.95776,0.95786,1.57,1.87
2017.06.29 10:10:09.347,0.95776,0.95786,1.20,2.44
2017.06.29 10:10:11.248,0.95775,0.95785,1.50,1.69
2017.06.29 10:10:11.786,0.95775,0.95785,1.20,1.50
2017.06.29 10:10:15.586,0.95775,0.95785,1.20,1.50
2017.06.29 10:10:18.217,0.95776,0.95784,1.10,1.12
2017.06.29 10:10:18.268,0.95778,0.95784,1.00,1.00
2017.06.29 10:10:18.320,0.95778,0.95786,1.10,1.12
2017.06.29 10:10:18.576,0.95777,0.95784,1.00,1.00
2017.06.29 10:10:19.302,0.95775,0.95784,1.20,1.00
2017.06.29 10:10:20.542,0.95775,0.95785,1.12,1.95
2017.06.29 10:10:24.736,0.95774,0.95784,1.50,1.00
2017.06.29 10:10:26.716,0.95774,0.95785,1.47,2.62
2017.06.29 10:10:27.253,0.95774,0.95784,1.47,1.00
2017.06.29 10:10:29.755,0.95775,0.95785,1.00,1.12
2017.06.29 10:10:30.395,0.95775,0.95784,1.12,1.00
2017.06.29 10:10:30.908,0.95776,0.95784,1.95,1.00
2017.06.29 10:10:36.158,0.95776,0.95787,2.51,1.87
2017.06.29 10:10:36.414,0.9578,0.95786,1.91,1.12
2017.06.29 10:10:36.517,0.95781,0.95791,1.20,4.87
2017.06.29 10:10:36.620,0.95783,0.95791,1.12,3.75
2017.06.29 10:10:36.958,0.95784,0.95791,2.32,3.75
2017.06.29 10:10:37.435,0.95784,0.95794,1.20,1.12
2017.06.29 10:10:37.956,0.95785,0.95795,1.00,1.69
2017.06.29 10:10:38.764,0.95786,0.95796,1.00,3.00
2017.06.29 10:10:39.300,0.95786,0.95795,1.00,1.00
2017.06.29 10:10:40.734,0.95785,0.95795,1.12,1.50
2017.06.29 10:10:41.246,0.95784,0.95794,1.12,1.69
2017.06.29 10:10:41.298,0.95784,0.95792,1.12,1.00
2017.06.29 10:10:43.461,0.95786,0.95794,1.00,3.45
2017.06.29 10:10:44.006,0.95788,0.95794,1.00,1.00
2017.06.29 10:10:44.058,0.95788,0.95797,1.00,1.45
2017.06.29 10:10:44.314,0.95786,0.95796,1.50,1.12
2017.06.29 10:10:44.626,0.95786,0.95794,1.50,1.00
2017.06.29 10:10:45.188,0.95785,0.95794,1.12,1.12
2017.06.29 10:10:46.293,0.95785,0.95792,1.12,1.00
2017.06.29 10:10:46.592,0.95786,0.95795,1.31,4.12
2017.06.29 10:10:47.003,0.95788,0.95798,3.19,2.32
2017.06.29 10:10:47.158,0.9579,0.958,2.25,1.95
2017.06.29 10:10:47.209,0.95791,0.95801,1.00,1.20
2017.06.29 10:10:47.724,0.95792,0.95802,1.00,6.07
2017.06.29 10:10:48.267,0.95792,0.95802,1.50,5.70
2017.06.29 10:10:48.801,0.95791,0.95802,1.37,5.89
2017.06.29 10:10:49.108,0.95791,0.95799,3.56,1.00
2017.06.29 10:10:49.213,0.95793,0.95803,1.12,3.56
2017.06.29 10:10:49.524,0.95795,0.95803,1.00,1.10
2017.06.29 10:10:50.269,0.95794,0.95802,1.00,1.00
2017.06.29 10:10:50.789,0.95794,0.95803,1.50,1.10
2017.06.29 10:10:51.329,0.95794,0.95802,1.50,1.00
2017.06.29 10:10:51.849,0.95793,0.95802,1.00,1.20
2017.06.29 10:10:54.305,0.95793,0.95802,1.50,1.00
2017.06.29 10:10:55.330,0.95793,0.95802,1.76,1.00
2017.06.29 10:10:55.991,0.95794,0.95802,1.00,1.00
2017.06.29 10:10:56.523,0.95793,0.95802,1.50,1.00
2017.06.29 10:10:57.587,0.95794,0.95802,1.00,1.00
2017.06.29 10:10:58.171,0.95793,0.95802,1.50,1.00
2017.06.29 10:10:58.673,0.95793,0.95801,1.12,2.25
2017.06.29 10:11:00.253,0.95794,0.95802,1.12,1.00
2017.06.29 10:11:00.463,0.95795,0.95804,1.00,3.75
2017.06.29 10:11:03.742,0.95795,0.95805,1.50,3.26
2017.06.29 10:11:04.402,0.95795,0.95804,1.12,1.00
2017.06.29 10:11:06.252,0.95795,0.95804,2.62,1.00
2017.06.29 10:11:06.511,0.95796,0.95807,1.00,3.52
2017.06.29 10:11:07.317,0.95795,0.95805,3.37,1.00
2017.06.29 10:11:08.215,0.95798,0.95807,1.00,2.70
2017.06.29 10:11:08.726,0.95796,0.95806,2.59,1.12
2017.06.29 10:11:09.035,0.95795,0.95804,1.00,1.20
2017.06.29 10:11:09.678,0.958,0.95805,1.00,1.00
2017.06.29 10:11:09.730,0.95798,0.95805,1.69,1.00
2017.06.29 10:11:10.242,0.95798,0.95806,1.00,2.25
2017.06.29 10:11:12.070,0.95796,0.95804,1.12,1.00
2017.06.29 10:11:12.581,0.95794,0.95803,1.00,2.25
2017.06.29 10:11:13.109,0.95792,0.95802,3.00,1.12
2017.06.29 10:11:16.223,0.95792,0.95802,2.62,5.96
2017.06.29 10:11:16.635,0.95791,0.95801,1.12,1.24
2017.06.29 10:11:17.196,0.95791,0.95799,1.12,1.00
2017.06.29 10:11:17.741,0.95792,0.95799,1.00,1.00
2017.06.29 10:11:21.086,0.95791,0.95801,2.62,1.10
2017.06.29 10:11:21.393,0.95792,0.95798,1.50,1.00
2017.06.29 10:11:21.650,0.9579,0.958,1.50,3.45
2017.06.29 10:11:21.703,0.9579,0.958,1.50,3.45
2017.06.29 10:11:21.908,0.95792,0.95802,1.00,2.32
2017.06.29 10:11:22.421,0.95792,0.95802,1.50,2.25
2017.06.29 10:11:22.758,0.95794,0.95802,1.50,1.12
2017.06.29 10:11:23.269,0.95794,0.95802,2.25,1.00
2017.06.29 10:11:24.847,0.95795,0.95805,1.50,3.00
2017.06.29 10:11:25.349,0.95794,0.95804,2.25,1.00
2017.06.29 10:11:26.117,0.95794,0.95804,1.50,1.12
2017.06.29 10:11:26.631,0.95795,0.95804,1.12,1.12
2017.06.29 10:11:27.147,0.95794,0.95804,1.50,3.56
2017.06.29 10:11:31.618,0.95793,0.95804,1.50,4.01
2017.06.29 10:11:32.127,0.95792,0.95802,2.25,5.06
2017.06.29 10:11:32.368,0.9579,0.958,1.87,2.59
2017.06.29 10:11:32.419,0.95789,0.958,1.50,3.34
2017.06.29 10:11:33.861,0.9579,0.958,1.12,3.11
2017.06.29 10:11:35.534,0.95791,0.958,1.12,2.00
2017.06.29 10:11:36.101,0.95791,0.95799,1.87,1.00
2017.06.29 10:11:40.135,0.95791,0.95799,1.12,1.00
2017.06.29 10:11:40.665,0.95791,0.95799,1.37,1.00
2017.06.29 10:11:41.166,0.95791,0.95799,1.00,1.50
2017.06.29 10:11:41.696,0.95791,0.95799,1.12,1.00
2017.06.29 10:11:42.202,0.95791,0.95799,1.87,1.00
2017.06.29 10:11:52.921,0.95792,0.95802,1.31,1.95
2017.06.29 10:11:53.433,0.95793,0.95802,1.12,1.37
2017.06.29 10:11:55.127,0.95792,0.95802,1.00,3.26
2017.06.29 10:11:55.434,0.95789,0.95799,1.12,3.56
2017.06.29 10:11:56.406,0.9579,0.95798,1.50,1.00
2017.06.29 10:11:56.713,0.95792,0.95802,1.12,4.31
2017.06.29 10:12:09.327,0.95791,0.95798,1.37,1.50
2017.06.29 10:12:09.379,0.95789,0.95798,1.37,2.25
2017.06.29 10:12:09.482,0.95787,0.95798,2.25,3.94
2017.06.29 10:12:09.993,0.95788,0.95798,1.87,1.12
2017.06.29 10:12:12.303,0.95788,0.95798,1.87,1.69
2017.06.29 10:12:15.922,0.9579,0.95799,1.31,1.75
2017.06.29 10:12:16.078,0.9579,0.95799,1.57,1.00
2017.06.29 10:12:16.197,0.95791,0.95799,1.37,1.75
2017.06.29 10:12:16.250,0.95791,0.95799,2.62,1.00
2017.06.29 10:12:20.604,0.95791,0.95799,1.00,1.00
2017.06.29 10:12:20.912,0.95789,0.95799,2.62,1.00
2017.06.29 10:12:22.248,0.9579,0.95799,1.00,1.00
2017.06.29 10:12:23.297,0.95791,0.95799,1.00,1.00
2017.06.29 10:12:24.254,0.9579,0.95799,1.00,1.00
2017.06.29 10:12:24.774,0.95788,0.95797,1.50,1.00
2017.06.29 10:12:25.298,0.95787,0.95797,2.25,1.12
2017.06.29 10:12:26.129,0.95788,0.95798,1.50,2.62
2017.06.29 10:12:26.653,0.95787,0.95798,3.00,2.62
2017.06.29 10:12:31.474,0.95787,0.95797,1.87,1.12
2017.06.29 10:12:35.328,0.95786,0.95796,3.00,1.12
2017.06.29 10:12:35.832,0.95786,0.95796,1.50,1.57
2017.06.29 10:12:42.434,0.95786,0.95796,2.70,1.12
2017.06.29 10:12:42.954,0.95789,0.95798,1.00,1.75
2017.06.29 10:12:43.161,0.95791,0.95801,1.00,2.25
2017.06.29 10:12:46.870,0.95791,0.95801,1.00,2.14
2017.06.29 10:12:48.220,0.9579,0.958,1.00,1.01
2017.06.29 10:12:48.525,0.95792,0.95801,1.12,1.12
2017.06.29 10:12:48.837,0.95794,0.95804,2.74,1.12
2017.06.29 10:12:49.183,0.958,0.95807,1.12,1.00
2017.06.29 10:12:49.696,0.958,0.95809,2.32,1.12
2017.06.29 10:12:50.313,0.958,0.9581,1.00,2.06
2017.06.29 10:12:50.931,0.95795,0.95805,1.20,1.50
2017.06.29 10:12:51.450,0.95796,0.95806,1.12,1.75
2017.06.29 10:12:52.056,0.95797,0.95806,1.57,1.37
2017.06.29 10:12:52.581,0.95797,0.95806,1.00,1.00
2017.06.29 10:12:53.085,0.95796,0.95806,2.25,1.50
2017.06.29 10:12:53.956,0.95796,0.95806,1.12,3.79
2017.06.29 10:12:54.263,0.95794,0.95805,1.87,1.76
2017.06.29 10:12:54.835,0.95794,0.95805,2.25,1.01
2017.06.29 10:12:56.027,0.95795,0.95805,1.00,1.50
2017.06.29 10:12:56.540,0.95794,0.95803,1.57,1.00
2017.06.29 10:12:57.079,0.95794,0.95802,1.00,1.00
2017.06.29 10:12:58.137,0.95793,0.95802,1.50,1.31
2017.06.29 10:12:58.676,0.95792,0.95802,1.12,1.57
2017.06.29 10:13:01.331,0.95793,0.95803,1.00,1.87
2017.06.29 10:13:01.867,0.95794,0.95803,1.00,1.12
2017.06.29 10:13:02.569,0.95793,0.95802,1.50,1.01
2017.06.29 10:13:03.099,0.95792,0.95801,1.00,1.00
2017.06.29 10:13:03.609,0.95793,0.95801,1.00,1.00
2017.06.29 10:13:04.020,0.95792,0.95803,4.50,1.57
2017.06.29 10:13:09.622,0.95792,0.95802,3.37,1.00
2017.06.29 10:13:10.806,0.95793,0.95803,1.12,1.20
2017.06.29 10:13:17.237,0.95792,0.95802,2.62,1.57
2017.06.29 10:13:18.014,0.95792,0.95802,1.50,2.32
2017.06.29 10:13:18.593,0.95797,0.95803,1.00,1.12
2017.06.29 10:13:18.698,0.95799,0.95806,1.12,1.00
2017.06.29 10:13:18.750,0.95801,0.95809,1.00,1.12
2017.06.29 10:13:19.264,0.95801,0.9581,1.00,1.00
2017.06.29 10:13:19.805,0.958,0.9581,1.12,1.69
2017.06.29 10:13:22.156,0.95801,0.95811,1.00,1.87
2017.06.29 10:13:22.516,0.95803,0.95813,1.00,1.95
2017.06.29 10:13:22.568,0.95803,0.95813,1.10,1.50
2017.06.29 10:13:23.105,0.95803,0.95813,1.57,1.12
2017.06.29 10:13:23.649,0.95804,0.95814,1.00,1.50
2017.06.29 10:13:24.166,0.95803,0.95813,1.57,1.12
2017.06.29 10:13:24.795,0.95804,0.95814,1.00,1.50
2017.06.29 10:13:25.313,0.95804,0.95814,1.00,1.00
2017.06.29 10:13:25.969,0.95804,0.95814,1.00,2.51
2017.06.29 10:13:26.483,0.95803,0.95812,1.12,1.25
2017.06.29 10:13:26.942,0.95801,0.95811,1.50,1.76
2017.06.29 10:13:27.045,0.958,0.9581,1.50,1.25
2017.06.29 10:13:27.557,0.958,0.95809,1.50,1.00
2017.06.29 10:13:28.074,0.95801,0.95809,1.00,1.00
2017.06.29 10:13:29.137,0.95801,0.9581,1.00,1.50
2017.06.29 10:13:31.790,0.95801,0.95811,3.00,1.12
2017.06.29 10:13:31.893,0.95802,0.95811,1.76,1.12
2017.06.29 10:13:32.099,0.95805,0.95814,1.10,1.00
2017.06.29 10:13:32.632,0.95805,0.95815,1.50,1.39
2017.06.29 10:13:33.164,0.95805,0.95814,1.50,1.00
2017.06.29 10:13:41.768,0.95805,0.95813,1.00,1.50
2017.06.29 10:13:41.820,0.95803,0.95813,1.12,2.14
2017.06.29 10:13:42.076,0.95803,0.95813,1.00,4.39
2017.06.29 10:13:42.654,0.95803,0.95813,1.00,3.86
2017.06.29 10:13:43.179,0.95802,0.95812,1.12,1.31
2017.06.29 10:13:43.813,0.95802,0.95812,1.12,3.26
2017.06.29 10:13:44.369,0.95801,0.95809,1.00,1.00
2017.06.29 10:13:46.938,0.958,0.9581,2.62,1.00
2017.06.29 10:13:57.135,0.958,0.95806,1.37,1.00
2017.06.29 10:13:57.290,0.95795,0.95805,2.32,1.00
2017.06.29 10:13:57.343,0.95795,0.95805,2.51,1.37
2017.06.29 10:13:57.892,0.95795,0.95805,1.57,1.12
2017.06.29 10:14:02.191,0.95796,0.95806,1.00,1.50
2017.06.29 10:14:02.346,0.958,0.95808,1.00,1.12
2017.06.29 10:14:02.501,0.958,0.9581,1.00,2.44
2017.06.29 10:14:02.554,0.95798,0.95808,1.00,4.20
2017.06.29 10:14:02.606,0.95797,0.95804,1.24,1.00
2017.06.29 10:14:02.709,0.95796,0.95807,1.99,1.10
2017.06.29 10:14:02.978,0.95796,0.95806,1.50,1.69
2017.06.29 10:14:03.645,0.95796,0.95805,1.00,1.00
2017.06.29 10:14:03.948,0.95794,0.95804,1.87,1.12
2017.06.29 10:14:05.491,0.95795,0.95805,1.00,1.57
2017.06.29 10:14:06.040,0.95795,0.95805,1.12,1.57
2017.06.29 10:14:06.642,0.95796,0.95806,1.10,1.50
2017.06.29 10:14:09.448,0.95797,0.95806,1.00,1.50
2017.06.29 10:14:09.699,0.95801,0.95806,1.00,1.00
2017.06.29 10:14:09.751,0.95801,0.9581,1.00,1.76
2017.06.29 10:14:09.802,0.95801,0.95806,1.00,1.00
2017.06.29 10:14:09.854,0.95801,0.95809,1.50,1.87
2017.06.29 10:14:10.263,0.95803,0.95811,1.00,1.75
2017.06.29 10:14:10.417,0.95803,0.95811,1.00,1.00
2017.06.29 10:14:10.944,0.95802,0.95812,1.50,3.19
2017.06.29 10:14:12.038,0.95803,0.95812,1.00,2.25
2017.06.29 10:14:12.567,0.95802,0.95812,1.50,2.62
2017.06.29 10:14:16.694,0.95801,0.95811,2.25,1.12
2017.06.29 10:14:18.004,0.95802,0.95812,1.50,1.87
2017.06.29 10:14:18.511,0.95801,0.95811,1.87,1.12
2017.06.29 10:14:19.043,0.95801,0.95811,1.00,3.07
2017.06.29 10:14:19.661,0.958,0.95811,1.00,4.24
2017.06.29 10:14:21.298,0.95799,0.95808,1.50,2.02
2017.06.29 10:14:21.457,0.95797,0.95806,1.12,1.50
2017.06.29 10:14:21.960,0.95796,0.95806,1.87,1.87
2017.06.29 10:14:24.574,0.95797,0.95806,1.00,1.87
2017.06.29 10:14:25.274,0.95796,0.95806,2.25,1.87
2017.06.29 10:14:26.581,0.95796,0.95804,1.50,1.00
2017.06.29 10:14:27.255,0.95796,0.95805,1.12,1.00
2017.06.29 10:14:28.605,0.95795,0.95804,1.87,1.00
2017.06.29 10:14:29.236,0.95795,0.95804,1.87,1.00
2017.06.29 10:14:34.111,0.95796,0.95804,1.25,1.00
2017.06.29 10:14:35.714,0.95797,0.95804,1.00,1.00
2017.06.29 10:14:35.919,0.95797,0.95807,1.12,2.25
2017.06.29 10:14:36.480,0.95797,0.95807,1.31,1.12
2017.06.29 10:14:36.984,0.95797,0.95807,1.00,1.50
2017.06.29 10:14:37.925,0.95796,0.95807,1.87,3.07
2017.06.29 10:14:38.538,0.95797,0.95807,1.00,1.50
2017.06.29 10:14:39.096,0.95796,0.95806,2.32,1.12
2017.06.29 10:14:41.497,0.95797,0.95807,1.00,2.70
2017.06.29 10:14:42.558,0.95796,0.95806,1.12,1.12
2017.06.29 10:14:42.763,0.95795,0.95803,3.00,1.00
2017.06.29 10:14:42.866,0.95794,0.95803,1.00,1.00
2017.06.29 10:14:43.386,0.95795,0.95803,1.00,1.00
2017.06.29 10:14:44.766,0.95796,0.95805,1.19,3.56
2017.06.29 10:14:44.869,0.95797,0.95805,1.25,1.00
2017.06.29 10:14:44.920,0.95801,0.95808,1.00,1.75
2017.06.29 10:14:44.972,0.95801,0.95809,1.00,1.50
2017.06.29 10:14:45.177,0.95799,0.95809,1.87,1.50
2017.06.29 10:14:45.690,0.95797,0.95805,1.95,1.00
2017.06.29 10:14:45.795,0.95796,0.95805,1.37,1.00
2017.06.29 10:14:45.846,0.95795,0.95805,1.12,1.12
2017.06.29 10:14:46.365,0.95795,0.95805,1.50,1.50
2017.06.29 10:14:46.881,0.95796,0.95804,1.00,1.00
2017.06.29 10:14:47.814,0.95795,0.95804,1.50,1.00
2017.06.29 10:14:49.690,0.95795,0.95805,1.12,2.32
2017.06.29 10:14:50.209,0.95796,0.95804,1.00,1.00
2017.06.29 10:14:50.414,0.95794,0.95804,1.87,1.12
2017.06.29 10:14:51.798,0.95795,0.95804,1.00,1.12
2017.06.29 10:14:52.507,0.95794,0.95804,1.50,1.12
2017.06.29 10:14:55.441,0.95795,0.95804,1.00,1.12
2017.06.29 10:14:55.979,0.95796,0.95804,1.00,1.00
2017.06.29 10:14:56.490,0.95795,0.95804,1.69,1.00
2017.06.29 10:14:59.541,0.95794,0.95804,1.87,2.32
2017.06.29 10:15:00.046,0.95795,0.95804,1.00,2.14
2017.06.29 10:15:12.251,0.95796,0.95804,1.00,1.12
2017.06.29 10:15:12.441,0.95796,0.95807,6.11,4.31
2017.06.29 10:15:12.493,0.95801,0.95807,1.00,2.62
2017.06.29 10:15:12.754,0.95802,0.95811,1.12,1.39
2017.06.29 10:15:16.522,0.95801,0.95809,2.25,1.00
2017.06.29 10:15:17.073,0.95801,0.95809,1.50,1.00
2017.06.29 10:15:19.030,0.958,0.95809,1.87,1.50
2017.06.29 10:15:19.554,0.95801,0.95809,1.12,1.00
2017.06.29 10:15:19.869,0.95803,0.95809,1.00,1.00
2017.06.29 10:15:19.921,0.95803,0.95813,2.44,3.82
2017.06.29 10:15:20.439,0.95803,0.95813,1.12,4.95
2017.06.29 10:15:21.013,0.95802,0.95812,3.00,1.12
2017.06.29 10:15:24.204,0.95802,0.95811,2.25,1.12
2017.06.29 10:15:25.213,0.95802,0.95811,1.87,1.12
2017.06.29 10:15:26.199,0.95802,0.95813,3.56,3.45
2017.06.29 10:15:26.720,0.95802,0.95812,1.50,2.89
2017.06.29 10:15:27.049,0.95802,0.95812,1.50,2.89
2017.06.29 10:15:27.332,0.958,0.95809,1.00,2.44
2017.06.29 10:15:27.845,0.958,0.95809,1.00,3.11
2017.06.29 10:15:28.395,0.95799,0.95809,1.12,3.86
2017.06.29 10:15:28.743,0.95797,0.95806,1.50,1.50
2017.06.29 10:15:28.846,0.95796,0.95806,1.87,2.62
2017.06.29 10:15:28.898,0.95798,0.95806,1.00,1.12
2017.06.29 10:15:29.000,0.95799,0.95808,1.25,1.00
2017.06.29 10:15:29.514,0.95798,0.95808,2.51,1.12
2017.06.29 10:15:30.121,0.958,0.9581,1.31,1.37
2017.06.29 10:15:30.649,0.958,0.95809,1.87,1.00
2017.06.29 10:15:30.986,0.95797,0.95806,1.57,2.25
2017.06.29 10:15:31.500,0.95796,0.95805,1.00,1.10
2017.06.29 10:15:32.737,0.95795,0.95805,1.25,1.00
2017.06.29 10:15:34.821,0.95795,0.95804,1.00,1.00
2017.06.29 10:15:41.252,0.95794,0.95804,1.12,1.12
2017.06.29 10:15:43.895,0.95794,0.95804,1.00,3.82
2017.06.29 10:15:44.441,0.95793,0.95804,1.12,5.74
2017.06.29 10:15:46.033,0.95793,0.95802,1.12,1.00
2017.06.29 10:15:46.555,0.95791,0.95802,2.62,1.95
2017.06.29 10:15:47.085,0.95793,0.95802,1.50,1.50
2017.06.29 10:15:47.381,0.95799,0.95808,1.25,1.12
2017.06.29 10:15:47.892,0.95798,0.95809,1.87,3.64
2017.06.29 10:15:48.393,0.958,0.95809,1.00,2.70
2017.06.29 10:15:50.207,0.95799,0.95809,1.12,2.70
2017.06.29 10:15:50.756,0.958,0.95809,1.00,1.95
2017.06.29 10:15:51.163,0.95802,0.95809,1.00,1.00
2017.06.29 10:15:51.862,0.95802,0.95812,1.12,4.57
2017.06.29 10:15:52.378,0.95802,0.95812,1.12,2.25
2017.06.29 10:15:52.924,0.95802,0.95812,1.00,3.00
2017.06.29 10:15:55.123,0.95802,0.95812,1.12,2.62
2017.06.29 10:15:56.535,0.95801,0.95809,1.37,1.87
2017.06.29 10:15:56.690,0.95798,0.95806,2.62,1.00
2017.06.29 10:15:56.872,0.95799,0.95809,1.37,2.25
2017.06.29 10:15:57.179,0.95801,0.95809,1.37,1.00
2017.06.29 10:15:57.281,0.95801,0.95811,1.50,3.37
2017.06.29 10:15:57.916,0.95802,0.95813,1.37,4.95
2017.06.29 10:15:57.968,0.95802,0.95813,1.50,3.26
2017.06.29 10:15:58.481,0.95802,0.95812,1.50,1.00
2017.06.29 10:15:58.993,0.95801,0.95813,4.01,3.82
2017.06.29 10:15:59.524,0.95802,0.95812,1.50,1.87
2017.06.29 10:15:59.932,0.95804,0.95813,1.00,1.00
2017.06.29 10:16:00.454,0.95802,0.95812,1.50,1.87
2017.06.29 10:16:02.680,0.95801,0.9581,2.25,1.12
2017.06.29 10:16:02.838,0.958,0.9581,1.50,1.00
2017.06.29 10:16:03.350,0.95801,0.95811,2.62,3.75
2017.06.29 10:16:05.315,0.95802,0.95812,1.50,2.25
2017.06.29 10:16:05.471,0.95803,0.95813,1.12,1.87
2017.06.29 10:16:06.092,0.95803,0.95812,1.12,1.00
2017.06.29 10:16:07.497,0.95801,0.95811,2.25,1.57
2017.06.29 10:16:07.648,0.95801,0.95811,1.12,3.64
2017.06.29 10:16:07.853,0.95801,0.95809,1.12,1.00
2017.06.29 10:16:08.578,0.95801,0.9581,1.12,1.10
2017.06.29 10:16:09.039,0.95799,0.95806,1.75,1.00
2017.06.29 10:16:09.141,0.95799,0.95806,1.00,1.00
2017.06.29 10:16:09.244,0.95797,0.95806,1.12,1.00
2017.06.29 10:16:10.002,0.95796,0.95806,1.12,3.00
2017.06.29 10:16:11.756,0.95795,0.95805,2.70,1.87
2017.06.29 10:16:12.293,0.95795,0.95805,2.06,1.12
2017.06.29 10:16:13.143,0.95795,0.95806,3.64,2.62
2017.06.29 10:16:15.278,0.95795,0.95805,1.01,1.50
2017.06.29 10:16:23.701,0.95795,0.95805,1.00,1.95
2017.06.29 10:16:26.196,0.95794,0.95804,1.50,2.06
2017.06.29 10:16:26.764,0.95794,0.95804,1.12,7.09
2017.06.29 10:16:27.619,0.95792,0.95802,2.44,1.00
2017.06.29 10:16:27.876,0.95792,0.95802,1.12,8.14
2017.06.29 10:16:28.081,0.95789,0.95799,1.50,1.95
2017.06.29 10:16:28.387,0.95785,0.95796,4.01,1.12
2017.06.29 10:16:29.464,0.95785,0.95796,2.44,1.66
2017.06.29 10:16:29.619,0.95785,0.95795,1.12,1.12
2017.06.29 10:16:30.121,0.95785,0.95795,1.69,1.00
2017.06.29 10:16:30.650,0.95786,0.95796,1.31,1.87
2017.06.29 10:16:31.494,0.95786,0.95796,2.06,1.87
2017.06.29 10:16:31.698,0.9579,0.95796,1.00,1.00
2017.06.29 10:16:32.037,0.9579,0.95799,1.12,2.14
2017.06.29 10:16:32.292,0.95786,0.95796,5.32,1.00
2017.06.29 10:16:32.395,0.95786,0.95796,1.87,1.00
2017.06.29 10:16:33.261,0.95787,0.95797,1.12,1.95
2017.06.29 10:16:34.231,0.95786,0.95796,2.44,1.00
2017.06.29 10:16:34.796,0.95786,0.95796,1.12,1.12
2017.06.29 10:16:35.497,0.95786,0.95796,2.44,1.00
2017.06.29 10:16:37.960,0.95788,0.95797,1.00,1.00
2017.06.29 10:16:38.063,0.9579,0.95797,1.00,1.00
2017.06.29 10:16:39.035,0.9579,0.958,1.12,5.89
2017.06.29 10:16:40.899,0.95788,0.95798,1.87,1.39
2017.06.29 10:16:41.002,0.95787,0.95796,1.87,1.12
2017.06.29 10:16:41.104,0.95787,0.95796,1.00,1.87
2017.06.29 10:16:44.134,0.95785,0.95795,1.95,1.87
2017.06.29 10:16:44.645,0.95785,0.95795,2.51,1.50
2017.06.29 10:16:45.185,0.95785,0.95794,1.57,1.00
2017.06.29 10:16:45.698,0.95785,0.95794,1.20,1.00
2017.06.29 10:16:49.557,0.95786,0.95794,1.00,1.00
2017.06.29 10:16:51.268,0.95785,0.95795,1.39,2.25
2017.06.29 10:16:51.424,0.95785,0.95794,3.26,1.00
2017.06.29 10:16:55.651,0.95785,0.95794,1.10,1.00
2017.06.29 10:16:57.506,0.95783,0.95795,4.95,3.07
2017.06.29 10:16:57.559,0.95783,0.95794,5.51,2.29
2017.06.29 10:16:58.081,0.95783,0.95793,1.12,4.01
2017.06.29 10:17:05.482,0.95785,0.95794,1.00,1.87
2017.06.29 10:17:06.033,0.95785,0.95794,1.12,1.00
2017.06.29 10:17:25.850,0.95785,0.95794,2.89,1.00
2017.06.29 10:17:26.393,0.95785,0.95794,2.14,1.00
2017.06.29 10:17:29.252,0.95785,0.95793,1.00,1.00
2017.06.29 10:17:29.765,0.95783,0.95792,2.62,1.00
2017.06.29 10:17:30.314,0.95783,0.95793,1.87,1.95
2017.06.29 10:17:37.684,0.95783,0.95792,4.31,1.00
2017.06.29 10:17:39.509,0.95785,0.95792,1.00,1.00
2017.06.29 10:17:41.438,0.95784,0.95792,1.12,1.00
2017.06.29 10:17:47.075,0.95784,0.95793,1.12,1.39
2017.06.29 10:17:47.586,0.95783,0.95793,1.50,1.20
2017.06.29 10:17:47.947,0.95783,0.95791,1.87,2.66
2017.06.29 10:17:48.050,0.95777,0.95787,1.87,2.10
2017.06.29 10:17:48.562,0.95777,0.95787,2.06,1.87
2017.06.29 10:17:50.202,0.95782,0.95789,1.00,3.07
2017.06.29 10:17:50.424,0.95784,0.95793,1.00,1.87
2017.06.29 10:17:51.302,0.95783,0.95794,2.62,2.70
2017.06.29 10:17:51.856,0.95784,0.95793,1.00,1.12
2017.06.29 10:17:52.377,0.95783,0.95793,1.50,1.12
2017.06.29 10:17:56.578,0.95784,0.95794,1.00,2.32
2017.06.29 10:17:59.668,0.95783,0.95793,2.25,2.44
2017.06.29 10:18:00.184,0.95783,0.95793,1.87,2.70
2017.06.29 10:18:02.452,0.95783,0.95793,3.19,1.10
2017.06.29 10:18:03.052,0.95784,0.95793,1.00,1.10
2017.06.29 10:18:13.831,0.95783,0.95793,2.62,2.32
2017.06.29 10:18:14.352,0.95784,0.95793,1.00,1.47
2017.06.29 10:18:18.495,0.95784,0.95794,1.00,1.87
2017.06.29 10:18:19.018,0.95784,0.95794,1.00,2.25
2017.06.29 10:18:19.546,0.95785,0.95794,1.00,2.25
2017.06.29 10:18:20.090,0.95785,0.95794,1.00,1.87
2017.06.29 10:18:20.610,0.95784,0.95794,1.12,1.87
2017.06.29 10:18:24.938,0.95784,0.95793,1.87,1.00
2017.06.29 10:18:27.064,0.95783,0.95793,3.75,2.32
2017.06.29 10:18:27.653,0.95783,0.95793,3.37,2.32
2017.06.29 10:18:28.166,0.95784,0.95794,1.12,3.82
2017.06.29 10:18:34.440,0.95784,0.95794,1.31,1.20
2017.06.29 10:18:34.953,0.95784,0.95794,1.00,1.57
2017.06.29 10:18:35.524,0.95784,0.95794,1.12,1.20
2017.06.29 10:18:37.628,0.95784,0.95793,1.12,1.00
2017.06.29 10:18:38.170,0.95784,0.95794,1.00,3.26
2017.06.29 10:18:38.689,0.95784,0.95794,1.00,2.32
2017.06.29 10:18:39.255,0.95783,0.95793,2.25,2.32
2017.06.29 10:18:39.772,0.95783,0.95793,2.62,1.95
2017.06.29 10:18:41.308,0.95783,0.95793,4.69,1.00
2017.06.29 10:18:41.848,0.95783,0.95793,3.19,1.12
2017.06.29 10:18:42.360,0.95783,0.95793,3.56,1.00
2017.06.29 10:18:44.544,0.95783,0.95793,1.87,2.25
2017.06.29 10:18:45.316,0.95783,0.95793,1.12,1.50
2017.06.29 10:18:47.801,0.95782,0.95792,3.37,1.10
2017.06.29 10:18:56.738,0.95783,0.95793,1.00,2.70
2017.06.29 10:19:05.665,0.95782,0.95789,1.00,1.67
2017.06.29 10:19:05.923,0.95778,0.95788,1.87,1.50
2017.06.29 10:19:06.438,0.95779,0.95788,1.62,1.00
2017.06.29 10:19:06.983,0.95779,0.95789,1.69,1.50
2017.06.29 10:19:07.706,0.95781,0.95789,1.00,1.00
2017.06.29 10:19:08.220,0.9578,0.9579,1.12,1.87
2017.06.29 10:19:08.746,0.9578,0.95789,1.12,1.00
2017.06.29 10:19:09.156,0.95781,0.95789,1.37,1.00
2017.06.29 10:19:10.716,0.95783,0.95792,1.00,1.20
2017.06.29 10:19:10.971,0.95784,0.95794,1.12,2.32
2017.06.29 10:19:19.155,0.95784,0.95794,3.04,1.00
2017.06.29 10:19:19.665,0.95785,0.95795,1.12,1.12
2017.06.29 10:19:20.206,0.95785,0.95795,1.50,1.50
2017.06.29 10:19:21.462,0.95785,0.95795,1.50,2.44
2017.06.29 10:19:22.134,0.95785,0.95795,1.50,2.06
2017.06.29 10:19:25.287,0.95785,0.95795,1.12,2.44
2017.06.29 10:19:27.483,0.95784,0.95794,3.07,1.00
2017.06.29 10:19:27.995,0.95784,0.95795,2.62,4.01
2017.06.29 10:19:33.744,0.95784,0.95793,1.50,1.00
2017.06.29 10:19:34.254,0.95784,0.95794,1.87,1.69
2017.06.29 10:19:34.815,0.95784,0.95794,1.87,2.06
2017.06.29 10:19:36.619,0.95785,0.95795,1.50,2.62
2017.06.29 10:19:37.131,0.95785,0.95795,1.00,2.44
2017.06.29 10:19:38.734,0.95786,0.95795,1.00,2.25
2017.06.29 10:19:39.439,0.95785,0.95795,1.50,2.25
2017.06.29 10:19:40.113,0.95784,0.95794,1.20,2.25
2017.06.29 10:19:41.507,0.95785,0.95795,1.50,3.19
2017.06.29 10:19:42.016,0.95784,0.95793,1.20,1.00
2017.06.29 10:19:59.661,0.95784,0.95794,2.32,2.25
2017.06.29 10:19:59.865,0.95784,0.95792,1.20,1.00
2017.06.29 10:20:04.895,0.95784,0.95792,1.20,1.12
2017.06.29 10:20:05.774,0.95784,0.95792,1.10,1.00
2017.06.29 10:20:06.293,0.95783,0.95792,1.50,2.81
2017.06.29 10:20:19.841,0.95784,0.95792,1.50,1.50
2017.06.29 10:20:21.847,0.95784,0.95792,2.62,1.00
2017.06.29 10:20:22.348,0.95784,0.95792,1.50,1.00
2017.06.29 10:20:24.649,0.95786,0.95794,1.50,1.50
2017.06.29 10:20:24.980,0.9579,0.95796,1.00,1.50
2017.06.29 10:20:25.032,0.95791,0.958,1.00,3.37
2017.06.29 10:20:25.342,0.9579,0.95799,1.00,1.69
2017.06.29 10:20:25.649,0.95788,0.95797,2.62,1.31
2017.06.29 10:20:25.856,0.95788,0.95796,1.00,1.50
2017.06.29 10:20:26.166,0.95786,0.95796,1.80,2.44
2017.06.29 10:20:27.162,0.95785,0.95795,2.25,1.12
2017.06.29 10:20:27.672,0.95785,0.95794,1.87,1.00
2017.06.29 10:20:30.117,0.95786,0.95794,1.12,1.12
2017.06.29 10:20:32.102,0.95787,0.95794,1.00,1.00
2017.06.29 10:20:35.684,0.95787,0.95797,1.87,1.87
2017.06.29 10:20:36.510,0.95791,0.95799,1.00,1.75
2017.06.29 10:20:36.665,0.95791,0.958,1.00,2.44
2017.06.29 10:20:37.345,0.95791,0.95801,1.87,2.89
2017.06.29 10:20:38.470,0.95791,0.95801,1.87,1.76
2017.06.29 10:20:40.189,0.95791,0.95799,1.37,1.25
2017.06.29 10:20:40.754,0.95791,0.95797,1.00,1.00
2017.06.29 10:20:40.970,0.95787,0.95797,1.50,1.31
2017.06.29 10:20:42.206,0.95785,0.95795,1.95,1.00
2017.06.29 10:20:42.515,0.95791,0.95798,1.00,3.19
2017.06.29 10:20:42.566,0.9579,0.95801,2.89,1.12
2017.06.29 10:20:43.132,0.95792,0.95801,1.12,1.39
2017.06.29 10:20:43.759,0.95791,0.95801,1.50,2.14
2017.06.29 10:20:48.583,0.9579,0.95801,2.89,1.50
2017.06.29 10:20:49.797,0.95792,0.95801,1.87,1.50
2017.06.29 10:20:50.968,0.95789,0.958,5.32,1.00
2017.06.29 10:20:51.473,0.9579,0.95801,1.50,3.64
2017.06.29 10:20:51.780,0.9579,0.95801,2.89,2.81
2017.06.29 10:20:52.283,0.9579,0.958,3.64,2.25
2017.06.29 10:20:52.488,0.9579,0.958,1.12,2.14
2017.06.29 10:20:52.860,0.95789,0.95796,1.50,1.00
2017.06.29 10:20:53.014,0.95785,0.95795,1.37,1.69
2017.06.29 10:20:53.530,0.95785,0.95795,1.12,1.12
2017.06.29 10:20:54.062,0.95784,0.95794,2.14,1.00
2017.06.29 10:20:54.638,0.95783,0.95793,1.95,1.00
2017.06.29 10:20:55.152,0.95784,0.95792,1.10,1.00
2017.06.29 10:20:55.504,0.95784,0.95794,2.89,1.12
2017.06.29 10:20:55.709,0.95785,0.95795,3.26,1.12
2017.06.29 10:20:56.472,0.95786,0.95796,1.87,1.00
2017.06.29 10:20:56.831,0.95787,0.95797,2.81,1.12
2017.06.29 10:20:58.933,0.9579,0.95799,1.12,1.12
2017.06.29 10:20:59.035,0.95791,0.95801,2.25,1.87
2017.06.29 10:20:59.545,0.95791,0.95801,1.75,1.20
2017.06.29 10:21:08.225,0.95797,0.95804,1.57,1.87
2017.06.29 10:21:08.327,0.95798,0.95807,1.31,1.12
2017.06.29 10:21:08.429,0.95798,0.95807,2.00,1.12
2017.06.29 10:21:08.531,0.95797,0.95807,2.25,1.12
2017.06.29 10:21:08.686,0.958,0.95809,1.00,1.50
2017.06.29 10:21:09.203,0.958,0.9581,1.57,1.69
2017.06.29 10:21:12.275,0.95799,0.95807,1.57,1.12
2017.06.29 10:21:12.327,0.95799,0.95807,1.10,1.12
2017.06.29 10:21:12.863,0.95798,0.95807,2.32,1.00
2017.06.29 10:21:13.906,0.95797,0.95806,1.10,1.25
2017.06.29 10:21:14.418,0.95795,0.95805,1.95,1.00
2017.06.29 10:21:15.842,0.95795,0.95806,4.76,1.31
2017.06.29 10:21:15.945,0.95799,0.95808,1.10,2.25
2017.06.29 10:21:16.047,0.958,0.9581,1.20,1.50
2017.06.29 10:21:16.642,0.95801,0.95811,1.37,2.44
2017.06.29 10:21:17.163,0.95801,0.95811,1.95,1.00
2017.06.29 10:21:17.676,0.95801,0.95811,1.87,1.12
2017.06.29 10:21:19.360,0.95801,0.95811,1.87,1.35
2017.06.29 10:21:22.780,0.95801,0.95806,1.50,1.00
2017.06.29 10:21:22.936,0.95796,0.95804,1.00,1.12
2017.06.29 10:21:23.143,0.95794,0.95805,2.32,2.47
2017.06.29 10:21:24.476,0.95796,0.95805,1.00,1.50
2017.06.29 10:21:24.824,0.958,0.9581,1.12,1.87
2017.06.29 10:21:24.876,0.958,0.9581,1.50,1.50
2017.06.29 10:21:26.584,0.95801,0.95807,1.00,1.12
2017.06.29 10:21:26.789,0.95798,0.95806,1.50,1.91
2017.06.29 10:21:27.689,0.95798,0.95806,1.00,1.12
2017.06.29 10:21:27.842,0.95798,0.95808,1.87,3.19
2017.06.29 10:21:29.532,0.95798,0.95808,3.45,1.12
2017.06.29 10:21:29.634,0.958,0.9581,4.01,1.50
2017.06.29 10:21:29.788,0.958,0.95812,7.76,1.50
2017.06.29 10:21:30.371,0.95801,0.95812,1.20,3.19
2017.06.29 10:21:31.676,0.95801,0.9581,1.00,1.00
2017.06.29 10:21:32.224,0.958,0.9581,1.95,1.12
2017.06.29 10:21:32.755,0.95799,0.95809,2.62,1.00
2017.06.29 10:21:33.286,0.95799,0.95809,1.87,1.91
2017.06.29 10:21:34.181,0.95799,0.95808,1.00,1.00
2017.06.29 10:21:34.540,0.95801,0.95808,1.00,1.00
2017.06.29 10:21:34.796,0.958,0.9581,1.57,1.12
2017.06.29 10:21:35.703,0.958,0.95809,1.10,1.00
2017.06.29 10:21:36.241,0.95798,0.95808,5.32,1.00
2017.06.29 10:21:36.784,0.95798,0.95807,3.45,1.69
2017.06.29 10:21:37.184,0.95801,0.95809,1.10,1.87
2017.06.29 10:21:37.287,0.95802,0.95812,1.10,1.87
2017.06.29 10:21:37.390,0.95802,0.95812,1.57,1.00
2017.06.29 10:21:39.254,0.95803,0.95811,1.12,1.00
2017.06.29 10:21:39.727,0.95806,0.95813,1.10,1.37
2017.06.29 10:21:39.881,0.95807,0.95815,1.10,1.00
2017.06.29 10:21:40.423,0.95806,0.95815,1.95,1.00
2017.06.29 10:21:41.015,0.95806,0.95816,3.45,1.50
2017.06.29 10:21:41.309,0.95808,0.95816,1.00,1.50
2017.06.29 10:21:42.492,0.95807,0.95816,1.00,1.50
2017.06.29 10:21:43.030,0.95805,0.95814,1.87,2.06
2017.06.29 10:21:43.568,0.95805,0.95814,1.87,2.81
2017.06.29 10:21:44.607,0.95806,0.95815,1.69,1.50
2017.06.29 10:21:45.141,0.95808,0.95816,1.00,1.87
2017.06.29 10:21:45.680,0.95806,0.95815,1.12,1.00
2017.06.29 10:21:46.804,0.95806,0.95815,1.00,3.22
2017.06.29 10:21:46.906,0.95804,0.95813,2.25,1.35
2017.06.29 10:21:47.388,0.95804,0.95809,1.00,2.10
2017.06.29 10:21:47.490,0.95801,0.9581,1.12,1.80
2017.06.29 10:21:47.698,0.95799,0.95809,3.00,1.10
2017.06.29 10:21:47.801,0.958,0.9581,1.87,1.12
2017.06.29 10:21:48.175,0.95798,0.95807,2.62,2.66
2017.06.29 10:21:48.228,0.95798,0.95807,2.25,2.66
2017.06.29 10:21:48.432,0.95796,0.95804,1.87,1.00
2017.06.29 10:21:49.657,0.95797,0.95804,1.50,1.00
2017.06.29 10:21:49.709,0.95798,0.95808,2.70,4.12
2017.06.29 10:21:49.760,0.958,0.95807,1.00,1.37
2017.06.29 10:21:49.812,0.958,0.95809,1.00,1.12
2017.06.29 10:21:50.336,0.958,0.95809,4.76,1.00
2017.06.29 10:21:51.949,0.95802,0.95809,1.00,1.00
2017.06.29 10:21:52.001,0.95802,0.95812,1.00,2.25
2017.06.29 10:21:52.548,0.95802,0.95812,1.00,3.56
2017.06.29 10:22:00.319,0.95802,0.95812,3.00,1.50
2017.06.29 10:22:00.840,0.95802,0.95809,1.37,1.00
2017.06.29 10:22:01.535,0.95801,0.95809,2.62,1.00
2017.06.29 10:22:03.787,0.95803,0.95809,1.00,1.00
2017.06.29 10:22:03.839,0.95803,0.95812,1.00,2.62
2017.06.29 10:22:04.371,0.95802,0.95812,2.25,2.25
2017.06.29 10:22:04.629,0.95804,0.95812,1.12,1.00
2017.06.29 10:22:04.731,0.95804,0.95814,1.00,1.50
2017.06.29 10:22:06.165,0.95805,0.95814,1.00,1.00
2017.06.29 10:22:06.683,0.95804,0.95814,2.25,1.00
2017.06.29 10:22:18.504,0.95804,0.95813,1.00,1.00
2017.06.29 10:22:19.797,0.95805,0.95814,1.00,1.12
2017.06.29 10:22:20.306,0.95803,0.95814,1.95,3.00
2017.06.29 10:22:20.459,0.95803,0.95812,1.12,1.00
2017.06.29 10:22:20.989,0.95802,0.95812,1.50,1.87
2017.06.29 10:22:25.134,0.95802,0.95811,1.00,1.00
2017.06.29 10:22:25.442,0.958,0.95809,3.37,1.25
2017.06.29 10:22:27.824,0.95798,0.95807,2.25,1.72
2017.06.29 10:22:28.132,0.95795,0.95805,1.00,4.24
2017.06.29 10:22:28.647,0.95795,0.95805,1.00,2.74
2017.06.29 10:22:29.185,0.95794,0.95804,1.50,1.00
2017.06.29 10:22:30.779,0.95794,0.95805,1.50,3.11
2017.06.29 10:22:30.831,0.95796,0.95805,1.25,1.72
2017.06.29 10:22:31.087,0.95794,0.95804,1.50,1.95
2017.06.29 10:22:31.860,0.95794,0.95803,1.00,1.00
2017.06.29 10:22:32.066,0.95791,0.95802,1.37,3.11
2017.06.29 10:22:32.153,0.95791,0.95802,1.12,3.11
2017.06.29 10:22:32.748,0.9579,0.95801,1.87,2.17
2017.06.29 10:22:33.289,0.95791,0.95799,1.00,1.00
2017.06.29 10:22:33.555,0.95789,0.95797,1.31,1.00
2017.06.29 10:22:34.069,0.9579,0.95798,1.25,1.00
2017.06.29 10:22:34.274,0.95788,0.95797,1.00,1.00
2017.06.29 10:22:35.090,0.95787,0.95797,3.07,1.00
2017.06.29 10:22:35.366,0.95789,0.95799,1.31,6.00
2017.06.29 10:22:35.877,0.95789,0.95798,2.25,1.50
2017.06.29 10:22:36.292,0.95792,0.95799,1.00,1.50
2017.06.29 10:22:36.497,0.95793,0.95802,1.00,1.50
2017.06.29 10:22:38.400,0.95794,0.95802,1.95,1.12
2017.06.29 10:22:38.736,0.95797,0.95807,1.50,1.50
2017.06.29 10:22:39.197,0.95797,0.95804,1.12,1.00
2017.06.29 10:22:40.045,0.95797,0.95807,1.12,1.87
2017.06.29 10:22:40.996,0.95797,0.95806,1.50,1.00
2017.06.29 10:22:45.606,0.95799,0.95806,1.69,1.00
2017.06.29 10:22:45.710,0.958,0.95809,2.25,1.50
2017.06.29 10:22:45.814,0.958,0.95809,1.50,1.00
2017.06.29 10:22:45.968,0.958,0.9581,1.50,1.12
2017.06.29 10:22:46.378,0.95798,0.95807,1.12,1.00
2017.06.29 10:22:46.482,0.95796,0.95806,2.81,1.00
2017.06.29 10:22:46.669,0.95796,0.95806,1.00,1.50
2017.06.29 10:22:47.285,0.95795,0.95804,1.47,1.00
2017.06.29 10:22:47.795,0.95794,0.95804,1.87,1.00
2017.06.29 10:22:48.345,0.95793,0.95804,1.87,3.19
2017.06.29 10:22:48.889,0.95793,0.95803,1.87,1.00
2017.06.29 10:22:49.094,0.95792,0.95802,3.75,1.12
2017.06.29 10:23:11.431,0.95792,0.95801,1.00,1.00
2017.06.29 10:23:12.466,0.95792,0.95802,1.50,2.06
2017.06.29 10:23:13.285,0.95792,0.95802,1.50,2.66
2017.06.29 10:23:15.490,0.95792,0.95802,1.50,2.66
2017.06.29 10:23:21.297,0.95792,0.95802,2.70,1.12
2017.06.29 10:23:21.804,0.95792,0.95802,2.70,1.12
2017.06.29 10:23:24.289,0.95792,0.95802,2.70,1.12
2017.06.29 10:23:26.919,0.95792,0.95802,2.70,1.12
2017.06.29 10:23:27.491,0.95792,0.95804,2.89,4.16
2017.06.29 10:23:28.257,0.95793,0.95804,2.32,3.79
2017.06.29 10:23:30.610,0.95792,0.95804,2.89,3.79
2017.06.29 10:23:39.131,0.95792,0.95803,2.32,1.62
2017.06.29 10:23:39.564,0.95791,0.95799,2.62,1.00
2017.06.29 10:23:40.074,0.95791,0.95799,1.87,1.00
2017.06.29 10:23:40.782,0.95792,0.95799,1.00,1.00
2017.06.29 10:23:42.683,0.9579,0.95799,1.50,1.00
2017.06.29 10:23:43.195,0.95789,0.95799,1.87,3.86
2017.06.29 10:23:43.715,0.95789,0.95799,1.50,4.24
2017.06.29 10:23:44.026,0.95789,0.95796,1.12,1.00
2017.06.29 10:23:44.180,0.95791,0.95799,1.00,2.10
2017.06.29 10:23:44.682,0.95791,0.958,1.00,1.00
2017.06.29 10:23:45.357,0.95789,0.95799,2.06,1.00
2017.06.29 10:23:45.900,0.95789,0.95799,1.12,4.99
2017.06.29 10:23:46.435,0.95788,0.95798,1.50,1.12
2017.06.29 10:23:55.364,0.95788,0.95796,1.00,1.00
2017.06.29 10:23:55.876,0.95787,0.95796,1.12,1.00
2017.06.29 10:23:56.538,0.95788,0.95796,1.00,1.00
2017.06.29 10:24:00.465,0.95787,0.95796,1.12,1.00
2017.06.29 10:24:00.970,0.95786,0.95796,1.95,1.87
2017.06.29 10:24:04.714,0.95786,0.95796,1.00,4.54
2017.06.29 10:24:05.237,0.95784,0.95794,3.00,3.49
2017.06.29 10:24:05.751,0.95784,0.95794,1.00,3.49
2017.06.29 10:24:06.255,0.95783,0.95794,2.89,1.35
2017.06.29 10:24:07.025,0.95783,0.95793,1.95,1.00
2017.06.29 10:24:11.889,0.95783,0.95792,1.50,3.60
2017.06.29 10:24:12.196,0.95782,0.9579,1.12,1.50
2017.06.29 10:24:12.781,0.95782,0.95791,1.12,1.15
2017.06.29 10:24:13.298,0.95782,0.95792,1.12,2.25
2017.06.29 10:24:16.931,0.95783,0.95792,1.12,1.12
2017.06.29 10:24:17.440,0.95783,0.95793,2.32,1.50
2017.06.29 10:24:17.971,0.95782,0.95792,1.50,1.00
2017.06.29 10:24:18.781,0.95782,0.95792,1.00,1.00
2017.06.29 10:24:29.453,0.95788,0.95792,1.25,1.00
2017.06.29 10:24:29.555,0.95789,0.95796,1.12,1.12
2017.06.29 10:24:29.607,0.95789,0.95796,2.25,1.00
2017.06.29 10:24:29.710,0.9579,0.958,1.00,1.00
2017.06.29 10:24:30.229,0.95789,0.958,1.87,2.74
2017.06.29 10:24:32.529,0.95789,0.95797,1.50,1.00
2017.06.29 10:24:32.786,0.95786,0.95797,3.19,3.11
2017.06.29 10:24:33.419,0.95786,0.95797,1.87,3.11
2017.06.29 10:24:33.947,0.95786,0.95796,1.50,1.87
2017.06.29 10:24:34.768,0.95787,0.95796,1.00,1.87
2017.06.29 10:24:34.873,0.95789,0.95796,1.95,1.87
2017.06.29 10:24:35.185,0.95792,0.95801,1.25,1.12
2017.06.29 10:24:35.704,0.95793,0.95802,2.25,1.12
2017.06.29 10:24:36.217,0.95793,0.95802,5.89,1.00
2017.06.29 10:24:36.375,0.95795,0.95805,1.50,2.25
2017.06.29 10:24:36.890,0.95797,0.95807,1.50,3.07
2017.06.29 10:24:37.454,0.95798,0.95807,1.12,1.00
2017.06.29 10:24:38.403,0.95798,0.95808,4.31,1.12
2017.06.29 10:24:38.940,0.958,0.95809,1.00,1.50
2017.06.29 10:24:42.372,0.95799,0.95809,1.00,1.95
2017.06.29 10:24:43.323,0.95798,0.95809,1.50,3.60
2017.06.29 10:24:45.611,0.95799,0.95809,1.25,2.25
2017.06.29 10:24:46.124,0.95799,0.95809,3.00,1.50
2017.06.29 10:24:46.966,0.95799,0.9581,1.20,3.56
2017.06.29 10:24:47.289,0.95799,0.95806,1.00,1.00
2017.06.29 10:24:47.340,0.95799,0.95808,1.01,1.00
2017.06.29 10:24:47.956,0.95799,0.95809,1.62,1.50
2017.06.29 10:24:50.016,0.95798,0.95808,1.57,1.00
2017.06.29 10:24:56.286,0.95799,0.95806,1.25,1.00
2017.06.29 10:24:56.337,0.95799,0.95808,1.25,1.00
2017.06.29 10:24:57.421,0.958,0.95808,1.00,1.00
2017.06.29 10:25:05.287,0.958,0.9581,1.00,2.92
2017.06.29 10:25:06.767,0.95801,0.95809,1.69,1.12
2017.06.29 10:25:06.921,0.95802,0.95812,1.25,2.32
2017.06.29 10:25:07.423,0.95802,0.95812,3.26,1.00
2017.06.29 10:25:07.963,0.95803,0.95813,1.31,2.62
2017.06.29 10:25:08.474,0.95804,0.95813,1.12,1.00
2017.06.29 10:25:09.300,0.95804,0.95813,1.12,1.72
2017.06.29 10:25:09.493,0.95802,0.95811,1.10,1.00
2017.06.29 10:25:09.750,0.95803,0.95812,3.26,1.00
2017.06.29 10:25:09.853,0.95803,0.95814,4.01,1.87
2017.06.29 10:25:11.819,0.95803,0.95813,1.50,2.47
2017.06.29 10:25:12.334,0.95802,0.95812,1.00,2.85
2017.06.29 10:25:12.539,0.958,0.95811,2.70,2.10
2017.06.29 10:25:12.986,0.958,0.9581,1.12,1.91
2017.06.29 10:25:13.520,0.958,0.9581,1.00,2.10
2017.06.29 10:25:15.127,0.95801,0.95809,1.39,1.12
2017.06.29 10:25:15.391,0.95804,0.95813,1.39,1.00
2017.06.29 10:25:24.776,0.95803,0.95813,2.32,1.50
2017.06.29 10:25:25.292,0.95804,0.95813,1.01,1.00
2017.06.29 10:25:27.216,0.95803,0.95813,3.45,1.12
2017.06.29 10:25:27.422,0.95802,0.95813,1.69,3.04
2017.06.29 10:25:29.613,0.95801,0.95811,2.44,1.12
2017.06.29 10:25:30.141,0.95801,0.95811,2.81,1.37
2017.06.29 10:25:30.651,0.95802,0.95812,1.00,3.79
2017.06.29 10:25:31.740,0.95803,0.95814,1.00,6.45
2017.06.29 10:25:31.843,0.95803,0.95814,3.64,4.12
2017.06.29 10:25:31.895,0.95803,0.95814,2.89,5.62
2017.06.29 10:25:36.726,0.95803,0.95813,2.51,1.00
2017.06.29 10:25:37.236,0.95802,0.95812,3.07,1.50
2017.06.29 10:25:40.571,0.95803,0.95812,1.69,1.00
2017.06.29 10:25:41.080,0.95803,0.95813,2.06,1.00
2017.06.29 10:25:44.037,0.95803,0.95813,2.89,1.37
2017.06.29 10:25:44.974,0.95803,0.95813,3.26,1.50
2017.06.29 10:25:45.563,0.95803,0.95813,2.06,1.50
2017.06.29 10:25:46.815,0.95802,0.95812,1.95,1.72
2017.06.29 10:25:46.968,0.95801,0.95811,1.50,3.04
2017.06.29 10:25:52.172,0.95801,0.9581,2.14,1.50
2017.06.29 10:25:52.928,0.95802,0.95812,1.25,3.60
2017.06.29 10:25:53.670,0.95801,0.95811,4.39,1.00
2017.06.29 10:25:54.211,0.95801,0.95811,5.51,1.00
2017.06.29 10:25:54.755,0.95802,0.95812,1.01,1.87
2017.06.29 10:25:56.713,0.95804,0.95812,1.00,1.87
2017.06.29 10:25:57.254,0.95803,0.95812,1.00,1.87
2017.06.29 10:25:57.566,0.95801,0.95812,1.57,1.87
2017.06.29 10:25:59.923,0.958,0.95812,5.51,1.95
2017.06.29 10:26:00.065,0.95802,0.95812,1.00,1.87
2017.06.29 10:26:07.318,0.95804,0.95812,1.00,1.50
2017.06.29 10:26:07.854,0.95803,0.95812,1.00,1.50
2017.06.29 10:26:08.985,0.95803,0.95811,1.00,1.00
2017.06.29 10:26:09.424,0.95804,0.95813,1.37,1.50
2017.06.29 10:26:09.954,0.95804,0.95813,1.37,1.12
2017.06.29 10:26:10.260,0.95803,0.95813,1.87,3.30
2017.06.29 10:26:10.802,0.95803,0.95813,1.87,3.30
2017.06.29 10:26:12.994,0.95803,0.95813,1.12,3.22
2017.06.29 10:26:13.543,0.95802,0.95812,2.32,1.12
2017.06.29 10:26:14.029,0.95804,0.95812,1.00,1.72
2017.06.29 10:26:14.999,0.95804,0.95812,1.00,2.10
2017.06.29 10:26:20.313,0.95801,0.9581,1.95,1.00
2017.06.29 10:26:25.016,0.95801,0.9581,1.00,3.60
2017.06.29 10:26:27.133,0.95798,0.95808,2.89,1.50
2017.06.29 10:26:27.185,0.95798,0.95806,1.12,1.00
2017.06.29 10:26:27.440,0.95796,0.95806,1.12,1.50
2017.06.29 10:26:28.112,0.95797,0.95807,1.00,3.86
2017.06.29 10:26:29.776,0.95796,0.95805,1.12,1.00
2017.06.29 10:26:30.291,0.95796,0.95806,1.10,2.81
2017.06.29 10:26:30.808,0.95797,0.95807,2.44,2.25
2017.06.29 10:26:37.836,0.95797,0.95806,2.51,1.00
2017.06.29 10:26:41.397,0.95797,0.95806,2.51,1.00
2017.06.29 10:26:41.703,0.95798,0.95806,2.14,1.00
2017.06.29 10:26:42.481,0.95798,0.95809,4.39,2.00
2017.06.29 10:26:43.011,0.95798,0.95808,1.12,1.50
2017.06.29 10:26:43.318,0.95801,0.95811,1.10,1.87
2017.06.29 10:26:48.278,0.958,0.9581,2.32,3.41
2017.06.29 10:26:48.591,0.95799,0.9581,1.50,3.79
2017.06.29 10:26:48.904,0.95801,0.95812,1.31,3.11
2017.06.29 10:26:52.926,0.95801,0.95812,2.89,3.19
2017.06.29 10:26:55.802,0.95801,0.95812,2.14,3.19
2017.06.29 10:26:56.307,0.95801,0.95812,4.39,2.44
2017.06.29 10:26:56.817,0.95801,0.95812,3.64,2.44
2017.06.29 10:27:00.477,0.95801,0.9581,1.00,1.72
2017.06.29 10:27:01.015,0.958,0.95809,1.00,1.00
2017.06.29 10:27:11.987,0.95801,0.95811,1.00,2.81
2017.06.29 10:27:12.504,0.95802,0.95812,1.25,3.75
2017.06.29 10:27:13.286,0.95804,0.95813,1.00,5.81
2017.06.29 10:27:13.390,0.95804,0.95813,1.69,2.25
2017.06.29 10:27:14.270,0.95804,0.95814,1.76,3.97
2017.06.29 10:27:21.135,0.95805,0.95814,1.31,1.50
2017.06.29 10:27:23.678,0.95804,0.95814,2.89,1.50
2017.06.29 10:27:29.741,0.95803,0.95814,1.20,7.72
2017.06.29 10:27:31.490,0.95803,0.95812,1.00,2.85
2017.06.29 10:27:39.709,0.95803,0.95813,3.19,2.85
2017.06.29 10:27:40.116,0.95803,0.95814,4.31,2.92
2017.06.29 10:27:44.547,0.95803,0.95813,1.00,2.62
2017.06.29 10:27:44.754,0.95801,0.95811,2.44,1.00
2017.06.29 10:27:45.309,0.95803,0.95811,1.00,1.00
2017.06.29 10:27:46.108,0.95802,0.95811,1.31,1.00
2017.06.29 10:27:46.415,0.95803,0.95813,3.64,1.12
2017.06.29 10:27:47.913,0.95802,0.95812,1.95,2.47
2017.06.29 10:27:48.224,0.95802,0.9581,1.00,2.14
2017.06.29 10:27:48.430,0.958,0.9581,1.50,2.66
2017.06.29 10:27:48.996,0.95799,0.95808,1.76,1.12
2017.06.29 10:27:49.048,0.95798,0.95808,1.57,2.25
2017.06.29 10:27:49.151,0.95798,0.95808,1.50,1.12
2017.06.29 10:27:51.775,0.958,0.9581,1.00,4.95
2017.06.29 10:27:51.877,0.95799,0.9581,3.45,1.00
2017.06.29 10:27:52.429,0.95799,0.95811,2.32,3.86
2017.06.29 10:27:52.532,0.95798,0.95807,1.37,1.37
2017.06.29 10:27:52.583,0.95797,0.95808,1.76,2.85
2017.06.29 10:27:52.687,0.95797,0.95808,2.44,1.80
2017.06.29 10:27:53.234,0.95797,0.95808,2.44,1.80
2017.06.29 10:27:55.440,0.95797,0.95808,3.19,1.20
2017.06.29 10:27:55.624,0.95799,0.9581,1.19,4.57
2017.06.29 10:27:56.135,0.95799,0.9581,1.50,5.51
2017.06.29 10:27:56.721,0.95797,0.95808,3.07,1.50
2017.06.29 10:28:01.486,0.95797,0.95806,1.37,2.85
2017.06.29 10:28:01.588,0.95794,0.95804,1.95,1.72
2017.06.29 10:28:02.745,0.95793,0.95801,1.37,1.10
2017.06.29 10:28:02.899,0.95788,0.95797,1.00,3.22
2017.06.29 10:28:02.951,0.95786,0.95797,1.10,3.22
2017.06.29 10:28:03.945,0.95786,0.95796,2.14,1.12
2017.06.29 10:28:04.546,0.95785,0.95796,2.74,1.50
2017.06.29 10:28:04.600,0.95788,0.95796,4.31,1.00
2017.06.29 10:28:04.653,0.95787,0.95796,3.45,1.00
2017.06.29 10:28:04.807,0.95789,0.95799,2.51,1.00
2017.06.29 10:28:05.115,0.95791,0.95801,1.32,1.00
2017.06.29 10:28:05.677,0.9579,0.95802,4.57,2.44
2017.06.29 10:28:06.467,0.95789,0.95801,6.64,2.44
2017.06.29 10:28:07.126,0.95789,0.958,1.95,1.50
2017.06.29 10:28:07.432,0.95788,0.95799,1.10,2.10
2017.06.29 10:28:07.739,0.9579,0.958,1.01,2.44
2017.06.29 10:28:09.940,0.95789,0.958,4.01,1.12
2017.06.29 10:28:12.843,0.95789,0.95799,2.51,1.00
2017.06.29 10:28:15.495,0.9579,0.95801,4.01,1.87
2017.06.29 10:28:15.597,0.95793,0.95803,1.19,1.87
2017.06.29 10:28:15.751,0.95793,0.95803,2.14,1.50
2017.06.29 10:28:17.885,0.95793,0.95803,1.76,1.12
2017.06.29 10:28:20.954,0.95793,0.95804,2.81,3.07
2017.06.29 10:28:32.404,0.95793,0.95802,1.00,1.00
2017.06.29 10:28:32.602,0.95791,0.95801,1.47,3.97
2017.06.29 10:28:32.653,0.9579,0.95799,1.00,1.12
2017.06.29 10:28:33.247,0.95789,0.95799,2.51,1.12
2017.06.29 10:28:36.849,0.95789,0.95797,1.00,1.00
2017.06.29 10:28:37.189,0.95786,0.95798,5.14,4.05
2017.06.29 10:28:37.241,0.95787,0.95798,2.14,1.00
2017.06.29 10:28:39.274,0.95789,0.95799,1.00,1.00
2017.06.29 10:28:39.532,0.95789,0.95799,1.01,2.44
2017.06.29 10:28:40.066,0.95787,0.95798,2.89,1.12
2017.06.29 10:28:40.585,0.95787,0.95798,1.31,1.57
2017.06.29 10:28:41.898,0.95787,0.95798,1.26,1.87
2017.06.29 10:28:42.203,0.95789,0.95799,1.87,2.25
2017.06.29 10:28:42.512,0.95788,0.95798,1.10,1.50
2017.06.29 10:28:46.547,0.95788,0.95798,3.11,1.00
2017.06.29 10:28:47.076,0.95789,0.958,1.76,3.94
2017.06.29 10:28:48.731,0.95789,0.958,3.07,1.50
2017.06.29 10:28:49.040,0.95792,0.95802,1.39,1.50
2017.06.29 10:28:49.859,0.95793,0.95802,1.62,1.50
2017.06.29 10:28:50.014,0.95794,0.95804,1.25,1.12
2017.06.29 10:28:53.914,0.95795,0.95804,1.49,1.12
2017.06.29 10:28:57.587,0.95795,0.95804,1.61,1.00
2017.06.29 10:28:58.098,0.95795,0.95805,1.42,1.50
2017.06.29 10:29:00.786,0.95794,0.95805,1.76,1.50
2017.06.29 10:29:01.305,0.95794,0.95805,1.76,1.87
2017.06.29 10:29:01.662,0.95795,0.95806,2.29,3.19
2017.06.29 10:29:01.867,0.95796,0.95806,1.76,1.87
2017.06.29 10:29:02.633,0.95795,0.95806,2.89,1.87
2017.06.29 10:29:03.226,0.95796,0.95806,1.29,1.12
2017.06.29 10:29:03.773,0.95796,0.95807,1.01,2.62
2017.06.29 10:29:05.290,0.95795,0.95806,1.10,1.37
2017.06.29 10:29:06.646,0.95794,0.95805,1.95,3.00
2017.06.29 10:29:07.244,0.95794,0.95805,2.89,4.12
2017.06.29 10:29:07.910,0.95794,0.95805,1.39,4.12
2017.06.29 10:29:09.436,0.95794,0.95805,3.26,3.97
2017.06.29 10:29:10.246,0.95795,0.95806,1.39,3.19
2017.06.29 10:29:10.557,0.95794,0.95803,1.10,1.00
2017.06.29 10:29:11.063,0.95793,0.95804,2.51,3.75
2017.06.29 10:29:11.740,0.95793,0.95804,2.74,3.75
2017.06.29 10:29:12.284,0.95794,0.95805,1.99,1.87
2017.06.29 10:29:15.565,0.95794,0.95804,1.00,1.12
2017.06.29 10:29:16.697,0.95793,0.95803,1.20,1.12
2017.06.29 10:29:16.902,0.95791,0.95803,2.89,7.24
2017.06.29 10:29:17.209,0.95798,0.95806,1.30,2.25
2017.06.29 10:29:17.260,0.95798,0.95808,3.64,1.31
2017.06.29 10:29:17.774,0.958,0.95809,1.00,1.12
2017.06.29 10:29:18.873,0.95799,0.9581,2.92,2.62
2017.06.29 10:29:20.079,0.95799,0.9581,2.51,1.37
2017.06.29 10:29:22.024,0.958,0.9581,1.76,1.37
2017.06.29 10:29:22.547,0.958,0.9581,1.76,1.12
2017.06.29 10:29:23.830,0.958,0.95811,2.14,1.50
2017.06.29 10:29:24.359,0.958,0.95811,3.64,1.50
2017.06.29 10:29:26.926,0.958,0.95809,1.57,1.00
2017.06.29 10:29:27.084,0.95801,0.95809,1.00,2.00
2017.06.29 10:29:27.291,0.95798,0.95808,1.95,1.12
2017.06.29 10:29:28.624,0.95797,0.95807,1.76,1.00
2017.06.29 10:29:28.778,0.95796,0.95805,1.57,1.37
2017.06.29 10:29:32.129,0.95795,0.95805,1.10,2.62
2017.06.29 10:29:32.480,0.95799,0.95807,1.00,2.25
2017.06.29 10:29:32.583,0.95798,0.95808,3.45,1.37
2017.06.29 10:29:33.096,0.95798,0.95809,1.69,3.45
2017.06.29 10:29:34.771,0.95797,0.95807,1.50,1.12
2017.06.29 10:29:34.875,0.95796,0.95805,1.87,1.00
2017.06.29 10:29:34.928,0.95796,0.95805,1.12,1.00
2017.06.29 10:29:35.187,0.95797,0.95807,1.69,1.87
2017.06.29 10:29:35.239,0.95797,0.95807,1.31,1.12
2017.06.29 10:29:35.491,0.95795,0.95805,2.14,1.00
2017.06.29 10:29:35.646,0.95796,0.95807,1.39,3.00
2017.06.29 10:29:35.697,0.95796,0.95807,2.14,2.62
2017.06.29 10:29:36.211,0.95797,0.95808,1.39,1.87
2017.06.29 10:29:36.857,0.95796,0.95807,4.01,1.00
2017.06.29 10:29:37.116,0.95796,0.95805,1.47,1.00
2017.06.29 10:29:37.311,0.95794,0.95805,5.14,1.87
2017.06.29 10:29:37.826,0.95795,0.95805,1.29,1.87
2017.06.29 10:29:39.400,0.95795,0.95805,1.01,1.87
2017.06.29 10:29:41.079,0.95795,0.95805,1.29,1.87
2017.06.29 10:29:42.518,0.95794,0.95805,4.01,1.50
2017.06.29 10:29:43.405,0.95795,0.95805,1.29,1.50
2017.06.29 10:29:43.916,0.95794,0.95806,5.14,3.56
2017.06.29 10:29:44.430,0.95795,0.95806,1.76,2.62
2017.06.29 10:29:44.724,0.95795,0.95806,2.14,2.25
2017.06.29 10:29:45.343,0.95795,0.95806,1.76,2.62
2017.06.29 10:29:46.645,0.95796,0.95806,1.29,2.62
2017.06.29 10:29:47.293,0.95795,0.95806,2.51,2.62
2017.06.29 10:29:52.087,0.95794,0.95806,5.14,2.32
2017.06.29 10:29:53.142,0.95794,0.95804,1.01,1.12
2017.06.29 10:29:53.707,0.95793,0.95804,1.20,2.62
2017.06.29 10:29:54.270,0.95792,0.95803,3.64,1.87
2017.06.29 10:29:57.653,0.95791,0.95802,3.37,1.57
2017.06.29 10:30:00.183,0.95791,0.95802,2.14,1.50
2017.06.29 10:30:00.708,0.9579,0.95801,6.26,1.00
2017.06.29 10:30:01.230,0.9579,0.95802,5.06,2.62
2017.06.29 10:30:01.744,0.9579,0.95801,5.14,1.37
2017.06.29 10:30:02.658,0.95793,0.95802,1.00,1.87
2017.06.29 10:30:03.179,0.95793,0.95802,1.25,1.50
2017.06.29 10:30:05.284,0.95793,0.95802,1.25,1.37
2017.06.29 10:30:05.692,0.95791,0.95802,1.10,1.50
2017.06.29 10:30:09.305,0.95789,0.958,2.32,1.50
2017.06.29 10:30:09.843,0.95789,0.95799,1.10,1.00
2017.06.29 10:30:10.151,0.95785,0.95796,2.14,1.50
2017.06.29 10:30:13.442,0.95785,0.95796,1.39,1.87
2017.06.29 10:30:14.319,0.95785,0.95796,3.30,2.25
2017.06.29 10:30:14.626,0.95787,0.95796,1.39,1.12
2017.06.29 10:30:15.207,0.95786,0.95796,2.89,1.12
2017.06.29 10:30:15.867,0.95786,0.95797,2.89,1.12
2017.06.29 10:30:16.860,0.95787,0.95797,1.39,1.12
2017.06.29 10:30:18.059,0.95789,0.95798,1.25,3.00
2017.06.29 10:30:18.214,0.95789,0.95801,5.89,1.57
2017.06.29 10:30:20.008,0.95791,0.95801,2.14,1.50
2017.06.29 10:30:23.655,0.95792,0.95801,1.49,1.12
2017.06.29 10:30:23.910,0.95793,0.95803,1.31,1.12
2017.06.29 10:30:25.546,0.95794,0.95803,1.30,1.12
2017.06.29 10:30:29.637,0.95793,0.95803,1.39,1.12
2017.06.29 10:30:30.185,0.95793,0.95802,1.39,1.00
2017.06.29 10:30:31.312,0.95793,0.95803,1.39,1.12
2017.06.29 10:30:31.632,0.95795,0.95805,1.05,3.37
2017.06.29 10:30:31.837,0.95796,0.95805,1.80,1.00
2017.06.29 10:30:32.365,0.95796,0.95805,1.54,1.00
2017.06.29 10:30:32.878,0.95794,0.95804,2.14,1.00
2017.06.29 10:30:33.449,0.95792,0.95802,1.95,1.00
2017.06.29 10:30:33.553,0.9579,0.958,1.50,1.12
2017.06.29 10:30:33.862,0.95789,0.958,1.12,1.37
2017.06.29 10:30:34.883,0.95788,0.95797,1.47,1.00
2017.06.29 10:30:35.138,0.95785,0.95797,6.49,1.12
2017.06.29 10:30:36.330,0.95785,0.95795,3.26,1.00
2017.06.29 10:30:36.837,0.95786,0.95796,1.76,1.20
2017.06.29 10:30:38.660,0.95787,0.95798,1.76,3.00
2017.06.29 10:30:42.864,0.95788,0.95798,4.76,1.37
2017.06.29 10:30:43.070,0.95789,0.95799,1.01,2.62
2017.06.29 10:30:43.255,0.95788,0.95797,1.57,1.50
2017.06.29 10:30:43.777,0.95786,0.95797,4.24,1.87
2017.06.29 10:30:44.766,0.95786,0.95797,2.89,1.50
2017.06.29 10:30:44.920,0.95786,0.95796,2.14,1.37
2017.06.29 10:30:45.531,0.95786,0.95797,1.76,1.50
2017.06.29 10:30:46.880,0.95788,0.95797,1.25,1.37
2017.06.29 10:30:47.201,0.95789,0.95797,1.62,1.37
2017.06.29 10:30:47.355,0.95789,0.95799,2.44,1.50
2017.06.29 10:30:48.294,0.9579,0.958,1.00,3.00
2017.06.29 10:30:48.780,0.95789,0.95799,1.00,6.30
2017.06.29 10:30:51.696,0.95788,0.95797,1.00,1.00
2017.06.29 10:30:52.664,0.95787,0.95797,1.87,2.25
2017.06.29 10:30:53.832,0.95787,0.95797,2.06,2.25
2017.06.29 10:30:54.548,0.95787,0.95797,1.37,4.35
2017.06.29 10:30:55.064,0.95787,0.95797,1.37,2.92
2017.06.29 10:30:55.602,0.95787,0.95797,1.37,2.92
2017.06.29 10:30:56.135,0.95787,0.95797,1.37,2.92
2017.06.29 10:30:56.745,0.95787,0.95797,1.37,2.92
2017.06.29 10:30:56.957,0.95786,0.95797,2.44,3.22
2017.06.29 10:30:57.517,0.95787,0.95797,1.00,2.62
2017.06.29 10:30:59.242,0.95786,0.95795,1.00,1.00
2017.06.29 10:31:01.305,0.95784,0.95793,1.00,1.00
2017.06.29 10:31:01.460,0.95782,0.95793,1.50,5.55
2017.06.29 10:31:06.465,0.95782,0.95789,1.00,1.50
2017.06.29 10:31:06.568,0.95777,0.95787,1.95,1.00
2017.06.29 10:31:07.114,0.95777,0.95787,3.26,1.00
2017.06.29 10:31:07.668,0.95777,0.95786,1.76,1.00
2017.06.29 10:31:13.768,0.95778,0.95788,1.12,4.87
2017.06.29 10:31:14.270,0.95778,0.95789,1.69,4.95
2017.06.29 10:31:16.539,0.95779,0.95789,1.00,4.87
2017.06.29 10:31:16.723,0.9578,0.9579,2.81,3.00
2017.06.29 10:31:17.985,0.95781,0.9579,1.31,1.12
2017.06.29 10:31:18.498,0.95781,0.9579,2.14,1.12
2017.06.29 10:31:18.975,0.95782,0.95793,2.81,1.57
2017.06.29 10:31:19.566,0.95782,0.95793,1.69,3.45
2017.06.29 10:31:23.550,0.95781,0.95792,2.32,1.12
2017.06.29 10:31:24.056,0.95781,0.95791,1.00,3.45
2017.06.29 10:31:24.261,0.95779,0.9579,1.00,4.05
2017.06.29 10:31:25.063,0.95778,0.95788,2.70,1.00
2017.06.29 10:31:29.663,0.95777,0.95787,3.64,1.12
2017.06.29 10:31:30.224,0.95777,0.95787,1.20,1.87
2017.06.29 10:31:37.488,0.95777,0.95786,1.00,1.00
2017.06.29 10:31:38.658,0.95777,0.95786,2.14,1.00
2017.06.29 10:31:39.813,0.95777,0.95788,3.11,1.87
2017.06.29 10:31:40.316,0.95777,0.95788,2.89,1.87
2017.06.29 10:31:40.560,0.9578,0.9579,2.66,4.87
2017.06.29 10:31:40.612,0.95781,0.9579,1.25,3.75
2017.06.29 10:31:41.573,0.95781,0.95791,2.14,1.50
2017.06.29 10:31:44.182,0.9578,0.95788,1.37,1.00
2017.06.29 10:31:44.284,0.95777,0.95788,4.05,1.50
2017.06.29 10:31:45.010,0.9578,0.95788,2.81,1.00
2017.06.29 10:31:45.515,0.95778,0.95788,2.32,1.00
2017.06.29 10:31:47.353,0.95779,0.95789,1.10,2.25
2017.06.29 10:31:47.661,0.95781,0.95789,1.25,1.00
2017.06.29 10:31:48.187,0.9578,0.9579,1.00,3.00
2017.06.29 10:31:48.737,0.9578,0.9579,1.00,3.00
2017.06.29 10:31:50.967,0.9578,0.9579,2.06,2.25
2017.06.29 10:31:52.472,0.9578,0.9579,1.12,1.00
2017.06.29 10:31:52.985,0.95778,0.95788,2.70,1.00
2017.06.29 10:31:53.541,0.95778,0.95788,1.37,1.00
2017.06.29 10:31:54.722,0.95778,0.95787,1.37,1.00
2017.06.29 10:31:54.826,0.95777,0.95787,1.57,2.25
2017.06.29 10:31:57.034,0.95776,0.95786,1.50,1.00
2017.06.29 10:31:57.653,0.95776,0.95787,2.25,4.05
2017.06.29 10:31:58.262,0.95776,0.95786,2.25,1.00
2017.06.29 10:32:00.239,0.95776,0.95787,3.64,2.62
2017.06.29 10:32:00.904,0.95776,0.95786,3.26,1.50
2017.06.29 10:32:07.821,0.95776,0.95786,1.10,1.87
2017.06.29 10:32:09.597,0.95776,0.95786,2.51,1.50
2017.06.29 10:32:10.904,0.95776,0.95785,1.76,1.00
2017.06.29 10:32:12.416,0.95776,0.95785,1.57,1.00
2017.06.29 10:32:12.926,0.95776,0.95785,1.76,1.00
2017.06.29 10:32:16.195,0.95776,0.95786,2.89,2.62
2017.06.29 10:32:16.743,0.95776,0.95785,2.89,1.00
2017.06.29 10:32:18.933,0.95776,0.95785,1.20,1.00
2017.06.29 10:32:20.794,0.95777,0.95785,1.01,1.00
2017.06.29 10:32:22.235,0.95776,0.95785,1.57,1.00
2017.06.29 10:32:22.783,0.95776,0.95785,3.86,1.00
2017.06.29 10:32:28.351,0.95776,0.95786,3.64,1.50
2017.06.29 10:32:29.135,0.95777,0.95786,1.39,1.50
2017.06.29 10:32:29.644,0.95777,0.95786,1.76,1.50
2017.06.29 10:32:31.330,0.95776,0.95786,3.26,1.50
2017.06.29 10:32:32.621,0.95777,0.95786,1.76,1.50
2017.06.29 10:32:33.161,0.95777,0.95786,1.07,1.50
2017.06.29 10:32:34.675,0.95777,0.95786,1.10,1.50
2017.06.29 10:32:38.282,0.95776,0.95785,1.47,1.12
2017.06.29 10:32:42.438,0.95775,0.95786,5.14,2.62
2017.06.29 10:32:43.402,0.95776,0.95786,1.45,1.87
2017.06.29 10:32:44.376,0.95776,0.95786,1.47,3.37
2017.06.29 10:32:45.269,0.95776,0.95786,1.20,3.37
2017.06.29 10:32:45.801,0.95776,0.95786,2.32,2.62
2017.06.29 10:32:47.003,0.95776,0.95786,1.20,2.62
2017.06.29 10:32:47.546,0.95776,0.95786,2.14,3.37
2017.06.29 10:32:48.743,0.95776,0.95786,1.20,3.00
2017.06.29 10:32:49.336,0.95776,0.95786,2.14,3.00
2017.06.29 10:32:50.533,0.95776,0.95786,1.12,3.37
2017.06.29 10:32:52.528,0.95776,0.95786,1.20,3.37
2017.06.29 10:32:53.623,0.95776,0.95786,1.39,3.37
2017.06.29 10:32:54.447,0.95776,0.95786,1.39,2.62
2017.06.29 10:32:58.865,0.95776,0.95786,1.20,1.87
2017.06.29 10:33:00.792,0.95778,0.95787,1.31,4.12
2017.06.29 10:33:01.410,0.95777,0.95787,1.10,1.12
2017.06.29 10:33:01.991,0.95777,0.95788,1.10,4.87
2017.06.29 10:33:02.529,0.95776,0.95786,1.20,1.72
2017.06.29 10:33:03.044,0.95776,0.95785,1.07,1.12
2017.06.29 10:33:11.718,0.95775,0.95785,1.10,3.22
2017.06.29 10:33:16.892,0.95774,0.95784,1.50,1.69
2017.06.29 10:33:17.408,0.95774,0.95784,3.26,1.62
2017.06.29 10:33:19.401,0.95773,0.95782,3.64,1.00
2017.06.29 10:33:20.030,0.95773,0.95782,1.20,1.00
2017.06.29 10:33:21.227,0.95773,0.95782,3.82,1.00
2017.06.29 10:33:21.691,0.95777,0.95783,1.00,1.37
2017.06.29 10:33:21.794,0.95776,0.95786,6.49,1.69
2017.06.29 10:33:21.945,0.95778,0.95787,1.26,3.74
2017.06.29 10:33:22.459,0.95778,0.95787,1.10,3.74
2017.06.29 10:33:24.140,0.95778,0.95789,1.01,3.37
2017.06.29 10:33:25.226,0.95778,0.95788,1.76,1.25
2017.06.29 10:33:25.781,0.95778,0.95788,2.89,1.31
2017.06.29 10:33:27.826,0.9578,0.95789,1.69,2.06
2017.06.29 10:33:28.133,0.95782,0.95791,1.31,1.69
2017.06.29 10:33:30.839,0.95781,0.95791,1.50,2.44
2017.06.29 10:33:31.173,0.95777,0.95788,2.36,3.94
2017.06.29 10:33:31.327,0.95778,0.95788,1.57,1.00
2017.06.29 10:33:31.830,0.95778,0.95788,1.39,1.50
2017.06.29 10:33:39.034,0.95777,0.95787,1.50,3.04
2017.06.29 10:33:39.138,0.95775,0.95785,4.12,2.44
2017.06.29 10:33:40.220,0.95774,0.95784,1.76,1.91
2017.06.29 10:33:44.656,0.95774,0.95783,1.00,1.00
2017.06.29 10:33:45.193,0.95773,0.95783,4.39,1.12
2017.06.29 10:33:48.863,0.95773,0.95784,2.89,3.19
2017.06.29 10:33:51.135,0.95773,0.95784,7.39,3.56
2017.06.29 10:33:55.044,0.95773,0.95784,6.26,3.19
2017.06.29 10:33:55.910,0.95773,0.95784,7.01,3.19
2017.06.29 10:33:56.505,0.95774,0.95784,2.25,3.19
2017.06.29 10:33:56.953,0.95776,0.95784,2.06,1.37
2017.06.29 10:33:57.005,0.95776,0.95786,4.01,2.25
2017.06.29 10:33:57.543,0.95777,0.95786,1.01,1.00
2017.06.29 10:33:58.078,0.95777,0.95788,1.39,3.19
2017.06.29 10:33:58.697,0.95778,0.95788,2.25,3.19
2017.06.29 10:34:01.203,0.95777,0.95785,5.25,1.00
2017.06.29 10:34:03.831,0.95775,0.95785,4.12,1.72
2017.06.29 10:34:03.933,0.95776,0.95786,5.17,2.25
2017.06.29 10:34:04.178,0.9578,0.9579,1.00,2.44
2017.06.29 10:34:04.813,0.95779,0.95789,3.64,1.12
2017.06.29 10:34:04.966,0.95781,0.95789,3.00,1.87
2017.06.29 10:34:07.864,0.95781,0.9579,4.31,1.69
2017.06.29 10:34:08.069,0.95782,0.95792,4.01,3.19
2017.06.29 10:34:08.539,0.95782,0.95791,2.25,3.19
2017.06.29 10:34:10.937,0.95781,0.95791,3.75,6.56
2017.06.29 10:34:12.107,0.95782,0.9579,1.76,1.37
2017.06.29 10:34:12.363,0.9579,0.95796,1.50,2.25
2017.06.29 10:34:12.414,0.95791,0.95796,1.32,2.25
2017.06.29 10:34:12.517,0.95791,0.958,1.57,1.87
2017.06.29 10:34:12.569,0.95791,0.958,3.82,1.87
2017.06.29 10:34:13.267,0.95791,0.958,1.07,3.19
2017.06.29 10:34:13.954,0.95791,0.958,1.07,2.44
2017.06.29 10:34:14.384,0.9579,0.958,6.45,2.44
2017.06.29 10:34:15.494,0.9579,0.95799,3.82,1.00
2017.06.29 10:34:16.015,0.9579,0.95798,3.82,1.12
2017.06.29 10:34:18.086,0.95789,0.95798,3.07,1.87
2017.06.29 10:34:21.284,0.95788,0.95797,4.57,1.00
2017.06.29 10:34:21.818,0.95788,0.95799,5.32,1.50
2017.06.29 10:34:21.972,0.95788,0.95795,3.07,1.00
2017.06.29 10:34:22.280,0.95788,0.95797,2.32,1.50
2017.06.29 10:34:25.047,0.95788,0.95797,1.07,1.12
2017.06.29 10:34:25.150,0.95791,0.95799,3.75,1.50
2017.06.29 10:34:25.202,0.95791,0.958,4.12,1.25
2017.06.29 10:34:25.743,0.95792,0.958,1.00,1.25
2017.06.29 10:34:26.245,0.95792,0.95801,1.10,1.12
2017.06.29 10:34:27.459,0.95792,0.95801,1.07,1.12
2017.06.29 10:34:27.871,0.95792,0.95799,1.07,1.00
2017.06.29 10:34:28.419,0.95792,0.95798,1.10,1.00
2017.06.29 10:34:28.471,0.95789,0.95798,2.32,1.00
2017.06.29 10:34:29.875,0.95787,0.95794,1.07,1.00
2017.06.29 10:34:29.926,0.95785,0.95794,1.10,1.12
2017.06.29 10:34:30.796,0.95784,0.95794,5.70,1.50
2017.06.29 10:34:31.359,0.95784,0.95793,4.12,1.87
2017.06.29 10:34:31.769,0.95781,0.9579,1.57,1.00
2017.06.29 10:34:32.299,0.95781,0.9579,1.20,1.12
2017.06.29 10:34:34.284,0.95781,0.9579,4.95,1.12
2017.06.29 10:34:34.594,0.95781,0.95788,3.75,1.50
2017.06.29 10:34:36.666,0.95781,0.9579,4.69,1.31
2017.06.29 10:34:36.768,0.95781,0.95792,6.64,2.62
2017.06.29 10:34:37.006,0.95784,0.95792,3.75,1.87
2017.06.29 10:34:37.263,0.95785,0.95793,1.57,1.00
2017.06.29 10:34:37.314,0.95785,0.95795,2.32,1.00
2017.06.29 10:34:37.621,0.95787,0.95795,1.00,1.00
2017.06.29 10:34:38.430,0.95786,0.95796,4.39,1.12
2017.06.29 10:34:39.457,0.95789,0.95797,3.19,1.37
2017.06.29 10:34:39.611,0.95791,0.95799,1.50,1.87
2017.06.29 10:34:40.175,0.95792,0.95801,1.00,2.44
2017.06.29 10:34:40.571,0.9579,0.95797,1.87,1.00
2017.06.29 10:34:40.726,0.95786,0.95795,4.50,1.12
2017.06.29 10:34:41.316,0.95786,0.95794,1.50,1.37
2017.06.29 10:34:41.521,0.95781,0.95789,3.75,3.04
2017.06.29 10:34:41.574,0.95781,0.95787,3.75,1.00
2017.06.29 10:34:42.400,0.95778,0.95787,4.01,1.12
2017.06.29 10:34:42.941,0.95781,0.95788,1.00,1.12
2017.06.29 10:34:43.501,0.95781,0.9579,1.00,1.69
2017.06.29 10:34:44.118,0.95783,0.95789,3.75,1.12
2017.06.29 10:34:46.043,0.9578,0.95789,3.75,1.12
2017.06.29 10:34:48.505,0.95781,0.95791,1.00,6.07
2017.06.29 10:34:48.556,0.95783,0.95791,3.75,2.81
2017.06.29 10:34:49.067,0.95783,0.95789,3.75,1.12
2017.06.29 10:34:49.520,0.95779,0.95789,1.50,2.25
2017.06.29 10:34:49.677,0.95778,0.95788,2.14,1.37
2017.06.29 10:34:54.364,0.95782,0.95789,3.75,2.06
2017.06.29 10:34:54.480,0.95782,0.95791,4.12,4.57
2017.06.29 10:34:54.992,0.95783,0.95792,1.12,2.89
2017.06.29 10:34:55.976,0.95785,0.95794,1.00,2.81
2017.06.29 10:34:56.181,0.95783,0.95793,2.70,1.12
2017.06.29 10:34:57.564,0.95783,0.95792,1.50,3.00
2017.06.29 10:34:58.079,0.95782,0.95792,5.32,2.25
2017.06.29 10:34:58.554,0.95785,0.95794,1.00,2.44
2017.06.29 10:34:58.709,0.95785,0.95794,1.00,2.06
2017.06.29 10:34:59.920,0.95785,0.95795,2.06,1.50
2017.06.29 10:34:59.972,0.95788,0.95796,1.00,2.14
2017.06.29 10:35:00.177,0.9579,0.95798,1.87,1.12
2017.06.29 10:35:00.384,0.95791,0.95801,2.32,1.50
2017.06.29 10:35:00.934,0.95793,0.95801,1.00,1.12
2017.06.29 10:35:01.446,0.95792,0.95801,2.32,1.12
2017.06.29 10:35:01.955,0.95792,0.958,2.25,1.00
2017.06.29 10:35:03.780,0.95791,0.958,3.75,1.00
2017.06.29 10:35:04.300,0.95793,0.95801,1.00,2.25
2017.06.29 10:35:04.812,0.95793,0.958,1.00,1.00
2017.06.29 10:35:05.352,0.95791,0.958,6.26,1.00
2017.06.29 10:35:05.699,0.95793,0.95803,1.00,3.94
2017.06.29 10:35:06.250,0.95793,0.95803,1.87,3.56
2017.06.29 10:35:06.794,0.95793,0.95803,4.87,2.81
2017.06.29 10:35:07.103,0.95798,0.95804,1.72,1.50
2017.06.29 10:35:07.310,0.958,0.95807,4.50,1.00
2017.06.29 10:35:07.615,0.958,0.95809,4.87,1.25
2017.06.29 10:35:09.559,0.958,0.95811,5.70,5.06
2017.06.29 10:35:10.155,0.958,0.95811,5.32,4.31
2017.06.29 10:35:10.920,0.95801,0.95811,6.45,2.44
2017.06.29 10:35:11.127,0.95803,0.95812,1.10,1.12
2017.06.29 10:35:11.860,0.95803,0.95812,1.20,1.00
2017.06.29 10:35:11.911,0.95806,0.95812,2.25,1.50
2017.06.29 10:35:14.826,0.95803,0.95813,5.70,1.62
2017.06.29 10:35:14.877,0.95803,0.95813,5.70,1.62
2017.06.29 10:35:16.337,0.95804,0.95814,2.36,2.62
2017.06.29 10:35:16.674,0.95809,0.95817,3.75,2.06
2017.06.29 10:35:17.189,0.95809,0.95817,3.75,1.87
2017.06.29 10:35:17.499,0.95809,0.95817,3.75,3.00
2017.06.29 10:35:17.756,0.95809,0.95818,3.75,3.19
2017.06.29 10:35:18.655,0.95809,0.95817,3.75,2.44
2017.06.29 10:35:18.707,0.95808,0.95815,1.00,1.00
2017.06.29 10:35:18.862,0.95805,0.95815,3.82,3.37
2017.06.29 10:35:18.966,0.95805,0.95815,4.57,2.00
2017.06.29 10:35:19.493,0.95805,0.95815,2.32,1.69
2017.06.29 10:35:20.045,0.95806,0.95815,1.00,1.69
2017.06.29 10:35:20.352,0.95808,0.95815,1.57,1.12
2017.06.29 10:35:20.845,0.95805,0.95814,1.20,1.00
2017.06.29 10:35:21.989,0.95806,0.95815,1.20,3.00
2017.06.29 10:35:22.144,0.95804,0.95814,6.07,1.12
2017.06.29 10:35:22.659,0.95804,0.95814,5.70,1.69
2017.06.29 10:35:22.814,0.95805,0.95815,2.32,1.50
2017.06.29 10:35:23.326,0.95807,0.95816,1.00,3.19
2017.06.29 10:35:23.437,0.95806,0.95815,1.00,1.87
2017.06.29 10:35:23.642,0.95806,0.95816,1.20,5.06
2017.06.29 10:35:24.428,0.95807,0.95816,1.00,4.31
2017.06.29 10:35:26.408,0.95805,0.95814,4.20,1.00
2017.06.29 10:35:26.953,0.95805,0.95814,3.82,1.50
2017.06.29 10:35:28.163,0.95804,0.95813,1.00,1.87
2017.06.29 10:35:28.707,0.95803,0.95813,2.32,2.62
2017.06.29 10:35:29.250,0.95804,0.95813,1.00,2.62
2017.06.29 10:35:30.515,0.95803,0.95813,2.32,3.37
2017.06.29 10:35:31.049,0.95804,0.95813,1.20,1.87
2017.06.29 10:35:31.255,0.95804,0.95814,1.95,2.44
2017.06.29 10:35:35.821,0.95804,0.95813,1.57,1.00
2017.06.29 10:35:36.025,0.95804,0.95813,3.45,1.00
2017.06.29 10:35:36.581,0.95804,0.95813,3.82,1.00
2017.06.29 10:35:37.092,0.95805,0.95815,4.95,1.37
2017.06.29 10:35:37.839,0.95805,0.95815,4.95,1.37
2017.06.29 10:35:39.614,0.95805,0.95814,5.70,1.12
2017.06.29 10:35:40.081,0.95804,0.95813,2.70,1.37
2017.06.29 10:35:40.594,0.95804,0.95813,1.95,1.50
2017.06.29 10:35:41.142,0.95804,0.95814,1.57,5.25
2017.06.29 10:35:41.849,0.95804,0.95813,1.12,3.37
2017.06.29 10:35:42.570,0.95804,0.95813,1.20,1.00
2017.06.29 10:35:42.622,0.95804,0.95813,1.80,1.00
2017.06.29 10:35:43.132,0.95806,0.95815,1.20,2.62
2017.06.29 10:35:43.389,0.9581,0.95818,1.95,1.00
2017.06.29 10:35:43.940,0.9581,0.95819,1.57,1.62
2017.06.29 10:35:48.049,0.95811,0.95819,1.00,2.44
2017.06.29 10:35:48.197,0.95811,0.9582,1.00,1.12
2017.06.29 10:35:48.249,0.95813,0.95821,1.00,1.37
2017.06.29 10:35:48.759,0.95813,0.95822,1.20,1.50
2017.06.29 10:35:50.694,0.95812,0.95822,2.32,2.25
2017.06.29 10:35:51.236,0.95812,0.95821,5.70,1.50
2017.06.29 10:35:53.902,0.95812,0.95821,1.57,3.75
2017.06.29 10:35:54.422,0.95811,0.95821,2.32,5.25
2017.06.29 10:35:56.767,0.9581,0.9582,5.32,1.12
2017.06.29 10:35:59.440,0.95811,0.9582,1.45,1.12
2017.06.29 10:35:59.748,0.95814,0.95821,3.75,1.50
2017.06.29 10:36:00.716,0.95814,0.95823,3.82,1.69
2017.06.29 10:36:01.179,0.95814,0.95821,3.82,1.00
2017.06.29 10:36:01.702,0.95814,0.95821,3.75,1.87
2017.06.29 10:36:02.213,0.95812,0.95821,1.20,2.62
2017.06.29 10:36:04.107,0.95811,0.95821,5.70,2.62
2017.06.29 10:36:04.615,0.95811,0.9582,4.20,1.12
2017.06.29 10:36:05.337,0.95812,0.95821,2.14,1.12
2017.06.29 10:36:05.724,0.95815,0.95824,1.20,2.06
2017.06.29 10:36:06.274,0.95815,0.95824,4.57,1.50
2017.06.29 10:36:11.782,0.95813,0.95823,6.45,1.50
2017.06.29 10:36:12.308,0.95813,0.95822,3.75,1.12
2017.06.29 10:36:12.874,0.95812,0.95822,4.50,3.00
2017.06.29 10:36:12.978,0.95812,0.95821,3.75,1.37
2017.06.29 10:36:13.573,0.95812,0.95822,8.81,1.12
2017.06.29 10:36:14.413,0.95814,0.95822,3.75,1.12
2017.06.29 10:36:16.815,0.95813,0.95822,1.50,1.12
2017.06.29 10:36:17.330,0.95814,0.95823,1.00,1.50
2017.06.29 10:36:17.983,0.95813,0.95823,1.12,1.12
2017.06.29 10:36:19.794,0.95814,0.95824,2.25,2.32
2017.06.29 10:36:25.795,0.95815,0.95823,3.75,1.12
2017.06.29 10:36:27.179,0.95817,0.95825,1.00,2.81
2017.06.29 10:36:27.384,0.95821,0.9583,2.25,1.87
2017.06.29 10:36:27.435,0.95821,0.9583,2.25,1.50
2017.06.29 10:36:28.373,0.95821,0.9583,3.00,1.37
2017.06.29 10:36:29.485,0.95818,0.95825,2.32,1.12
2017.06.29 10:36:29.639,0.95814,0.95824,6.07,1.00
2017.06.29 10:36:29.845,0.95817,0.95826,1.50,1.87
2017.06.29 10:36:30.788,0.95818,0.95826,1.00,1.12
2017.06.29 10:36:31.347,0.9582,0.95829,1.00,1.37
2017.06.29 10:36:31.658,0.95827,0.95837,1.50,3.37
2017.06.29 10:36:31.966,0.95819,0.95824,1.00,1.57
2017.06.29 10:36:32.018,0.95814,0.95822,1.12,1.10
2017.06.29 10:36:32.397,0.95812,0.95821,4.69,1.00
2017.06.29 10:36:32.704,0.95813,0.95821,2.06,1.00
2017.06.29 10:36:32.860,0.95813,0.95823,4.31,1.00
2017.06.29 10:36:34.181,0.95814,0.95824,1.69,2.25
2017.06.29 10:36:35.218,0.95813,0.95823,3.00,1.00
2017.06.29 10:36:35.321,0.95813,0.95822,1.00,1.00
2017.06.29 10:36:35.838,0.95813,0.95823,2.06,1.12
2017.06.29 10:36:35.993,0.95815,0.95825,1.12,1.37
2017.06.29 10:36:36.338,0.95819,0.95826,3.75,1.76
2017.06.29 10:36:36.850,0.95819,0.95827,3.75,1.10
2017.06.29 10:36:37.380,0.95819,0.95828,4.50,1.00
2017.06.29 10:36:37.901,0.9582,0.9583,3.37,1.87
2017.06.29 10:36:38.874,0.95822,0.9583,2.25,1.12
2017.06.29 10:36:39.079,0.95823,0.95832,1.12,1.10
2017.06.29 10:36:39.601,0.95823,0.95833,1.12,1.57
2017.06.29 10:36:40.131,0.95822,0.95832,6.19,1.00
2017.06.29 10:36:40.669,0.95823,0.95833,2.06,1.20
2017.06.29 10:36:40.721,0.95827,0.95834,1.50,1.37
2017.06.29 10:36:40.875,0.95829,0.95838,1.00,1.12
2017.06.29 10:36:41.756,0.95829,0.95839,1.50,2.32
2017.06.29 10:36:44.145,0.95829,0.95839,1.00,1.45
2017.06.29 10:36:44.682,0.95829,0.95839,1.00,1.00
2017.06.29 10:36:45.230,0.95829,0.9584,1.50,3.45
2017.06.29 10:36:45.779,0.9583,0.9584,3.75,2.32
2017.06.29 10:36:47.009,0.95831,0.95841,2.62,1.87
2017.06.29 10:36:47.522,0.95835,0.95843,1.00,1.00
2017.06.29 10:36:47.749,0.95839,0.95849,1.87,2.70
2017.06.29 10:36:47.852,0.95839,0.95849,2.62,1.50
2017.06.29 10:36:47.955,0.95839,0.95849,2.62,1.00
2017.06.29 10:36:48.493,0.9584,0.9585,1.00,2.70
2017.06.29 10:36:48.991,0.95845,0.95853,1.00,2.32
2017.06.29 10:36:49.093,0.95845,0.95855,1.12,4.57
2017.06.29 10:36:49.625,0.95845,0.95855,1.12,1.57
2017.06.29 10:36:49.830,0.95846,0.95856,1.50,2.32
2017.06.29 10:36:50.482,0.95846,0.95856,1.50,1.57
2017.06.29 10:36:51.224,0.95848,0.95858,1.00,2.32
2017.06.29 10:36:51.737,0.95849,0.95858,3.75,3.82
2017.06.29 10:36:52.478,0.95847,0.95855,1.00,1.69
2017.06.29 10:36:52.634,0.95844,0.95853,1.50,1.44
2017.06.29 10:36:53.159,0.95842,0.95851,3.00,1.00
2017.06.29 10:36:53.263,0.95842,0.95851,2.62,4.95
2017.06.29 10:36:53.785,0.95842,0.9585,2.25,1.95
2017.06.29 10:36:54.570,0.95842,0.9585,2.25,1.12
2017.06.29 10:36:55.505,0.95841,0.9585,2.25,1.12
2017.06.29 10:36:57.954,0.9584,0.9585,1.00,2.70
2017.06.29 10:36:59.156,0.95839,0.95847,1.00,3.00
2017.06.29 10:36:59.464,0.95838,0.95843,3.75,1.12
2017.06.29 10:37:00.495,0.95834,0.95844,1.10,3.37
2017.06.29 10:37:01.682,0.95833,0.95842,4.01,1.12
2017.06.29 10:37:02.143,0.95835,0.95844,1.10,1.00
2017.06.29 10:37:02.246,0.95837,0.95846,1.10,1.00
2017.06.29 10:37:02.297,0.95838,0.95848,1.12,1.00
2017.06.29 10:37:02.496,0.9584,0.95849,1.12,3.00
2017.06.29 10:37:04.110,0.95838,0.95846,1.37,1.50
2017.06.29 10:37:04.213,0.95835,0.95847,3.45,2.25
2017.06.29 10:37:04.315,0.95836,0.95847,1.20,3.00
2017.06.29 10:37:04.826,0.95837,0.95847,1.10,2.25
2017.06.29 10:37:05.350,0.95837,0.95847,1.10,1.00
2017.06.29 10:37:05.994,0.95838,0.95847,1.00,1.00
2017.06.29 10:37:06.097,0.95839,0.95849,1.00,4.95
2017.06.29 10:37:07.009,0.9584,0.95849,1.00,1.00
2017.06.29 10:37:07.163,0.95839,0.95846,1.00,1.00
2017.06.29 10:37:07.674,0.95838,0.95847,5.62,1.00
2017.06.29 10:37:08.416,0.95839,0.95849,1.12,1.50
2017.06.29 10:37:11.786,0.95837,0.95845,2.25,1.81
2017.06.29 10:37:11.890,0.95834,0.95845,2.32,1.62
2017.06.29 10:37:11.941,0.95834,0.95845,1.57,3.19
2017.06.29 10:37:12.300,0.95835,0.95845,1.50,1.00
2017.06.29 10:37:12.810,0.95835,0.95846,2.25,1.20
2017.06.29 10:37:14.039,0.95837,0.95847,4.50,2.62
2017.06.29 10:37:15.697,0.9584,0.95848,1.00,1.12
2017.06.29 10:37:17.622,0.9584,0.9585,1.01,1.87
2017.06.29 10:37:18.460,0.95841,0.9585,1.00,1.37
2017.06.29 10:37:19.062,0.95842,0.95852,1.00,2.62
2017.06.29 10:37:21.456,0.95844,0.95852,1.00,1.75
2017.06.29 10:37:21.558,0.95845,0.95855,1.20,1.12
2017.06.29 10:37:22.069,0.95846,0.95856,1.00,2.32
2017.06.29 10:37:22.587,0.95846,0.95856,1.50,1.20
2017.06.29 10:37:23.899,0.95846,0.95855,1.50,1.00
2017.06.29 10:37:24.429,0.95846,0.95854,1.00,2.62
2017.06.29 10:37:24.788,0.95842,0.95853,3.75,1.00
2017.06.29 10:37:24.840,0.95842,0.9585,1.00,1.00
2017.06.29 10:37:25.168,0.95838,0.95846,1.00,1.75
2017.06.29 10:37:25.580,0.95833,0.95843,6.45,1.25
2017.06.29 10:37:25.683,0.95833,0.95843,2.14,1.69
2017.06.29 10:37:26.586,0.95834,0.95843,1.00,1.00
2017.06.29 10:37:27.095,0.95833,0.95843,1.10,1.87
2017.06.29 10:37:31.871,0.95834,0.95843,1.00,1.87
2017.06.29 10:37:32.386,0.95833,0.95843,1.20,1.00
2017.06.29 10:37:34.520,0.95833,0.95841,1.00,1.00
2017.06.29 10:37:34.850,0.95832,0.95841,1.00,3.94
2017.06.29 10:37:35.385,0.95831,0.9584,1.95,2.00
2017.06.29 10:37:38.375,0.9583,0.9584,1.20,2.25
2017.06.29 10:37:38.914,0.9583,0.95839,1.00,2.00
2017.06.29 10:37:42.659,0.9583,0.9584,1.00,2.44
2017.06.29 10:37:44.158,0.95831,0.95841,3.26,2.44
2017.06.29 10:37:44.481,0.95831,0.95841,2.51,1.00
2017.06.29 10:37:45.281,0.95833,0.95841,1.00,1.00
2017.06.29 10:37:45.857,0.95833,0.95844,1.00,2.70
2017.06.29 10:37:46.275,0.95835,0.95844,1.00,2.44
2017.06.29 10:37:46.853,0.95835,0.95844,1.00,1.50
2017.06.29 10:37:47.561,0.95835,0.95844,1.00,1.50
2017.06.29 10:37:48.284,0.95834,0.95844,1.69,1.50
2017.06.29 10:37:48.778,0.95833,0.95843,1.95,2.44
2017.06.29 10:37:56.002,0.95834,0.95844,1.00,4.12
2017.06.29 10:37:58.289,0.95835,0.95844,1.00,2.44
2017.06.29 10:37:58.392,0.95835,0.95844,1.25,1.69
2017.06.29 10:37:59.079,0.95833,0.95844,1.20,5.62
2017.06.29 10:37:59.634,0.95832,0.95843,2.44,2.70
2017.06.29 10:38:00.282,0.95833,0.95843,1.00,2.70
2017.06.29 10:38:00.608,0.95835,0.95844,1.00,1.12
2017.06.29 10:38:00.918,0.95837,0.95847,1.69,3.45
2017.06.29 10:38:01.226,0.95841,0.9585,1.00,4.95
2017.06.29 10:38:01.371,0.9584,0.9585,1.00,4.50
2017.06.29 10:38:03.223,0.9584,0.95849,1.50,1.12
2017.06.29 10:38:03.733,0.95841,0.95848,1.00,1.00
2017.06.29 10:38:04.394,0.9584,0.95848,1.50,1.00
2017.06.29 10:38:06.312,0.9584,0.95849,2.25,3.37
2017.06.29 10:38:06.621,0.95839,0.95847,1.75,1.95
2017.06.29 10:38:06.931,0.95839,0.95847,1.00,1.95
2017.06.29 10:38:07.344,0.95836,0.95843,1.12,1.00
2017.06.29 10:38:07.895,0.95837,0.95842,1.00,1.00
2017.06.29 10:38:08.378,0.95837,0.95845,1.00,1.20
2017.06.29 10:38:09.375,0.95836,0.95844,1.50,1.12
2017.06.29 10:38:10.463,0.95837,0.95844,1.00,1.00
2017.06.29 10:38:11.015,0.95837,0.95846,1.69,2.25
2017.06.29 10:38:11.559,0.95837,0.95846,1.50,2.62
2017.06.29 10:38:11.969,0.95834,0.95842,2.70,1.00
2017.06.29 10:38:12.123,0.95832,0.95841,1.50,1.00
2017.06.29 10:38:12.648,0.95832,0.95841,1.69,1.12
2017.06.29 10:38:14.758,0.95834,0.95842,1.00,1.50
2017.06.29 10:38:15.272,0.95833,0.95842,1.00,2.25
2017.06.29 10:38:15.993,0.95833,0.95841,1.00,1.00
2017.06.29 10:38:19.834,0.95834,0.95841,1.00,1.00
2017.06.29 10:38:20.344,0.95833,0.95841,1.00,1.00
2017.06.29 10:38:22.396,0.95834,0.95841,1.00,1.00
2017.06.29 10:38:22.906,0.95833,0.95841,1.00,1.00
2017.06.29 10:38:26.847,0.95832,0.95841,1.00,1.87
2017.06.29 10:38:31.949,0.95832,0.95839,1.00,1.00
2017.06.29 10:38:34.076,0.95832,0.95841,1.00,3.00
2017.06.29 10:38:35.848,0.95833,0.95841,1.25,1.50
2017.06.29 10:38:36.402,0.95832,0.95841,1.25,1.50
2017.06.29 10:38:38.527,0.95831,0.95841,1.50,3.00
2017.06.29 10:38:38.835,0.9583,0.95839,1.00,1.57
2017.06.29 10:38:39.117,0.95828,0.95837,1.50,1.50
2017.06.29 10:38:39.781,0.95826,0.95836,1.37,1.00
2017.06.29 10:38:40.534,0.95826,0.95836,1.12,1.00
2017.06.29 10:38:40.955,0.95826,0.95834,1.12,1.00
2017.06.29 10:38:41.639,0.95827,0.95834,1.00,1.12
2017.06.29 10:38:41.845,0.95827,0.95837,1.00,3.45
2017.06.29 10:38:44.193,0.95826,0.95836,1.12,3.00
2017.06.29 10:38:48.358,0.95826,0.95835,1.12,1.00
2017.06.29 10:38:48.933,0.95826,0.95835,1.00,1.50
2017.06.29 10:38:49.443,0.95824,0.95836,4.39,4.76
2017.06.29 10:38:49.962,0.95824,0.95834,2.62,3.00
2017.06.29 10:38:50.319,0.95823,0.95833,1.12,1.50
2017.06.29 10:38:50.995,0.95822,0.95831,1.87,1.00
2017.06.29 10:38:51.415,0.95819,0.9583,5.25,1.57
2017.06.29 10:38:51.466,0.95819,0.95826,4.87,1.00
2017.06.29 10:38:51.723,0.95815,0.95824,1.12,1.50
2017.06.29 10:38:55.994,0.95815,0.95824,1.76,1.50
2017.06.29 10:38:56.264,0.95818,0.95826,1.25,1.87
2017.06.29 10:38:56.316,0.95818,0.95826,1.25,1.12
2017.06.29 10:38:56.828,0.95819,0.95827,1.00,2.25
2017.06.29 10:38:57.349,0.95818,0.95827,1.00,1.87
2017.06.29 10:38:57.859,0.95818,0.95827,1.00,2.25
2017.06.29 10:38:58.680,0.95819,0.95827,1.00,1.12
2017.06.29 10:38:58.885,0.95817,0.95827,1.95,3.19
2017.06.29 10:38:59.797,0.95819,0.95827,1.00,2.06
2017.06.29 10:39:00.313,0.95819,0.95828,1.39,1.00
2017.06.29 10:39:00.825,0.9582,0.95829,1.25,1.87
2017.06.29 10:39:03.235,0.95819,0.95827,1.00,2.06
2017.06.29 10:39:03.338,0.95817,0.95827,1.12,4.31
2017.06.29 10:39:03.814,0.95818,0.95828,2.89,1.87
2017.06.29 10:39:05.771,0.95817,0.95827,2.32,1.12
2017.06.29 10:39:06.365,0.95818,0.95828,1.69,2.62
2017.06.29 10:39:06.966,0.95819,0.95828,1.00,1.87
2017.06.29 10:39:07.018,0.95817,0.95826,1.57,1.12
2017.06.29 10:39:10.094,0.95818,0.95828,1.00,1.87
2017.06.29 10:39:10.612,0.95819,0.95829,1.00,1.87
2017.06.29 10:39:11.146,0.95819,0.95829,3.19,2.62
2017.06.29 10:39:12.394,0.95818,0.95827,1.57,2.25
2017.06.29 10:39:12.945,0.95817,0.95826,1.20,1.50
2017.06.29 10:39:15.924,0.95818,0.95827,1.00,2.06
2017.06.29 10:39:25.478,0.95818,0.95828,1.00,1.50
2017.06.29 10:39:26.156,0.95819,0.95829,1.00,7.01
2017.06.29 10:39:28.484,0.9582,0.95829,1.00,2.06
2017.06.29 10:39:29.496,0.95819,0.95829,1.25,3.94
2017.06.29 10:39:31.720,0.9582,0.95829,1.69,2.00
2017.06.29 10:39:32.226,0.9582,0.95829,1.25,1.50
2017.06.29 10:39:33.306,0.9582,0.95829,1.19,1.50
2017.06.29 10:39:33.893,0.9582,0.95829,2.06,1.00
2017.06.29 10:39:34.407,0.95826,0.9583,1.00,1.12
2017.06.29 10:39:34.548,0.95826,0.95833,1.19,1.87
2017.06.29 10:39:34.753,0.95827,0.95837,2.06,1.12
2017.06.29 10:39:35.264,0.95827,0.95837,1.00,2.25
2017.06.29 10:39:35.783,0.95826,0.95837,3.07,2.25
2017.06.29 10:39:36.112,0.95826,0.95834,1.50,1.00
2017.06.29 10:39:37.955,0.95827,0.95834,1.87,1.12
2017.06.29 10:39:38.007,0.95829,0.95837,1.00,1.95
2017.06.29 10:39:38.110,0.95831,0.95837,1.00,1.00
2017.06.29 10:39:38.439,0.95831,0.95841,1.00,5.51
2017.06.29 10:39:39.006,0.9583,0.9584,1.00,1.57
2017.06.29 10:39:47.705,0.95829,0.95837,1.50,1.00
2017.06.29 10:39:48.013,0.95828,0.95836,1.00,2.14
2017.06.29 10:39:48.167,0.95828,0.95837,1.00,1.57
2017.06.29 10:39:48.728,0.95827,0.95837,1.00,2.32
2017.06.29 10:39:50.124,0.95826,0.95836,1.50,2.32
2017.06.29 10:39:50.228,0.95825,0.95834,2.62,1.00
2017.06.29 10:39:50.381,0.95824,0.95834,1.25,1.57
2017.06.29 10:39:50.536,0.95823,0.95834,1.31,3.64
2017.06.29 10:39:53.513,0.95825,0.95835,1.00,2.70
2017.06.29 10:39:53.667,0.95827,0.95837,1.00,2.32
2017.06.29 10:39:53.873,0.95825,0.95835,1.12,2.25
2017.06.29 10:39:54.460,0.95824,0.95834,1.57,2.25
2017.06.29 10:39:54.715,0.95823,0.95834,1.76,2.25
2017.06.29 10:39:56.735,0.95824,0.95834,1.31,1.57
2017.06.29 10:39:56.844,0.95827,0.95834,1.50,1.50
2017.06.29 10:39:56.946,0.95827,0.95837,1.00,1.95
2017.06.29 10:39:57.049,0.95825,0.95835,2.81,1.87
2017.06.29 10:39:57.574,0.95825,0.95835,1.50,3.82
2017.06.29 10:39:58.116,0.95824,0.95834,2.44,1.50
2017.06.29 10:39:59.144,0.95825,0.95834,1.00,2.25
2017.06.29 10:39:59.902,0.95827,0.95836,1.25,1.85
2017.06.29 10:39:59.956,0.95827,0.95836,1.25,1.10
2017.06.29 10:40:00.481,0.95828,0.95837,1.31,1.20
2017.06.29 10:40:01.450,0.9583,0.95839,1.25,1.95
2017.06.29 10:40:01.674,0.9583,0.95839,1.12,1.20
2017.06.29 10:40:02.442,0.95829,0.95839,1.50,1.20
2017.06.29 10:40:04.073,0.95829,0.95839,1.37,1.20
2017.06.29 10:40:04.650,0.9583,0.95839,1.12,1.10
2017.06.29 10:40:04.906,0.9583,0.95839,5.29,1.10
2017.06.29 10:40:08.338,0.95832,0.95842,2.81,1.57
2017.06.29 10:40:08.545,0.95833,0.95843,2.44,1.10
2017.06.29 10:40:08.848,0.95835,0.95844,2.06,1.20
2017.06.29 10:40:14.405,0.95835,0.95847,4.50,3.07
2017.06.29 10:40:14.930,0.95834,0.95844,2.44,1.01
2017.06.29 10:40:15.542,0.95834,0.95844,2.44,1.57
2017.06.29 10:40:16.109,0.95834,0.95844,2.44,1.57
2017.06.29 10:40:16.437,0.95833,0.95841,1.75,1.00
2017.06.29 10:40:16.490,0.95833,0.95841,1.12,1.00
2017.06.29 10:40:17.338,0.95834,0.95842,2.44,1.20
2017.06.29 10:40:17.390,0.95834,0.95844,3.94,1.61
2017.06.29 10:40:17.595,0.95834,0.95841,1.12,1.00
2017.06.29 10:40:17.748,0.95834,0.95844,1.00,1.76
2017.06.29 10:40:24.118,0.95835,0.95844,1.69,1.10
2017.06.29 10:40:25.901,0.95837,0.95844,1.25,1.00
2017.06.29 10:40:25.953,0.95837,0.95847,1.12,3.82
2017.06.29 10:40:28.222,0.95838,0.95847,1.00,1.07
2017.06.29 10:40:28.482,0.9584,0.95849,1.25,1.45
2017.06.29 10:40:29.100,0.9584,0.9585,1.12,2.70
2017.06.29 10:40:30.877,0.95839,0.95847,1.50,1.00
2017.06.29 10:40:31.184,0.95834,0.95844,1.50,1.95
2017.06.29 10:40:31.236,0.95834,0.95844,1.50,2.32
2017.06.29 10:40:38.750,0.95834,0.95844,2.06,2.32
2017.06.29 10:40:39.281,0.95834,0.95844,2.44,2.70
2017.06.29 10:40:40.623,0.95836,0.95844,1.00,1.00
2017.06.29 10:40:40.726,0.95836,0.95847,3.94,2.32
2017.06.29 10:40:44.254,0.95837,0.95847,2.06,1.57
2017.06.29 10:40:45.045,0.95837,0.95847,1.12,1.57
2017.06.29 10:40:46.573,0.95838,0.95847,1.00,1.95
2017.06.29 10:40:47.100,0.95838,0.95847,1.00,1.00
2017.06.29 10:40:49.038,0.95837,0.95847,1.12,1.57
2017.06.29 10:40:49.571,0.95838,0.95847,1.00,1.10
2017.06.29 10:40:50.273,0.95837,0.95847,1.31,1.57
2017.06.29 10:40:52.090,0.95837,0.95847,1.12,2.70
2017.06.29 10:40:54.260,0.95838,0.95847,1.00,1.57
2017.06.29 10:40:54.783,0.95838,0.95847,1.00,1.10
2017.06.29 10:41:00.028,0.95839,0.95848,1.00,1.95
2017.06.29 10:41:00.256,0.95839,0.95849,1.12,2.70
2017.06.29 10:41:00.827,0.95839,0.95849,1.12,2.70
2017.06.29 10:41:01.066,0.95836,0.95844,2.51,1.00
2017.06.29 10:41:01.169,0.95834,0.95844,1.76,1.12
2017.06.29 10:41:03.169,0.95836,0.95844,1.25,1.12
2017.06.29 10:41:04.634,0.95835,0.95844,1.50,1.50
2017.06.29 10:41:05.226,0.95837,0.95844,1.00,1.12
2017.06.29 10:41:05.774,0.95836,0.95844,1.00,1.00
2017.06.29 10:41:06.430,0.95837,0.95844,1.00,1.00
2017.06.29 10:41:06.986,0.95836,0.95844,1.00,1.00
2017.06.29 10:41:07.313,0.95837,0.95847,2.06,1.57
2017.06.29 10:41:07.835,0.95837,0.95848,1.87,2.89
2017.06.29 10:41:08.028,0.9584,0.95848,1.25,1.47
2017.06.29 10:41:08.131,0.9584,0.95849,1.00,1.50
2017.06.29 10:41:08.439,0.95837,0.95847,1.69,1.57
2017.06.29 10:41:08.775,0.95834,0.95844,2.44,1.31
2017.06.29 10:41:08.878,0.95836,0.95845,1.50,1.50
2017.06.29 10:41:09.083,0.9584,0.9585,1.76,1.87
2017.06.29 10:41:09.237,0.9584,0.95851,4.39,1.50
2017.06.29 10:41:18.865,0.95841,0.95851,1.50,1.57
2017.06.29 10:41:19.380,0.9584,0.9585,1.50,2.32
2017.06.29 10:41:19.888,0.9584,0.95849,1.12,1.20
2017.06.29 10:41:20.404,0.9584,0.95849,1.12,1.20
2017.06.29 10:41:23.871,0.95839,0.95845,1.62,1.44
2017.06.29 10:41:23.973,0.95836,0.95844,1.12,1.95
2017.06.29 10:41:24.175,0.95834,0.95844,1.69,3.07
2017.06.29 10:41:24.752,0.95836,0.95845,1.25,1.76
2017.06.29 10:41:24.906,0.95836,0.95846,1.25,3.45
2017.06.29 10:41:25.842,0.95836,0.95844,1.00,1.00
2017.06.29 10:41:39.814,0.95836,0.95844,1.87,1.00
2017.06.29 10:41:40.806,0.95836,0.95844,1.12,1.00
2017.06.29 10:41:46.283,0.95836,0.95844,2.81,1.00
2017.06.29 10:41:46.437,0.95838,0.95847,1.25,1.57
2017.06.29 10:41:47.194,0.95836,0.95845,1.87,1.50
2017.06.29 10:41:47.452,0.95837,0.95847,1.00,1.87
2017.06.29 10:41:48.452,0.95838,0.95847,1.69,1.37
2017.06.29 10:41:48.962,0.95838,0.95848,2.06,3.07
2017.06.29 10:41:49.468,0.95838,0.95849,2.06,3.07
2017.06.29 10:41:50.341,0.95839,0.95849,2.44,2.25
2017.06.29 10:41:55.859,0.9584,0.95848,1.00,1.10
2017.06.29 10:41:56.319,0.95838,0.95847,1.25,1.12
2017.06.29 10:41:56.855,0.95837,0.95847,2.25,2.70
2017.06.29 10:41:58.388,0.95836,0.95844,2.06,1.25
2017.06.29 10:41:58.646,0.95833,0.95842,1.12,1.20
2017.06.29 10:41:59.532,0.95833,0.95843,1.12,2.62
2017.06.29 10:42:00.242,0.95834,0.95841,1.25,1.12
2017.06.29 10:42:00.882,0.95835,0.95844,1.69,2.62
2017.06.29 10:42:01.036,0.95836,0.95846,2.06,3.82
2017.06.29 10:42:03.286,0.95835,0.95844,1.50,1.12
2017.06.29 10:42:03.568,0.9583,0.9584,2.62,1.50
2017.06.29 10:42:04.081,0.9583,0.9584,2.62,1.87
2017.06.29 10:42:04.635,0.9583,0.9584,2.62,1.50
2017.06.29 10:42:05.855,0.95831,0.95839,1.12,1.00
2017.06.29 10:42:12.209,0.9583,0.95839,1.12,1.12
2017.06.29 10:42:18.868,0.9583,0.95839,1.69,1.12
2017.06.29 10:42:21.623,0.9583,0.95839,2.51,1.12
2017.06.29 10:42:21.725,0.95831,0.95839,1.69,1.12
2017.06.29 10:42:22.391,0.95831,0.95839,1.31,1.00
2017.06.29 10:42:23.646,0.95831,0.95839,2.06,1.00
2017.06.29 10:42:24.408,0.95832,0.9584,1.31,1.00
2017.06.29 10:42:24.513,0.95833,0.95842,1.19,2.25
2017.06.29 10:42:25.021,0.95833,0.95841,1.19,1.00
2017.06.29 10:42:28.010,0.95833,0.95841,1.25,1.00
2017.06.29 10:42:33.688,0.95833,0.95841,2.44,1.00
2017.06.29 10:42:37.736,0.95836,0.95843,1.00,1.00
2017.06.29 10:42:37.891,0.95836,0.95847,3.67,1.50
2017.06.29 10:42:37.994,0.95839,0.95848,1.25,1.12
2017.06.29 10:42:41.366,0.95836,0.95845,2.06,1.87
2017.06.29 10:42:41.468,0.95835,0.95844,1.01,1.12
2017.06.29 10:42:43.268,0.95833,0.95844,1.76,3.37
2017.06.29 10:42:43.373,0.95833,0.95842,1.39,1.12
2017.06.29 10:42:43.479,0.95832,0.95841,1.12,1.00
2017.06.29 10:42:44.196,0.95832,0.95841,1.00,1.50
2017.06.29 10:42:44.709,0.95831,0.95841,1.25,2.62
2017.06.29 10:42:45.068,0.95832,0.95841,1.44,1.50
2017.06.29 10:42:48.280,0.95836,0.95841,1.62,1.00
2017.06.29 10:42:48.331,0.95837,0.95843,1.10,1.00
2017.06.29 10:42:48.437,0.95835,0.95846,4.80,1.50
2017.06.29 10:42:48.634,0.95838,0.95847,1.10,1.12
2017.06.29 10:42:49.343,0.95839,0.95848,1.00,1.50
2017.06.29 10:42:49.981,0.95839,0.95848,1.00,1.12
2017.06.29 10:42:50.499,0.9584,0.95849,1.25,1.12
2017.06.29 10:42:56.849,0.9584,0.95849,1.69,1.12
2017.06.29 10:43:00.122,0.9584,0.95849,1.25,1.12
2017.06.29 10:43:10.133,0.95841,0.95849,1.19,1.12
2017.06.29 10:43:10.818,0.9584,0.95849,2.89,1.00
2017.06.29 10:43:26.788,0.95842,0.95849,2.06,1.00
2017.06.29 10:43:27.096,0.95842,0.95852,2.06,1.87
2017.06.29 10:43:27.995,0.95843,0.95853,1.62,3.37
2017.06.29 10:43:28.098,0.95843,0.95853,1.31,1.50
2017.06.29 10:43:30.023,0.95842,0.95852,2.06,1.37
2017.06.29 10:43:30.178,0.95841,0.95851,1.00,2.25
2017.06.29 10:43:32.222,0.95842,0.95851,1.00,2.25
2017.06.29 10:43:39.236,0.95841,0.95851,1.25,2.25
2017.06.29 10:43:42.068,0.9584,0.95849,1.12,1.00
2017.06.29 10:43:42.612,0.9584,0.95849,1.39,1.12
2017.06.29 10:43:44.426,0.95841,0.95849,1.37,1.12
2017.06.29 10:43:45.267,0.95841,0.9585,1.47,1.50
2017.06.29 10:43:45.792,0.95841,0.9585,1.10,1.12
2017.06.29 10:43:49.819,0.95841,0.95851,3.86,2.25
2017.06.29 10:43:50.332,0.95841,0.95851,1.31,1.50
2017.06.29 10:43:58.222,0.95842,0.95851,2.06,1.50
2017.06.29 10:43:58.732,0.95842,0.95851,3.11,1.00
2017.06.29 10:43:59.653,0.95843,0.95853,2.14,1.50
2017.06.29 10:44:00.180,0.95843,0.95853,1.20,1.50
2017.06.29 10:44:00.705,0.95843,0.95853,2.14,1.50
2017.06.29 10:44:01.466,0.95843,0.95853,1.57,1.50
2017.06.29 10:44:03.736,0.95845,0.95853,1.00,1.50
2017.06.29 10:44:04.043,0.95848,0.95857,1.00,1.37
2017.06.29 10:44:04.145,0.95848,0.95857,1.00,1.37
2017.06.29 10:44:05.826,0.95848,0.95857,3.41,1.50
2017.06.29 10:44:06.348,0.9585,0.95857,1.25,1.00
2017.06.29 10:44:07.844,0.9585,0.95859,1.25,1.50
2017.06.29 10:44:10.182,0.95849,0.9586,1.95,2.44
2017.06.29 10:44:12.969,0.95849,0.9586,3.30,2.44
2017.06.29 10:44:13.762,0.95849,0.9586,2.92,2.44
2017.06.29 10:44:19.360,0.9585,0.95857,1.00,1.00
2017.06.29 10:44:19.898,0.95849,0.9586,2.74,1.75
2017.06.29 10:44:20.445,0.95849,0.9586,2.29,1.75
2017.06.29 10:44:21.439,0.9585,0.95859,1.00,1.50
2017.06.29 10:44:23.643,0.95848,0.95857,1.50,1.00
2017.06.29 10:44:23.797,0.95847,0.95856,1.00,1.12
2017.06.29 10:44:24.415,0.95846,0.95856,1.87,1.50
2017.06.29 10:44:25.127,0.95847,0.95857,1.87,2.25
2017.06.29 10:44:25.407,0.95847,0.95853,1.00,1.00
2017.06.29 10:44:25.658,0.95843,0.95853,1.39,1.50
2017.06.29 10:44:25.914,0.95846,0.95854,1.00,1.75
2017.06.29 10:44:26.067,0.95846,0.95855,1.31,1.00
2017.06.29 10:44:26.579,0.95847,0.95856,1.69,1.00
2017.06.29 10:44:27.240,0.95847,0.95857,1.69,1.12
2017.06.29 10:44:29.068,0.95846,0.95855,1.47,1.00
2017.06.29 10:44:29.370,0.95843,0.95853,1.57,1.50
2017.06.29 10:44:31.204,0.95843,0.95851,1.25,1.00
2017.06.29 10:44:31.956,0.95845,0.95851,1.50,1.00
2017.06.29 10:44:32.106,0.95846,0.95855,1.72,1.87
2017.06.29 10:44:32.415,0.95847,0.95857,2.14,1.12
2017.06.29 10:44:33.048,0.95848,0.95858,1.00,2.62
2017.06.29 10:44:36.843,0.95849,0.95859,1.25,2.25
2017.06.29 10:44:37.664,0.9585,0.95859,1.01,1.50
2017.06.29 10:44:38.182,0.9585,0.95859,1.20,1.50
2017.06.29 10:44:45.367,0.9585,0.95859,1.00,1.50
2017.06.29 10:44:48.035,0.95852,0.9586,1.50,1.00
2017.06.29 10:44:48.343,0.95856,0.95866,1.25,2.62
2017.06.29 10:44:48.857,0.95856,0.95866,1.87,1.12
2017.06.29 10:44:49.535,0.95857,0.95866,1.00,1.12
2017.06.29 10:44:55.404,0.95855,0.95864,1.37,2.70
2017.06.29 10:44:55.557,0.95852,0.95861,1.12,1.12
2017.06.29 10:44:56.068,0.95852,0.95861,1.00,1.50
2017.06.29 10:44:56.611,0.95851,0.9586,1.00,1.12
2017.06.29 10:44:59.923,0.9585,0.95862,4.69,3.79
2017.06.29 10:45:01.099,0.9585,0.9586,1.31,1.31
2017.06.29 10:45:01.782,0.9585,0.95859,2.06,1.00
2017.06.29 10:45:02.803,0.9585,0.95859,1.87,1.00
2017.06.29 10:45:05.300,0.9585,0.95858,1.00,1.00
2017.06.29 10:45:05.910,0.95849,0.95858,1.12,1.12
2017.06.29 10:45:06.657,0.95848,0.95857,1.20,1.00
2017.06.29 10:45:09.307,0.95849,0.95859,1.95,1.50
2017.06.29 10:45:09.675,0.95854,0.95864,1.57,1.37
2017.06.29 10:45:10.399,0.95855,0.95864,1.00,1.12
2017.06.29 10:45:11.827,0.95854,0.95862,1.31,1.25
2017.06.29 10:45:12.148,0.95852,0.9586,1.00,3.94
2017.06.29 10:45:12.200,0.95848,0.9586,2.89,3.94
2017.06.29 10:45:12.940,0.9585,0.95859,1.00,1.37
2017.06.29 10:45:14.040,0.95848,0.95858,2.25,1.12
2017.06.29 10:45:14.092,0.9585,0.95858,1.00,1.00
2017.06.29 10:45:14.715,0.9585,0.95859,1.00,3.56
2017.06.29 10:45:15.388,0.95849,0.95858,1.00,1.69
2017.06.29 10:45:16.867,0.95849,0.95858,1.00,2.44
2017.06.29 10:45:17.614,0.95849,0.95858,1.00,1.69
2017.06.29 10:45:17.921,0.95847,0.95857,1.31,2.44
2017.06.29 10:45:18.281,0.95849,0.95857,1.00,1.12
2017.06.29 10:45:19.421,0.9585,0.95857,1.00,1.00
2017.06.29 10:45:19.646,0.95853,0.95864,2.89,4.12
2017.06.29 10:45:19.750,0.95854,0.95864,1.20,4.12
2017.06.29 10:45:21.192,0.95853,0.95861,1.62,1.00
2017.06.29 10:45:21.708,0.95852,0.95861,1.76,1.00
2017.06.29 10:45:24.296,0.95853,0.95861,2.44,1.00
2017.06.29 10:45:24.687,0.95856,0.95862,1.00,1.00
2017.06.29 10:45:25.651,0.95855,0.95862,1.00,1.00
2017.06.29 10:45:27.445,0.95854,0.95862,1.12,1.00
2017.06.29 10:45:27.957,0.95852,0.95861,1.12,1.12
2017.06.29 10:45:29.256,0.95851,0.95859,2.06,1.00
2017.06.29 10:45:30.014,0.95851,0.95858,1.12,1.00
2017.06.29 10:45:30.695,0.9585,0.95858,1.00,1.12
2017.06.29 10:45:32.068,0.95849,0.95858,1.00,1.12
2017.06.29 10:45:32.887,0.95849,0.95857,1.00,1.00
2017.06.29 10:45:36.962,0.95848,0.95856,1.00,1.00
2017.06.29 10:45:37.614,0.95847,0.95856,1.00,1.76
2017.06.29 10:45:45.309,0.95847,0.95856,1.12,2.25
2017.06.29 10:45:48.937,0.95846,0.95854,1.50,1.19
2017.06.29 10:45:49.132,0.95842,0.95852,2.25,2.81
2017.06.29 10:45:49.184,0.95842,0.95852,1.12,2.06
2017.06.29 10:45:49.358,0.95841,0.9585,1.69,1.00
2017.06.29 10:45:49.685,0.95841,0.95848,1.00,1.00
2017.06.29 10:45:50.282,0.9584,0.95848,1.12,1.00
2017.06.29 10:45:52.153,0.9584,0.95848,1.37,1.00
2017.06.29 10:45:53.565,0.95844,0.95852,1.00,2.62
2017.06.29 10:45:53.668,0.95844,0.95852,1.12,1.50
2017.06.29 10:45:54.184,0.95844,0.95852,1.50,1.00
2017.06.29 10:45:54.779,0.95845,0.95852,1.00,1.00
2017.06.29 10:45:55.745,0.95846,0.95854,1.00,1.87
2017.06.29 10:45:56.313,0.95846,0.95854,2.25,1.50
2017.06.29 10:45:56.518,0.95849,0.95857,1.12,1.12
2017.06.29 10:45:57.029,0.95849,0.95857,1.37,1.00
2017.06.29 10:45:57.540,0.95849,0.95857,1.12,1.00
2017.06.29 10:45:58.161,0.95849,0.95857,1.87,1.00
2017.06.29 10:45:58.713,0.95849,0.95857,1.12,1.00
2017.06.29 10:46:00.830,0.95849,0.95857,2.25,1.00
2017.06.29 10:46:01.806,0.95849,0.95857,1.50,1.00
2017.06.29 10:46:01.909,0.9585,0.95858,1.37,1.00
2017.06.29 10:46:03.463,0.95852,0.95859,1.00,1.12
2017.06.29 10:46:03.617,0.95853,0.95861,1.00,1.50
2017.06.29 10:46:03.875,0.95851,0.95861,1.31,2.70
2017.06.29 10:46:04.413,0.9585,0.95861,2.14,3.37
2017.06.29 10:46:04.944,0.95852,0.95861,1.00,3.37
2017.06.29 10:46:05.533,0.95853,0.95861,1.00,1.87
2017.06.29 10:46:07.673,0.95851,0.95861,2.44,1.87
2017.06.29 10:46:07.725,0.95851,0.95859,1.69,1.00
2017.06.29 10:46:08.821,0.95852,0.95859,1.00,1.00
2017.06.29 10:46:08.975,0.95852,0.95861,1.37,1.87
2017.06.29 10:46:09.881,0.95854,0.95861,1.31,1.87
2017.06.29 10:46:09.989,0.95856,0.95862,1.00,1.00
2017.06.29 10:46:10.040,0.95854,0.95862,1.00,1.00
2017.06.29 10:46:10.646,0.95853,0.95862,1.69,1.50
2017.06.29 10:46:11.549,0.95852,0.9586,1.87,1.00
2017.06.29 10:46:12.098,0.95853,0.9586,1.37,1.00
2017.06.29 10:46:15.036,0.95855,0.95861,1.00,1.00
2017.06.29 10:46:15.088,0.95855,0.95864,1.00,3.07
2017.06.29 10:46:15.599,0.95855,0.95864,2.81,1.00
2017.06.29 10:46:18.728,0.95857,0.95864,1.00,1.00
2017.06.29 10:46:19.698,0.95858,0.95864,1.00,1.00
2017.06.29 10:46:22.783,0.95859,0.95864,1.00,1.00
2017.06.29 10:46:22.836,0.95858,0.95868,1.00,1.57
2017.06.29 10:46:22.888,0.9586,0.95868,1.00,1.50
2017.06.29 10:46:23.197,0.95863,0.95869,1.00,1.00
2017.06.29 10:46:23.549,0.95864,0.95874,1.12,1.57
2017.06.29 10:46:23.703,0.95864,0.95872,1.12,1.00
2017.06.29 10:46:24.048,0.95865,0.95869,1.00,1.00
2017.06.29 10:46:24.667,0.95862,0.9587,2.62,2.62
2017.06.29 10:46:24.769,0.95859,0.95868,1.12,1.57
2017.06.29 10:46:24.821,0.95858,0.95868,2.06,1.47
2017.06.29 10:46:25.333,0.9586,0.95867,1.00,1.00
2017.06.29 10:46:26.293,0.95859,0.95867,1.87,1.00
2017.06.29 10:46:27.136,0.9586,0.95867,1.00,1.00
2017.06.29 10:46:27.290,0.9586,0.9587,1.00,1.57
2017.06.29 10:46:32.159,0.95861,0.95871,1.12,2.70
2017.06.29 10:46:32.736,0.95861,0.95871,1.00,2.62
2017.06.29 10:46:34.037,0.95861,0.95869,1.00,1.00
2017.06.29 10:46:35.337,0.9586,0.95869,2.06,1.00
2017.06.29 10:46:37.694,0.95859,0.95867,1.50,1.00
2017.06.29 10:46:42.416,0.95859,0.95868,1.12,1.57
2017.06.29 10:46:46.918,0.95859,0.95867,1.12,1.00
2017.06.29 10:46:47.423,0.9586,0.95868,1.12,1.00
2017.06.29 10:46:47.975,0.9586,0.95869,1.12,1.50
2017.06.29 10:46:50.520,0.9586,0.95869,6.19,1.50
2017.06.29 10:46:50.676,0.95863,0.95872,1.00,1.20
2017.06.29 10:46:54.704,0.95864,0.95872,1.00,1.20
2017.06.29 10:46:55.687,0.95863,0.95872,1.00,1.20
2017.06.29 10:46:57.301,0.95864,0.95873,1.00,3.07
2017.06.29 10:46:58.289,0.95863,0.95873,1.12,3.82
2017.06.29 10:47:00.951,0.95865,0.95871,1.00,1.00
2017.06.29 10:47:01.367,0.95865,0.95873,1.00,1.57
2017.06.29 10:47:02.006,0.95866,0.95873,1.00,1.57
2017.06.29 10:47:02.513,0.95866,0.95874,1.12,1.00
2017.06.29 10:47:03.024,0.95866,0.95875,1.00,2.62
2017.06.29 10:47:04.341,0.95867,0.95875,1.00,2.62
2017.06.29 10:47:04.859,0.95867,0.95876,1.00,2.62
2017.06.29 10:47:09.458,0.95866,0.95875,1.12,2.62
2017.06.29 10:47:10.002,0.95866,0.95874,1.00,1.00
2017.06.29 10:47:11.923,0.95867,0.95874,1.50,1.00
2017.06.29 10:47:12.178,0.95868,0.95877,1.00,2.25
2017.06.29 10:47:12.922,0.95868,0.95877,1.50,1.87
2017.06.29 10:47:16.282,0.9587,0.95877,1.00,1.12
2017.06.29 10:47:16.436,0.95869,0.95879,2.25,1.12
2017.06.29 10:47:18.610,0.95869,0.95877,1.50,1.00
2017.06.29 10:47:21.340,0.95867,0.95877,3.26,1.62
2017.06.29 10:47:21.887,0.95867,0.95876,1.69,1.50
2017.06.29 10:47:39.572,0.95866,0.95876,1.76,1.37
2017.06.29 10:47:40.037,0.95868,0.95877,1.00,1.75
2017.06.29 10:47:40.190,0.95868,0.95877,1.00,1.12
2017.06.29 10:47:44.688,0.95867,0.95876,1.25,1.12
2017.06.29 10:47:45.201,0.95865,0.95875,1.50,1.69
2017.06.29 10:47:45.303,0.95865,0.95872,1.00,1.25
2017.06.29 10:47:45.406,0.95861,0.95871,3.45,2.06
2017.06.29 10:47:45.508,0.95861,0.95871,2.32,2.62
2017.06.29 10:47:45.611,0.95861,0.95871,2.70,1.12
2017.06.29 10:47:45.948,0.95864,0.95871,1.25,1.12
2017.06.29 10:47:46.052,0.95864,0.95873,1.31,1.12
2017.06.29 10:47:46.566,0.95865,0.95874,1.12,1.00
2017.06.29 10:47:47.505,0.95866,0.95874,1.00,1.00
2017.06.29 10:47:48.054,0.95865,0.95874,1.20,1.00
2017.06.29 10:47:48.483,0.95867,0.95874,1.00,1.00
2017.06.29 10:47:49.372,0.95867,0.95876,1.00,1.12
2017.06.29 10:47:49.704,0.95874,0.95879,1.45,2.62
2017.06.29 10:47:49.872,0.95878,0.95885,2.70,1.12
2017.06.29 10:47:49.925,0.95879,0.95889,1.12,2.25
2017.06.29 10:47:50.029,0.95879,0.95889,2.32,1.00
2017.06.29 10:47:50.548,0.95881,0.95889,1.20,1.00
2017.06.29 10:47:50.651,0.95883,0.95889,1.00,1.00
2017.06.29 10:47:50.807,0.95884,0.95894,1.12,3.00
2017.06.29 10:47:51.166,0.95883,0.95891,1.57,1.44
2017.06.29 10:47:51.307,0.95879,0.95889,2.89,1.31
2017.06.29 10:47:51.772,0.95879,0.95887,1.95,1.00
2017.06.29 10:47:52.078,0.95878,0.95887,1.50,2.44
2017.06.29 10:47:52.624,0.95877,0.95886,1.01,1.50
2017.06.29 10:47:53.562,0.95876,0.95886,2.51,2.62
2017.06.29 10:47:54.113,0.95876,0.95886,1.95,2.25
2017.06.29 10:47:54.704,0.95877,0.95886,1.00,1.50
2017.06.29 10:47:55.213,0.95876,0.95888,2.32,2.32
2017.06.29 10:47:58.576,0.95876,0.95887,1.87,3.45
2017.06.29 10:47:58.885,0.95876,0.95884,1.12,1.50
2017.06.29 10:47:59.419,0.95877,0.95886,1.00,2.44
2017.06.29 10:47:59.930,0.95877,0.95886,1.00,2.00
2017.06.29 10:48:00.033,0.95877,0.95886,1.00,1.50
2017.06.29 10:48:02.426,0.95876,0.95885,1.10,2.06
2017.06.29 10:48:02.529,0.95875,0.95884,3.00,2.44
2017.06.29 10:48:02.664,0.95875,0.95883,3.07,1.00
2017.06.29 10:48:03.208,0.95875,0.95883,3.07,1.62
2017.06.29 10:48:03.715,0.95875,0.95883,2.25,2.06
2017.06.29 10:48:05.478,0.95873,0.95883,4.76,3.56
2017.06.29 10:48:06.873,0.95874,0.95883,1.20,2.44
2017.06.29 10:48:06.927,0.9588,0.95884,3.75,2.25
2017.06.29 10:48:06.980,0.95882,0.95886,2.40,1.50
2017.06.29 10:48:07.085,0.95883,0.95888,1.70,1.50
2017.06.29 10:48:07.203,0.95887,0.95892,2.32,1.00
2017.06.29 10:48:07.435,0.95886,0.95891,1.10,1.00
2017.06.29 10:48:07.488,0.95886,0.95897,1.57,4.12
2017.06.29 10:48:07.591,0.95889,0.95897,2.25,3.56
2017.06.29 10:48:07.745,0.95889,0.95898,3.45,1.00
2017.06.29 10:48:08.297,0.95892,0.95901,1.39,1.75
2017.06.29 10:48:08.348,0.95892,0.95901,1.39,1.00
2017.06.29 10:48:08.860,0.95893,0.95902,1.10,1.69
2017.06.29 10:48:09.661,0.95895,0.95902,2.25,2.06
2017.06.29 10:48:10.279,0.95895,0.95899,2.25,1.12
2017.06.29 10:48:10.628,0.95895,0.95901,2.25,1.12
2017.06.29 10:48:11.503,0.95897,0.95904,2.32,1.87
2017.06.29 10:48:11.554,0.95897,0.95904,3.07,1.00
2017.06.29 10:48:11.759,0.95897,0.95906,3.00,1.12
2017.06.29 10:48:11.910,0.95895,0.95899,3.00,2.32
2017.06.29 10:48:12.064,0.95889,0.95899,1.39,2.25
2017.06.29 10:48:12.167,0.9589,0.959,2.32,1.00
2017.06.29 10:48:12.220,0.95893,0.95902,1.00,1.75
2017.06.29 10:48:12.734,0.95893,0.95903,1.10,1.12
2017.06.29 10:48:13.064,0.95895,0.95904,1.00,2.25
2017.06.29 10:48:13.576,0.95895,0.95904,1.00,1.50
2017.06.29 10:48:14.149,0.95896,0.95905,1.00,2.62
2017.06.29 10:48:14.731,0.95895,0.95903,1.10,1.00
2017.06.29 10:48:15.137,0.95891,0.959,5.70,1.00
2017.06.29 10:48:15.189,0.9589,0.959,1.39,1.12
2017.06.29 10:48:15.701,0.95891,0.95901,1.50,1.37
2017.06.29 10:48:17.595,0.95891,0.95902,1.20,2.62
2017.06.29 10:48:18.096,0.95891,0.95901,1.00,1.50
2017.06.29 10:48:19.082,0.95889,0.95898,1.95,1.00
2017.06.29 10:48:19.613,0.95888,0.95898,2.25,1.69
2017.06.29 10:48:20.153,0.95888,0.95896,1.00,1.00
2017.06.29 10:48:20.460,0.95887,0.95896,2.25,2.25
2017.06.29 10:48:21.004,0.95888,0.95896,1.50,1.50
2017.06.29 10:48:21.107,0.95888,0.95896,1.00,1.50
2017.06.29 10:48:21.159,0.95886,0.95896,2.06,1.50
2017.06.29 10:48:22.979,0.95887,0.95896,1.10,1.31
2017.06.29 10:48:23.973,0.95886,0.95895,1.01,1.00
2017.06.29 10:48:26.800,0.95887,0.95896,1.00,2.25
2017.06.29 10:48:29.768,0.95885,0.95895,4.39,1.12
2017.06.29 10:48:31.220,0.95887,0.95896,2.25,1.47
2017.06.29 10:48:31.503,0.95888,0.95898,1.12,1.50
2017.06.29 10:48:32.175,0.95889,0.95898,2.25,2.32
2017.06.29 10:48:34.546,0.95889,0.95896,2.25,1.00
2017.06.29 10:48:35.178,0.95888,0.95897,2.25,1.50
2017.06.29 10:48:35.856,0.95889,0.95899,1.00,4.50
2017.06.29 10:48:35.909,0.9589,0.959,1.00,4.20
2017.06.29 10:48:36.011,0.9589,0.959,4.31,2.62
2017.06.29 10:48:36.216,0.95889,0.95896,1.12,1.00
2017.06.29 10:48:36.751,0.95888,0.95895,2.25,1.39
2017.06.29 10:48:37.849,0.95887,0.95896,1.00,2.32
2017.06.29 10:48:38.382,0.95886,0.95895,1.25,1.12
2017.06.29 10:48:39.855,0.95885,0.95893,1.87,1.00
2017.06.29 10:48:40.377,0.95884,0.95893,1.50,1.31
2017.06.29 10:48:41.881,0.95883,0.95893,2.55,1.20
2017.06.29 10:48:42.241,0.95882,0.95891,1.39,1.00
2017.06.29 10:48:42.959,0.95883,0.95893,1.00,2.81
2017.06.29 10:48:43.533,0.95883,0.95893,1.00,2.62
2017.06.29 10:48:43.945,0.95883,0.95893,2.06,1.95
2017.06.29 10:48:44.860,0.95884,0.95893,1.00,1.20
2017.06.29 10:48:45.631,0.95884,0.95893,1.50,1.50
2017.06.29 10:48:51.243,0.95884,0.95894,2.25,1.50
2017.06.29 10:48:51.755,0.95884,0.95894,2.92,1.00
2017.06.29 10:48:51.864,0.95886,0.95894,1.00,1.00
2017.06.29 10:48:52.255,0.95889,0.95896,3.75,1.12
2017.06.29 10:48:54.312,0.95887,0.95896,1.00,3.07
2017.06.29 10:48:54.364,0.95887,0.95894,1.00,1.37
2017.06.29 10:48:54.519,0.95885,0.95892,1.00,1.12
2017.06.29 10:48:55.299,0.95884,0.95892,1.00,1.12
2017.06.29 10:48:56.282,0.95882,0.95888,1.12,1.00
2017.06.29 10:48:56.482,0.95878,0.95887,1.69,2.06
2017.06.29 10:48:56.996,0.95877,0.95885,1.00,1.69
2017.06.29 10:48:57.306,0.95875,0.95885,1.76,2.62
2017.06.29 10:48:57.953,0.95875,0.95885,5.44,2.62
2017.06.29 10:48:58.779,0.95875,0.95885,3.19,2.62
2017.06.29 10:49:00.756,0.95875,0.95885,4.91,1.57
2017.06.29 10:49:05.367,0.95875,0.95885,1.31,1.12
2017.06.29 10:49:05.953,0.95876,0.95885,1.00,1.12
2017.06.29 10:49:11.206,0.95875,0.95885,1.31,1.12
2017.06.29 10:49:13.229,0.95876,0.95885,1.50,1.12
2017.06.29 10:49:13.790,0.95878,0.95885,3.75,1.12
2017.06.29 10:49:18.151,0.95876,0.95886,4.50,2.62
2017.06.29 10:49:20.178,0.95876,0.95886,1.00,2.25
2017.06.29 10:49:22.709,0.95876,0.95886,1.00,2.25
2017.06.29 10:49:25.043,0.95876,0.95885,1.00,1.12
2017.06.29 10:49:25.555,0.95875,0.95885,1.01,2.06
2017.06.29 10:49:36.899,0.95876,0.95885,1.10,1.50
2017.06.29 10:49:37.335,0.95877,0.95886,1.95,1.87
2017.06.29 10:49:37.855,0.95877,0.95886,1.57,1.50
2017.06.29 10:49:39.346,0.95876,0.95886,5.70,1.50
2017.06.29 10:49:41.256,0.95877,0.95886,1.20,1.50
2017.06.29 10:49:43.304,0.95877,0.95886,1.10,1.00
2017.06.29 10:49:43.830,0.95876,0.95885,1.12,1.00
2017.06.29 10:49:44.349,0.95876,0.95885,1.20,1.00
2017.06.29 10:49:47.778,0.95875,0.95885,2.14,1.25
2017.06.29 10:49:48.288,0.95875,0.95885,2.14,1.25
2017.06.29 10:49:51.192,0.95875,0.95885,3.64,1.00
2017.06.29 10:49:51.345,0.95878,0.95886,2.25,1.12
2017.06.29 10:49:55.134,0.95878,0.95886,4.12,1.12
2017.06.29 10:49:55.680,0.95879,0.95886,1.12,1.37
2017.06.29 10:49:57.764,0.95876,0.95885,3.45,1.12
2017.06.29 10:49:58.281,0.95876,0.95885,3.07,1.50
2017.06.29 10:49:58.912,0.95876,0.95884,3.00,1.56
2017.06.29 10:49:59.495,0.95876,0.95885,3.00,2.44
2017.06.29 10:50:01.950,0.95876,0.95884,1.00,1.31
2017.06.29 10:50:02.503,0.95876,0.95885,1.00,4.69
2017.06.29 10:50:05.697,0.95876,0.95885,1.00,3.94
2017.06.29 10:50:08.842,0.95876,0.95885,1.00,3.26
2017.06.29 10:50:15.947,0.95876,0.95884,1.00,1.19
2017.06.29 10:50:16.506,0.95876,0.95884,1.00,1.25
2017.06.29 10:50:18.126,0.95876,0.95885,1.00,2.81
2017.06.29 10:50:20.874,0.95876,0.95881,1.00,3.19
2017.06.29 10:50:21.083,0.95869,0.95879,5.51,1.69
2017.06.29 10:50:21.615,0.95869,0.95879,1.39,1.69
2017.06.29 10:50:24.154,0.95869,0.95879,2.14,2.06
2017.06.29 10:50:24.672,0.95871,0.95879,1.10,2.81
2017.06.29 10:50:26.413,0.95871,0.95879,1.00,4.31
2017.06.29 10:50:26.466,0.95868,0.95878,1.76,2.06
2017.06.29 10:50:26.967,0.95868,0.95877,1.12,1.69
2017.06.29 10:50:29.802,0.95868,0.95877,1.20,1.12
2017.06.29 10:50:30.316,0.95869,0.95877,1.00,1.87
2017.06.29 10:50:30.500,0.95869,0.95876,1.00,1.62
2017.06.29 10:50:31.010,0.95869,0.95877,1.00,2.06
2017.06.29 10:50:33.302,0.95869,0.95876,1.00,2.44
2017.06.29 10:50:35.306,0.95867,0.95873,2.25,1.00
2017.06.29 10:50:36.328,0.95866,0.95875,1.10,3.56
2017.06.29 10:50:38.493,0.95868,0.95876,2.25,3.75
2017.06.29 10:50:38.545,0.95868,0.95876,2.25,2.62
2017.06.29 10:50:39.272,0.95868,0.95876,2.32,1.87
2017.06.29 10:50:39.737,0.95868,0.95875,2.25,1.31
2017.06.29 10:50:40.248,0.95866,0.95874,1.00,1.31
2017.06.29 10:50:41.140,0.95866,0.95872,1.00,3.75
2017.06.29 10:50:41.192,0.95864,0.95871,2.70,1.00
2017.06.29 10:50:42.161,0.95861,0.95872,2.89,2.81
2017.06.29 10:50:42.673,0.95861,0.95871,2.51,1.31
2017.06.29 10:50:43.181,0.95861,0.95872,2.51,8.06
2017.06.29 10:50:44.353,0.95861,0.9587,1.01,1.31
2017.06.29 10:50:44.457,0.9586,0.9587,2.62,2.44
2017.06.29 10:50:46.826,0.95861,0.9587,1.00,1.31
2017.06.29 10:50:50.197,0.9586,0.95871,5.70,3.56
2017.06.29 10:50:51.734,0.95861,0.9587,1.00,1.31
2017.06.29 10:50:52.720,0.95863,0.95871,1.35,1.37
2017.06.29 10:50:52.954,0.95866,0.95876,6.22,2.51
2017.06.29 10:50:53.470,0.95868,0.95879,3.30,2.25
2017.06.29 10:50:53.521,0.9587,0.95879,1.00,3.19
2017.06.29 10:50:53.573,0.9587,0.95879,1.00,3.19
2017.06.29 10:50:54.077,0.95869,0.95879,1.12,1.25
2017.06.29 10:50:54.333,0.95871,0.95879,1.00,1.69
2017.06.29 10:50:54.589,0.95871,0.9588,2.10,1.12
2017.06.29 10:50:54.868,0.95873,0.95883,1.00,4.01
2017.06.29 10:50:55.176,0.95874,0.95885,1.95,3.00
2017.06.29 10:50:56.630,0.95876,0.95884,1.00,1.12
2017.06.29 10:50:56.886,0.95877,0.95887,1.00,1.87
2017.06.29 10:50:57.090,0.95879,0.95887,1.00,1.69
2017.06.29 10:50:58.559,0.95876,0.95887,3.49,3.19
2017.06.29 10:50:59.101,0.95876,0.95886,2.81,1.19
2017.06.29 10:50:59.835,0.95876,0.95887,2.44,2.51
2017.06.29 10:51:00.336,0.95876,0.95886,1.31,3.19
2017.06.29 10:51:00.883,0.95876,0.95885,1.00,1.31
2017.06.29 10:51:01.945,0.95874,0.95881,1.37,1.12
2017.06.29 10:51:01.996,0.95873,0.9588,1.00,1.00
2017.06.29 10:51:02.142,0.9587,0.9588,2.44,1.69
2017.06.29 10:51:02.297,0.95872,0.95883,1.00,2.32
2017.06.29 10:51:02.798,0.95873,0.95883,1.12,1.69
2017.06.29 10:51:03.334,0.95873,0.95882,1.00,1.31
2017.06.29 10:51:05.464,0.95874,0.95884,2.10,2.51
2017.06.29 10:51:05.618,0.95876,0.95885,1.12,1.50
2017.06.29 10:51:05.924,0.95877,0.95886,1.50,1.00
2017.06.29 10:51:06.078,0.95879,0.95888,1.00,2.25
2017.06.29 10:51:06.628,0.95878,0.95888,1.12,1.25
2017.06.29 10:51:09.196,0.9588,0.95889,1.00,3.94
2017.06.29 10:51:09.414,0.9588,0.9589,1.50,2.51
2017.06.29 10:51:09.839,0.95883,0.9589,1.00,1.00
2017.06.29 10:51:09.942,0.95883,0.95893,1.12,2.25
2017.06.29 10:51:10.456,0.95883,0.95892,3.00,1.00
2017.06.29 10:51:10.948,0.95881,0.9589,3.64,1.25
2017.06.29 10:51:11.255,0.95881,0.95889,1.00,3.19
2017.06.29 10:51:14.996,0.95879,0.95889,1.10,3.19
2017.06.29 10:51:16.598,0.95878,0.95887,1.12,1.50
2017.06.29 10:51:21.073,0.95878,0.95886,1.00,1.00
2017.06.29 10:51:22.235,0.95877,0.95887,1.00,3.56
2017.06.29 10:51:22.748,0.95877,0.95887,1.57,1.69
2017.06.29 10:51:23.491,0.95876,0.95886,1.95,2.44
2017.06.29 10:51:24.002,0.95876,0.95886,1.12,2.06
2017.06.29 10:51:24.535,0.95876,0.95886,1.12,2.81
2017.06.29 10:51:29.680,0.95877,0.95886,1.00,2.81
2017.06.29 10:51:29.886,0.95878,0.95887,1.00,1.87
2017.06.29 10:51:30.349,0.95879,0.95889,1.12,1.00
2017.06.29 10:51:30.794,0.95878,0.95888,1.10,1.62
2017.06.29 10:51:31.361,0.95877,0.95886,1.20,1.19
2017.06.29 10:51:31.897,0.95876,0.95886,1.12,2.44
2017.06.29 10:51:32.490,0.95875,0.95884,2.25,1.69
2017.06.29 10:51:32.694,0.95871,0.95881,1.87,2.06
2017.06.29 10:51:33.248,0.95871,0.95881,1.00,1.69
2017.06.29 10:51:35.267,0.9587,0.9588,1.12,3.19
2017.06.29 10:51:35.784,0.95869,0.95879,1.00,1.31
2017.06.29 10:51:38.855,0.95868,0.95879,1.50,2.51
2017.06.29 10:51:39.112,0.95867,0.95877,1.00,2.44
2017.06.29 10:51:39.631,0.95866,0.95876,1.39,1.19
2017.06.29 10:51:40.182,0.95867,0.95877,1.57,2.81
2017.06.29 10:51:41.041,0.95866,0.95877,3.07,3.19
2017.06.29 10:51:45.308,0.95866,0.95877,2.70,1.87
2017.06.29 10:51:46.469,0.95866,0.95875,1.76,1.12
2017.06.29 10:51:46.776,0.95864,0.95875,1.62,8.32
2017.06.29 10:51:47.289,0.95865,0.95875,1.00,1.69
2017.06.29 10:51:50.232,0.95865,0.95875,1.00,1.39
2017.06.29 10:51:50.436,0.95865,0.95875,1.69,1.32
2017.06.29 10:51:50.944,0.95865,0.95876,2.06,5.32
2017.06.29 10:51:51.462,0.95865,0.95876,2.06,2.89
2017.06.29 10:51:54.022,0.95867,0.95877,1.00,5.32
2017.06.29 10:51:54.687,0.95868,0.95877,1.12,2.62
2017.06.29 10:51:57.108,0.95866,0.95876,2.06,1.95
2017.06.29 10:51:57.675,0.95866,0.95875,1.69,1.10
2017.06.29 10:51:57.931,0.95867,0.95877,1.87,1.95
2017.06.29 10:51:58.453,0.95865,0.95875,5.25,1.25
2017.06.29 10:51:58.505,0.95865,0.95875,3.37,1.25
2017.06.29 10:52:02.039,0.95864,0.95874,2.81,5.44
2017.06.29 10:52:02.143,0.95862,0.95872,1.75,2.51
2017.06.29 10:52:02.245,0.95862,0.95871,1.00,3.19
2017.06.29 10:52:02.501,0.95862,0.95871,1.87,1.50
2017.06.29 10:52:03.051,0.95863,0.95873,2.06,2.89
2017.06.29 10:52:05.355,0.95864,0.95873,1.50,1.39
2017.06.29 10:52:07.098,0.95864,0.95873,1.50,1.39
2017.06.29 10:52:08.786,0.95862,0.95872,1.12,2.51
2017.06.29 10:52:08.941,0.95865,0.95874,1.87,2.70
2017.06.29 10:52:09.044,0.95865,0.95874,1.87,1.10
2017.06.29 10:52:09.555,0.95865,0.95874,1.87,1.10
2017.06.29 10:52:13.827,0.95865,0.95876,1.87,2.70
2017.06.29 10:52:14.378,0.95863,0.95873,4.12,2.14
2017.06.29 10:52:14.905,0.95863,0.95872,2.00,2.25
2017.06.29 10:52:16.309,0.95863,0.95873,2.81,1.00
2017.06.29 10:52:16.833,0.95862,0.95872,2.06,1.87
2017.06.29 10:52:19.956,0.9586,0.95871,6.07,2.06
2017.06.29 10:52:20.153,0.9586,0.95871,2.62,5.14
2017.06.29 10:52:20.936,0.9586,0.9587,1.50,3.56
2017.06.29 10:52:22.117,0.9586,0.9587,1.50,3.64
2017.06.29 10:52:23.161,0.95859,0.9587,3.82,3.56
2017.06.29 10:52:25.298,0.9586,0.9587,2.44,1.69
2017.06.29 10:52:28.196,0.9586,0.9587,2.44,1.39
2017.06.29 10:52:28.404,0.95861,0.95872,2.85,1.50
2017.06.29 10:52:28.906,0.95861,0.95871,1.37,5.14
2017.06.29 10:52:29.438,0.95859,0.9587,3.82,2.81
2017.06.29 10:52:29.844,0.95859,0.95867,2.44,1.00
2017.06.29 10:52:29.980,0.95857,0.95867,2.62,1.00
2017.06.29 10:52:30.492,0.95858,0.95867,2.44,1.00
2017.06.29 10:52:31.195,0.95858,0.95866,1.75,1.50
2017.06.29 10:52:31.708,0.95858,0.95867,1.37,2.89
2017.06.29 10:52:33.184,0.95857,0.95867,2.62,4.01
2017.06.29 10:52:35.734,0.95857,0.95865,1.69,2.14
2017.06.29 10:52:44.043,0.95856,0.95865,2.00,1.12
2017.06.29 10:52:45.207,0.95857,0.95861,1.00,1.00
2017.06.29 10:52:45.463,0.95855,0.95864,1.00,2.14
2017.06.29 10:52:45.722,0.95854,0.95861,1.00,1.50
2017.06.29 10:52:46.032,0.95846,0.95856,1.62,2.89
2017.06.29 10:52:46.694,0.95847,0.95857,1.50,1.07
2017.06.29 10:52:46.849,0.95853,0.95859,1.50,1.95
2017.06.29 10:52:46.901,0.9585,0.9586,4.24,1.87
2017.06.29 10:52:46.953,0.95854,0.95863,1.50,3.64
2017.06.29 10:52:47.056,0.95855,0.95865,1.50,2.32
2017.06.29 10:52:47.159,0.95855,0.95865,2.06,1.31
2017.06.29 10:52:47.670,0.95855,0.95864,2.06,1.10
2017.06.29 10:52:51.840,0.95856,0.95866,1.37,2.70
2017.06.29 10:52:52.487,0.95855,0.95865,2.62,1.76
2017.06.29 10:52:54.081,0.95854,0.95862,2.06,1.25
2017.06.29 10:52:54.338,0.95851,0.9586,1.69,2.14
2017.06.29 10:52:54.717,0.95851,0.95861,2.44,1.12
2017.06.29 10:52:55.128,0.95851,0.95861,2.00,6.82
2017.06.29 10:52:56.442,0.95849,0.9586,2.62,2.51
2017.06.29 10:52:56.837,0.95849,0.95857,1.75,1.00
2017.06.29 10:52:57.044,0.95848,0.95857,1.12,1.01
2017.06.29 10:52:57.594,0.95847,0.95857,1.31,3.26
2017.06.29 10:52:58.101,0.95848,0.95857,1.00,1.10
2017.06.29 10:52:58.254,0.95849,0.95859,1.00,1.10
2017.06.29 10:52:58.862,0.9585,0.9586,1.00,2.32
2017.06.29 10:52:59.749,0.9585,0.9586,2.06,1.00
2017.06.29 10:52:59.903,0.95852,0.95862,1.50,2.89
2017.06.29 10:53:00.159,0.95852,0.95863,2.81,2.14
2017.06.29 10:53:00.690,0.95852,0.95861,1.87,1.69
2017.06.29 10:53:00.894,0.95852,0.95861,1.00,1.25
2017.06.29 10:53:01.441,0.95851,0.9586,1.50,1.50
2017.06.29 10:53:02.016,0.9585,0.9586,1.00,5.81
2017.06.29 10:53:05.273,0.95849,0.95857,1.12,1.00
2017.06.29 10:53:06.237,0.95848,0.95857,1.00,1.01
2017.06.29 10:53:06.772,0.95847,0.95857,1.69,2.81
2017.06.29 10:53:09.643,0.95847,0.95857,1.69,1.50
2017.06.29 10:53:09.953,0.9585,0.9586,1.12,1.87
2017.06.29 10:53:11.016,0.95852,0.95861,1.00,1.87
2017.06.29 10:53:11.170,0.95852,0.95862,1.12,4.50
2017.06.29 10:53:11.717,0.95853,0.95862,1.00,1.12
2017.06.29 10:53:14.243,0.95851,0.95861,2.06,3.37
2017.06.29 10:53:14.492,0.95849,0.95859,1.95,1.69
2017.06.29 10:53:14.696,0.95848,0.95857,2.25,1.10
2017.06.29 10:53:14.901,0.95846,0.95857,2.44,4.20
2017.06.29 10:53:15.004,0.95846,0.95855,1.50,1.69
2017.06.29 10:53:15.516,0.95846,0.95855,1.12,1.50
2017.06.29 10:53:16.557,0.95845,0.95854,1.50,1.00
2017.06.29 10:53:16.814,0.95843,0.95852,1.31,1.00
2017.06.29 10:53:17.319,0.95844,0.95853,1.00,1.00
2017.06.29 10:53:17.849,0.95844,0.95854,1.50,2.25
2017.06.29 10:53:18.394,0.95845,0.95854,1.00,1.12
2017.06.29 10:53:18.933,0.95845,0.95855,1.12,4.01
2017.06.29 10:53:19.460,0.95846,0.95856,3.04,1.10
2017.06.29 10:53:19.716,0.9585,0.9586,1.00,3.37
2017.06.29 10:53:21.099,0.95849,0.9586,1.87,4.39
2017.06.29 10:53:21.353,0.95849,0.9586,2.62,1.20
2017.06.29 10:53:21.878,0.95849,0.9586,2.62,1.20
2017.06.29 10:53:30.798,0.95852,0.95861,1.12,1.00
2017.06.29 10:53:31.308,0.95853,0.95862,1.00,1.00
2017.06.29 10:53:37.728,0.95851,0.95861,1.50,2.81
2017.06.29 10:53:38.277,0.95851,0.9586,1.00,2.14
2017.06.29 10:53:38.884,0.9585,0.9586,1.31,2.89
2017.06.29 10:53:45.890,0.9585,0.9586,1.31,2.89
2017.06.29 10:53:49.661,0.9585,0.9586,1.69,1.12
2017.06.29 10:53:50.468,0.9585,0.9586,1.31,2.44
2017.06.29 10:53:53.593,0.95853,0.9586,1.00,1.87
2017.06.29 10:53:53.749,0.95853,0.95862,1.87,1.00
2017.06.29 10:53:54.261,0.95852,0.95861,1.69,1.00
2017.06.29 10:53:54.508,0.95854,0.95863,1.12,1.75
2017.06.29 10:53:54.562,0.95854,0.95863,1.95,1.12
2017.06.29 10:53:55.080,0.95855,0.95863,1.00,1.00
2017.06.29 10:53:56.069,0.95854,0.95863,1.50,1.50
2017.06.29 10:53:56.583,0.95854,0.95864,4.87,3.19
2017.06.29 10:53:58.275,0.95854,0.95863,2.25,2.06
2017.06.29 10:53:58.791,0.95854,0.95863,1.00,4.12
2017.06.29 10:53:59.353,0.95853,0.95863,1.50,1.87
2017.06.29 10:53:59.855,0.95854,0.95863,1.87,1.00
2017.06.29 10:54:00.614,0.95855,0.95864,1.50,1.37
2017.06.29 10:54:01.142,0.95854,0.95864,4.80,2.62
2017.06.29 10:54:06.013,0.95855,0.95865,1.12,5.06
2017.06.29 10:54:06.626,0.95856,0.95867,1.65,4.87
2017.06.29 10:54:06.678,0.95857,0.95867,2.10,1.37
2017.06.29 10:54:06.730,0.95861,0.95868,1.10,1.50
2017.06.29 10:54:06.916,0.95864,0.95874,1.12,1.50
2017.06.29 10:54:06.969,0.95865,0.95875,1.12,3.45
2017.06.29 10:54:07.479,0.9587,0.95877,2.70,2.25
2017.06.29 10:54:07.582,0.95872,0.95881,2.14,1.87
2017.06.29 10:54:07.634,0.95874,0.95883,1.50,2.44
2017.06.29 10:54:07.810,0.95874,0.95883,1.87,1.00
2017.06.29 10:54:07.913,0.95874,0.95883,2.44,1.00
2017.06.29 10:54:10.164,0.95873,0.95883,3.56,5.44
2017.06.29 10:54:10.290,0.95871,0.95879,2.25,1.00
2017.06.29 10:54:10.343,0.95873,0.9588,1.00,1.00
2017.06.29 10:54:10.395,0.95873,0.95882,1.25,1.10
2017.06.29 10:54:10.447,0.95875,0.95882,1.00,1.10
2017.06.29 10:54:10.498,0.95875,0.95884,1.00,2.51
2017.06.29 10:54:11.762,0.95874,0.95884,1.69,4.01
2017.06.29 10:54:14.702,0.95874,0.95884,1.69,3.26
2017.06.29 10:54:15.726,0.95874,0.95884,1.69,3.64
2017.06.29 10:54:16.860,0.95874,0.95884,1.69,3.19
2017.06.29 10:54:17.399,0.95874,0.95884,1.76,2.25
2017.06.29 10:54:17.946,0.95874,0.95884,1.69,1.69
2017.06.29 10:54:18.617,0.95874,0.95884,1.69,2.14
2017.06.29 10:54:19.141,0.95873,0.95883,2.44,1.69
2017.06.29 10:54:19.658,0.95874,0.95884,1.12,2.81
2017.06.29 10:54:20.232,0.95874,0.95884,1.12,2.81
2017.06.29 10:54:23.603,0.95874,0.95884,1.50,1.31
2017.06.29 10:54:23.967,0.95874,0.95884,1.50,2.51
2017.06.29 10:54:24.126,0.95873,0.95883,1.12,2.81
2017.06.29 10:54:24.637,0.95874,0.95884,1.00,2.06
2017.06.29 10:54:26.805,0.95874,0.95884,1.00,1.57
2017.06.29 10:54:28.524,0.95874,0.95884,1.50,1.12
2017.06.29 10:54:28.678,0.95873,0.95883,2.81,1.87
2017.06.29 10:54:28.832,0.95873,0.95882,1.00,1.12
2017.06.29 10:54:33.135,0.95874,0.95883,1.00,2.25
2017.06.29 10:54:33.290,0.95874,0.95884,1.50,2.81
2017.06.29 10:54:33.869,0.95874,0.95884,1.00,3.19
2017.06.29 10:54:35.397,0.95874,0.95884,1.00,2.06
2017.06.29 10:54:42.883,0.95874,0.95884,1.00,1.62
2017.06.29 10:54:44.552,0.95874,0.95884,1.00,2.06
2017.06.29 10:54:44.654,0.95873,0.95882,1.00,1.12
2017.06.29 10:54:45.169,0.95872,0.95882,1.69,1.69
2017.06.29 10:54:46.893,0.95871,0.95881,2.51,1.25
2017.06.29 10:54:48.308,0.95871,0.95881,1.57,1.69
2017.06.29 10:54:48.819,0.9587,0.9588,1.25,2.06
2017.06.29 10:54:49.586,0.9587,0.9588,1.76,1.00
2017.06.29 10:54:51.219,0.95871,0.95881,1.00,1.95
2017.06.29 10:54:51.550,0.95871,0.9588,1.00,1.69
2017.06.29 10:54:51.602,0.95871,0.9588,1.00,1.25
2017.06.29 10:54:52.140,0.9587,0.9588,1.31,2.44
2017.06.29 10:54:56.711,0.95869,0.95879,1.69,2.06
2017.06.29 10:54:57.456,0.95869,0.95879,1.69,1.31
2017.06.29 10:54:59.037,0.95872,0.95881,1.50,3.45
2017.06.29 10:54:59.139,0.95872,0.95883,2.44,1.57
2017.06.29 10:54:59.651,0.95872,0.95881,1.62,1.00
2017.06.29 10:55:00.173,0.95872,0.95882,1.69,1.31
2017.06.29 10:55:00.762,0.95871,0.9588,2.70,1.00
2017.06.29 10:55:00.916,0.9587,0.9588,1.31,5.89
2017.06.29 10:55:01.459,0.9587,0.9588,1.31,2.14
2017.06.29 10:55:01.608,0.95869,0.95879,1.50,2.51
2017.06.29 10:55:04.716,0.95867,0.95878,2.62,1.66
2017.06.29 10:55:04.870,0.95871,0.95881,1.95,2.25
2017.06.29 10:55:04.922,0.95873,0.95882,1.25,2.14
2017.06.29 10:55:05.127,0.95874,0.95884,1.50,1.00
2017.06.29 10:55:06.858,0.95874,0.95884,1.50,2.06
2017.06.29 10:55:07.369,0.95874,0.95884,1.50,1.31
2017.06.29 10:55:09.543,0.95874,0.95884,1.50,2.44
2017.06.29 10:55:10.263,0.95873,0.95881,1.12,5.06
2017.06.29 10:55:10.469,0.95869,0.9588,2.00,3.56
2017.06.29 10:55:10.624,0.95871,0.95881,1.95,1.12
2017.06.29 10:55:11.130,0.95871,0.9588,1.50,1.31
2017.06.29 10:55:11.232,0.95871,0.9588,1.12,3.19
2017.06.29 10:55:13.121,0.95868,0.95878,1.75,4.01
2017.06.29 10:55:13.275,0.95867,0.95878,2.70,1.50
2017.06.29 10:55:13.776,0.95868,0.95878,1.50,1.76
2017.06.29 10:55:14.032,0.95867,0.95877,2.62,2.44
2017.06.29 10:55:14.565,0.95867,0.95877,2.00,1.00
2017.06.29 10:55:15.066,0.95866,0.95876,1.50,4.39
2017.06.29 10:55:15.671,0.95866,0.95876,1.12,3.26
2017.06.29 10:55:17.779,0.95867,0.95876,1.00,1.00
2017.06.29 10:55:18.035,0.95867,0.95877,2.25,1.00
2017.06.29 10:55:18.241,0.95867,0.95876,1.31,1.25
2017.06.29 10:55:18.767,0.95866,0.95876,1.50,2.81
2017.06.29 10:55:19.278,0.95866,0.95876,1.87,2.44
2017.06.29 10:55:21.006,0.95866,0.95876,1.50,2.44
2017.06.29 10:55:21.515,0.95865,0.95876,1.57,2.81
2017.06.29 10:55:22.062,0.95865,0.95875,1.12,2.44
2017.06.29 10:55:22.573,0.95865,0.95875,1.50,1.87
2017.06.29 10:55:23.105,0.95865,0.95874,1.50,2.06
2017.06.29 10:55:24.893,0.95865,0.95874,1.00,3.49
2017.06.29 10:55:24.996,0.95864,0.95873,1.00,1.69
2017.06.29 10:55:28.436,0.95864,0.95873,1.25,1.12
2017.06.29 10:55:28.663,0.95865,0.95875,1.31,2.06
2017.06.29 10:55:28.817,0.95866,0.95875,3.00,1.12
2017.06.29 10:55:30.118,0.95866,0.95876,1.50,4.01
2017.06.29 10:55:34.665,0.95865,0.95874,1.69,1.19
2017.06.29 10:55:35.026,0.95865,0.95875,1.31,2.81
2017.06.29 10:55:35.438,0.95864,0.95874,1.37,2.81
2017.06.29 10:55:35.808,0.95863,0.95874,2.51,3.94
2017.06.29 10:55:35.860,0.95861,0.95872,2.06,1.69
2017.06.29 10:55:36.323,0.95861,0.95872,2.14,2.81
2017.06.29 10:55:36.374,0.95861,0.95872,2.51,2.06
2017.06.29 10:55:37.277,0.95861,0.95871,2.51,1.31
2017.06.29 10:55:37.789,0.95862,0.95871,1.07,1.00
2017.06.29 10:55:40.119,0.95861,0.95871,1.76,1.19
2017.06.29 10:55:40.620,0.95861,0.95871,1.76,1.25
2017.06.29 10:55:41.250,0.95861,0.95871,1.76,1.69
2017.06.29 10:55:42.756,0.95862,0.95872,1.57,2.81
2017.06.29 10:55:43.086,0.95863,0.95873,3.64,1.12
2017.06.29 10:55:43.398,0.95868,0.95876,2.70,2.25
2017.06.29 10:55:43.551,0.9587,0.95879,1.10,2.25
2017.06.29 10:55:44.135,0.95869,0.95879,1.10,1.25
2017.06.29 10:55:53.772,0.95869,0.95879,1.00,1.69
2017.06.29 10:55:54.898,0.95869,0.95877,1.00,1.25
2017.06.29 10:55:55.052,0.95867,0.95877,1.12,1.95
2017.06.29 10:55:55.967,0.95866,0.95876,1.91,2.51
2017.06.29 10:55:58.660,0.95866,0.95876,1.69,1.50
2017.06.29 10:56:00.277,0.95866,0.95874,1.69,1.50
2017.06.29 10:56:00.805,0.95866,0.95875,1.00,2.44
2017.06.29 10:56:01.316,0.95864,0.95875,1.39,1.31
2017.06.29 10:56:03.321,0.95864,0.95875,1.37,4.24
2017.06.29 10:56:05.510,0.95865,0.95875,1.12,6.26
2017.06.29 10:56:06.265,0.95865,0.95875,1.12,4.01
2017.06.29 10:56:23.292,0.95865,0.95875,1.12,4.87
2017.06.29 10:56:27.673,0.95865,0.95875,1.12,3.56
2017.06.29 10:56:30.274,0.95865,0.95875,1.12,3.94
2017.06.29 10:56:30.901,0.95865,0.95875,1.12,3.56
2017.06.29 10:56:31.223,0.95864,0.95874,1.69,2.51
2017.06.29 10:56:32.734,0.95865,0.95875,1.12,1.95
2017.06.29 10:56:33.940,0.95865,0.95875,1.12,2.81
2017.06.29 10:56:34.601,0.95864,0.95873,1.69,1.31
2017.06.29 10:56:35.509,0.95862,0.95872,1.75,2.06
2017.06.29 10:56:35.611,0.95861,0.95871,2.06,2.06
2017.06.29 10:56:37.608,0.95861,0.95871,1.69,2.51
2017.06.29 10:56:44.643,0.95862,0.95872,1.50,2.06
2017.06.29 10:56:46.046,0.95861,0.95872,1.76,2.44
2017.06.29 10:56:46.552,0.9586,0.95872,4.50,2.44
2017.06.29 10:56:52.550,0.95862,0.95872,1.12,1.50
2017.06.29 10:56:52.652,0.95864,0.95873,1.12,3.19
2017.06.29 10:56:53.159,0.95864,0.95873,1.12,1.25
2017.06.29 10:56:53.667,0.95864,0.95874,1.69,1.10
2017.06.29 10:56:54.002,0.95864,0.95876,3.07,5.89
2017.06.29 10:56:54.668,0.95864,0.95875,2.44,2.89
2017.06.29 10:56:55.189,0.95864,0.95873,2.44,1.25
2017.06.29 10:56:55.343,0.95864,0.95873,1.12,2.89
2017.06.29 10:56:55.849,0.95862,0.95872,1.37,3.49
2017.06.29 10:56:56.956,0.95861,0.95871,1.69,1.31
2017.06.29 10:56:57.874,0.95861,0.95871,1.69,2.06
2017.06.29 10:56:58.756,0.95861,0.95871,1.69,1.95
2017.06.29 10:56:59.309,0.95861,0.95871,1.69,3.19
2017.06.29 10:56:59.860,0.9586,0.9587,2.62,3.49
2017.06.29 10:57:02.084,0.9586,0.9587,1.12,4.61
2017.06.29 10:57:06.064,0.9586,0.9587,1.50,3.75
2017.06.29 10:57:07.135,0.95861,0.95871,4.50,1.12
2017.06.29 10:57:07.186,0.95861,0.9587,4.31,1.00
2017.06.29 10:57:07.239,0.95862,0.95872,1.50,1.50
2017.06.29 10:57:07.393,0.95861,0.9587,3.00,1.25
2017.06.29 10:57:11.363,0.95861,0.9587,1.00,3.19
2017.06.29 10:57:11.913,0.95861,0.9587,1.00,1.69
2017.06.29 10:57:13.983,0.95861,0.95871,1.50,2.70
2017.06.29 10:57:18.470,0.95861,0.95871,1.87,4.01
2017.06.29 10:57:19.318,0.9586,0.9587,1.12,2.89
2017.06.29 10:57:20.714,0.95859,0.95869,2.06,1.76
2017.06.29 10:57:27.636,0.9586,0.9587,1.12,4.39
2017.06.29 10:57:28.147,0.9586,0.9587,1.12,2.44
2017.06.29 10:57:31.744,0.95859,0.95869,1.50,2.89
2017.06.29 10:57:32.054,0.95857,0.95867,1.31,2.89
2017.06.29 10:57:38.011,0.95857,0.95866,1.12,1.29
2017.06.29 10:57:41.095,0.95856,0.95867,2.25,4.39
2017.06.29 10:57:51.513,0.95855,0.95862,2.00,1.25
2017.06.29 10:57:51.616,0.95854,0.95861,1.00,1.31
2017.06.29 10:57:51.719,0.9585,0.9586,2.51,1.00
2017.06.29 10:57:52.290,0.9585,0.9586,1.25,2.14
2017.06.29 10:57:54.579,0.9585,0.9586,1.69,1.39
2017.06.29 10:57:55.750,0.95849,0.95859,2.62,1.25
2017.06.29 10:57:56.264,0.95849,0.95859,2.44,1.19
2017.06.29 10:57:56.799,0.95847,0.95856,2.25,1.00
2017.06.29 10:57:57.341,0.95846,0.95856,2.62,1.69
2017.06.29 10:58:02.967,0.95846,0.95856,2.70,2.06
2017.06.29 10:58:03.120,0.95846,0.95855,1.87,2.25
2017.06.29 10:58:03.326,0.95841,0.95851,7.20,1.12
2017.06.29 10:58:03.837,0.95842,0.95853,1.95,1.31
2017.06.29 10:58:05.235,0.95842,0.95852,1.57,2.44
2017.06.29 10:58:05.772,0.95841,0.95851,2.14,1.00
2017.06.29 10:58:06.314,0.95845,0.95853,1.00,1.12
2017.06.29 10:58:06.863,0.95845,0.95855,1.57,2.44
2017.06.29 10:58:07.395,0.95845,0.95855,1.57,1.69
2017.06.29 10:58:07.651,0.95847,0.95857,1.12,3.75
2017.06.29 10:58:07.955,0.95846,0.95856,1.69,3.19
2017.06.29 10:58:08.495,0.95845,0.95855,1.57,1.62
2017.06.29 10:58:09.327,0.95844,0.95853,1.39,1.50
2017.06.29 10:58:09.430,0.95842,0.95851,1.39,1.12
2017.06.29 10:58:09.612,0.95845,0.95852,1.12,1.00
2017.06.29 10:58:09.766,0.95845,0.95855,1.10,2.06
2017.06.29 10:58:14.403,0.95844,0.95854,1.76,1.69
2017.06.29 10:58:14.921,0.95844,0.95854,1.39,1.25
2017.06.29 10:58:15.575,0.95843,0.95852,1.57,1.00
2017.06.29 10:58:16.085,0.95843,0.95852,1.00,1.12
2017.06.29 10:58:17.498,0.95841,0.95851,2.32,1.62
2017.06.29 10:58:18.043,0.9584,0.95851,2.44,2.89
2017.06.29 10:58:19.174,0.9584,0.95851,1.50,2.89
2017.06.29 10:58:20.639,0.9584,0.95851,1.50,2.70
2017.06.29 10:58:21.632,0.9584,0.9585,1.57,1.00
2017.06.29 10:58:33.005,0.95842,0.95851,1.00,1.20
2017.06.29 10:58:33.629,0.95842,0.95852,1.87,1.37
2017.06.29 10:58:37.074,0.9584,0.95851,2.89,2.06
2017.06.29 10:58:37.612,0.9584,0.95851,2.44,4.01
2017.06.29 10:58:38.206,0.9584,0.9585,2.06,1.31
2017.06.29 10:58:44.599,0.9584,0.95851,1.31,3.07
2017.06.29 10:58:44.905,0.95841,0.95851,3.45,1.12
2017.06.29 10:58:47.517,0.95841,0.95851,1.57,1.00
2017.06.29 10:58:50.292,0.95845,0.95852,1.00,1.12
2017.06.29 10:58:50.804,0.95843,0.95853,3.56,1.50
2017.06.29 10:58:51.637,0.95843,0.95852,2.81,1.00
2017.06.29 10:58:53.981,0.95841,0.95851,8.70,1.00
2017.06.29 10:58:54.135,0.95841,0.95851,4.50,1.25
2017.06.29 10:58:55.355,0.95841,0.95851,3.75,1.69
2017.06.29 10:58:55.642,0.9584,0.9585,2.62,2.06
2017.06.29 10:58:56.703,0.9584,0.9585,4.24,1.12
2017.06.29 10:58:57.214,0.95842,0.95852,1.00,2.25
2017.06.29 10:59:00.051,0.95841,0.9585,1.50,1.19
2017.06.29 10:59:00.585,0.95841,0.9585,1.12,1.00
2017.06.29 10:59:01.276,0.95841,0.95851,1.87,2.70
2017.06.29 10:59:02.044,0.95842,0.95852,1.57,2.62
2017.06.29 10:59:02.569,0.95842,0.95852,2.25,1.50
2017.06.29 10:59:10.335,0.95845,0.95854,1.12,1.87
2017.06.29 10:59:10.591,0.95843,0.95854,3.45,2.81
2017.06.29 10:59:11.019,0.95843,0.95854,4.61,2.06
2017.06.29 10:59:13.637,0.95845,0.95855,2.62,3.00
2017.06.29 10:59:14.943,0.95845,0.95854,1.50,1.25
2017.06.29 10:59:21.299,0.95844,0.95854,6.22,1.00
2017.06.29 10:59:23.880,0.95845,0.95855,1.87,2.06
2017.06.29 10:59:24.511,0.95845,0.95854,1.50,1.25
2017.06.29 10:59:24.920,0.95843,0.95853,1.00,1.39
2017.06.29 10:59:25.229,0.95843,0.95854,2.06,3.26
2017.06.29 10:59:25.813,0.95844,0.95854,3.37,1.20
2017.06.29 10:59:26.356,0.95845,0.95854,1.50,1.87
2017.06.29 10:59:28.419,0.95844,0.95853,1.12,1.25
2017.06.29 10:59:28.549,0.95843,0.95853,1.57,1.31
2017.06.29 10:59:29.096,0.95842,0.95852,3.37,1.00
2017.06.29 10:59:29.614,0.95842,0.95853,3.37,2.14
2017.06.29 10:59:31.086,0.95841,0.95851,2.44,1.50
2017.06.29 10:59:31.240,0.95841,0.95851,2.06,1.00
2017.06.29 10:59:39.534,0.9584,0.9585,3.19,1.25
2017.06.29 10:59:40.064,0.95841,0.95851,2.25,1.00
2017.06.29 10:59:42.959,0.9584,0.95851,2.06,3.26
2017.06.29 10:59:44.082,0.9584,0.95851,2.14,2.81
2017.06.29 10:59:46.270,0.95841,0.95851,2.81,1.87
2017.06.29 10:59:46.578,0.95844,0.95852,1.50,1.37
2017.06.29 10:59:46.681,0.95844,0.95853,1.87,1.87
2017.06.29 10:59:47.222,0.95844,0.95854,2.25,1.12
2017.06.29 10:59:47.782,0.95844,0.95853,1.50,1.25
2017.06.29 10:59:48.302,0.95843,0.95852,2.81,1.00
2017.06.29 10:59:52.645,0.95843,0.95853,2.81,1.76
2017.06.29 10:59:53.195,0.95845,0.95854,1.00,1.50
2017.06.29 10:59:54.038,0.95845,0.95855,2.25,2.25
2017.06.29 10:59:54.486,0.95842,0.95851,2.06,1.00
2017.06.29 10:59:54.691,0.95842,0.95852,2.44,1.87
2017.06.29 10:59:55.202,0.95841,0.95851,2.70,1.00
2017.06.29 10:59:55.728,0.95842,0.95852,1.12,1.87
2017.06.29 10:59:56.292,0.95841,0.95851,2.70,1.00
2017.06.29 10:59:57.880,0.95844,0.95852,1.37,1.50
2017.06.29 10:59:57.983,0.95845,0.95854,1.00,3.82
2017.06.29 10:59:58.189,0.95843,0.95852,2.00,1.10
2017.06.29 10:59:58.291,0.95843,0.95852,1.31,1.10
2017.06.29 10:59:58.835,0.95842,0.95851,1.50,1.57
