2009.12.16 09:00:01.142,1.0399,1.04,2.40,1.60
2009.12.16 09:00:01.422,1.0399,1.04005,2.40,1.60
2009.12.16 09:00:01.712,1.0399,1.04,2.40,1.60
2009.12.16 09:00:02.172,1.03985,1.04,20.00,1.60
2009.12.16 09:00:02.342,1.0399,1.04005,2.40,1.60
2009.12.16 09:00:02.572,1.0399,1.04005,7.20,1.60
2009.12.16 09:00:02.752,1.0399,1.04005,2.40,1.60
2009.12.16 09:00:07.011,1.03985,1.04,18.80,1.60
2009.12.16 09:00:07.181,1.03985,1.04,18.00,1.60
2009.12.16 09:00:07.351,1.03985,1.04,17.20,1.60
2009.12.16 09:00:07.691,1.03985,1.04005,18.80,4.00
2009.12.16 09:00:08.730,1.03985,1.04005,19.20,4.00
2009.12.16 09:00:10.230,1.03985,1.04005,16.00,5.20
2009.12.16 09:00:10.340,1.03985,1.04005,13.60,6.80
2009.12.16 09:00:10.400,1.03985,1.04005,13.60,15.60
2009.12.16 09:00:10.560,1.03985,1.04,2.40,1.60
2009.12.16 09:00:10.620,1.0398,1.04,14.50,4.00
2009.12.16 09:00:10.730,1.03985,1.04,4.80,4.00
2009.12.16 09:00:10.790,1.03985,1.04,7.20,4.00
2009.12.16 09:00:11.170,1.0398,1.03995,12.00,1.60
2009.12.16 09:00:11.520,1.0398,1.03995,7.20,1.60
2009.12.16 09:00:12.190,1.0398,1.03995,12.00,1.60
2009.12.16 09:00:12.430,1.0398,1.03995,12.10,1.60
2009.12.16 09:00:12.540,1.03985,1.04,1.00,4.00
2009.12.16 09:00:13.280,1.0399,1.04,2.40,1.60
2009.12.16 09:00:13.619,1.03985,1.03995,4.00,1.60
2009.12.16 09:00:15.389,1.0398,1.03995,6.00,4.00
2009.12.16 09:00:15.679,1.03975,1.03995,21.70,4.00
2009.12.16 09:00:16.139,1.0398,1.03995,4.80,4.00
2009.12.16 09:00:16.479,1.0398,1.03995,4.80,4.00
2009.12.16 09:00:16.869,1.03975,1.03995,20.80,4.00
2009.12.16 09:00:17.788,1.03975,1.03995,20.40,4.00
2009.12.16 09:00:18.538,1.03975,1.03995,15.60,4.00
2009.12.16 09:00:19.708,1.03975,1.03995,14.80,4.00
2009.12.16 09:00:19.888,1.03975,1.0399,13.20,1.60
2009.12.16 09:00:20.768,1.03975,1.03995,14.80,4.00
2009.12.16 09:00:20.938,1.03975,1.03995,14.80,4.00
2009.12.16 09:00:21.517,1.03975,1.0399,13.20,1.60
2009.12.16 09:00:21.737,1.03975,1.0399,13.60,1.60
2009.12.16 09:00:22.077,1.03975,1.03995,15.20,4.00
2009.12.16 09:00:23.447,1.03975,1.0399,13.60,1.60
2009.12.16 09:00:23.787,1.03975,1.03995,15.20,4.00
2009.12.16 09:00:24.087,1.03975,1.03995,16.40,4.00
2009.12.16 09:00:25.007,1.03975,1.03995,21.20,4.00
2009.12.16 09:00:25.227,1.03975,1.03995,21.20,4.00
2009.12.16 09:00:25.846,1.03975,1.03995,21.20,4.00
2009.12.16 09:00:26.236,1.0398,1.03995,4.80,4.00
2009.12.16 09:00:27.576,1.0398,1.03995,4.80,4.00
2009.12.16 09:00:30.535,1.0398,1.0399,4.80,1.60
2009.12.16 09:00:30.755,1.0398,1.03995,4.80,4.00
2009.12.16 09:00:31.215,1.03985,1.03995,2.40,1.60
2009.12.16 09:00:31.555,1.0398,1.03995,8.00,1.60
2009.12.16 09:00:31.915,1.03985,1.03995,1.20,1.60
2009.12.16 09:00:32.265,1.03985,1.0399,1.00,1.60
2009.12.16 09:00:32.605,1.03975,1.03985,2.80,4.00
2009.12.16 09:00:33.005,1.03975,1.03985,2.40,2.40
2009.12.16 09:00:33.355,1.03975,1.03995,7.20,12.80
2009.12.16 09:00:33.685,1.03975,1.0399,14.80,1.60
2009.12.16 09:00:34.035,1.03975,1.03995,18.80,4.00
2009.12.16 09:00:34.334,1.03985,1.0399,1.60,1.60
2009.12.16 09:00:34.674,1.0398,1.0399,1.60,4.00
2009.12.16 09:00:35.424,1.03975,1.03985,1.60,2.40
2009.12.16 09:00:35.764,1.0397,1.03985,14.40,2.40
2009.12.16 09:00:37.044,1.0397,1.03985,12.80,4.00
2009.12.16 09:00:37.624,1.0397,1.03985,12.80,1.60
2009.12.16 09:00:38.144,1.0397,1.0399,14.40,4.00
2009.12.16 09:00:40.033,1.03975,1.0399,1.00,4.00
2009.12.16 09:00:40.533,1.03975,1.0399,5.60,1.60
2009.12.16 09:00:40.703,1.03975,1.0399,12.40,1.60
2009.12.16 09:00:40.923,1.03975,1.0399,15.60,1.60
2009.12.16 09:00:41.263,1.0398,1.0399,2.40,1.60
2009.12.16 09:00:41.613,1.03985,1.0399,1.00,1.60
2009.12.16 09:00:42.793,1.03985,1.03995,1.00,1.60
2009.12.16 09:00:43.012,1.03985,1.03995,1.00,1.60
2009.12.16 09:00:43.422,1.03985,1.03995,3.20,1.60
2009.12.16 09:00:43.762,1.03985,1.03995,2.40,1.60
2009.12.16 09:00:45.062,1.0398,1.0399,2.70,1.60
2009.12.16 09:00:45.292,1.0398,1.03995,2.70,1.60
2009.12.16 09:00:45.692,1.03985,1.03995,1.00,1.60
2009.12.16 09:00:46.151,1.03985,1.0399,1.00,1.60
2009.12.16 09:00:46.721,1.0398,1.0399,2.70,1.60
2009.12.16 09:00:47.422,1.0398,1.03995,2.70,1.60
2009.12.16 09:00:48.171,1.0398,1.03995,2.40,4.00
2009.12.16 09:00:49.960,1.0398,1.03995,3.20,4.00
2009.12.16 09:00:50.121,1.0398,1.03995,2.40,1.60
2009.12.16 09:00:55.099,1.03985,1.03995,1.00,1.60
2009.12.16 09:01:04.077,1.03985,1.03995,2.70,1.60
2009.12.16 09:01:05.247,1.03985,1.03995,3.10,1.60
2009.12.16 09:01:05.697,1.0399,1.04,2.40,6.40
2009.12.16 09:01:06.227,1.03995,1.04,1.00,1.60
2009.12.16 09:01:08.276,1.0399,1.04,1.00,4.00
2009.12.16 09:01:09.956,1.0399,1.04,1.00,1.60
2009.12.16 09:01:15.134,1.0399,1.04,1.10,1.60
2009.12.16 09:01:17.894,1.0399,1.04,1.10,1.60
2009.12.16 09:01:18.114,1.03985,1.03995,6.30,1.60
2009.12.16 09:01:18.294,1.03985,1.03995,1.10,1.60
2009.12.16 09:01:21.643,1.03985,1.03995,3.50,1.60
2009.12.16 09:01:22.273,1.0399,1.04,2.40,11.20
2009.12.16 09:01:22.553,1.0399,1.04,2.40,1.60
2009.12.16 09:01:22.793,1.03985,1.04,5.60,1.60
2009.12.16 09:01:23.143,1.03985,1.03995,1.10,1.60
2009.12.16 09:01:23.843,1.03985,1.03995,3.50,1.60
2009.12.16 09:01:24.193,1.03985,1.04,3.50,8.80
2009.12.16 09:01:24.492,1.03985,1.04,3.50,4.00
2009.12.16 09:01:25.292,1.03985,1.04,4.00,4.00
2009.12.16 09:01:27.132,1.0398,1.03995,15.20,1.60
2009.12.16 09:01:27.362,1.03985,1.03995,1.60,1.60
2009.12.16 09:01:27.971,1.03985,1.04,1.60,8.80
2009.12.16 09:01:28.201,1.03985,1.03995,1.60,1.60
2009.12.16 09:01:28.541,1.03985,1.04,4.00,4.00
2009.12.16 09:01:29.251,1.03985,1.03995,4.00,1.60
2009.12.16 09:01:29.601,1.03985,1.04,4.00,4.00
2009.12.16 09:01:30.341,1.03985,1.03995,4.00,1.60
2009.12.16 09:01:31.281,1.0399,1.04,1.60,4.00
2009.12.16 09:01:31.570,1.0399,1.03995,1.60,1.60
2009.12.16 09:01:32.140,1.03985,1.03995,8.80,1.60
2009.12.16 09:01:33.060,1.0399,1.04,3.10,1.60
2009.12.16 09:01:33.351,1.0399,1.04005,4.00,1.60
2009.12.16 09:01:33.640,1.03995,1.04005,3.20,1.60
2009.12.16 09:01:33.930,1.03995,1.0401,4.00,1.60
2009.12.16 09:01:34.230,1.04005,1.0401,1.00,1.60
2009.12.16 09:01:34.520,1.03995,1.04005,12.30,4.00
2009.12.16 09:01:34.910,1.0399,1.04005,5.50,8.00
2009.12.16 09:01:35.250,1.0399,1.04,1.00,1.60
2009.12.16 09:01:35.919,1.03985,1.04,9.80,1.60
2009.12.16 09:01:36.269,1.0399,1.04005,2.40,10.00
2009.12.16 09:01:36.599,1.03995,1.04005,3.40,1.60
2009.12.16 09:01:36.949,1.04005,1.0401,1.00,1.60
2009.12.16 09:01:37.129,1.03995,1.0401,8.60,1.60
2009.12.16 09:01:37.779,1.03995,1.0401,15.80,1.60
2009.12.16 09:01:38.049,1.03995,1.0401,16.20,1.60
2009.12.16 09:01:38.289,1.03995,1.0401,4.80,1.60
2009.12.16 09:01:38.519,1.03995,1.0401,2.40,1.60
2009.12.16 09:01:39.389,1.03995,1.04005,2.40,1.60
2009.12.16 09:01:39.679,1.0399,1.04005,14.40,1.60
2009.12.16 09:01:41.388,1.03995,1.04005,2.40,1.60
2009.12.16 09:01:42.888,1.03995,1.04005,2.40,1.60
2009.12.16 09:01:43.068,1.0399,1.04005,2.40,1.60
2009.12.16 09:01:51.626,1.03995,1.04005,2.40,1.60
2009.12.16 09:01:55.895,1.0399,1.04005,5.10,1.60
2009.12.16 09:01:56.245,1.03995,1.04005,2.40,1.60
2009.12.16 09:01:57.624,1.0399,1.04005,3.40,1.60
2009.12.16 09:01:57.864,1.0399,1.04005,2.40,1.60
2009.12.16 09:01:59.534,1.03995,1.04005,2.40,1.60
2009.12.16 09:02:01.633,1.0399,1.04005,3.50,1.60
2009.12.16 09:02:02.323,1.0399,1.04005,2.40,1.60
2009.12.16 09:02:03.303,1.03995,1.04005,2.40,1.60
2009.12.16 09:02:06.052,1.03995,1.04005,2.40,1.60
2009.12.16 09:02:06.402,1.04,1.0401,2.40,9.60
2009.12.16 09:02:06.782,1.03995,1.0401,4.00,1.60
2009.12.16 09:02:07.133,1.04,1.04015,2.40,24.40
2009.12.16 09:02:07.362,1.04,1.04015,2.40,19.60
2009.12.16 09:02:07.632,1.04,1.04015,4.00,12.00
2009.12.16 09:02:07.972,1.04,1.04015,4.00,6.40
2009.12.16 09:02:08.202,1.04005,1.04015,1.40,1.60
2009.12.16 09:02:08.822,1.04,1.0401,2.40,2.70
2009.12.16 09:02:09.142,1.04,1.04005,2.40,9.60
2009.12.16 09:02:09.532,1.04,1.04005,2.40,16.70
2009.12.16 09:02:09.881,1.0399,1.03995,2.40,1.60
2009.12.16 09:02:10.231,1.03985,1.04,1.40,5.60
2009.12.16 09:02:10.561,1.03985,1.04,1.40,6.40
2009.12.16 09:02:11.251,1.03985,1.04,1.40,1.60
2009.12.16 09:02:12.231,1.0398,1.03995,6.20,1.60
2009.12.16 09:02:12.391,1.0398,1.03995,8.60,1.60
2009.12.16 09:02:12.801,1.0398,1.03995,6.20,1.60
2009.12.16 09:02:12.981,1.0398,1.03995,1.40,1.60
2009.12.16 09:02:13.211,1.0398,1.03995,1.40,6.40
2009.12.16 09:02:13.560,1.03975,1.0399,10.70,1.60
2009.12.16 09:02:14.311,1.03975,1.0399,7.20,1.60
2009.12.16 09:02:14.610,1.03975,1.0399,2.40,1.60
2009.12.16 09:02:14.900,1.03975,1.0399,3.90,1.60
2009.12.16 09:02:15.230,1.0397,1.0399,16.20,1.60
2009.12.16 09:02:15.580,1.03975,1.0399,10.80,1.60
2009.12.16 09:02:15.930,1.03985,1.03995,2.40,1.60
2009.12.16 09:02:16.970,1.03985,1.03995,4.00,1.60
2009.12.16 09:02:17.660,1.03985,1.04,4.00,8.80
2009.12.16 09:02:18.310,1.03985,1.04,4.00,13.60
2009.12.16 09:02:18.539,1.03985,1.03995,4.00,1.60
2009.12.16 09:02:18.889,1.03985,1.04,4.00,8.80
2009.12.16 09:02:19.179,1.03985,1.03995,4.00,1.60
2009.12.16 09:02:20.179,1.03985,1.03995,4.00,1.60
2009.12.16 09:02:20.529,1.03985,1.04,4.00,8.80
2009.12.16 09:02:20.879,1.03985,1.03995,4.00,1.60
2009.12.16 09:02:22.208,1.03985,1.04,4.00,8.80
2009.12.16 09:02:22.538,1.03985,1.04,4.00,13.60
2009.12.16 09:02:22.868,1.03985,1.04,4.00,8.80
2009.12.16 09:02:23.098,1.03985,1.04,4.00,13.60
2009.12.16 09:02:23.378,1.03985,1.04,4.00,8.80
2009.12.16 09:02:23.678,1.03985,1.03995,1.60,1.60
2009.12.16 09:02:24.078,1.03975,1.0399,21.40,1.60
2009.12.16 09:02:24.428,1.03975,1.0399,5.60,1.60
2009.12.16 09:02:24.768,1.03975,1.0399,4.00,1.60
2009.12.16 09:02:27.377,1.03975,1.0399,4.00,1.60
2009.12.16 09:02:27.487,1.03975,1.0399,1.60,4.00
2009.12.16 09:02:27.667,1.03975,1.0399,4.00,4.00
2009.12.16 09:02:32.246,1.03975,1.0399,4.00,8.80
2009.12.16 09:02:32.536,1.03975,1.0399,4.00,4.00
2009.12.16 09:02:34.006,1.03975,1.0399,4.00,8.80
2009.12.16 09:02:34.385,1.03975,1.03985,4.00,1.60
2009.12.16 09:02:37.455,1.03975,1.03985,1.60,1.60
2009.12.16 09:02:40.734,1.03975,1.0399,1.60,8.80
2009.12.16 09:02:40.914,1.03975,1.0399,4.00,8.80
2009.12.16 09:02:41.024,1.03975,1.0399,4.00,4.00
2009.12.16 09:02:45.863,1.03975,1.0399,1.60,4.00
2009.12.16 09:02:46.103,1.03975,1.0399,4.00,4.00
2009.12.16 09:02:47.443,1.03975,1.03985,4.00,1.60
2009.12.16 09:02:47.562,1.03975,1.0399,4.00,4.00
2009.12.16 09:02:48.512,1.03975,1.03985,4.00,1.60
2009.12.16 09:02:57.910,1.03975,1.0399,4.00,1.60
2009.12.16 09:03:00.289,1.03975,1.03985,4.00,1.60
2009.12.16 09:03:00.639,1.03975,1.03985,4.00,1.60
2009.12.16 09:03:00.979,1.0397,1.03985,7.20,1.60
2009.12.16 09:03:01.329,1.0397,1.03985,7.20,2.80
2009.12.16 09:03:01.669,1.0397,1.03985,7.20,1.60
2009.12.16 09:03:02.189,1.03975,1.03985,2.40,1.60
2009.12.16 09:03:02.419,1.0397,1.03985,7.20,5.60
2009.12.16 09:03:02.589,1.0397,1.0398,2.40,1.60
2009.12.16 09:03:03.159,1.0397,1.0398,7.20,1.60
2009.12.16 09:03:03.689,1.0397,1.03985,7.20,5.60
2009.12.16 09:03:03.928,1.0397,1.03985,7.20,1.60
2009.12.16 09:03:04.848,1.0397,1.03985,2.40,1.60
2009.12.16 09:03:05.248,1.0397,1.03985,8.80,1.60
2009.12.16 09:03:05.528,1.0397,1.03985,12.00,3.20
2009.12.16 09:03:05.768,1.0397,1.0398,2.40,1.60
2009.12.16 09:03:06.008,1.0397,1.03985,2.40,1.60
2009.12.16 09:03:08.427,1.0397,1.0398,2.40,1.60
2009.12.16 09:03:08.647,1.03965,1.0398,8.80,1.60
2009.12.16 09:03:08.878,1.03965,1.0398,13.60,1.60
2009.12.16 09:03:09.108,1.03965,1.0398,1.60,4.00
2009.12.16 09:03:09.457,1.0396,1.03975,2.40,1.60
2009.12.16 09:03:09.807,1.0396,1.03975,7.20,1.60
2009.12.16 09:03:14.046,1.0396,1.03975,8.80,1.60
2009.12.16 09:03:14.776,1.0396,1.03975,13.60,1.60
2009.12.16 09:03:15.126,1.0396,1.03975,13.70,1.60
2009.12.16 09:03:15.476,1.03965,1.0398,1.00,4.00
2009.12.16 09:03:15.706,1.03965,1.0398,2.80,4.00
2009.12.16 09:03:15.996,1.0397,1.0398,2.40,1.60
2009.12.16 09:03:16.276,1.0397,1.03985,2.40,1.60
2009.12.16 09:03:17.655,1.0397,1.03985,2.40,4.00
2009.12.16 09:03:17.775,1.0397,1.0398,2.40,1.60
2009.12.16 09:03:18.405,1.0397,1.03985,2.40,1.60
2009.12.16 09:03:19.325,1.0397,1.03985,3.20,1.60
2009.12.16 09:03:19.675,1.0397,1.03985,2.40,1.60
2009.12.16 09:03:20.675,1.03975,1.03985,2.40,1.60
2009.12.16 09:03:21.074,1.03975,1.03985,2.40,1.60
2009.12.16 09:03:21.414,1.0397,1.03985,2.40,1.60
2009.12.16 09:03:23.754,1.03965,1.03985,18.70,4.00
2009.12.16 09:03:24.104,1.0397,1.0398,2.40,1.60
2009.12.16 09:03:25.203,1.03965,1.0398,7.20,4.00
2009.12.16 09:03:25.533,1.03965,1.0398,2.40,4.00
2009.12.16 09:03:25.873,1.03965,1.0398,2.40,4.00
2009.12.16 09:03:26.153,1.03965,1.0398,7.20,4.00
2009.12.16 09:03:26.513,1.0396,1.0398,14.60,4.00
2009.12.16 09:03:26.903,1.0396,1.0398,13.60,4.00
2009.12.16 09:03:27.633,1.0396,1.0398,8.80,8.80
2009.12.16 09:03:28.213,1.03965,1.0398,2.40,6.40
2009.12.16 09:03:28.333,1.03965,1.0398,2.40,8.80
2009.12.16 09:03:28.512,1.03965,1.0398,2.40,4.00
2009.12.16 09:03:29.382,1.03965,1.0398,2.40,1.60
2009.12.16 09:03:29.732,1.03965,1.0398,2.40,4.00
2009.12.16 09:03:30.422,1.0396,1.0398,14.50,4.00
2009.12.16 09:03:30.832,1.0396,1.0398,14.50,4.00
2009.12.16 09:03:31.172,1.03965,1.0398,2.40,1.60
2009.12.16 09:03:37.040,1.03965,1.0398,4.00,1.60
2009.12.16 09:03:37.440,1.0397,1.03985,2.40,6.40
2009.12.16 09:03:37.560,1.0397,1.03985,2.40,1.60
2009.12.16 09:03:40.300,1.03965,1.03985,16.50,4.00
2009.12.16 09:03:40.409,1.03965,1.03985,16.00,4.00
2009.12.16 09:03:40.740,1.03965,1.0398,16.00,1.60
2009.12.16 09:03:40.860,1.03965,1.0398,1.60,4.00
2009.12.16 09:03:40.919,1.0396,1.0398,14.50,4.00
2009.12.16 09:03:41.090,1.03965,1.0398,2.40,1.60
2009.12.16 09:03:49.619,1.0397,1.0398,2.40,1.60
2009.12.16 09:03:51.487,1.0397,1.03985,2.40,1.60
2009.12.16 09:03:53.226,1.0397,1.0398,2.40,1.60
2009.12.16 09:03:53.566,1.0397,1.03985,2.40,1.60
2009.12.16 09:03:53.856,1.0397,1.0398,2.40,1.60
2009.12.16 09:03:54.196,1.0396,1.0398,8.80,8.80
2009.12.16 09:03:54.496,1.03965,1.0398,9.60,1.60
2009.12.16 09:03:54.826,1.0397,1.0398,2.40,1.60
2009.12.16 09:03:58.565,1.0397,1.03985,2.40,5.60
2009.12.16 09:03:59.235,1.0397,1.0398,2.40,1.60
2009.12.16 09:04:10.173,1.03965,1.0398,11.60,1.60
2009.12.16 09:04:11.212,1.03965,1.0398,10.40,1.60
2009.12.16 09:04:12.652,1.03965,1.0398,8.80,1.60
2009.12.16 09:04:12.762,1.03965,1.0398,8.80,1.60
2009.12.16 09:04:12.882,1.03965,1.03975,8.80,1.60
2009.12.16 09:04:12.992,1.03965,1.03975,4.00,1.60
2009.12.16 09:04:13.402,1.03965,1.03975,8.80,1.60
2009.12.16 09:04:13.572,1.03965,1.03975,4.00,1.60
2009.12.16 09:04:13.921,1.03965,1.03975,8.80,1.60
2009.12.16 09:04:14.612,1.03965,1.03975,4.00,1.60
2009.12.16 09:04:15.261,1.03965,1.03975,2.40,1.60
2009.12.16 09:04:15.651,1.0396,1.03975,7.20,1.60
2009.12.16 09:04:16.311,1.0396,1.03975,2.40,1.60
2009.12.16 09:04:17.121,1.0396,1.03975,2.40,1.60
2009.12.16 09:04:17.712,1.0396,1.03975,7.20,1.60
2009.12.16 09:04:18.870,1.0396,1.03975,7.20,1.70
2009.12.16 09:04:19.220,1.0396,1.03975,7.20,1.60
2009.12.16 09:04:19.570,1.0396,1.03975,2.40,1.60
2009.12.16 09:04:20.560,1.0396,1.0397,2.40,1.60
2009.12.16 09:04:21.540,1.0396,1.0397,7.20,1.60
2009.12.16 09:04:21.890,1.0396,1.0397,2.40,1.60
2009.12.16 09:04:26.868,1.0396,1.0397,2.40,1.60
2009.12.16 09:04:27.208,1.03955,1.03965,9.60,1.60
2009.12.16 09:04:27.499,1.03955,1.03965,4.80,1.60
2009.12.16 09:04:27.738,1.03955,1.03965,7.20,1.60
2009.12.16 09:04:27.968,1.03955,1.03965,2.40,1.60
2009.12.16 09:04:28.238,1.03955,1.03965,2.40,1.60
2009.12.16 09:04:28.588,1.0395,1.03965,7.20,1.60
2009.12.16 09:04:28.918,1.03955,1.03965,2.40,1.60
2009.12.16 09:04:31.968,1.03955,1.03965,2.40,1.60
2009.12.16 09:04:32.307,1.03955,1.03965,2.40,1.60
2009.12.16 09:04:32.817,1.03955,1.03965,2.40,1.60
2009.12.16 09:04:32.997,1.0395,1.03965,2.40,1.60
2009.12.16 09:04:33.697,1.0395,1.0396,2.40,1.60
2009.12.16 09:04:34.037,1.03945,1.0396,8.80,3.20
2009.12.16 09:04:34.427,1.03945,1.0396,8.80,3.20
2009.12.16 09:04:34.776,1.0394,1.0396,14.40,9.60
2009.12.16 09:04:35.126,1.03935,1.03955,1.60,8.80
2009.12.16 09:04:35.466,1.03935,1.0395,1.60,2.40
2009.12.16 09:04:35.816,1.0393,1.0395,4.00,16.80
2009.12.16 09:04:37.406,1.0393,1.03945,2.40,1.60
2009.12.16 09:04:37.796,1.0393,1.0395,2.40,21.60
2009.12.16 09:04:37.906,1.0393,1.03945,2.40,1.60
2009.12.16 09:04:38.076,1.03925,1.03945,8.90,1.60
2009.12.16 09:04:38.366,1.0393,1.03945,1.00,1.60
2009.12.16 09:04:38.536,1.03935,1.03945,2.40,1.60
2009.12.16 09:04:38.866,1.03935,1.0395,2.40,4.00
2009.12.16 09:04:40.585,1.03935,1.03945,2.40,1.60
2009.12.16 09:04:41.465,1.03935,1.0395,2.40,4.00
2009.12.16 09:04:41.755,1.0393,1.03945,6.40,1.60
2009.12.16 09:04:42.045,1.03925,1.0394,2.00,1.60
2009.12.16 09:04:42.375,1.0392,1.0394,4.80,1.60
2009.12.16 09:04:42.975,1.0392,1.0394,9.60,4.00
2009.12.16 09:04:43.264,1.0392,1.03935,4.80,1.60
2009.12.16 09:04:43.564,1.03915,1.03935,13.70,1.60
2009.12.16 09:04:44.894,1.0392,1.0394,4.00,20.80
2009.12.16 09:04:45.284,1.0392,1.03935,2.40,1.60
2009.12.16 09:04:45.514,1.0392,1.0394,8.80,12.80
2009.12.16 09:04:46.024,1.0392,1.0394,8.80,4.00
2009.12.16 09:04:46.374,1.0392,1.0394,9.60,4.00
2009.12.16 09:04:46.844,1.0392,1.0394,14.40,4.00
2009.12.16 09:04:47.233,1.03925,1.0394,4.00,1.60
2009.12.16 09:04:47.394,1.03925,1.0394,10.00,1.60
2009.12.16 09:04:47.514,1.0393,1.03945,1.60,4.00
2009.12.16 09:04:47.633,1.0393,1.03945,2.40,1.60
2009.12.16 09:04:48.933,1.03935,1.0395,4.00,8.00
2009.12.16 09:04:49.963,1.03935,1.0395,4.00,7.20
2009.12.16 09:04:50.353,1.03935,1.0395,4.00,1.60
2009.12.16 09:04:50.533,1.03935,1.03955,6.40,14.40
2009.12.16 09:04:50.753,1.0394,1.03955,7.20,4.00
2009.12.16 09:04:51.332,1.0394,1.03955,2.40,4.00
2009.12.16 09:04:54.562,1.0394,1.03955,4.00,4.00
2009.12.16 09:04:54.852,1.0394,1.03955,2.40,4.00
2009.12.16 09:04:55.871,1.03935,1.0395,7.20,7.20
2009.12.16 09:04:56.102,1.0394,1.03955,2.40,17.60
2009.12.16 09:04:56.391,1.03935,1.0395,12.00,1.60
2009.12.16 09:04:56.611,1.0394,1.03955,2.40,1.60
2009.12.16 09:04:56.961,1.0394,1.03955,2.40,6.40
2009.12.16 09:04:57.651,1.03945,1.0396,1.60,18.40
2009.12.16 09:04:57.831,1.03945,1.0396,4.80,1.60
2009.12.16 09:04:58.051,1.03945,1.0396,9.60,1.60
2009.12.16 09:04:59.081,1.03945,1.03965,11.20,19.60
2009.12.16 09:04:59.431,1.03945,1.03965,11.20,16.80
2009.12.16 09:04:59.771,1.03945,1.03965,11.20,12.80
2009.12.16 09:05:00.510,1.03945,1.03965,12.40,8.80
2009.12.16 09:05:00.860,1.03955,1.03965,1.60,1.60
2009.12.16 09:05:01.211,1.0396,1.0397,2.40,1.60
2009.12.16 09:05:01.560,1.0396,1.03975,2.40,10.40
2009.12.16 09:05:03.220,1.0396,1.03975,2.40,10.80
2009.12.16 09:05:03.451,1.0396,1.03975,2.40,10.40
2009.12.16 09:05:03.919,1.03955,1.03975,12.00,12.80
2009.12.16 09:05:04.269,1.03955,1.03975,11.20,12.80
2009.12.16 09:05:04.610,1.03955,1.03975,11.30,12.90
2009.12.16 09:05:04.949,1.03955,1.03975,11.20,12.80
2009.12.16 09:05:05.649,1.0396,1.03975,2.40,10.40
2009.12.16 09:05:06.269,1.03955,1.03975,11.60,12.80
2009.12.16 09:05:06.669,1.0396,1.03975,2.40,10.40
2009.12.16 09:05:07.019,1.03955,1.03975,11.60,12.80
2009.12.16 09:05:14.467,1.03955,1.03975,11.60,8.80
2009.12.16 09:05:14.797,1.03955,1.03975,12.40,4.00
2009.12.16 09:05:15.127,1.0396,1.03975,2.40,1.60
2009.12.16 09:05:15.507,1.03965,1.03975,1.60,1.60
2009.12.16 09:05:15.857,1.03965,1.0398,1.60,4.00
2009.12.16 09:05:16.206,1.03965,1.0398,4.00,1.60
2009.12.16 09:05:20.105,1.03965,1.0398,4.00,6.40
2009.12.16 09:05:22.165,1.03965,1.0398,4.00,5.60
2009.12.16 09:05:22.335,1.0396,1.0398,8.80,12.80
2009.12.16 09:05:22.515,1.0396,1.03975,2.40,1.60
2009.12.16 09:05:23.805,1.0396,1.03975,2.40,1.60
2009.12.16 09:05:24.095,1.03955,1.03975,15.60,4.00
2009.12.16 09:05:24.615,1.03955,1.03975,10.80,8.80
2009.12.16 09:05:24.974,1.0396,1.03975,4.00,1.00
2009.12.16 09:05:25.874,1.0396,1.0398,4.00,21.60
2009.12.16 09:05:28.743,1.03965,1.03985,5.60,33.20
2009.12.16 09:05:29.093,1.03965,1.0398,5.60,4.80
2009.12.16 09:05:29.443,1.03965,1.03985,5.60,31.60
2009.12.16 09:05:29.843,1.03965,1.03985,5.60,29.20
2009.12.16 09:05:30.183,1.03965,1.03985,5.60,20.40
2009.12.16 09:05:32.153,1.0397,1.03985,4.00,8.80
2009.12.16 09:05:32.433,1.0398,1.0399,1.00,17.60
2009.12.16 09:05:32.842,1.03985,1.03995,2.40,25.60
2009.12.16 09:05:33.012,1.03985,1.0399,6.40,9.60
2009.12.16 09:05:33.173,1.03985,1.0399,5.60,9.60
2009.12.16 09:05:33.413,1.03985,1.0401,5.60,20.80
2009.12.16 09:05:33.523,1.03985,1.04005,12.80,2.40
2009.12.16 09:05:33.692,1.0398,1.04005,14.40,11.60
2009.12.16 09:05:33.862,1.0398,1.04,6.40,2.50
2009.12.16 09:05:34.212,1.03975,1.03995,6.40,2.40
2009.12.16 09:05:34.622,1.0397,1.0399,8.80,11.20
2009.12.16 09:05:34.982,1.0397,1.0399,8.80,15.20
2009.12.16 09:05:35.332,1.0397,1.0399,2.40,15.20
2009.12.16 09:05:35.672,1.03965,1.0398,10.40,1.00
2009.12.16 09:05:36.032,1.03965,1.0398,1.60,11.20
2009.12.16 09:05:36.832,1.03965,1.03985,5.60,23.60
2009.12.16 09:05:37.172,1.03965,1.03985,4.00,19.60
2009.12.16 09:05:37.522,1.03965,1.0398,1.60,8.00
2009.12.16 09:05:37.872,1.03965,1.0398,1.60,12.00
2009.12.16 09:05:38.221,1.03965,1.0398,4.00,12.00
2009.12.16 09:05:38.501,1.03965,1.0398,1.60,7.20
2009.12.16 09:05:38.781,1.0396,1.0398,4.80,4.80
2009.12.16 09:05:39.102,1.0397,1.03985,1.60,30.80
2009.12.16 09:05:39.341,1.0397,1.03985,1.60,27.60
2009.12.16 09:05:39.741,1.0397,1.03985,1.60,27.20
2009.12.16 09:05:40.081,1.0397,1.03985,2.40,20.80
2009.12.16 09:05:40.441,1.0397,1.03985,1.60,12.80
2009.12.16 09:05:40.770,1.0397,1.03985,4.00,1.00
2009.12.16 09:05:41.781,1.03965,1.0398,15.20,2.40
2009.12.16 09:05:42.120,1.03965,1.0398,1.60,8.00
2009.12.16 09:05:42.470,1.0396,1.0398,4.00,12.00
2009.12.16 09:05:42.800,1.03965,1.0398,1.60,7.20
2009.12.16 09:05:43.200,1.03965,1.0398,1.60,12.00
2009.12.16 09:05:43.540,1.03965,1.0398,1.60,7.20
2009.12.16 09:05:44.470,1.03965,1.0398,1.60,12.00
2009.12.16 09:05:45.150,1.03965,1.0398,1.60,7.20
2009.12.16 09:05:45.500,1.03965,1.0398,4.00,7.20
2009.12.16 09:05:45.839,1.03965,1.0398,4.00,4.80
2009.12.16 09:05:46.179,1.03965,1.03985,5.60,30.80
2009.12.16 09:05:46.809,1.03965,1.03985,5.60,28.40
2009.12.16 09:05:47.160,1.0397,1.03985,1.60,6.40
2009.12.16 09:05:47.499,1.0397,1.03985,4.00,4.00
2009.12.16 09:05:47.799,1.0397,1.03985,4.00,8.80
2009.12.16 09:05:48.658,1.03975,1.0399,4.00,9.60
2009.12.16 09:05:48.939,1.03975,1.0399,4.00,4.00
2009.12.16 09:05:49.278,1.03975,1.0399,4.00,8.80
2009.12.16 09:05:49.678,1.03975,1.0399,4.00,4.00
2009.12.16 09:05:50.018,1.03975,1.0399,5.60,4.80
2009.12.16 09:05:50.298,1.03975,1.03995,5.60,27.20
2009.12.16 09:05:50.518,1.03975,1.03995,5.60,23.20
2009.12.16 09:05:50.808,1.03975,1.0399,4.00,1.00
2009.12.16 09:05:51.078,1.03975,1.0399,4.00,4.00
2009.12.16 09:05:51.408,1.03975,1.0399,1.60,11.20
2009.12.16 09:05:51.758,1.0397,1.0399,4.00,20.00
2009.12.16 09:05:54.407,1.03975,1.0399,5.60,17.60
2009.12.16 09:05:54.757,1.0397,1.03985,4.00,4.80
2009.12.16 09:05:55.107,1.0397,1.0399,4.00,21.60
2009.12.16 09:06:00.196,1.03965,1.0399,21.20,16.80
2009.12.16 09:06:00.546,1.0397,1.03985,4.00,8.00
2009.12.16 09:06:00.886,1.03965,1.0398,2.80,2.40
2009.12.16 09:06:01.236,1.03965,1.0398,1.60,7.20
2009.12.16 09:06:01.596,1.0396,1.0398,4.00,12.00
2009.12.16 09:06:03.175,1.03965,1.0398,1.60,7.20
2009.12.16 09:06:04.385,1.03965,1.0398,1.60,2.40
2009.12.16 09:06:05.815,1.03965,1.0398,4.00,2.40
2009.12.16 09:06:06.744,1.0397,1.03985,1.60,15.60
2009.12.16 09:06:07.094,1.0397,1.0399,4.00,20.80
2009.12.16 09:06:07.484,1.0397,1.0399,4.00,21.60
2009.12.16 09:06:07.824,1.0397,1.03985,1.60,16.00
2009.12.16 09:06:08.284,1.03965,1.03985,2.00,11.20
2009.12.16 09:06:08.404,1.0397,1.0398,4.00,4.80
2009.12.16 09:06:08.564,1.0397,1.03985,4.00,9.60
2009.12.16 09:06:08.674,1.0397,1.03985,4.00,4.80
2009.12.16 09:06:08.784,1.0397,1.03985,4.00,1.00
2009.12.16 09:06:08.904,1.0397,1.0399,4.00,21.60
2009.12.16 09:06:09.254,1.0397,1.03985,4.00,1.00
2009.12.16 09:06:09.654,1.0397,1.03985,1.60,1.00
2009.12.16 09:06:12.853,1.0397,1.0399,4.00,17.60
2009.12.16 09:06:13.203,1.0397,1.0399,4.00,12.80
2009.12.16 09:06:13.543,1.0397,1.0399,4.00,16.00
2009.12.16 09:06:14.183,1.0397,1.0399,8.80,11.20
2009.12.16 09:06:15.093,1.03975,1.0399,1.60,7.20
2009.12.16 09:06:15.442,1.03975,1.0399,1.60,2.40
2009.12.16 09:06:16.822,1.0398,1.0399,1.60,2.40
2009.12.16 09:06:17.212,1.0398,1.04,4.00,21.60
2009.12.16 09:06:17.552,1.0398,1.04,4.00,21.60
2009.12.16 09:06:18.461,1.0398,1.04,4.00,21.70
2009.12.16 09:06:18.632,1.0398,1.04,4.00,21.60
2009.12.16 09:06:21.141,1.0398,1.03995,1.60,4.80
2009.12.16 09:06:21.431,1.0398,1.03995,1.60,9.60
2009.12.16 09:06:21.870,1.0398,1.03995,1.60,4.80
2009.12.16 09:06:22.170,1.0398,1.04,4.00,22.40
2009.12.16 09:06:22.640,1.0398,1.04,4.00,21.60
2009.12.16 09:06:23.490,1.0398,1.04,4.00,16.80
2009.12.16 09:06:27.279,1.0398,1.03995,1.60,4.80
2009.12.16 09:06:31.319,1.0398,1.03995,4.00,4.80
2009.12.16 09:06:35.107,1.0398,1.04,4.00,20.00
2009.12.16 09:06:35.977,1.0398,1.03995,1.60,7.20
2009.12.16 09:06:36.267,1.0398,1.03995,1.60,12.00
2009.12.16 09:06:36.507,1.03975,1.03995,4.00,16.00
2009.12.16 09:06:37.527,1.03975,1.03995,4.00,16.00
2009.12.16 09:06:37.747,1.0398,1.03995,1.60,16.00
2009.12.16 09:06:37.927,1.0398,1.03995,1.60,12.00
2009.12.16 09:06:38.097,1.0398,1.03995,1.60,7.20
2009.12.16 09:06:39.686,1.0398,1.03995,1.60,16.00
2009.12.16 09:06:40.036,1.03975,1.03995,4.00,16.00
2009.12.16 09:06:42.296,1.03975,1.03995,4.80,16.00
2009.12.16 09:06:42.636,1.0398,1.03995,1.60,11.20
2009.12.16 09:06:42.865,1.0398,1.03995,1.60,11.30
2009.12.16 09:06:42.916,1.0398,1.03995,1.60,11.20
2009.12.16 09:06:42.976,1.0398,1.03995,1.60,12.80
2009.12.16 09:06:43.036,1.0398,1.03995,1.60,22.00
2009.12.16 09:06:43.496,1.03975,1.0399,5.60,1.00
2009.12.16 09:06:43.826,1.03975,1.03995,5.60,28.40
2009.12.16 09:06:44.175,1.03975,1.03995,5.60,21.20
2009.12.16 09:06:44.515,1.0398,1.03995,1.60,7.60
2009.12.16 09:06:44.855,1.0398,1.03995,1.60,17.20
2009.12.16 09:06:47.055,1.03985,1.03995,1.60,6.00
2009.12.16 09:06:47.445,1.0398,1.03995,4.00,7.20
2009.12.16 09:06:47.745,1.0398,1.03995,4.00,11.20
2009.12.16 09:06:48.624,1.03985,1.03995,3.20,8.80
2009.12.16 09:06:49.094,1.03985,1.04,3.20,15.20
2009.12.16 09:06:50.184,1.03985,1.03995,1.60,4.80
2009.12.16 09:06:50.534,1.03985,1.03995,3.20,4.80
2009.12.16 09:06:51.624,1.03985,1.04,1.60,20.00
2009.12.16 09:06:52.903,1.03985,1.04,1.60,21.60
2009.12.16 09:06:53.603,1.03985,1.04,1.60,20.00
2009.12.16 09:06:53.723,1.03985,1.04,1.60,21.60
2009.12.16 09:06:53.893,1.0398,1.03995,1.60,2.40
2009.12.16 09:06:54.003,1.0398,1.03995,1.60,7.20
2009.12.16 09:06:54.473,1.03975,1.03995,11.20,12.80
2009.12.16 09:06:54.813,1.0398,1.03995,1.60,11.20
2009.12.16 09:06:56.542,1.0398,1.03995,2.40,11.20
2009.12.16 09:06:56.782,1.03985,1.04,1.60,20.00
2009.12.16 09:06:57.882,1.03985,1.04,3.20,20.00
2009.12.16 09:06:58.852,1.03985,1.04,3.20,16.00
2009.12.16 09:06:59.142,1.03985,1.04,5.60,13.60
2009.12.16 09:06:59.492,1.03985,1.04,5.60,8.80
2009.12.16 09:07:00.571,1.03985,1.04,5.60,4.80
2009.12.16 09:07:00.751,1.03985,1.04005,6.40,26.80
2009.12.16 09:07:00.981,1.03985,1.04005,6.40,20.40
2009.12.16 09:07:01.211,1.03985,1.04005,10.50,22.10
2009.12.16 09:07:01.431,1.03985,1.04005,10.40,17.20
2009.12.16 09:07:01.661,1.03985,1.04005,5.60,23.60
2009.12.16 09:07:02.011,1.03985,1.04005,5.60,28.40
2009.12.16 09:07:02.351,1.03985,1.04005,5.60,27.60
2009.12.16 09:07:02.691,1.03985,1.04005,5.60,28.40
2009.12.16 09:07:04.291,1.03985,1.04,1.60,12.00
2009.12.16 09:07:04.590,1.03985,1.04,1.60,12.00
2009.12.16 09:07:04.830,1.03985,1.04,1.60,2.40
2009.12.16 09:07:10.179,1.03985,1.04,1.60,11.20
2009.12.16 09:07:10.529,1.0398,1.04,8.80,12.80
2009.12.16 09:07:10.859,1.0398,1.04,4.00,12.80
2009.12.16 09:07:11.149,1.0398,1.04,4.00,16.80
2009.12.16 09:07:11.479,1.0398,1.03995,4.00,2.40
2009.12.16 09:07:11.759,1.0398,1.03995,4.00,2.40
2009.12.16 09:07:13.848,1.03975,1.0399,10.40,1.00
2009.12.16 09:07:14.198,1.03975,1.0399,1.60,2.50
2009.12.16 09:07:14.878,1.03975,1.0399,1.60,6.50
2009.12.16 09:07:15.218,1.0397,1.0399,2.40,11.30
2009.12.16 09:07:15.568,1.0397,1.0399,2.40,11.30
2009.12.16 09:07:15.908,1.0397,1.0399,2.40,16.10
2009.12.16 09:07:16.248,1.0397,1.0399,2.40,16.10
2009.12.16 09:07:16.587,1.0397,1.0399,2.40,16.10
2009.12.16 09:07:17.277,1.0397,1.0399,2.40,16.10
2009.12.16 09:07:17.967,1.0397,1.0399,2.40,16.20
2009.12.16 09:07:18.197,1.0397,1.0399,2.40,20.10
2009.12.16 09:07:18.607,1.0397,1.0399,4.00,21.70
2009.12.16 09:07:20.097,1.0397,1.03985,4.00,1.00
2009.12.16 09:07:23.446,1.0397,1.03985,1.60,2.40
2009.12.16 09:07:23.856,1.0397,1.03985,1.60,10.40
2009.12.16 09:07:24.086,1.0397,1.03985,1.60,15.20
2009.12.16 09:07:25.865,1.03965,1.0398,6.40,2.40
2009.12.16 09:07:26.035,1.03965,1.0398,1.60,2.40
2009.12.16 09:07:26.565,1.03965,1.0398,1.60,7.20
2009.12.16 09:07:27.085,1.03965,1.0398,1.60,8.80
2009.12.16 09:07:27.425,1.03965,1.0398,1.60,7.20
2009.12.16 09:07:28.855,1.03965,1.03975,1.60,8.00
2009.12.16 09:07:29.435,1.0396,1.03975,4.80,4.80
2009.12.16 09:07:29.664,1.0396,1.0398,4.00,22.40
2009.12.16 09:07:29.944,1.0396,1.03975,4.00,9.60
2009.12.16 09:07:30.294,1.0396,1.0398,4.00,12.80
2009.12.16 09:07:30.634,1.0396,1.0398,4.80,17.60
2009.12.16 09:07:30.984,1.03965,1.0398,1.60,8.80
2009.12.16 09:07:31.374,1.0396,1.0398,8.80,9.60
2009.12.16 09:07:31.724,1.0396,1.0398,4.00,18.40
2009.12.16 09:07:33.304,1.0396,1.0398,4.00,18.40
2009.12.16 09:07:34.123,1.0396,1.03975,4.00,1.00
2009.12.16 09:07:34.473,1.0396,1.0398,8.80,13.60
2009.12.16 09:07:34.823,1.0396,1.0398,4.00,17.60
2009.12.16 09:07:40.222,1.0396,1.0398,4.00,21.60
2009.12.16 09:07:40.562,1.0396,1.03975,4.00,1.60
2009.12.16 09:07:41.382,1.0396,1.03975,4.00,1.60
2009.12.16 09:07:41.671,1.03955,1.0397,7.20,2.40
2009.12.16 09:07:42.021,1.03955,1.0397,1.60,12.00
2009.12.16 09:07:44.671,1.03955,1.0397,4.00,9.60
2009.12.16 09:07:44.971,1.0395,1.0396,8.80,1.00
2009.12.16 09:07:45.361,1.0395,1.0396,1.60,2.40
2009.12.16 09:07:45.700,1.03945,1.0396,4.40,2.40
2009.12.16 09:07:46.281,1.03945,1.0396,1.60,2.40
2009.12.16 09:07:46.640,1.03945,1.0396,1.60,9.60
2009.12.16 09:07:49.250,1.03945,1.0396,1.60,8.00
2009.12.16 09:07:49.600,1.03945,1.0396,2.00,2.40
2009.12.16 09:07:49.950,1.0395,1.03965,2.40,13.60
2009.12.16 09:07:50.299,1.0395,1.03965,4.00,4.00
2009.12.16 09:07:52.089,1.0395,1.03965,4.80,4.00
2009.12.16 09:07:52.389,1.0395,1.03965,4.80,2.40
2009.12.16 09:07:52.619,1.0395,1.03965,1.60,13.60
2009.12.16 09:07:52.839,1.0395,1.03965,4.00,6.40
2009.12.16 09:07:53.069,1.0395,1.03965,2.40,1.60
2009.12.16 09:07:53.339,1.0395,1.03965,4.00,4.00
2009.12.16 09:07:53.689,1.0395,1.03965,4.00,4.00
2009.12.16 09:07:54.029,1.0395,1.03965,2.40,4.00
2009.12.16 09:07:55.468,1.03945,1.03965,12.00,5.60
2009.12.16 09:07:55.648,1.03945,1.0396,10.40,1.00
2009.12.16 09:07:55.878,1.03945,1.03965,5.60,14.40
2009.12.16 09:07:56.348,1.03945,1.03965,6.00,14.40
2009.12.16 09:07:56.908,1.0395,1.03965,4.00,8.00
2009.12.16 09:07:57.268,1.0395,1.03965,2.40,4.00
2009.12.16 09:08:00.997,1.0395,1.03965,2.40,4.10
2009.12.16 09:08:01.277,1.0395,1.03965,2.40,4.00
2009.12.16 09:08:03.886,1.03945,1.03965,13.20,4.10
2009.12.16 09:08:04.056,1.0395,1.03965,2.40,4.00
2009.12.16 09:08:05.876,1.03945,1.03965,12.40,5.60
2009.12.16 09:08:06.206,1.03945,1.03965,12.40,10.40
2009.12.16 09:08:06.496,1.03945,1.03965,11.60,10.40
2009.12.16 09:08:07.725,1.03945,1.0396,11.60,1.00
2009.12.16 09:08:07.845,1.03945,1.03965,11.70,10.50
2009.12.16 09:08:07.955,1.03945,1.03965,11.60,10.40
2009.12.16 09:08:11.684,1.03945,1.03965,11.60,10.40
2009.12.16 09:08:11.914,1.0395,1.03965,2.40,8.00
2009.12.16 09:08:12.144,1.03945,1.0396,7.60,1.60
2009.12.16 09:08:12.384,1.0395,1.0396,2.40,1.60
2009.12.16 09:08:12.774,1.0395,1.03965,2.40,12.80
2009.12.16 09:08:14.603,1.03945,1.03965,12.00,12.80
2009.12.16 09:08:16.483,1.03945,1.03965,7.20,12.80
2009.12.16 09:08:16.663,1.03945,1.0396,6.80,1.00
2009.12.16 09:08:16.893,1.03945,1.03965,6.80,12.80
2009.12.16 09:08:17.943,1.03945,1.0396,2.00,1.00
2009.12.16 09:08:18.812,1.03945,1.03965,2.00,21.60
2009.12.16 09:08:19.042,1.0394,1.03965,10.80,21.60
2009.12.16 09:08:19.432,1.03945,1.03965,4.40,22.00
2009.12.16 09:08:19.773,1.03945,1.0396,4.40,1.60
2009.12.16 09:08:22.262,1.03945,1.0396,4.00,1.60
2009.12.16 09:08:22.441,1.03945,1.03965,4.00,22.00
2009.12.16 09:08:22.672,1.03945,1.0396,2.40,1.60
2009.12.16 09:08:22.852,1.03945,1.03965,4.00,22.00
2009.12.16 09:08:23.091,1.03945,1.0396,2.40,1.60
2009.12.16 09:08:25.511,1.03945,1.03965,4.00,18.00
2009.12.16 09:08:31.499,1.03945,1.03965,4.00,18.00
2009.12.16 09:08:31.739,1.0395,1.03965,4.00,4.80
2009.12.16 09:08:32.079,1.0395,1.03965,2.40,1.60
2009.12.16 09:08:34.329,1.0395,1.03965,2.40,4.00
2009.12.16 09:08:34.629,1.0395,1.03965,2.40,8.80
2009.12.16 09:08:35.249,1.03945,1.03965,12.00,10.40
2009.12.16 09:08:35.589,1.0395,1.03965,2.40,23.20
2009.12.16 09:08:35.938,1.0395,1.03965,2.40,21.60
2009.12.16 09:08:36.108,1.0395,1.03965,2.40,16.80
2009.12.16 09:08:37.168,1.0395,1.0396,2.40,1.00
2009.12.16 09:08:37.518,1.03945,1.0396,1.60,1.00
2009.12.16 09:08:38.268,1.03945,1.0396,1.60,2.40
2009.12.16 09:08:38.498,1.0394,1.0396,8.80,4.00
2009.12.16 09:08:38.718,1.0394,1.0396,4.00,9.60
2009.12.16 09:08:38.958,1.0394,1.0396,4.00,11.20
2009.12.16 09:08:39.298,1.0394,1.0396,4.00,16.00
2009.12.16 09:08:40.347,1.03935,1.03955,15.30,1.60
2009.12.16 09:08:40.687,1.0394,1.03955,1.60,6.40
2009.12.16 09:08:41.067,1.03935,1.0395,4.00,1.00
2009.12.16 09:08:41.347,1.03935,1.0395,1.60,15.20
2009.12.16 09:08:41.687,1.0393,1.0395,4.00,17.60
2009.12.16 09:08:41.977,1.03935,1.0395,1.60,16.00
2009.12.16 09:08:43.547,1.03935,1.0395,1.60,15.20
2009.12.16 09:08:45.036,1.03935,1.0395,1.60,19.20
2009.12.16 09:08:45.276,1.0393,1.0395,4.00,20.80
2009.12.16 09:08:45.547,1.0393,1.0395,4.00,20.80
2009.12.16 09:08:46.476,1.03935,1.0395,1.60,22.00
2009.12.16 09:08:46.766,1.03935,1.0395,10.40,5.60
2009.12.16 09:08:47.046,1.0394,1.03955,1.60,8.80
2009.12.16 09:08:47.336,1.0394,1.03955,8.80,6.40
2009.12.16 09:08:47.736,1.0394,1.03955,4.00,4.80
2009.12.16 09:08:48.076,1.0394,1.0396,4.00,24.00
2009.12.16 09:08:48.765,1.0394,1.03955,2.40,1.60
2009.12.16 09:08:48.935,1.03935,1.0395,6.40,2.40
2009.12.16 09:08:49.115,1.03935,1.0395,1.60,3.20
2009.12.16 09:08:49.285,1.03935,1.0395,1.60,4.00
2009.12.16 09:08:49.645,1.0393,1.0395,4.00,20.00
2009.12.16 09:08:57.353,1.03935,1.0395,1.60,13.60
2009.12.16 09:08:57.673,1.03935,1.0395,1.60,18.40
2009.12.16 09:08:58.253,1.0393,1.0395,4.00,20.00
2009.12.16 09:08:58.823,1.0393,1.0395,4.00,18.40
2009.12.16 09:08:59.063,1.03935,1.0395,1.00,8.80
2009.12.16 09:08:59.413,1.0394,1.0395,4.00,4.80
2009.12.16 09:08:59.773,1.03945,1.0396,1.00,20.00
2009.12.16 09:09:00.123,1.03945,1.0396,1.60,12.80
2009.12.16 09:09:00.525,1.03945,1.03965,10.80,15.20
2009.12.16 09:09:00.863,1.03945,1.03965,5.60,10.40
2009.12.16 09:09:01.212,1.03945,1.03965,10.40,5.60
2009.12.16 09:09:01.562,1.03945,1.03965,5.60,15.20
2009.12.16 09:09:01.952,1.03945,1.03965,5.60,19.20
2009.12.16 09:09:04.752,1.0395,1.03965,2.40,8.00
2009.12.16 09:09:05.092,1.0395,1.03965,2.40,12.80
2009.12.16 09:09:05.701,1.0395,1.03965,2.40,6.40
2009.12.16 09:09:06.141,1.0395,1.03965,2.40,1.60
2009.12.16 09:09:09.170,1.0395,1.0397,4.00,22.40
2009.12.16 09:09:09.400,1.0395,1.03965,2.40,1.60
2009.12.16 09:09:09.570,1.03945,1.03965,14.40,1.60
2009.12.16 09:09:10.320,1.03945,1.03965,9.60,6.40
2009.12.16 09:09:12.749,1.03945,1.0396,9.20,1.60
2009.12.16 09:09:13.089,1.03945,1.03965,9.20,6.40
2009.12.16 09:09:14.520,1.03945,1.03965,4.40,6.40
2009.12.16 09:09:15.220,1.0395,1.03965,2.40,6.40
2009.12.16 09:09:15.579,1.0395,1.03965,4.00,1.60
2009.12.16 09:09:15.909,1.0395,1.03965,2.40,1.60
2009.12.16 09:09:17.639,1.0395,1.03965,2.40,1.60
2009.12.16 09:09:17.868,1.03945,1.03965,18.10,1.60
2009.12.16 09:09:18.098,1.03945,1.03965,16.40,1.60
2009.12.16 09:09:18.398,1.0395,1.03965,2.40,1.60
2009.12.16 09:09:18.568,1.03945,1.03965,13.60,1.60
2009.12.16 09:09:18.798,1.03945,1.03965,8.80,1.60
2009.12.16 09:09:21.107,1.0395,1.03965,2.40,1.60
2009.12.16 09:09:22.807,1.03945,1.0396,7.20,4.00
2009.12.16 09:09:23.087,1.03945,1.0396,2.40,4.00
2009.12.16 09:09:26.656,1.03945,1.03965,5.60,14.40
2009.12.16 09:09:28.236,1.03945,1.03965,6.80,12.80
2009.12.16 09:09:28.346,1.03945,1.03965,11.20,12.80
2009.12.16 09:09:28.456,1.0394,1.03965,19.70,8.00
2009.12.16 09:09:28.576,1.03945,1.0396,11.60,1.60
2009.12.16 09:09:29.616,1.03945,1.0396,6.40,1.60
2009.12.16 09:09:29.966,1.03945,1.0396,4.80,1.60
2009.12.16 09:09:30.665,1.03945,1.03955,4.00,1.60
2009.12.16 09:09:31.005,1.0394,1.0396,2.40,10.40
2009.12.16 09:09:31.335,1.03935,1.03955,20.50,4.00
2009.12.16 09:09:31.635,1.03935,1.0395,12.80,1.60
2009.12.16 09:09:31.975,1.03935,1.0395,12.00,1.60
2009.12.16 09:09:32.325,1.03935,1.0395,7.20,1.60
2009.12.16 09:09:34.034,1.0394,1.03955,2.40,1.60
2009.12.16 09:09:34.664,1.0394,1.03955,2.40,1.60
2009.12.16 09:09:34.955,1.03945,1.03955,1.00,1.60
2009.12.16 09:09:35.534,1.0395,1.0396,2.40,1.60
2009.12.16 09:09:35.884,1.03945,1.0396,2.80,1.60
2009.12.16 09:09:36.244,1.03945,1.0396,7.60,1.60
2009.12.16 09:09:42.642,1.03945,1.0396,2.80,1.60
2009.12.16 09:09:42.873,1.03945,1.0396,3.20,1.60
2009.12.16 09:09:42.993,1.03945,1.0396,8.00,1.60
2009.12.16 09:09:45.132,1.03945,1.03955,8.00,1.60
2009.12.16 09:09:45.482,1.03945,1.03955,8.40,1.60
2009.12.16 09:09:46.701,1.03945,1.0396,8.40,1.60
2009.12.16 09:09:48.021,1.0394,1.0396,20.10,1.60
2009.12.16 09:09:48.081,1.03945,1.0396,9.60,1.60
2009.12.16 09:09:48.191,1.03945,1.0396,11.20,1.60
2009.12.16 09:09:48.301,1.03945,1.03965,13.60,4.00
2009.12.16 09:09:48.422,1.0395,1.03965,2.40,4.00
2009.12.16 09:10:00.428,1.0395,1.03965,4.00,4.00
2009.12.16 09:10:08.176,1.03955,1.0397,2.00,4.00
2009.12.16 09:10:08.456,1.03955,1.0397,6.80,1.60
2009.12.16 09:10:08.626,1.03955,1.03975,12.40,14.40
2009.12.16 09:10:08.846,1.0396,1.03975,4.80,8.00
2009.12.16 09:10:09.236,1.03955,1.03975,12.40,8.00
2009.12.16 09:10:09.766,1.03955,1.03975,12.40,8.00
2009.12.16 09:10:10.826,1.03955,1.03975,12.00,8.00
2009.12.16 09:10:11.066,1.03955,1.03975,12.00,8.00
2009.12.16 09:10:11.585,1.03955,1.03975,12.80,8.00
2009.12.16 09:10:12.275,1.03955,1.0397,12.80,1.00
2009.12.16 09:10:12.605,1.03955,1.03975,11.60,8.40
2009.12.16 09:10:12.775,1.03955,1.0397,5.20,4.80
2009.12.16 09:10:12.955,1.03955,1.0397,5.20,7.20
2009.12.16 09:10:13.355,1.03955,1.0397,5.20,2.40
2009.12.16 09:10:14.515,1.03955,1.0397,10.00,2.40
2009.12.16 09:10:14.755,1.03955,1.0397,7.60,2.40
2009.12.16 09:10:15.104,1.03955,1.03965,2.40,2.40
2009.12.16 09:10:15.455,1.03955,1.03975,9.60,14.40
2009.12.16 09:10:15.794,1.03955,1.0397,4.80,2.40
2009.12.16 09:10:16.144,1.03955,1.0397,4.80,4.00
2009.12.16 09:10:18.434,1.03955,1.0397,4.80,2.40
2009.12.16 09:10:21.963,1.03955,1.0397,1.00,4.00
2009.12.16 09:10:22.073,1.0395,1.0397,13.60,4.00
2009.12.16 09:10:22.603,1.0395,1.0397,4.00,8.80
2009.12.16 09:10:23.302,1.03955,1.0397,1.60,7.20
2009.12.16 09:10:23.582,1.03955,1.0397,1.60,2.40
2009.12.16 09:10:24.742,1.0396,1.03975,2.40,11.20
2009.12.16 09:10:25.082,1.0396,1.0398,8.80,13.20
2009.12.16 09:10:25.432,1.0396,1.0398,4.00,18.00
2009.12.16 09:10:25.782,1.0396,1.03975,4.00,1.60
2009.12.16 09:10:29.901,1.0396,1.0398,4.00,18.00
2009.12.16 09:10:30.591,1.03965,1.0398,1.00,14.00
2009.12.16 09:10:30.921,1.03965,1.0398,8.50,8.80
2009.12.16 09:10:31.431,1.0397,1.0398,1.60,2.40
2009.12.16 09:10:31.721,1.0397,1.03985,4.00,1.00
2009.12.16 09:10:33.590,1.0397,1.03985,4.00,1.60
2009.12.16 09:10:33.880,1.0397,1.03985,2.40,4.10
2009.12.16 09:10:34.160,1.03965,1.03985,8.80,4.10
2009.12.16 09:10:34.450,1.03965,1.03985,8.80,4.50
2009.12.16 09:10:35.400,1.03965,1.03985,8.80,4.10
2009.12.16 09:10:40.988,1.03965,1.03985,6.40,8.50
2009.12.16 09:10:41.778,1.03965,1.0398,6.40,4.00
2009.12.16 09:10:42.118,1.0396,1.0398,4.90,9.60
2009.12.16 09:10:42.478,1.0396,1.0398,4.90,18.40
2009.12.16 09:10:45.737,1.0396,1.03975,2.50,2.40
2009.12.16 09:10:45.967,1.0396,1.0398,4.90,18.40
2009.12.16 09:10:46.447,1.0396,1.03975,2.40,2.40
2009.12.16 09:10:46.857,1.0396,1.03975,2.40,4.00
2009.12.16 09:10:51.056,1.0396,1.03975,4.90,1.60
2009.12.16 09:10:51.956,1.0396,1.0398,4.90,22.40
2009.12.16 09:10:57.024,1.0396,1.03975,4.90,1.60
2009.12.16 09:11:06.712,1.0396,1.0397,1.00,4.00
2009.12.16 09:11:07.002,1.03955,1.0397,4.80,4.00
2009.12.16 09:11:07.292,1.03955,1.0397,1.60,4.00
2009.12.16 09:11:10.041,1.03955,1.03975,4.00,28.40
2009.12.16 09:11:10.381,1.03955,1.0397,4.00,1.60
2009.12.16 09:11:10.721,1.03955,1.03975,4.00,15.60
2009.12.16 09:11:11.071,1.03955,1.03975,8.80,9.20
2009.12.16 09:11:11.881,1.03955,1.0397,6.50,4.00
2009.12.16 09:11:12.111,1.03955,1.0397,7.20,1.60
2009.12.16 09:11:12.331,1.03955,1.0397,1.60,4.00
2009.12.16 09:11:12.571,1.0395,1.0397,4.00,8.80
2009.12.16 09:11:12.911,1.03955,1.0397,1.00,13.60
2009.12.16 09:11:13.540,1.03955,1.0397,2.40,1.60
2009.12.16 09:11:13.751,1.03955,1.0397,4.00,1.60
2009.12.16 09:11:14.510,1.03955,1.03975,4.00,27.20
2009.12.16 09:11:16.490,1.0396,1.03975,1.00,12.80
2009.12.16 09:11:16.710,1.0396,1.03975,6.40,2.40
2009.12.16 09:11:17.109,1.03955,1.03975,4.00,8.80
2009.12.16 09:11:17.449,1.03955,1.03975,8.80,8.80
2009.12.16 09:11:20.539,1.0396,1.03975,4.00,1.60
2009.12.16 09:11:22.838,1.0396,1.0398,4.00,19.20
2009.12.16 09:11:24.468,1.0396,1.0398,4.00,19.20
2009.12.16 09:11:25.877,1.0396,1.03975,4.00,1.60
2009.12.16 09:11:26.397,1.0396,1.0398,4.00,19.20
2009.12.16 09:11:30.216,1.0396,1.0398,4.00,18.40
2009.12.16 09:11:30.547,1.03965,1.0398,1.00,15.20
2009.12.16 09:11:30.886,1.0396,1.0398,4.00,13.60
2009.12.16 09:11:31.796,1.0396,1.0398,4.00,13.60
2009.12.16 09:11:32.026,1.0396,1.0398,4.00,18.40
2009.12.16 09:11:32.256,1.0396,1.03975,4.00,1.00
2009.12.16 09:11:32.486,1.0396,1.0398,4.00,19.20
2009.12.16 09:11:41.034,1.0396,1.0398,4.00,23.20
2009.12.16 09:11:57.180,1.0396,1.0398,4.00,19.20
2009.12.16 09:12:02.069,1.0396,1.0398,4.00,15.20
2009.12.16 09:12:02.539,1.0396,1.0398,4.00,14.40
2009.12.16 09:12:03.169,1.0396,1.0398,4.00,8.80
2009.12.16 09:12:04.058,1.0396,1.0398,8.80,8.80
2009.12.16 09:12:05.258,1.0396,1.0398,4.00,8.80
2009.12.16 09:12:12.906,1.0396,1.03975,4.00,8.00
2009.12.16 09:12:13.186,1.0396,1.03975,2.50,11.20
2009.12.16 09:12:13.516,1.0396,1.0398,13.60,4.00
2009.12.16 09:12:13.626,1.0396,1.0398,4.00,13.60
2009.12.16 09:12:13.746,1.0396,1.0398,4.00,13.70
2009.12.16 09:12:13.806,1.0396,1.0398,4.00,8.80
2009.12.16 09:12:14.096,1.0396,1.0398,4.00,13.60
2009.12.16 09:12:14.216,1.0396,1.0398,4.00,13.60
2009.12.16 09:12:14.326,1.0396,1.0398,4.00,13.60
2009.12.16 09:12:15.016,1.0396,1.0398,4.00,13.60
2009.12.16 09:12:15.355,1.0396,1.0398,4.00,13.60
2009.12.16 09:12:15.686,1.0396,1.0398,4.00,13.60
2009.12.16 09:12:22.894,1.0396,1.0398,4.10,13.60
2009.12.16 09:12:23.424,1.0396,1.0398,8.10,8.80
2009.12.16 09:12:23.544,1.0396,1.0398,17.70,4.00
2009.12.16 09:12:24.064,1.0396,1.0398,17.70,1.60
2009.12.16 09:12:24.183,1.03965,1.03985,1.60,12.00
2009.12.16 09:12:24.483,1.03965,1.03985,6.80,1.60
2009.12.16 09:12:25.123,1.03965,1.03985,6.80,6.40
2009.12.16 09:12:25.463,1.03965,1.03985,6.80,6.50
2009.12.16 09:12:25.813,1.03965,1.03985,6.80,8.90
2009.12.16 09:12:27.603,1.03965,1.03985,2.00,6.40
2009.12.16 09:12:28.073,1.03965,1.03985,6.80,6.40
2009.12.16 09:12:28.552,1.03965,1.03985,6.80,6.40
2009.12.16 09:12:30.782,1.03965,1.03985,7.00,6.40
2009.12.16 09:12:31.012,1.0397,1.03985,2.40,1.60
2009.12.16 09:12:31.192,1.0397,1.03985,4.00,1.60
2009.12.16 09:12:31.712,1.0397,1.03985,4.00,1.00
2009.12.16 09:12:33.601,1.0397,1.03985,8.80,1.00
2009.12.16 09:12:37.060,1.0397,1.0399,4.00,8.88
2009.12.16 09:12:39.140,1.0397,1.03985,8.80,1.00
2009.12.16 09:12:48.008,1.0397,1.03985,9.60,1.00
2009.12.16 09:12:48.398,1.0398,1.0399,2.40,1.00
2009.12.16 09:12:48.577,1.0398,1.03995,2.40,1.60
2009.12.16 09:12:52.827,1.0398,1.03995,2.40,1.60
2009.12.16 09:12:53.007,1.03975,1.03995,20.10,4.00
2009.12.16 09:12:53.346,1.03975,1.03995,15.30,4.00
2009.12.16 09:12:53.516,1.0398,1.03995,2.40,1.60
2009.12.16 09:12:55.926,1.0398,1.04,4.00,18.40
2009.12.16 09:12:58.435,1.0398,1.04,4.00,14.40
2009.12.16 09:12:58.835,1.0398,1.04,4.00,13.60
2009.12.16 09:13:08.343,1.0398,1.03995,2.40,1.60
2009.12.16 09:13:08.673,1.03975,1.03995,10.40,7.60
2009.12.16 09:13:08.733,1.03975,1.0399,10.40,1.00
2009.12.16 09:13:08.855,1.03975,1.03985,8.80,1.00
2009.12.16 09:13:08.913,1.03975,1.03985,4.80,4.00
2009.12.16 09:13:09.073,1.0397,1.03985,2.40,4.00
2009.12.16 09:13:09.133,1.0397,1.03985,1.60,4.00
2009.12.16 09:13:09.243,1.0397,1.03985,6.40,4.00
2009.12.16 09:13:09.863,1.0397,1.0399,8.80,8.00
2009.12.16 09:13:10.202,1.0397,1.03985,4.00,1.60
2009.12.16 09:13:11.412,1.0397,1.0399,4.00,17.60
2009.12.16 09:13:14.511,1.0397,1.03985,4.00,1.00
2009.12.16 09:13:14.631,1.0397,1.03985,4.00,1.60
2009.12.16 09:13:15.331,1.0397,1.03985,4.00,1.00
2009.12.16 09:13:17.051,1.0397,1.03985,1.60,4.00
2009.12.16 09:13:17.401,1.03965,1.03985,5.60,15.20
2009.12.16 09:13:17.700,1.03965,1.0398,1.60,13.60
2009.12.16 09:13:18.100,1.03965,1.0398,1.60,7.20
2009.12.16 09:13:18.510,1.0396,1.0398,8.80,8.80
2009.12.16 09:13:18.740,1.03965,1.0398,1.60,8.80
2009.12.16 09:13:25.179,1.03965,1.0398,4.00,8.80
2009.12.16 09:13:25.458,1.03965,1.0398,4.00,7.20
2009.12.16 09:13:26.189,1.03965,1.0398,4.00,7.20
2009.12.16 09:13:26.428,1.0397,1.03985,1.60,12.80
2009.12.16 09:13:26.659,1.0397,1.0399,4.00,13.60
2009.12.16 09:13:26.998,1.0397,1.0399,8.80,8.80
2009.12.16 09:13:27.348,1.0397,1.0399,4.00,8.80
2009.12.16 09:13:27.859,1.0397,1.03985,4.00,1.00
2009.12.16 09:13:29.858,1.0397,1.03985,4.00,1.60
2009.12.16 09:13:30.147,1.0397,1.03985,2.40,1.60
2009.12.16 09:13:30.377,1.0397,1.03985,4.00,1.60
2009.12.16 09:13:32.407,1.0397,1.03985,2.40,1.60
2009.12.16 09:13:32.747,1.0397,1.0398,1.60,2.40
2009.12.16 09:13:33.097,1.03965,1.0398,4.00,2.40
2009.12.16 09:13:38.096,1.03965,1.03985,6.80,13.60
2009.12.16 09:13:38.486,1.0397,1.03985,4.00,4.80
2009.12.16 09:13:38.825,1.0397,1.03985,4.00,1.00
2009.12.16 09:13:39.165,1.0397,1.03985,1.60,3.20
2009.12.16 09:13:39.345,1.03965,1.03985,5.80,18.00
2009.12.16 09:13:39.575,1.0397,1.03985,1.60,11.20
2009.12.16 09:13:39.735,1.0397,1.03985,4.00,2.40
2009.12.16 09:13:40.076,1.0397,1.03985,4.00,1.60
2009.12.16 09:13:47.113,1.0397,1.03985,4.00,1.60
2009.12.16 09:13:51.013,1.03965,1.03985,1.60,14.00
2009.12.16 09:13:51.292,1.03965,1.03985,6.40,9.20
2009.12.16 09:13:51.533,1.03965,1.03985,1.60,9.20
2009.12.16 09:13:51.822,1.03965,1.03985,1.70,9.30
2009.12.16 09:13:52.122,1.03965,1.03985,4.00,14.00
2009.12.16 09:13:52.452,1.03965,1.03985,4.00,14.00
2009.12.16 09:13:53.832,1.03965,1.03985,4.00,14.80
2009.12.16 09:13:54.052,1.03965,1.0398,4.00,2.40
2009.12.16 09:13:54.392,1.03965,1.0398,2.40,4.00
2009.12.16 09:13:54.742,1.0396,1.0398,8.80,8.80
2009.12.16 09:13:55.091,1.0396,1.0398,4.00,8.80
2009.12.16 09:13:55.801,1.0396,1.0398,4.00,9.60
2009.12.16 09:13:56.522,1.0396,1.0398,4.00,14.40
2009.12.16 09:13:57.161,1.0396,1.03975,4.00,1.00
2009.12.16 09:13:57.522,1.0396,1.0398,4.00,13.60
2009.12.16 09:13:58.511,1.0396,1.0398,4.00,8.80
2009.12.16 09:13:58.681,1.0396,1.03975,4.00,1.00
2009.12.16 09:13:59.131,1.0396,1.0398,4.00,8.80
2009.12.16 09:14:00.120,1.0396,1.03975,4.00,1.00
2009.12.16 09:14:01.120,1.0396,1.03975,1.60,2.40
2009.12.16 09:14:01.300,1.0396,1.03975,1.60,4.00
2009.12.16 09:14:02.280,1.0396,1.03975,1.60,4.00
2009.12.16 09:14:02.630,1.0396,1.03975,4.00,1.60
2009.12.16 09:14:05.849,1.0396,1.03975,4.00,1.60
2009.12.16 09:14:06.019,1.0396,1.03975,4.00,1.60
2009.12.16 09:14:07.739,1.0396,1.03975,4.00,1.60
2009.12.16 09:14:08.128,1.0396,1.03975,4.00,1.60
2009.12.16 09:14:11.098,1.03955,1.03975,16.50,5.60
2009.12.16 09:14:11.277,1.03955,1.03975,12.50,5.60
2009.12.16 09:14:11.617,1.03955,1.03975,12.50,5.60
2009.12.16 09:14:12.008,1.0396,1.03975,1.60,5.60
2009.12.16 09:14:12.537,1.0396,1.03975,1.60,5.60
2009.12.16 09:14:12.817,1.0396,1.03975,8.80,1.60
2009.12.16 09:14:13.107,1.0396,1.0398,4.00,17.60
2009.12.16 09:14:13.397,1.0396,1.03975,1.60,2.40
2009.12.16 09:14:13.617,1.0396,1.0398,4.00,17.60
2009.12.16 09:14:14.397,1.0396,1.03975,4.00,1.00
2009.12.16 09:14:15.786,1.0396,1.0398,4.00,17.60
2009.12.16 09:14:16.466,1.0396,1.03975,4.00,1.00
2009.12.16 09:14:16.916,1.0396,1.0398,4.00,17.60
2009.12.16 09:14:17.156,1.0396,1.03975,4.00,4.80
2009.12.16 09:14:17.736,1.0396,1.0398,4.00,17.60
2009.12.16 09:14:19.416,1.0396,1.0398,4.00,17.60
2009.12.16 09:14:19.656,1.0396,1.0398,8.80,12.80
2009.12.16 09:14:19.886,1.0396,1.0398,9.70,12.90
2009.12.16 09:14:20.115,1.0396,1.0398,8.80,12.80
2009.12.16 09:14:20.345,1.0396,1.0398,4.00,17.60
2009.12.16 09:14:21.245,1.0396,1.03975,8.80,1.00
2009.12.16 09:14:21.595,1.0396,1.03975,4.00,1.00
2009.12.16 09:14:22.205,1.0396,1.0398,4.00,18.40
2009.12.16 09:14:23.345,1.0396,1.0398,4.00,17.60
2009.12.16 09:14:23.694,1.0396,1.0398,4.00,12.80
2009.12.16 09:14:24.674,1.0396,1.03975,4.00,1.00
2009.12.16 09:14:24.734,1.0396,1.0398,4.00,12.80
2009.12.16 09:14:26.724,1.03965,1.03975,2.40,1.00
2009.12.16 09:14:26.904,1.03965,1.0398,2.40,12.80
2009.12.16 09:14:27.654,1.03965,1.0398,2.40,12.80
2009.12.16 09:14:29.753,1.0396,1.0398,8.80,13.60
2009.12.16 09:14:30.413,1.0396,1.0398,4.00,18.40
2009.12.16 09:14:31.413,1.0396,1.03975,4.00,1.00
2009.12.16 09:14:31.923,1.0396,1.0398,4.00,17.60
2009.12.16 09:14:32.452,1.0396,1.0398,4.00,12.80
2009.12.16 09:14:34.202,1.0396,1.03975,4.00,1.00
2009.12.16 09:14:34.492,1.0396,1.0398,4.00,12.80
2009.12.16 09:14:36.261,1.0396,1.0398,4.00,16.80
2009.12.16 09:14:36.611,1.0396,1.0398,2.40,17.60
2009.12.16 09:14:36.831,1.0396,1.0398,4.00,17.60
2009.12.16 09:14:37.561,1.0396,1.0398,4.00,12.80
2009.12.16 09:14:39.011,1.0396,1.03975,1.60,2.40
2009.12.16 09:14:39.171,1.0396,1.0397,1.60,2.40
2009.12.16 09:14:39.221,1.03955,1.0397,15.20,2.40
2009.12.16 09:14:39.271,1.03955,1.0397,5.60,2.40
2009.12.16 09:14:39.331,1.03955,1.0397,1.60,2.40
2009.12.16 09:14:42.000,1.0395,1.03975,13.60,26.80
2009.12.16 09:14:42.290,1.0395,1.0397,14.40,4.00
2009.12.16 09:14:42.690,1.0395,1.0397,13.60,4.00
2009.12.16 09:14:43.030,1.03955,1.0397,1.60,2.40
2009.12.16 09:14:45.009,1.03955,1.03975,4.00,14.80
2009.12.16 09:14:45.280,1.03955,1.0397,4.00,1.00
2009.12.16 09:14:45.399,1.03955,1.03975,4.00,14.00
2009.12.16 09:14:45.569,1.03955,1.03975,8.80,14.00
2009.12.16 09:14:45.849,1.03955,1.03975,8.80,9.20
2009.12.16 09:14:47.799,1.03955,1.03975,8.80,8.80
2009.12.16 09:14:52.078,1.03955,1.03975,4.00,19.60
2009.12.16 09:14:52.948,1.03955,1.03965,1.60,4.00
2009.12.16 09:14:53.298,1.0395,1.0397,13.60,12.80
2009.12.16 09:14:53.648,1.0395,1.0397,4.00,17.60
2009.12.16 09:14:54.527,1.0395,1.0397,4.00,17.60
2009.12.16 09:14:54.697,1.03955,1.0397,1.60,16.00
2009.12.16 09:14:55.088,1.03955,1.0397,4.00,4.80
2009.12.16 09:14:55.427,1.03955,1.03975,4.40,8.80
2009.12.16 09:14:55.767,1.03955,1.03975,9.20,8.80
2009.12.16 09:14:56.117,1.03955,1.0397,9.20,1.00
2009.12.16 09:14:57.797,1.03955,1.03975,9.20,8.80
2009.12.16 09:14:58.666,1.03955,1.03975,9.20,8.90
2009.12.16 09:14:58.846,1.03955,1.03975,9.20,8.80
2009.12.16 09:14:59.066,1.03955,1.03975,8.80,8.80
2009.12.16 09:14:59.246,1.03955,1.0397,8.80,1.00
2009.12.16 09:14:59.366,1.03955,1.0397,4.00,1.00
2009.12.16 09:14:59.476,1.03955,1.0397,1.60,2.40
2009.12.16 09:15:09.364,1.03955,1.0397,4.00,1.00
2009.12.16 09:15:09.603,1.03955,1.0397,1.60,2.40
2009.12.16 09:15:09.824,1.03955,1.0397,1.60,2.40
2009.12.16 09:15:12.763,1.03955,1.03975,4.00,16.80
2009.12.16 09:15:13.113,1.0396,1.03975,1.60,12.40
2009.12.16 09:15:13.462,1.0396,1.03975,1.60,7.20
2009.12.16 09:15:14.144,1.0396,1.03975,1.60,2.40
2009.12.16 09:15:17.771,1.03955,1.03975,11.20,2.40
2009.12.16 09:15:18.691,1.03955,1.03975,11.20,4.40
2009.12.16 09:15:18.981,1.03955,1.03965,4.80,4.00
2009.12.16 09:15:19.261,1.0395,1.03965,1.60,4.00
2009.12.16 09:15:19.501,1.03955,1.0397,4.00,12.80
2009.12.16 09:15:19.721,1.03955,1.0397,1.60,3.20
2009.12.16 09:15:20.121,1.03955,1.0397,1.60,12.80
2009.12.16 09:15:20.691,1.03955,1.03965,1.60,1.00
2009.12.16 09:15:21.031,1.0395,1.0397,4.00,7.60
2009.12.16 09:15:21.811,1.03955,1.0397,1.60,7.60
2009.12.16 09:15:22.141,1.03955,1.03975,5.60,28.80
2009.12.16 09:15:22.371,1.03955,1.03975,6.00,10.40
2009.12.16 09:15:22.720,1.03955,1.03975,10.80,10.40
2009.12.16 09:15:24.010,1.03955,1.03975,10.80,14.40
2009.12.16 09:15:24.110,1.03955,1.0397,10.80,1.00
2009.12.16 09:15:24.220,1.03955,1.0397,10.80,2.40
2009.12.16 09:15:24.280,1.03955,1.0397,9.20,2.40
2009.12.16 09:15:24.340,1.03955,1.0397,2.00,2.40
2009.12.16 09:15:24.390,1.03955,1.0397,2.00,3.20
2009.12.16 09:15:24.450,1.03955,1.0397,1.60,3.20
2009.12.16 09:15:24.560,1.03955,1.0397,1.60,2.80
2009.12.16 09:15:24.670,1.03955,1.03965,1.60,1.00
2009.12.16 09:15:25.110,1.03955,1.0397,1.60,2.40
2009.12.16 09:15:25.450,1.03955,1.0397,1.60,2.40
2009.12.16 09:15:25.800,1.03955,1.0397,4.40,1.00
2009.12.16 09:15:26.150,1.03955,1.03975,4.40,28.40
2009.12.16 09:15:27.310,1.03955,1.0397,4.40,1.00
2009.12.16 09:15:27.549,1.03955,1.0397,1.00,3.20
2009.12.16 09:15:27.909,1.0395,1.0397,8.80,3.20
2009.12.16 09:15:28.193,1.0395,1.0397,4.00,14.00
2009.12.16 09:15:28.421,1.0395,1.0397,4.00,13.60
2009.12.16 09:15:28.709,1.0395,1.03965,4.00,1.00
2009.12.16 09:15:30.139,1.0395,1.03965,3.20,1.00
2009.12.16 09:15:31.918,1.0395,1.03965,4.00,1.00
2009.12.16 09:15:32.148,1.0395,1.0397,4.00,18.00
2009.12.16 09:15:36.787,1.0395,1.03965,4.00,1.00
2009.12.16 09:15:37.067,1.0395,1.0397,4.00,18.00
2009.12.16 09:15:37.247,1.0395,1.0397,4.00,18.40
2009.12.16 09:15:40.796,1.0395,1.0397,4.00,18.00
2009.12.16 09:15:48.604,1.0395,1.03965,4.00,1.00
2009.12.16 09:15:49.814,1.0395,1.0397,4.00,17.60
2009.12.16 09:15:52.123,1.0395,1.0397,4.00,14.00
2009.12.16 09:15:52.343,1.0395,1.0397,4.00,16.40
2009.12.16 09:15:54.273,1.0395,1.0397,4.00,18.00
2009.12.16 09:15:57.282,1.03955,1.03965,1.60,4.00
2009.12.16 09:15:57.522,1.0395,1.0397,8.80,11.60
2009.12.16 09:15:57.982,1.0395,1.0397,4.00,12.00
2009.12.16 09:15:58.222,1.0395,1.0397,4.00,16.80
2009.12.16 09:15:59.201,1.0395,1.0397,2.40,16.80
2009.12.16 09:16:00.571,1.03955,1.0397,1.60,16.80
2009.12.16 09:16:00.842,1.03955,1.0397,3.20,12.00
2009.12.16 09:16:01.122,1.03955,1.0397,5.60,9.60
2009.12.16 09:16:01.461,1.03955,1.0397,4.00,9.60
2009.12.16 09:16:01.751,1.03955,1.0397,1.60,3.20
2009.12.16 09:16:02.081,1.03955,1.0397,1.60,2.40
2009.12.16 09:16:02.381,1.0395,1.03965,13.60,1.00
2009.12.16 09:16:02.671,1.0395,1.0397,8.80,11.20
2009.12.16 09:16:03.031,1.0395,1.0397,4.00,12.80
2009.12.16 09:16:03.381,1.0395,1.0397,4.00,17.60
2009.12.16 09:16:05.190,1.0395,1.03965,4.00,1.00
2009.12.16 09:16:05.530,1.0395,1.0397,4.00,17.60
2009.12.16 09:16:06.050,1.0395,1.03965,4.00,1.00
2009.12.16 09:16:11.169,1.0395,1.0397,4.00,17.60
2009.12.16 09:16:11.868,1.0395,1.03965,4.00,2.40
2009.12.16 09:16:13.608,1.0395,1.0397,4.00,18.00
2009.12.16 09:16:13.888,1.03955,1.0397,4.40,11.20
2009.12.16 09:16:14.118,1.03955,1.0397,8.00,2.40
2009.12.16 09:16:14.348,1.03955,1.0397,1.60,7.20
2009.12.16 09:16:14.568,1.03955,1.0397,1.60,2.40
2009.12.16 09:16:15.588,1.03955,1.03965,1.60,1.00
2009.12.16 09:16:15.828,1.0395,1.03965,8.80,2.40
2009.12.16 09:16:16.107,1.0395,1.03965,4.00,2.40
2009.12.16 09:16:17.287,1.0395,1.0397,4.00,14.00
2009.12.16 09:16:17.637,1.0395,1.0397,8.80,9.20
2009.12.16 09:16:17.967,1.0395,1.0397,13.60,4.00
2009.12.16 09:16:18.447,1.0395,1.0397,13.60,4.80
2009.12.16 09:16:18.747,1.03945,1.03965,24.10,2.40
2009.12.16 09:16:18.987,1.0395,1.03965,4.00,2.40
2009.12.16 09:16:22.056,1.03955,1.03965,1.00,1.00
2009.12.16 09:16:22.226,1.03955,1.0397,2.80,6.40
2009.12.16 09:16:22.456,1.03955,1.03975,6.00,15.20
2009.12.16 09:16:22.696,1.03955,1.03975,10.80,10.40
2009.12.16 09:16:24.236,1.03955,1.03975,5.60,10.40
2009.12.16 09:16:26.825,1.03955,1.0397,1.60,7.20
2009.12.16 09:16:26.995,1.03955,1.03965,1.60,1.00
2009.12.16 09:16:27.155,1.0395,1.03965,9.60,2.40
2009.12.16 09:16:27.375,1.0395,1.03965,1.60,4.00
2009.12.16 09:16:27.665,1.0395,1.03965,11.20,4.00
2009.12.16 09:16:28.006,1.0395,1.03965,1.60,4.00
2009.12.16 09:16:28.644,1.0395,1.03965,1.60,4.00
2009.12.16 09:16:28.985,1.0395,1.0397,4.00,14.40
2009.12.16 09:16:29.264,1.0395,1.0397,13.60,4.00
2009.12.16 09:16:29.844,1.0395,1.03965,4.00,2.40
2009.12.16 09:16:33.125,1.0395,1.0397,4.00,18.40
2009.12.16 09:16:34.394,1.03955,1.0397,2.40,16.00
2009.12.16 09:16:34.555,1.03955,1.0397,2.40,11.20
2009.12.16 09:16:34.614,1.03955,1.0397,1.00,13.60
2009.12.16 09:16:34.724,1.03955,1.0397,2.40,11.20
2009.12.16 09:16:34.885,1.03955,1.0397,4.00,9.60
2009.12.16 09:16:34.944,1.03955,1.0397,4.00,4.80
2009.12.16 09:16:35.054,1.03955,1.03975,4.00,12.40
2009.12.16 09:16:35.394,1.03955,1.03975,4.00,11.60
2009.12.16 09:16:35.744,1.03955,1.03975,8.80,11.60
2009.12.16 09:16:36.074,1.03955,1.03975,4.00,16.40
2009.12.16 09:16:36.354,1.0395,1.03975,21.30,15.60
2009.12.16 09:16:36.644,1.0396,1.03975,1.60,14.00
2009.12.16 09:16:36.934,1.03955,1.03975,10.80,9.20
2009.12.16 09:16:39.023,1.0396,1.03975,4.00,6.40
2009.12.16 09:16:39.263,1.0396,1.03975,1.60,8.80
2009.12.16 09:16:39.833,1.0396,1.03975,4.00,6.40
2009.12.16 09:16:40.003,1.03965,1.0398,2.40,12.80
2009.12.16 09:16:40.163,1.03965,1.03975,2.40,1.00
2009.12.16 09:16:40.513,1.0396,1.03975,1.60,4.00
2009.12.16 09:16:40.863,1.0396,1.03975,1.60,8.80
2009.12.16 09:16:42.962,1.0396,1.03975,2.40,8.80
2009.12.16 09:16:43.192,1.03965,1.0398,1.60,8.80
2009.12.16 09:16:43.432,1.0396,1.03975,1.60,4.00
2009.12.16 09:16:44.252,1.0396,1.03975,1.60,8.80
2009.12.16 09:16:46.861,1.0396,1.03975,1.60,4.00
2009.12.16 09:16:50.690,1.0396,1.0398,4.80,18.40
2009.12.16 09:16:50.981,1.03965,1.0398,2.40,4.80
2009.12.16 09:16:51.260,1.03965,1.0398,4.40,2.40
2009.12.16 09:16:51.500,1.03965,1.0398,5.20,2.40
2009.12.16 09:16:52.150,1.03965,1.0398,4.40,2.40
2009.12.16 09:16:55.309,1.03965,1.0398,4.40,3.20
2009.12.16 09:16:55.479,1.03965,1.0398,2.40,8.80
2009.12.16 09:16:55.659,1.03965,1.0398,2.40,4.00
2009.12.16 09:16:55.889,1.03965,1.0398,4.00,2.40
2009.12.16 09:17:07.777,1.03965,1.0398,4.00,2.40
2009.12.16 09:17:07.956,1.03965,1.03985,5.60,23.20
2009.12.16 09:17:08.126,1.0397,1.03985,4.00,9.60
2009.12.16 09:17:08.246,1.0397,1.03985,4.00,4.80
2009.12.16 09:17:08.426,1.0397,1.0399,8.80,4.80
2009.12.16 09:17:12.665,1.0397,1.0399,8.80,4.40
2009.12.16 09:17:15.864,1.0397,1.03985,8.80,1.00
2009.12.16 09:17:19.124,1.0397,1.03985,4.00,1.00
2009.12.16 09:17:20.243,1.03965,1.03985,19.60,16.80
2009.12.16 09:17:20.463,1.03965,1.0398,1.20,8.80
2009.12.16 09:17:20.803,1.0396,1.0398,4.00,14.40
2009.12.16 09:17:22.133,1.03965,1.0398,1.60,8.00
2009.12.16 09:17:22.423,1.0396,1.0398,4.00,14.40
2009.12.16 09:17:22.723,1.03965,1.0398,1.60,12.80
2009.12.16 09:17:25.992,1.03965,1.0398,4.00,12.00
2009.12.16 09:17:26.502,1.03965,1.0398,1.60,12.00
2009.12.16 09:17:26.782,1.03965,1.0398,4.00,2.40
2009.12.16 09:17:27.012,1.03965,1.03985,8.80,10.40
2009.12.16 09:17:27.302,1.03965,1.03985,4.40,8.80
2009.12.16 09:17:27.592,1.03965,1.03985,8.80,4.00
2009.12.16 09:17:29.981,1.0397,1.03985,1.60,2.40
2009.12.16 09:17:30.211,1.0397,1.0399,4.00,22.40
2009.12.16 09:17:34.450,1.03965,1.03985,13.60,4.00
2009.12.16 09:17:34.960,1.0397,1.03985,1.60,2.40
2009.12.16 09:17:36.360,1.0397,1.03985,4.00,1.00
2009.12.16 09:17:36.479,1.0397,1.0399,1.60,18.40
2009.12.16 09:17:37.159,1.0397,1.03985,1.60,2.40
2009.12.16 09:17:37.279,1.0397,1.03985,1.60,2.40
2009.12.16 09:17:37.399,1.03975,1.0399,1.00,14.40
2009.12.16 09:17:37.759,1.03975,1.0399,4.00,4.80
2009.12.16 09:17:38.149,1.0398,1.03995,1.60,5.20
2009.12.16 09:17:38.479,1.0398,1.03995,1.60,10.00
2009.12.16 09:17:43.018,1.0398,1.03995,1.60,9.20
2009.12.16 09:17:45.197,1.03975,1.03995,8.80,19.60
2009.12.16 09:17:45.437,1.0398,1.03995,1.60,3.60
2009.12.16 09:17:45.787,1.0398,1.03995,1.60,8.40
2009.12.16 09:17:46.117,1.0398,1.03995,1.60,7.60
2009.12.16 09:17:52.006,1.0398,1.03995,4.00,4.80
2009.12.16 09:17:52.066,1.03985,1.03995,1.00,4.80
2009.12.16 09:17:52.126,1.03985,1.04,1.00,22.40
2009.12.16 09:17:52.246,1.0398,1.04,4.80,18.40
2009.12.16 09:17:52.306,1.0398,1.04,4.00,17.60
2009.12.16 09:17:52.366,1.03985,1.03995,1.00,4.80
2009.12.16 09:17:52.486,1.03985,1.03995,1.00,7.20
2009.12.16 09:17:52.536,1.0398,1.03995,1.60,7.20
2009.12.16 09:17:52.656,1.0398,1.03995,4.80,1.00
2009.12.16 09:17:52.776,1.0398,1.03995,4.00,1.00
2009.12.16 09:17:52.946,1.03985,1.03995,2.40,1.00
2009.12.16 09:17:53.295,1.0398,1.03995,1.60,7.20
2009.12.16 09:17:55.975,1.0398,1.03995,4.00,7.20
2009.12.16 09:17:56.315,1.0398,1.03995,4.00,2.40
2009.12.16 09:18:11.111,1.0398,1.03995,1.60,2.40
2009.12.16 09:18:11.451,1.0398,1.03995,1.60,4.00
2009.12.16 09:18:11.741,1.0398,1.03995,1.60,8.80
2009.12.16 09:18:12.960,1.0398,1.03995,4.00,6.40
2009.12.16 09:18:13.640,1.0398,1.03995,4.00,2.40
2009.12.16 09:18:32.436,1.0398,1.03995,4.00,2.40
2009.12.16 09:18:32.776,1.0398,1.03995,4.00,2.40
2009.12.16 09:18:34.355,1.0398,1.03995,4.00,2.40
2009.12.16 09:18:36.655,1.0398,1.03995,4.00,2.50
2009.12.16 09:18:36.945,1.0398,1.03995,4.00,2.40
2009.12.16 09:18:41.504,1.0398,1.03995,4.00,2.40
2009.12.16 09:18:42.233,1.0398,1.03995,4.10,2.40
2009.12.16 09:18:42.403,1.0398,1.03995,4.00,2.40
2009.12.16 09:18:42.853,1.0398,1.03995,4.00,2.40
2009.12.16 09:18:43.543,1.03985,1.03995,2.40,1.00
2009.12.16 09:18:43.704,1.03985,1.04,1.60,12.00
2009.12.16 09:18:43.883,1.03985,1.04,4.00,9.60
2009.12.16 09:18:44.243,1.03985,1.04,4.00,4.80
2009.12.16 09:18:44.413,1.03985,1.04005,4.00,31.20
2009.12.16 09:18:44.763,1.03985,1.04005,8.80,20.40
2009.12.16 09:18:46.543,1.03985,1.04005,8.80,20.00
2009.12.16 09:18:48.162,1.0399,1.04005,1.60,13.60
2009.12.16 09:18:48.392,1.03985,1.04005,10.40,9.20
2009.12.16 09:18:48.572,1.0399,1.04005,1.60,4.40
2009.12.16 09:18:48.922,1.0399,1.04005,6.40,4.40
2009.12.16 09:18:48.982,1.0399,1.04005,1.60,4.40
2009.12.16 09:18:50.392,1.0399,1.04005,1.60,6.00
2009.12.16 09:18:50.755,1.03995,1.04005,15.20,2.00
2009.12.16 09:18:51.051,1.03995,1.04015,10.40,14.00
2009.12.16 09:18:51.291,1.03995,1.04015,10.40,13.60
2009.12.16 09:18:51.591,1.03995,1.04015,10.40,17.60
2009.12.16 09:18:52.861,1.03995,1.04015,10.40,18.40
2009.12.16 09:18:53.511,1.03995,1.04015,15.20,18.40
2009.12.16 09:18:53.731,1.03995,1.04015,15.20,13.60
2009.12.16 09:18:55.750,1.03995,1.04015,15.20,13.20
2009.12.16 09:18:58.219,1.03995,1.04015,15.30,13.30
2009.12.16 09:18:58.400,1.03995,1.04015,15.20,9.20
2009.12.16 09:18:58.580,1.04,1.04015,2.40,7.60
2009.12.16 09:18:58.759,1.04,1.04015,2.40,2.40
2009.12.16 09:18:58.980,1.04,1.04015,12.00,4.10
2009.12.16 09:18:59.309,1.04,1.04015,2.40,4.00
2009.12.16 09:19:01.119,1.03995,1.04015,15.20,10.80
2009.12.16 09:19:02.299,1.03995,1.0401,13.60,1.00
2009.12.16 09:19:02.409,1.03995,1.0401,1.60,7.20
2009.12.16 09:19:02.529,1.0399,1.0401,9.10,8.80
2009.12.16 09:19:02.589,1.0399,1.0401,8.80,8.80
2009.12.16 09:19:02.998,1.0399,1.0401,8.80,4.00
2009.12.16 09:19:03.908,1.0399,1.0401,4.00,8.80
2009.12.16 09:19:05.708,1.0399,1.0401,4.00,12.80
2009.12.16 09:19:06.058,1.0399,1.0401,1.60,18.40
2009.12.16 09:19:06.408,1.0399,1.04005,1.60,12.00
2009.12.16 09:19:06.968,1.0399,1.04005,1.60,2.40
2009.12.16 09:19:11.067,1.03985,1.04005,6.40,7.20
2009.12.16 09:19:11.417,1.03985,1.04005,6.40,8.80
2009.12.16 09:19:12.346,1.0399,1.04005,1.60,7.20
2009.12.16 09:19:12.626,1.03985,1.04005,6.40,8.80
2009.12.16 09:19:13.196,1.03985,1.04005,6.40,9.20
2009.12.16 09:19:14.316,1.03985,1.04005,1.60,9.20
2009.12.16 09:19:20.264,1.03985,1.04005,1.60,8.80
2009.12.16 09:19:22.234,1.03985,1.04005,1.60,9.20
2009.12.16 09:19:23.524,1.03985,1.04005,1.60,8.80
2009.12.16 09:19:27.553,1.03985,1.04,1.60,3.20
2009.12.16 09:19:27.723,1.03985,1.03995,1.60,2.40
2009.12.16 09:19:27.842,1.0398,1.03995,13.60,2.40
2009.12.16 09:19:28.112,1.0398,1.03995,4.00,2.40
2009.12.16 09:19:30.852,1.0399,1.04005,6.40,7.20
2009.12.16 09:19:31.092,1.0399,1.04005,1.60,7.20
2009.12.16 09:19:31.441,1.0399,1.04005,1.60,2.40
2009.12.16 09:19:32.321,1.0399,1.04005,4.00,1.00
2009.12.16 09:19:32.491,1.0399,1.0401,4.00,21.60
2009.12.16 09:19:35.391,1.0399,1.04005,4.00,1.00
2009.12.16 09:19:35.631,1.03985,1.04005,14.80,4.00
2009.12.16 09:19:35.980,1.0399,1.04005,2.40,1.60
2009.12.16 09:19:38.610,1.03985,1.04005,1.60,13.60
2009.12.16 09:19:38.950,1.03985,1.04005,1.60,14.00
2009.12.16 09:19:39.340,1.03985,1.04005,1.60,8.80
2009.12.16 09:19:41.079,1.03985,1.04,1.60,2.40
2009.12.16 09:19:41.259,1.03985,1.04005,1.60,8.80
2009.12.16 09:19:41.899,1.03985,1.04005,1.60,9.20
2009.12.16 09:19:43.840,1.03985,1.04005,6.00,7.20
2009.12.16 09:19:43.900,1.0399,1.04005,2.40,4.80
2009.12.16 09:19:44.069,1.0399,1.04005,2.40,6.40
2009.12.16 09:19:44.129,1.0399,1.04005,2.40,1.60
2009.12.16 09:19:44.638,1.0399,1.04005,2.40,6.40
2009.12.16 09:19:45.168,1.0399,1.04005,2.40,6.80
2009.12.16 09:19:45.548,1.0399,1.04005,2.40,6.40
2009.12.16 09:19:45.888,1.0399,1.04005,2.40,10.40
2009.12.16 09:19:46.188,1.03985,1.04,1.60,2.40
2009.12.16 09:19:46.568,1.0398,1.04,14.50,4.00
2009.12.16 09:19:46.858,1.0399,1.04005,2.40,11.20
2009.12.16 09:19:47.198,1.03985,1.04,7.20,1.60
2009.12.16 09:19:47.488,1.03985,1.04,5.60,1.60
2009.12.16 09:19:47.768,1.03985,1.04,10.40,1.60
2009.12.16 09:19:48.107,1.03995,1.04005,4.00,1.00
2009.12.16 09:19:48.447,1.03995,1.0401,8.80,5.60
2009.12.16 09:19:49.217,1.0399,1.04005,8.00,1.60
2009.12.16 09:19:49.487,1.0399,1.04005,2.40,1.60
2009.12.16 09:19:49.777,1.0399,1.04005,7.20,1.60
2009.12.16 09:19:50.357,1.0399,1.04005,7.20,1.60
2009.12.16 09:19:50.757,1.03985,1.04005,14.00,4.00
2009.12.16 09:19:51.097,1.03985,1.04005,6.40,8.80
2009.12.16 09:19:51.437,1.03985,1.04005,6.40,4.00
2009.12.16 09:19:51.788,1.0399,1.04005,2.40,1.60
2009.12.16 09:19:52.137,1.0399,1.04005,2.40,1.60
2009.12.16 09:19:52.826,1.0399,1.04005,4.10,1.60
2009.12.16 09:19:53.057,1.0399,1.04005,4.00,3.60
2009.12.16 09:19:53.226,1.0399,1.04,2.40,1.60
2009.12.16 09:19:53.576,1.03985,1.04,8.80,1.60
2009.12.16 09:19:56.966,1.0399,1.04005,2.40,10.40
2009.12.16 09:19:57.196,1.0399,1.04005,2.40,1.60
2009.12.16 09:19:57.945,1.0399,1.04005,7.20,1.60
2009.12.16 09:19:58.515,1.0399,1.04005,12.00,1.60
2009.12.16 09:19:58.795,1.0399,1.04005,7.20,1.60
2009.12.16 09:19:59.835,1.0399,1.04005,12.00,1.60
2009.12.16 09:20:03.165,1.0399,1.04005,13.60,1.60
2009.12.16 09:20:07.483,1.0399,1.04005,8.80,1.60
2009.12.16 09:20:07.843,1.0399,1.0401,4.00,8.80
2009.12.16 09:20:08.693,1.0399,1.0401,4.00,8.80
2009.12.16 09:20:08.983,1.0399,1.0401,8.80,8.80
2009.12.16 09:20:09.632,1.0399,1.0401,8.80,4.00
2009.12.16 09:20:09.953,1.03995,1.0401,3.20,4.00
2009.12.16 09:20:10.292,1.03995,1.04015,7.60,14.40
2009.12.16 09:20:10.632,1.03995,1.0401,10.40,1.60
2009.12.16 09:20:12.512,1.04,1.0401,1.00,1.60
2009.12.16 09:20:12.682,1.04005,1.04015,8.80,4.00
2009.12.16 09:20:12.922,1.04005,1.0402,8.80,4.00
2009.12.16 09:20:13.631,1.04,1.04015,8.80,4.00
2009.12.16 09:20:14.311,1.04,1.04015,13.60,4.00
2009.12.16 09:20:17.371,1.04,1.0402,13.60,8.00
2009.12.16 09:20:17.531,1.04005,1.0402,4.00,1.60
2009.12.16 09:20:17.880,1.04005,1.0402,4.00,1.60
2009.12.16 09:20:18.161,1.04005,1.0402,8.80,1.60
2009.12.16 09:20:18.331,1.04005,1.0402,5.60,1.60
2009.12.16 09:20:18.681,1.04005,1.0402,10.40,1.60
2009.12.16 09:20:19.020,1.04005,1.0402,8.80,1.60
2009.12.16 09:20:19.370,1.04005,1.04025,4.00,18.40
2009.12.16 09:20:20.590,1.04005,1.0402,4.00,1.60
2009.12.16 09:20:20.860,1.04005,1.0402,4.00,1.60
2009.12.16 09:20:26.758,1.04005,1.0402,4.00,1.60
2009.12.16 09:20:28.458,1.04005,1.0402,4.00,1.60
2009.12.16 09:20:28.758,1.04005,1.0402,5.60,1.60
2009.12.16 09:20:30.258,1.04005,1.04025,5.60,14.40
2009.12.16 09:20:30.728,1.04005,1.04025,5.60,18.40
2009.12.16 09:20:30.907,1.04005,1.0402,5.60,1.60
2009.12.16 09:20:32.677,1.0401,1.04025,1.00,18.40
2009.12.16 09:20:32.967,1.04015,1.04025,1.60,4.80
2009.12.16 09:20:33.197,1.0401,1.04025,1.60,7.20
2009.12.16 09:20:33.497,1.0401,1.04025,2.40,4.80
2009.12.16 09:20:33.737,1.0401,1.04025,4.00,4.80
2009.12.16 09:20:33.977,1.0401,1.04025,8.80,1.60
2009.12.16 09:20:34.207,1.0402,1.0403,2.40,1.60
2009.12.16 09:20:34.427,1.0402,1.04035,2.40,5.60
2009.12.16 09:20:34.656,1.04015,1.04035,10.40,9.60
2009.12.16 09:20:35.046,1.04015,1.0403,4.00,1.60
2009.12.16 09:20:36.636,1.0402,1.04035,2.40,1.60
2009.12.16 09:20:37.046,1.04015,1.04035,14.80,8.00
2009.12.16 09:20:37.396,1.0401,1.0403,10.50,1.60
2009.12.16 09:20:37.746,1.0401,1.0403,9.70,1.60
2009.12.16 09:20:38.096,1.0401,1.0403,14.50,1.60
2009.12.16 09:20:39.635,1.04015,1.04035,1.60,17.60
2009.12.16 09:20:39.915,1.0402,1.04035,3.20,11.20
2009.12.16 09:20:40.265,1.0402,1.04035,4.00,4.00
2009.12.16 09:20:40.615,1.04015,1.04035,1.60,17.60
2009.12.16 09:20:40.955,1.04015,1.04035,6.40,8.00
2009.12.16 09:20:41.305,1.0402,1.04035,2.40,1.60
2009.12.16 09:20:42.005,1.04015,1.04035,16.00,4.00
2009.12.16 09:20:42.515,1.0402,1.04035,2.40,1.60
2009.12.16 09:20:45.074,1.0402,1.04035,4.00,1.60
2009.12.16 09:20:45.364,1.0402,1.04035,2.40,1.60
2009.12.16 09:20:45.534,1.0402,1.04035,2.40,1.60
2009.12.16 09:20:45.704,1.0402,1.04035,2.40,1.60
2009.12.16 09:20:49.973,1.04015,1.04035,16.40,4.00
2009.12.16 09:20:50.133,1.0402,1.04035,2.40,1.60
2009.12.16 09:20:50.353,1.0402,1.04035,2.40,1.60
2009.12.16 09:20:51.043,1.0402,1.04035,4.00,1.60
2009.12.16 09:20:52.362,1.0402,1.04035,2.40,1.60
2009.12.16 09:20:52.942,1.04015,1.04035,13.20,4.00
2009.12.16 09:20:53.232,1.04015,1.0403,1.60,6.40
2009.12.16 09:20:53.702,1.04015,1.0403,1.60,1.60
2009.12.16 09:20:54.032,1.04015,1.0403,1.60,4.00
2009.12.16 09:20:54.262,1.0401,1.0403,14.50,4.00
2009.12.16 09:20:56.032,1.0401,1.0403,13.60,4.00
2009.12.16 09:20:58.401,1.0401,1.0403,8.80,4.00
2009.12.16 09:20:58.920,1.0402,1.0403,1.00,4.00
2009.12.16 09:20:59.321,1.04015,1.0403,1.60,2.40
2009.12.16 09:20:59.381,1.0401,1.0403,14.50,4.00
2009.12.16 09:20:59.440,1.0401,1.0403,15.30,4.00
2009.12.16 09:20:59.900,1.0401,1.0403,10.50,4.00
2009.12.16 09:21:00.720,1.0401,1.0403,15.30,4.00
2009.12.16 09:21:01.060,1.04015,1.0403,1.00,4.00
2009.12.16 09:21:01.241,1.04015,1.0403,1.00,1.60
2009.12.16 09:21:01.900,1.04015,1.0403,1.00,4.00
2009.12.16 09:21:02.060,1.0401,1.0403,15.30,4.00
2009.12.16 09:21:02.960,1.0402,1.0403,1.00,4.00
2009.12.16 09:21:03.200,1.04015,1.0403,12.00,4.00
2009.12.16 09:21:03.559,1.04015,1.0403,8.80,1.60
2009.12.16 09:21:04.669,1.0402,1.0403,1.00,1.60
2009.12.16 09:21:04.789,1.0402,1.0403,4.80,1.60
2009.12.16 09:21:04.909,1.0402,1.0403,2.40,1.60
2009.12.16 09:21:05.379,1.0401,1.0403,15.20,4.00
2009.12.16 09:21:05.679,1.0401,1.0403,13.60,4.00
2009.12.16 09:21:06.029,1.0401,1.04025,12.80,1.60
2009.12.16 09:21:06.309,1.0402,1.04025,8.00,1.60
2009.12.16 09:21:06.709,1.0402,1.04045,8.00,22.80
2009.12.16 09:21:07.000,1.0402,1.04045,12.80,13.60
2009.12.16 09:21:07.279,1.04025,1.04045,4.80,13.60
2009.12.16 09:21:07.849,1.04025,1.04035,4.80,2.40
2009.12.16 09:21:08.068,1.04015,1.0403,7.60,2.40
2009.12.16 09:21:08.408,1.04015,1.0403,7.20,2.40
2009.12.16 09:21:09.618,1.04015,1.0403,7.20,4.00
2009.12.16 09:21:11.848,1.0402,1.04035,2.40,6.40
2009.12.16 09:21:12.188,1.0402,1.04035,2.40,1.60
2009.12.16 09:21:12.838,1.0402,1.04035,7.20,1.60
2009.12.16 09:21:13.127,1.04025,1.04035,1.00,1.60
2009.12.16 09:21:13.457,1.04025,1.04035,2.40,1.60
2009.12.16 09:21:13.739,1.04025,1.04035,4.80,1.60
2009.12.16 09:21:13.957,1.0402,1.04035,12.80,1.60
2009.12.16 09:21:14.517,1.0402,1.04035,12.00,1.60
2009.12.16 09:21:14.867,1.0402,1.0404,7.20,16.80
2009.12.16 09:21:15.247,1.0402,1.04035,7.20,1.60
2009.12.16 09:21:15.597,1.0403,1.04035,1.00,1.60
2009.12.16 09:21:15.947,1.0402,1.0404,9.60,8.80
2009.12.16 09:21:16.297,1.0402,1.0404,13.60,8.00
2009.12.16 09:21:16.637,1.0402,1.0404,8.80,8.00
2009.12.16 09:21:19.326,1.0402,1.0404,8.80,4.00
2009.12.16 09:21:19.506,1.0402,1.0404,13.60,4.00
2009.12.16 09:21:20.426,1.04025,1.0404,4.00,1.60
2009.12.16 09:21:20.766,1.04025,1.0404,15.20,1.60
2009.12.16 09:21:22.015,1.0402,1.0404,16.90,1.60
2009.12.16 09:21:22.295,1.04025,1.04045,16.40,4.00
2009.12.16 09:21:22.635,1.0403,1.04045,9.60,4.00
2009.12.16 09:21:22.855,1.0403,1.04045,4.00,1.60
2009.12.16 09:21:23.145,1.0403,1.04045,6.40,4.00
2009.12.16 09:21:23.485,1.0403,1.04045,4.80,4.00
2009.12.16 09:21:23.774,1.04025,1.04045,16.00,4.00
2009.12.16 09:21:24.055,1.0403,1.04045,2.40,1.60
2009.12.16 09:21:24.345,1.0403,1.04045,4.80,1.60
2009.12.16 09:21:24.574,1.0403,1.0405,14.40,4.00
2009.12.16 09:21:24.844,1.0403,1.0405,13.60,4.00
2009.12.16 09:21:25.074,1.0403,1.0405,8.80,4.00
2009.12.16 09:21:25.414,1.0403,1.0405,9.60,8.80
2009.12.16 09:21:26.104,1.04035,1.0405,1.60,2.40
2009.12.16 09:21:26.454,1.0403,1.0405,9.60,8.80
2009.12.16 09:21:26.814,1.0403,1.0405,9.60,8.80
2009.12.16 09:21:27.164,1.0403,1.0405,9.60,4.00
2009.12.16 09:21:27.284,1.0403,1.0405,11.20,1.60
2009.12.16 09:21:27.444,1.0403,1.0405,11.20,4.00
2009.12.16 09:21:27.564,1.0403,1.0405,14.40,4.00
2009.12.16 09:21:28.254,1.0403,1.0405,9.60,4.00
2009.12.16 09:21:28.604,1.0403,1.0405,8.80,4.00
2009.12.16 09:21:28.943,1.0403,1.0405,13.60,4.00
2009.12.16 09:21:29.293,1.0403,1.0405,8.80,8.00
2009.12.16 09:21:29.643,1.0403,1.0405,4.00,12.80
2009.12.16 09:21:31.003,1.0403,1.0405,4.00,14.40
2009.12.16 09:21:31.353,1.0403,1.0405,8.80,14.40
2009.12.16 09:21:32.253,1.0403,1.0405,8.90,14.50
2009.12.16 09:21:32.493,1.0403,1.04045,6.40,2.40
2009.12.16 09:21:32.723,1.0403,1.04045,1.60,2.40
2009.12.16 09:21:32.892,1.0403,1.0405,4.00,16.00
2009.12.16 09:21:33.112,1.0403,1.0405,4.80,8.80
2009.12.16 09:21:33.332,1.0403,1.0405,14.40,4.00
2009.12.16 09:21:33.672,1.0403,1.0405,10.40,4.00
2009.12.16 09:21:34.882,1.0403,1.0405,9.60,4.00
2009.12.16 09:21:35.572,1.0403,1.0405,9.60,4.00
2009.12.16 09:21:36.262,1.0403,1.0405,14.40,4.00
2009.12.16 09:21:36.601,1.0403,1.0405,14.40,4.00
2009.12.16 09:21:41.500,1.0403,1.0405,15.20,4.00
2009.12.16 09:21:42.980,1.0403,1.0405,15.20,4.80
2009.12.16 09:21:43.090,1.0403,1.04045,12.80,2.40
2009.12.16 09:21:43.270,1.0403,1.04045,6.40,2.40
2009.12.16 09:21:43.630,1.0403,1.04045,1.60,2.40
2009.12.16 09:21:44.520,1.0403,1.0405,4.00,9.60
2009.12.16 09:21:44.700,1.04035,1.0405,1.60,8.80
2009.12.16 09:21:44.880,1.04035,1.0405,1.60,4.00
2009.12.16 09:21:45.050,1.04035,1.0405,6.40,4.00
2009.12.16 09:21:46.809,1.04035,1.0405,8.00,2.40
2009.12.16 09:21:47.399,1.04035,1.0405,8.00,4.00
2009.12.16 09:21:48.948,1.04035,1.0405,3.20,4.00
2009.12.16 09:21:51.598,1.04035,1.0405,3.20,2.40
2009.12.16 09:21:55.007,1.04035,1.0405,8.00,2.40
2009.12.16 09:21:55.187,1.04035,1.0405,8.00,2.40
2009.12.16 09:21:56.157,1.04035,1.0405,3.20,2.40
2009.12.16 09:21:56.397,1.04035,1.0405,3.20,4.00
2009.12.16 09:21:58.396,1.04035,1.0405,8.00,4.00
2009.12.16 09:22:00.186,1.04035,1.0405,8.00,2.40
2009.12.16 09:22:00.546,1.04035,1.0405,6.40,4.00
2009.12.16 09:22:00.896,1.04035,1.0405,1.60,4.00
2009.12.16 09:22:01.546,1.04035,1.0405,1.60,4.00
2009.12.16 09:22:01.896,1.04035,1.0405,1.60,4.00
2009.12.16 09:22:02.995,1.04035,1.0405,1.60,4.00
2009.12.16 09:22:03.285,1.04035,1.0405,1.60,4.00
2009.12.16 09:22:03.515,1.04035,1.0405,1.60,4.00
2009.12.16 09:22:03.795,1.04035,1.0405,1.60,4.00
2009.12.16 09:22:05.065,1.04035,1.0405,1.60,4.00
2009.12.16 09:22:05.405,1.04035,1.0405,1.60,4.00
2009.12.16 09:22:10.463,1.04035,1.0405,1.60,4.00
2009.12.16 09:22:11.283,1.04035,1.0405,1.60,4.00
2009.12.16 09:22:12.523,1.04035,1.0405,1.60,4.00
2009.12.16 09:22:12.943,1.04035,1.0405,1.60,4.00
2009.12.16 09:22:14.033,1.04035,1.0405,1.60,4.00
2009.12.16 09:22:14.892,1.04035,1.0405,5.60,1.60
2009.12.16 09:22:15.192,1.04035,1.0405,10.40,1.60
2009.12.16 09:22:21.601,1.04035,1.0405,8.00,4.00
2009.12.16 09:22:21.981,1.04035,1.0405,1.60,4.00
2009.12.16 09:22:28.329,1.04035,1.0405,1.60,4.00
2009.12.16 09:22:28.689,1.04035,1.0405,1.60,4.00
2009.12.16 09:22:28.919,1.04035,1.0405,1.60,4.00
2009.12.16 09:22:29.559,1.04035,1.0405,1.60,4.00
2009.12.16 09:22:29.739,1.04035,1.0405,1.60,4.00
2009.12.16 09:22:30.148,1.04035,1.0405,1.60,4.00
2009.12.16 09:22:30.319,1.04035,1.0405,1.60,4.00
2009.12.16 09:22:34.218,1.04035,1.0405,1.60,4.00
2009.12.16 09:22:34.737,1.04035,1.0405,1.60,4.00
2009.12.16 09:22:35.537,1.04035,1.0405,1.60,4.00
2009.12.16 09:22:36.467,1.04035,1.0405,1.60,4.00
2009.12.16 09:22:38.087,1.04035,1.0405,1.60,4.00
2009.12.16 09:22:38.386,1.04035,1.04045,1.60,1.60
2009.12.16 09:22:45.895,1.04035,1.0405,1.60,4.00
2009.12.16 09:22:46.245,1.04035,1.0405,1.60,4.00
2009.12.16 09:22:47.235,1.04035,1.04045,1.60,1.60
2009.12.16 09:22:49.504,1.04035,1.0405,14.50,1.60
2009.12.16 09:22:49.794,1.04035,1.0405,9.60,1.60
2009.12.16 09:22:50.184,1.04035,1.0405,4.80,1.60
2009.12.16 09:22:51.154,1.04035,1.0405,4.80,1.60
2009.12.16 09:22:51.514,1.04035,1.0405,9.60,1.60
2009.12.16 09:22:52.933,1.04035,1.0405,14.40,1.60
2009.12.16 09:22:53.103,1.04035,1.0405,14.40,1.60
2009.12.16 09:22:53.283,1.04035,1.0405,8.80,1.60
2009.12.16 09:22:53.743,1.04035,1.0405,8.80,1.60
2009.12.16 09:22:53.963,1.04035,1.0405,8.80,1.60
2009.12.16 09:22:55.293,1.04035,1.0405,6.40,4.00
2009.12.16 09:22:55.593,1.04035,1.04045,6.40,1.60
2009.12.16 09:22:56.222,1.04035,1.0405,6.40,4.00
2009.12.16 09:22:56.582,1.04035,1.04045,6.40,1.60
2009.12.16 09:22:58.652,1.04035,1.04045,1.60,1.60
2009.12.16 09:23:08.139,1.0403,1.04045,13.60,1.60
2009.12.16 09:23:09.229,1.0403,1.0404,9.60,1.60
2009.12.16 09:23:09.579,1.04025,1.0404,5.60,1.60
2009.12.16 09:23:09.859,1.04025,1.0404,4.80,1.60
2009.12.16 09:23:10.199,1.04025,1.0404,14.40,1.60
2009.12.16 09:23:11.109,1.04025,1.0404,14.40,1.60
2009.12.16 09:23:11.459,1.04035,1.0405,4.80,1.60
2009.12.16 09:23:11.809,1.04035,1.04045,4.80,1.60
2009.12.16 09:23:14.948,1.0403,1.04045,12.80,1.60
2009.12.16 09:23:15.178,1.0403,1.04045,7.20,1.60
2009.12.16 09:23:16.428,1.0403,1.0404,7.20,1.60
2009.12.16 09:23:16.827,1.0403,1.0404,2.40,1.60
2009.12.16 09:23:17.858,1.04025,1.0404,14.50,1.60
2009.12.16 09:23:18.027,1.04025,1.0404,14.40,1.60
2009.12.16 09:23:18.257,1.04025,1.0404,9.60,1.60
2009.12.16 09:23:23.936,1.0403,1.0404,1.00,1.60
2009.12.16 09:23:24.046,1.0403,1.0404,2.40,1.60
2009.12.16 09:23:24.156,1.0403,1.0404,2.40,1.60
2009.12.16 09:23:24.597,1.04025,1.0404,14.40,1.60
2009.12.16 09:23:25.235,1.04025,1.04045,8.80,9.60
2009.12.16 09:23:26.935,1.04025,1.0404,8.80,1.60
2009.12.16 09:23:27.505,1.04025,1.04035,8.80,1.60
2009.12.16 09:23:29.054,1.04025,1.04035,8.80,1.60
2009.12.16 09:23:29.275,1.04025,1.0404,8.80,1.60
2009.12.16 09:23:29.494,1.04025,1.04035,4.80,1.60
2009.12.16 09:23:29.774,1.0402,1.04035,7.30,1.60
2009.12.16 09:23:30.004,1.0402,1.04035,12.10,1.60
2009.12.16 09:23:30.234,1.04025,1.04035,1.00,1.60
2009.12.16 09:23:30.814,1.0402,1.04035,12.10,1.60
2009.12.16 09:23:31.114,1.04025,1.04035,1.00,1.60
2009.12.16 09:23:31.404,1.0402,1.04035,12.10,1.60
2009.12.16 09:23:32.524,1.0402,1.04035,12.00,1.60
2009.12.16 09:23:32.993,1.0402,1.04035,12.00,1.60
2009.12.16 09:23:39.802,1.0402,1.04035,12.00,1.60
2009.12.16 09:23:42.711,1.0402,1.04035,12.00,1.60
2009.12.16 09:23:46.270,1.0402,1.04035,12.00,1.60
2009.12.16 09:23:46.900,1.0402,1.04035,12.00,1.60
2009.12.16 09:23:47.530,1.04025,1.04035,1.00,4.00
2009.12.16 09:23:47.760,1.04025,1.04035,14.40,1.00
2009.12.16 09:23:48.040,1.04025,1.0404,11.20,4.00
2009.12.16 09:23:48.280,1.0402,1.0404,13.70,4.00
2009.12.16 09:23:50.640,1.04025,1.0404,4.80,4.00
2009.12.16 09:23:51.359,1.04025,1.0404,4.80,4.00
2009.12.16 09:23:51.929,1.04025,1.0404,4.80,4.00
2009.12.16 09:23:52.219,1.04025,1.0404,4.80,4.00
2009.12.16 09:23:54.018,1.04025,1.0404,4.80,4.00
2009.12.16 09:23:54.178,1.04025,1.0404,4.80,4.00
2009.12.16 09:23:54.808,1.04025,1.04035,4.80,1.60
2009.12.16 09:23:55.258,1.04025,1.04035,4.80,1.60
2009.12.16 09:23:55.668,1.04025,1.04035,1.00,1.60
2009.12.16 09:23:56.708,1.04025,1.04035,4.80,1.60
2009.12.16 09:23:57.048,1.0402,1.04035,1.00,1.60
2009.12.16 09:23:57.628,1.0402,1.0403,1.00,1.60
2009.12.16 09:23:57.858,1.04015,1.0403,7.20,1.60
2009.12.16 09:24:00.967,1.04015,1.0403,4.80,1.60
2009.12.16 09:24:01.307,1.04015,1.0403,7.20,1.60
2009.12.16 09:24:03.556,1.04015,1.0403,4.80,4.00
2009.12.16 09:24:04.016,1.0401,1.0403,14.50,4.00
2009.12.16 09:24:04.576,1.0401,1.0403,12.90,4.00
2009.12.16 09:24:05.706,1.0401,1.04025,12.90,1.60
2009.12.16 09:24:07.415,1.0401,1.0403,14.50,4.00
2009.12.16 09:24:14.093,1.04015,1.0403,1.60,2.40
2009.12.16 09:24:14.316,1.0402,1.04035,2.40,4.00
2009.12.16 09:24:14.483,1.0402,1.04035,7.20,4.00
2009.12.16 09:24:15.553,1.0402,1.04035,8.80,4.00
2009.12.16 09:24:16.633,1.0402,1.04035,13.60,4.00
2009.12.16 09:24:16.983,1.0402,1.04035,7.20,4.00
2009.12.16 09:24:18.533,1.04015,1.04035,16.10,4.90
2009.12.16 09:24:18.812,1.04015,1.04035,4.00,14.00
2009.12.16 09:24:19.102,1.0402,1.04035,1.00,4.40
2009.12.16 09:24:19.272,1.0402,1.04035,2.40,4.00
2009.12.16 09:24:20.102,1.0402,1.04035,2.40,4.00
2009.12.16 09:24:20.772,1.04015,1.04035,13.70,4.00
2009.12.16 09:24:21.752,1.0402,1.04035,2.40,4.00
2009.12.16 09:24:23.931,1.0402,1.04035,4.00,2.40
2009.12.16 09:24:24.161,1.0402,1.04035,8.80,2.40
2009.12.16 09:24:26.151,1.0402,1.0404,8.90,4.40
2009.12.16 09:24:26.491,1.0402,1.0404,8.80,4.40
2009.12.16 09:24:26.661,1.04025,1.04045,4.00,20.80
2009.12.16 09:24:26.891,1.04025,1.0404,9.60,1.60
2009.12.16 09:24:30.350,1.04025,1.0404,11.20,1.60
2009.12.16 09:24:30.630,1.0403,1.0404,2.40,1.60
2009.12.16 09:24:31.330,1.0403,1.04035,2.40,1.00
2009.12.16 09:24:31.669,1.0402,1.04035,2.40,1.60
2009.12.16 09:24:32.000,1.04015,1.04035,19.30,4.00
2009.12.16 09:24:32.349,1.04015,1.04035,16.10,4.00
2009.12.16 09:24:33.029,1.04015,1.04035,4.10,13.60
2009.12.16 09:24:33.489,1.04015,1.04035,13.70,4.00
2009.12.16 09:24:33.769,1.0402,1.0404,9.60,8.80
2009.12.16 09:24:33.999,1.0402,1.0404,9.60,4.00
2009.12.16 09:24:34.229,1.0402,1.0404,14.40,4.00
2009.12.16 09:24:34.459,1.0402,1.0404,9.70,8.80
2009.12.16 09:24:34.929,1.04025,1.0404,3.20,1.60
2009.12.16 09:24:35.158,1.0403,1.0404,2.40,1.60
2009.12.16 09:24:35.339,1.0403,1.0404,2.40,1.60
2009.12.16 09:24:35.569,1.04025,1.0404,3.20,1.60
2009.12.16 09:24:35.808,1.04025,1.0404,12.80,1.60
2009.12.16 09:24:36.048,1.04025,1.0404,8.00,1.60
2009.12.16 09:24:36.718,1.04025,1.0404,12.80,1.60
2009.12.16 09:24:37.548,1.04025,1.0404,12.80,1.60
2009.12.16 09:24:37.828,1.0403,1.04045,1.00,4.00
2009.12.16 09:24:38.058,1.0403,1.04045,14.40,1.60
2009.12.16 09:24:38.408,1.0403,1.0404,1.60,1.60
2009.12.16 09:24:38.738,1.04025,1.0404,14.80,1.60
2009.12.16 09:24:39.088,1.04025,1.0404,14.40,1.60
2009.12.16 09:24:39.378,1.04025,1.04045,14.40,4.00
2009.12.16 09:24:39.818,1.04025,1.0404,14.40,1.00
2009.12.16 09:24:40.388,1.04025,1.0404,14.40,1.60
2009.12.16 09:24:40.667,1.04025,1.0404,12.80,1.60
2009.12.16 09:24:43.567,1.04025,1.0404,14.40,1.60
2009.12.16 09:24:45.176,1.04025,1.0404,16.00,1.60
2009.12.16 09:24:45.406,1.04025,1.0404,14.80,1.60
2009.12.16 09:24:45.696,1.04025,1.0404,16.00,1.60
2009.12.16 09:24:45.936,1.04025,1.0404,14.40,1.60
2009.12.16 09:24:47.336,1.04025,1.0404,14.40,1.60
2009.12.16 09:24:48.515,1.04025,1.0404,14.40,1.60
2009.12.16 09:24:48.675,1.04025,1.0404,16.10,1.60
2009.12.16 09:24:49.015,1.0403,1.04045,1.00,4.00
2009.12.16 09:24:49.255,1.0403,1.04045,5.60,4.00
2009.12.16 09:24:49.555,1.0403,1.0404,4.80,1.60
2009.12.16 09:24:49.895,1.04025,1.0404,14.40,1.60
2009.12.16 09:24:52.425,1.04025,1.04045,14.40,4.00
2009.12.16 09:24:52.884,1.04025,1.0404,13.60,1.60
2009.12.16 09:24:53.814,1.04025,1.0404,8.80,1.60
2009.12.16 09:24:56.663,1.04025,1.04035,4.00,1.60
2009.12.16 09:24:59.773,1.0402,1.04035,7.20,1.60
2009.12.16 09:25:00.122,1.0402,1.04035,2.40,1.60
2009.12.16 09:25:00.472,1.04015,1.04035,16.90,5.60
2009.12.16 09:25:00.802,1.0402,1.0403,2.40,1.60
2009.12.16 09:25:01.153,1.0402,1.04035,12.00,1.60
2009.12.16 09:25:01.502,1.04025,1.0404,8.80,4.00
2009.12.16 09:25:01.852,1.04025,1.0404,4.80,4.00
2009.12.16 09:25:02.552,1.0402,1.0404,18.50,4.00
2009.12.16 09:25:03.722,1.04025,1.0404,2.40,1.60
2009.12.16 09:25:03.952,1.04025,1.0404,4.80,4.00
2009.12.16 09:25:04.522,1.0402,1.0404,18.50,4.00
2009.12.16 09:25:05.901,1.04025,1.0404,4.80,4.00
2009.12.16 09:25:09.910,1.04025,1.0404,4.90,4.00
2009.12.16 09:25:10.070,1.04025,1.0404,7.20,1.60
2009.12.16 09:25:10.180,1.04025,1.0404,8.00,1.60
2009.12.16 09:25:10.240,1.04025,1.0404,9.60,1.60
2009.12.16 09:25:10.420,1.04025,1.04045,11.20,8.80
2009.12.16 09:25:10.540,1.04025,1.04045,16.00,8.80
2009.12.16 09:25:10.890,1.04025,1.0404,16.00,1.60
2009.12.16 09:25:11.240,1.04025,1.0404,14.40,1.60
2009.12.16 09:25:11.920,1.04025,1.04045,16.00,4.00
2009.12.16 09:25:12.610,1.04025,1.0404,16.00,1.60
2009.12.16 09:25:12.910,1.04025,1.04045,16.00,4.00
2009.12.16 09:25:13.449,1.04025,1.04045,16.00,4.00
2009.12.16 09:25:14.299,1.04025,1.0404,16.00,1.60
2009.12.16 09:25:15.589,1.04025,1.0404,16.00,1.60
2009.12.16 09:25:17.558,1.04025,1.04045,16.00,4.00
2009.12.16 09:25:17.729,1.0403,1.04045,2.40,1.60
2009.12.16 09:25:21.547,1.0403,1.04045,2.40,1.60
2009.12.16 09:25:21.847,1.0403,1.04045,3.20,1.60
2009.12.16 09:25:22.197,1.0403,1.0405,14.40,4.00
2009.12.16 09:25:22.907,1.0403,1.04045,13.60,1.60
2009.12.16 09:25:23.137,1.0403,1.04045,12.00,1.60
2009.12.16 09:25:23.367,1.0403,1.04045,2.40,1.60
2009.12.16 09:25:25.196,1.0403,1.0404,2.40,1.60
2009.12.16 09:25:25.546,1.04025,1.0404,14.40,1.60
2009.12.16 09:25:27.536,1.04025,1.0404,14.40,1.60
2009.12.16 09:25:27.706,1.04025,1.0404,14.40,1.60
2009.12.16 09:25:29.315,1.04025,1.0404,16.00,1.60
2009.12.16 09:25:29.667,1.04025,1.0404,14.40,1.60
2009.12.16 09:25:32.325,1.04025,1.0404,16.00,1.60
2009.12.16 09:25:32.495,1.04025,1.0404,16.00,1.60
2009.12.16 09:25:33.075,1.04025,1.0404,14.40,1.60
2009.12.16 09:25:34.954,1.04025,1.0404,14.40,1.70
2009.12.16 09:25:35.124,1.04025,1.0404,14.40,1.60
2009.12.16 09:25:36.964,1.04025,1.0404,9.60,1.60
2009.12.16 09:25:39.163,1.04025,1.0404,9.60,1.60
2009.12.16 09:25:39.443,1.04025,1.0404,14.40,1.60
2009.12.16 09:25:39.723,1.04025,1.04045,16.00,4.00
2009.12.16 09:25:39.893,1.04025,1.04045,16.10,4.00
2009.12.16 09:25:40.004,1.04025,1.0404,16.10,1.60
2009.12.16 09:25:40.293,1.04025,1.0404,15.20,1.60
2009.12.16 09:25:40.583,1.04025,1.0404,13.60,1.60
2009.12.16 09:25:40.863,1.04025,1.0404,8.80,1.60
2009.12.16 09:25:41.213,1.04025,1.04035,4.00,1.60
2009.12.16 09:25:44.112,1.04025,1.04035,4.00,1.60
2009.12.16 09:25:44.222,1.04025,1.04035,4.00,1.60
2009.12.16 09:25:44.742,1.04025,1.04035,4.00,1.60
2009.12.16 09:25:44.802,1.04025,1.04035,4.00,1.60
2009.12.16 09:25:45.152,1.04025,1.04035,4.00,1.60
2009.12.16 09:25:45.332,1.04025,1.04035,4.00,1.60
2009.12.16 09:25:55.379,1.04025,1.04035,1.60,1.60
2009.12.16 09:25:55.719,1.04015,1.0403,14.00,1.60
2009.12.16 09:25:56.009,1.04015,1.0403,13.60,1.60
2009.12.16 09:25:56.699,1.04015,1.0403,8.80,1.60
2009.12.16 09:25:58.558,1.04015,1.0403,8.90,1.60
2009.12.16 09:25:58.609,1.04015,1.0403,8.80,1.60
2009.12.16 09:25:59.758,1.04015,1.0403,13.60,1.60
2009.12.16 09:26:01.848,1.0402,1.04035,12.00,4.00
2009.12.16 09:26:02.448,1.0402,1.04035,2.40,4.00
2009.12.16 09:26:05.027,1.0402,1.04035,7.20,4.00
2009.12.16 09:26:06.996,1.0402,1.04035,8.00,4.00
2009.12.16 09:26:07.166,1.04025,1.0404,1.60,9.20
2009.12.16 09:26:07.346,1.04025,1.0404,1.60,4.80
2009.12.16 09:26:11.785,1.04025,1.04035,1.60,1.60
2009.12.16 09:26:12.475,1.0402,1.04035,4.00,3.60
2009.12.16 09:26:12.655,1.0402,1.04035,4.00,4.40
2009.12.16 09:26:12.825,1.04025,1.04035,1.60,2.40
2009.12.16 09:26:13.105,1.04025,1.04035,1.60,1.60
2009.12.16 09:26:15.494,1.04025,1.04035,1.60,6.40
2009.12.16 09:26:15.854,1.04015,1.0403,11.70,1.60
2009.12.16 09:26:16.204,1.04015,1.04035,16.00,4.00
2009.12.16 09:26:17.764,1.04015,1.0403,16.00,1.60
2009.12.16 09:26:17.984,1.04015,1.0403,16.00,1.60
2009.12.16 09:26:18.384,1.04015,1.04035,16.40,4.00
2009.12.16 09:26:18.614,1.0402,1.04035,2.40,4.00
2009.12.16 09:26:18.774,1.0402,1.04035,7.20,4.00
2009.12.16 09:26:22.153,1.0402,1.04035,2.40,1.60
2009.12.16 09:26:22.433,1.0402,1.0403,2.40,1.60
2009.12.16 09:26:22.673,1.0402,1.04035,2.40,1.60
2009.12.16 09:26:27.441,1.0402,1.0403,2.40,1.60
2009.12.16 09:26:27.911,1.0402,1.04035,2.40,1.60
2009.12.16 09:26:30.521,1.0402,1.04035,2.40,2.40
2009.12.16 09:26:30.681,1.04015,1.04035,11.20,4.40
2009.12.16 09:26:30.851,1.04015,1.0403,11.20,1.60
2009.12.16 09:26:34.770,1.04015,1.04035,11.20,4.40
2009.12.16 09:26:34.930,1.04015,1.04035,11.20,4.40
2009.12.16 09:26:35.100,1.04015,1.04035,11.20,4.00
2009.12.16 09:26:35.679,1.04015,1.04035,16.00,4.00
2009.12.16 09:26:40.339,1.0402,1.04035,1.60,4.00
2009.12.16 09:26:40.509,1.0402,1.04035,4.00,1.60
2009.12.16 09:26:43.827,1.0402,1.04035,8.80,1.60
2009.12.16 09:26:52.065,1.0402,1.04035,7.20,1.60
2009.12.16 09:27:08.982,1.0402,1.04035,7.20,1.60
2009.12.16 09:27:13.531,1.0402,1.04035,7.20,1.60
2009.12.16 09:27:21.648,1.0402,1.04035,12.00,1.60
2009.12.16 09:27:24.328,1.0402,1.04035,7.20,1.60
2009.12.16 09:27:45.563,1.0402,1.04035,8.00,1.60
2009.12.16 09:27:45.913,1.0402,1.04035,12.80,1.60
2009.12.16 09:27:52.281,1.04015,1.04035,20.90,1.60
2009.12.16 09:27:54.421,1.0402,1.04035,7.20,1.60
2009.12.16 09:27:54.531,1.0402,1.0403,7.20,1.60
2009.12.16 09:27:54.820,1.0402,1.04035,7.20,1.60
2009.12.16 09:28:01.509,1.0402,1.0403,7.20,1.60
2009.12.16 09:28:01.799,1.04015,1.04035,15.30,1.60
2009.12.16 09:28:05.128,1.0402,1.04035,2.40,1.60
2009.12.16 09:28:05.308,1.04015,1.0403,15.30,1.60
2009.12.16 09:28:05.418,1.04015,1.0403,14.50,1.60
2009.12.16 09:28:05.468,1.04015,1.0403,14.40,1.60
2009.12.16 09:28:05.578,1.04015,1.0403,13.60,1.60
2009.12.16 09:28:06.268,1.04015,1.0403,8.80,1.60
2009.12.16 09:28:06.958,1.04015,1.0403,13.60,1.60
2009.12.16 09:28:10.337,1.04015,1.0403,8.80,1.60
2009.12.16 09:28:11.656,1.0401,1.0403,16.90,1.60
2009.12.16 09:28:12.806,1.04015,1.0403,8.80,1.60
2009.12.16 09:28:16.895,1.04015,1.04025,8.80,1.60
2009.12.16 09:28:18.155,1.04015,1.0403,8.80,1.60
2009.12.16 09:28:18.775,1.04015,1.0403,13.60,1.60
2009.12.16 09:28:19.125,1.04015,1.04025,8.80,1.60
2009.12.16 09:28:19.604,1.04015,1.04025,4.00,1.60
2009.12.16 09:28:19.834,1.04015,1.0403,4.00,1.60
2009.12.16 09:28:20.064,1.04015,1.04025,8.80,1.60
2009.12.16 09:28:21.094,1.04015,1.04025,4.00,1.60
2009.12.16 09:28:23.493,1.04015,1.0403,4.00,1.60
2009.12.16 09:28:23.733,1.04015,1.0403,8.80,1.60
2009.12.16 09:28:24.773,1.04015,1.0403,8.80,1.60
2009.12.16 09:28:25.073,1.04015,1.04025,8.80,1.60
2009.12.16 09:28:25.363,1.04015,1.04025,4.00,1.60
2009.12.16 09:28:25.653,1.04015,1.0403,8.80,1.60
2009.12.16 09:28:26.003,1.04015,1.04025,8.80,1.60
2009.12.16 09:28:26.703,1.04015,1.0403,8.80,1.60
2009.12.16 09:28:27.333,1.04015,1.04025,6.40,1.60
2009.12.16 09:28:27.683,1.04015,1.04025,4.00,1.60
2009.12.16 09:28:27.983,1.04015,1.0403,4.00,1.60
2009.12.16 09:28:28.562,1.04015,1.0403,4.00,1.60
2009.12.16 09:28:29.152,1.04015,1.04035,8.80,14.40
2009.12.16 09:28:29.452,1.04015,1.04035,13.60,14.40
2009.12.16 09:28:29.732,1.04015,1.04035,8.80,14.40
2009.12.16 09:28:30.072,1.04015,1.04035,8.80,19.20
2009.12.16 09:28:31.702,1.04015,1.0403,8.80,1.60
2009.12.16 09:28:33.451,1.04015,1.0403,8.80,1.60
2009.12.16 09:28:33.691,1.04015,1.0403,13.60,1.60
2009.12.16 09:28:37.660,1.0401,1.0403,15.30,1.60
2009.12.16 09:28:40.509,1.04015,1.0403,13.60,1.60
2009.12.16 09:28:41.389,1.04015,1.0403,14.40,1.60
2009.12.16 09:28:42.129,1.04015,1.0403,9.60,1.60
2009.12.16 09:28:46.591,1.04015,1.0403,9.60,1.60
2009.12.16 09:28:48.867,1.04015,1.0403,9.60,1.60
2009.12.16 09:28:51.977,1.04015,1.0403,4.80,1.60
2009.12.16 09:28:52.837,1.04015,1.0403,4.80,1.60
2009.12.16 09:28:53.126,1.04015,1.0403,9.60,1.60
2009.12.16 09:28:54.676,1.04015,1.04035,14.80,4.00
2009.12.16 09:28:54.846,1.04015,1.0403,4.80,6.40
2009.12.16 09:28:55.026,1.04015,1.0403,9.60,1.60
2009.12.16 09:28:55.246,1.04015,1.0403,14.40,1.60
2009.12.16 09:28:55.476,1.04015,1.0403,9.60,1.60
2009.12.16 09:28:58.305,1.04015,1.0403,9.60,1.60
2009.12.16 09:28:58.525,1.04015,1.0403,9.60,1.60
2009.12.16 09:28:58.745,1.04015,1.0403,9.60,1.60
2009.12.16 09:28:59.095,1.04015,1.0403,9.60,1.60
2009.12.16 09:28:59.675,1.04015,1.0403,9.60,1.60
2009.12.16 09:29:00.015,1.04015,1.0403,9.60,1.60
2009.12.16 09:29:07.013,1.0402,1.04035,4.80,5.60
2009.12.16 09:29:07.363,1.0402,1.0403,1.00,1.60
2009.12.16 09:29:07.693,1.04015,1.0403,15.20,1.60
2009.12.16 09:29:08.053,1.04015,1.0403,15.30,1.60
2009.12.16 09:29:08.403,1.04015,1.04035,15.30,4.80
2009.12.16 09:29:08.922,1.04015,1.04035,15.30,4.00
2009.12.16 09:29:11.382,1.04015,1.0403,15.30,1.60
2009.12.16 09:29:12.082,1.04015,1.0403,14.90,1.60
2009.12.16 09:29:12.602,1.04015,1.0403,14.90,1.60
2009.12.16 09:29:13.461,1.04015,1.04035,14.90,4.00
2009.12.16 09:29:16.421,1.0402,1.04035,1.00,4.00
2009.12.16 09:29:16.601,1.0402,1.0404,2.40,9.60
2009.12.16 09:29:16.761,1.0402,1.04035,7.20,4.00
2009.12.16 09:29:18.720,1.0402,1.04035,6.40,4.00
2009.12.16 09:29:23.669,1.0402,1.04035,11.20,2.40
2009.12.16 09:29:23.789,1.0402,1.0404,13.70,4.00
2009.12.16 09:29:23.959,1.0402,1.0404,16.10,4.00
2009.12.16 09:29:24.429,1.0402,1.0404,14.50,4.00
2009.12.16 09:29:24.759,1.0402,1.0404,14.50,4.00
2009.12.16 09:29:25.429,1.0402,1.0404,14.50,4.40
2009.12.16 09:29:25.759,1.0402,1.04035,9.60,1.60
2009.12.16 09:29:26.058,1.0402,1.04035,9.60,1.60
2009.12.16 09:29:27.638,1.0402,1.04035,9.70,1.60
2009.12.16 09:29:27.858,1.0402,1.04035,14.50,1.60
2009.12.16 09:29:28.038,1.04025,1.0404,4.80,4.00
2009.12.16 09:29:28.678,1.0402,1.0404,14.50,4.00
2009.12.16 09:29:29.018,1.0402,1.04035,14.50,1.60
2009.12.16 09:29:29.867,1.0402,1.0404,14.40,4.00
2009.12.16 09:29:30.168,1.0402,1.04035,14.40,1.60
2009.12.16 09:29:30.448,1.0402,1.04035,9.60,1.60
2009.12.16 09:29:32.137,1.0402,1.04035,14.40,1.60
2009.12.16 09:29:32.477,1.0402,1.04035,14.50,1.60
2009.12.16 09:29:32.837,1.0402,1.0404,18.50,4.00
2009.12.16 09:29:33.127,1.0402,1.0404,20.10,4.00
2009.12.16 09:29:33.637,1.04025,1.0404,4.80,4.00
2009.12.16 09:29:34.566,1.0402,1.0404,20.10,4.00
2009.12.16 09:29:34.806,1.0402,1.0404,18.50,4.00
2009.12.16 09:29:34.986,1.0402,1.0404,20.10,4.00
2009.12.16 09:29:35.096,1.0402,1.0404,19.30,4.00
2009.12.16 09:29:35.206,1.04025,1.04035,2.40,1.60
2009.12.16 09:29:35.376,1.04025,1.04035,4.00,1.60
2009.12.16 09:29:35.616,1.04025,1.0404,8.80,1.60
2009.12.16 09:29:37.136,1.04025,1.0404,9.20,1.60
2009.12.16 09:29:38.446,1.04025,1.0404,8.80,1.60
2009.12.16 09:29:38.906,1.04025,1.04035,8.80,1.60
2009.12.16 09:29:47.513,1.04025,1.0404,8.80,1.60
2009.12.16 09:29:47.853,1.04025,1.04035,8.80,1.60
2009.12.16 09:29:48.433,1.04025,1.04035,4.00,1.60
2009.12.16 09:29:51.062,1.04025,1.04035,8.80,1.60
2009.12.16 09:29:51.862,1.04035,1.04045,4.00,1.60
2009.12.16 09:29:52.202,1.04035,1.04045,4.50,1.60
2009.12.16 09:29:53.582,1.04035,1.04045,1.00,1.60
2009.12.16 09:29:53.872,1.04025,1.0404,2.80,1.60
2009.12.16 09:29:54.042,1.0403,1.0404,1.00,6.40
2009.12.16 09:29:54.262,1.0403,1.0404,2.40,1.60
2009.12.16 09:29:55.611,1.0403,1.04045,2.40,1.60
2009.12.16 09:29:55.941,1.0403,1.0404,2.40,1.60
2009.12.16 09:29:57.081,1.0403,1.04045,2.40,1.60
2009.12.16 09:29:57.311,1.0403,1.0404,2.40,1.60
2009.12.16 09:29:57.481,1.0403,1.0404,3.20,1.60
2009.12.16 09:29:57.651,1.04035,1.0405,4.00,5.60
2009.12.16 09:29:57.881,1.04035,1.04045,4.50,1.60
2009.12.16 09:29:58.041,1.04035,1.04045,4.00,1.60
2009.12.16 09:29:58.391,1.0403,1.0404,3.20,1.60
2009.12.16 09:29:58.730,1.04035,1.04045,2.40,1.60
2009.12.16 09:30:01.671,1.0403,1.04045,3.20,1.60
2009.12.16 09:30:02.230,1.0403,1.0404,3.20,1.60
2009.12.16 09:30:02.510,1.0403,1.04045,3.20,1.60
2009.12.16 09:30:02.870,1.0403,1.0404,3.20,1.60
2009.12.16 09:30:03.609,1.0403,1.0404,3.20,1.60
2009.12.16 09:30:03.899,1.0403,1.04045,3.20,1.60
2009.12.16 09:30:04.249,1.0403,1.04045,1.00,4.00
2009.12.16 09:30:04.589,1.04025,1.04035,1.00,2.40
2009.12.16 09:30:04.889,1.0402,1.04035,1.00,2.40
2009.12.16 09:30:05.119,1.04015,1.04035,4.10,2.40
2009.12.16 09:30:05.689,1.04015,1.0403,2.40,4.00
2009.12.16 09:30:05.929,1.04015,1.0403,2.50,2.40
2009.12.16 09:30:06.269,1.0402,1.0403,1.00,2.40
2009.12.16 09:30:06.619,1.0402,1.04035,1.00,5.00
2009.12.16 09:30:06.959,1.04015,1.0403,6.80,4.00
2009.12.16 09:30:07.298,1.04015,1.0403,4.80,2.40
2009.12.16 09:30:07.638,1.04015,1.04035,5.00,5.20
2009.12.16 09:30:08.039,1.04015,1.0403,4.80,2.40
2009.12.16 09:30:08.378,1.04015,1.0403,8.90,2.40
2009.12.16 09:30:08.728,1.0402,1.0403,1.00,2.40
2009.12.16 09:30:09.068,1.04025,1.0404,2.40,2.40
2009.12.16 09:30:09.398,1.04025,1.0404,2.40,4.00
2009.12.16 09:30:10.088,1.04025,1.0404,1.60,4.00
2009.12.16 09:30:10.388,1.04025,1.04035,1.60,4.00
2009.12.16 09:30:10.708,1.04025,1.0404,1.60,4.00
2009.12.16 09:30:11.038,1.04025,1.0404,1.60,4.00
2009.12.16 09:30:11.668,1.04025,1.0404,2.40,4.00
2009.12.16 09:30:12.357,1.04025,1.0404,2.40,4.00
2009.12.16 09:30:15.237,1.04025,1.04035,2.40,2.40
2009.12.16 09:30:15.587,1.04025,1.0404,2.40,4.00
2009.12.16 09:30:21.395,1.04025,1.04035,2.40,1.60
2009.12.16 09:30:21.635,1.0403,1.04035,2.40,1.60
2009.12.16 09:30:21.975,1.04025,1.0404,4.80,1.60
2009.12.16 09:30:22.315,1.04025,1.04035,4.80,1.60
2009.12.16 09:30:25.954,1.04025,1.0404,4.90,1.60
2009.12.16 09:30:26.304,1.04025,1.0404,10.00,1.60
2009.12.16 09:30:26.594,1.04025,1.0404,14.80,1.60
2009.12.16 09:30:26.944,1.04025,1.0404,14.40,1.60
2009.12.16 09:30:27.664,1.0403,1.0404,2.40,1.60
2009.12.16 09:30:31.023,1.04035,1.0404,2.40,1.60
2009.12.16 09:30:31.373,1.04035,1.04045,4.00,1.60
2009.12.16 09:30:31.773,1.04035,1.0404,4.00,1.60
2009.12.16 09:30:32.403,1.04035,1.04045,4.00,1.60
2009.12.16 09:30:32.743,1.04035,1.04045,1.60,1.60
2009.12.16 09:30:33.092,1.04035,1.0404,1.60,1.60
2009.12.16 09:30:34.872,1.0403,1.0404,9.60,1.60
2009.12.16 09:30:35.152,1.04025,1.0404,10.10,1.60
2009.12.16 09:30:35.662,1.04025,1.0404,14.90,1.60
2009.12.16 09:30:36.012,1.04025,1.0404,14.40,1.60
2009.12.16 09:30:36.352,1.04025,1.04035,14.40,1.60
2009.12.16 09:30:36.681,1.04025,1.04035,14.40,1.60
2009.12.16 09:30:37.022,1.04025,1.04035,9.60,1.60
2009.12.16 09:30:37.381,1.04025,1.04035,14.40,1.60
2009.12.16 09:30:37.661,1.04025,1.04035,9.60,1.60
2009.12.16 09:30:38.021,1.04025,1.0404,9.60,1.60
2009.12.16 09:30:38.311,1.04025,1.0404,14.40,1.60
2009.12.16 09:30:38.651,1.04025,1.04035,14.40,1.60
2009.12.16 09:30:39.861,1.04025,1.04035,12.00,1.60
2009.12.16 09:30:40.151,1.04025,1.04035,7.20,1.60
2009.12.16 09:30:40.421,1.0403,1.04035,1.00,1.60
2009.12.16 09:30:40.711,1.04025,1.04035,14.40,1.60
2009.12.16 09:30:41.051,1.04025,1.04035,9.60,1.60
2009.12.16 09:30:41.410,1.04025,1.0404,9.60,1.60
2009.12.16 09:30:41.810,1.04025,1.0404,14.40,1.60
2009.12.16 09:30:44.130,1.04025,1.04035,14.40,1.60
2009.12.16 09:30:44.590,1.04035,1.0405,1.60,21.60
2009.12.16 09:30:44.819,1.04035,1.0404,1.60,1.60
2009.12.16 09:30:45.170,1.0403,1.04035,9.60,1.60
2009.12.16 09:30:45.399,1.04035,1.0404,1.60,1.60
2009.12.16 09:30:47.789,1.04025,1.0404,4.40,4.00
2009.12.16 09:30:48.149,1.04025,1.04035,14.40,1.60
2009.12.16 09:30:48.939,1.04025,1.0404,14.40,1.60
2009.12.16 09:30:49.859,1.04025,1.0404,14.40,1.60
2009.12.16 09:30:50.148,1.04025,1.0404,7.20,4.00
2009.12.16 09:30:50.708,1.04025,1.0404,7.20,4.00
2009.12.16 09:30:50.928,1.04025,1.0404,14.40,1.60
2009.12.16 09:30:52.478,1.04025,1.0404,7.20,4.00
2009.12.16 09:30:52.707,1.04025,1.04035,7.20,1.60
2009.12.16 09:30:53.668,1.04025,1.0404,7.20,4.00
2009.12.16 09:30:54.008,1.04025,1.04035,7.20,1.60
2009.12.16 09:30:54.408,1.04025,1.0404,7.20,4.00
2009.12.16 09:30:57.317,1.04025,1.0404,9.60,1.60
2009.12.16 09:30:57.666,1.04025,1.0404,14.40,1.60
2009.12.16 09:31:00.346,1.04025,1.0404,14.80,1.60
2009.12.16 09:31:00.876,1.04025,1.0404,14.40,1.60
2009.12.16 09:31:05.274,1.04025,1.0404,7.20,4.00
2009.12.16 09:31:05.375,1.04025,1.0404,7.20,4.00
2009.12.16 09:31:05.615,1.04025,1.0404,7.20,4.00
2009.12.16 09:31:05.735,1.04025,1.0404,9.60,1.60
2009.12.16 09:31:06.024,1.04025,1.0404,14.40,1.60
2009.12.16 09:31:09.664,1.04025,1.0404,14.80,1.60
2009.12.16 09:31:10.243,1.04025,1.0404,14.40,1.60
2009.12.16 09:31:11.283,1.04025,1.0404,9.60,4.00
2009.12.16 09:31:11.563,1.0402,1.04035,14.40,1.60
2009.12.16 09:31:11.913,1.0402,1.04035,14.40,1.60
2009.12.16 09:31:12.263,1.0402,1.04035,13.60,4.00
2009.12.16 09:31:13.293,1.0402,1.04035,14.40,1.60
2009.12.16 09:31:14.622,1.0402,1.0404,14.40,4.00
2009.12.16 09:31:14.962,1.04025,1.0403,1.00,2.40
2009.12.16 09:31:15.232,1.04025,1.0404,1.60,4.80
2009.12.16 09:31:15.522,1.04025,1.04035,9.60,1.60
2009.12.16 09:31:16.442,1.04025,1.0404,9.60,1.60
2009.12.16 09:31:16.722,1.04025,1.04035,9.60,1.60
2009.12.16 09:31:17.382,1.04025,1.0404,9.60,1.60
2009.12.16 09:31:21.961,1.0402,1.04035,13.60,2.40
2009.12.16 09:31:22.301,1.0402,1.04035,8.00,2.40
2009.12.16 09:31:22.650,1.0402,1.04035,12.80,2.40
2009.12.16 09:31:22.940,1.0402,1.04035,13.60,2.40
2009.12.16 09:31:23.530,1.0402,1.04035,12.00,4.00
2009.12.16 09:31:23.810,1.0402,1.04035,11.20,4.00
2009.12.16 09:31:23.990,1.0402,1.04035,12.80,4.00
2009.12.16 09:31:24.740,1.0402,1.04035,13.60,4.00
2009.12.16 09:31:25.250,1.0402,1.04035,11.20,4.00
2009.12.16 09:31:25.420,1.0402,1.04035,12.80,4.00
2009.12.16 09:31:26.240,1.0402,1.0404,21.70,4.00
2009.12.16 09:31:26.530,1.0403,1.04045,1.60,4.00
2009.12.16 09:31:26.870,1.0403,1.04045,6.40,4.00
2009.12.16 09:31:27.219,1.0403,1.04045,1.60,4.00
2009.12.16 09:31:27.559,1.0403,1.0404,1.00,1.60
2009.12.16 09:31:28.259,1.04025,1.0404,14.40,1.60
2009.12.16 09:31:30.208,1.04025,1.0404,14.40,1.60
2009.12.16 09:31:30.388,1.04025,1.0404,9.60,1.60
2009.12.16 09:31:30.608,1.04025,1.0404,14.40,1.60
2009.12.16 09:31:30.839,1.04025,1.0404,14.40,1.60
2009.12.16 09:31:31.239,1.04025,1.0404,9.60,1.60
2009.12.16 09:31:31.868,1.04025,1.0404,13.60,4.00
2009.12.16 09:31:32.168,1.04025,1.0404,8.80,4.00
2009.12.16 09:31:32.928,1.04025,1.0404,4.00,4.00
2009.12.16 09:31:34.927,1.04025,1.0404,4.00,4.00
2009.12.16 09:31:35.107,1.04025,1.0404,8.80,4.00
2009.12.16 09:31:37.637,1.04025,1.0404,8.80,4.00
2009.12.16 09:31:37.977,1.0402,1.0404,19.20,4.00
2009.12.16 09:31:38.437,1.04025,1.0404,8.80,4.00
2009.12.16 09:31:39.026,1.04025,1.0404,4.00,4.00
2009.12.16 09:31:39.896,1.04025,1.0404,1.60,4.00
2009.12.16 09:31:40.456,1.04025,1.0404,1.60,4.00
2009.12.16 09:31:40.686,1.04025,1.0404,8.80,4.00
2009.12.16 09:31:40.916,1.04025,1.0404,9.60,1.60
2009.12.16 09:31:42.216,1.04025,1.0404,6.40,4.00
2009.12.16 09:31:42.496,1.0402,1.0404,12.00,8.80
2009.12.16 09:31:42.786,1.0402,1.0404,16.80,4.00
2009.12.16 09:31:43.646,1.0402,1.04035,14.40,2.40
2009.12.16 09:31:43.875,1.0402,1.04035,13.60,2.40
2009.12.16 09:31:45.715,1.0402,1.04035,13.60,4.00
2009.12.16 09:31:45.875,1.0402,1.04035,12.00,4.00
2009.12.16 09:31:46.165,1.0402,1.04035,6.40,4.00
2009.12.16 09:31:47.225,1.0402,1.0403,5.60,1.00
2009.12.16 09:31:47.565,1.04015,1.0403,11.20,4.00
2009.12.16 09:31:47.784,1.04015,1.0403,6.40,4.00
2009.12.16 09:31:48.024,1.04015,1.0403,11.20,4.00
2009.12.16 09:31:48.204,1.04015,1.0403,12.00,4.00
2009.12.16 09:31:48.624,1.04015,1.0403,11.20,4.00
2009.12.16 09:31:49.674,1.04015,1.0403,12.00,4.00
2009.12.16 09:31:49.944,1.04015,1.0403,11.20,4.00
2009.12.16 09:31:50.004,1.04015,1.0403,6.40,4.00
2009.12.16 09:31:50.574,1.04015,1.04025,6.40,1.60
2009.12.16 09:31:50.924,1.04015,1.0403,1.60,4.00
2009.12.16 09:31:51.274,1.04015,1.04025,1.60,1.60
2009.12.16 09:31:51.624,1.04015,1.04025,6.40,1.60
2009.12.16 09:31:51.963,1.04015,1.0403,6.40,4.00
2009.12.16 09:31:53.003,1.04015,1.04025,6.40,1.60
2009.12.16 09:31:53.743,1.04015,1.0403,6.40,4.00
2009.12.16 09:31:54.043,1.04015,1.04025,1.60,1.60
2009.12.16 09:31:55.302,1.0401,1.04025,11.20,4.00
2009.12.16 09:31:55.652,1.0401,1.04025,6.40,4.00
2009.12.16 09:31:55.973,1.04015,1.0403,1.60,4.00
2009.12.16 09:31:56.212,1.04015,1.0403,6.40,4.00
2009.12.16 09:31:57.332,1.04015,1.04025,6.40,1.60
2009.12.16 09:31:58.022,1.04015,1.0403,6.40,4.00
2009.12.16 09:32:01.901,1.04015,1.0403,6.40,4.00
2009.12.16 09:32:02.261,1.0402,1.0403,4.80,1.60
2009.12.16 09:32:02.611,1.04015,1.0403,14.40,1.60
2009.12.16 09:32:07.700,1.04015,1.0403,14.40,1.60
2009.12.16 09:32:08.040,1.04015,1.0403,14.40,1.60
2009.12.16 09:32:08.390,1.04015,1.04035,16.00,4.00
2009.12.16 09:32:08.850,1.0402,1.04035,4.80,4.00
2009.12.16 09:32:09.150,1.04025,1.04035,4.00,1.60
2009.12.16 09:32:09.379,1.04025,1.0404,4.00,4.00
2009.12.16 09:32:09.839,1.04025,1.04035,4.00,1.60
2009.12.16 09:32:11.730,1.04025,1.04035,1.60,1.60
2009.12.16 09:32:11.959,1.0402,1.04035,5.60,4.00
2009.12.16 09:32:12.258,1.04015,1.0403,16.40,1.60
2009.12.16 09:32:12.648,1.04015,1.0403,14.40,1.60
2009.12.16 09:32:12.998,1.0402,1.0403,1.00,1.60
2009.12.16 09:32:13.338,1.04015,1.0403,14.80,1.60
2009.12.16 09:32:13.688,1.04015,1.0403,14.40,1.60
2009.12.16 09:32:17.647,1.04015,1.04035,16.00,4.00
2009.12.16 09:32:18.127,1.04015,1.0403,12.00,4.00
2009.12.16 09:32:18.707,1.04015,1.0403,7.20,4.00
2009.12.16 09:32:19.687,1.04015,1.0403,7.60,4.00
2009.12.16 09:32:19.927,1.04015,1.0403,6.80,4.00
2009.12.16 09:32:20.166,1.0402,1.0403,1.00,4.00
2009.12.16 09:32:20.396,1.0402,1.0403,1.00,2.40
2009.12.16 09:32:22.506,1.0402,1.0403,1.00,1.60
2009.12.16 09:32:22.736,1.0402,1.04035,1.00,5.00
2009.12.16 09:32:22.956,1.04015,1.04035,17.20,4.00
2009.12.16 09:32:23.136,1.0402,1.04035,1.00,4.00
2009.12.16 09:32:24.815,1.0402,1.04035,1.60,4.00
2009.12.16 09:32:25.086,1.0402,1.04035,6.40,4.00
2009.12.16 09:32:25.325,1.0402,1.0403,4.80,2.40
2009.12.16 09:32:25.665,1.04015,1.0403,12.00,4.00
2009.12.16 09:32:26.045,1.04015,1.04035,16.00,4.00
2009.12.16 09:32:26.385,1.0402,1.04035,1.60,4.00
2009.12.16 09:32:26.735,1.04015,1.04035,16.00,4.00
2009.12.16 09:32:27.075,1.04015,1.04035,16.00,4.00
2009.12.16 09:32:28.005,1.04025,1.0404,1.60,14.60
2009.12.16 09:32:28.245,1.04025,1.0404,1.60,4.00
2009.12.16 09:32:32.933,1.0402,1.04035,9.60,4.00
2009.12.16 09:32:33.263,1.04015,1.04035,16.90,4.00
2009.12.16 09:32:33.603,1.04015,1.0403,16.90,1.60
2009.12.16 09:32:34.223,1.04015,1.04035,16.90,4.00
2009.12.16 09:32:35.973,1.04015,1.0403,16.80,1.60
2009.12.16 09:32:36.083,1.04015,1.0403,16.40,1.60
2009.12.16 09:32:36.263,1.04015,1.0403,16.00,1.60
2009.12.16 09:32:36.433,1.04015,1.0403,16.00,1.60
2009.12.16 09:32:37.912,1.04015,1.0403,16.00,1.60
2009.12.16 09:32:42.471,1.04015,1.0403,14.40,1.60
2009.12.16 09:32:44.910,1.0401,1.0403,15.20,4.00
2009.12.16 09:32:45.200,1.0401,1.04025,15.20,1.60
2009.12.16 09:32:45.540,1.0401,1.04025,15.20,1.60
2009.12.16 09:32:45.870,1.0401,1.04025,13.60,1.70
2009.12.16 09:32:46.100,1.04005,1.04025,26.90,1.60
2009.12.16 09:32:46.390,1.0401,1.04025,8.00,1.60
2009.12.16 09:32:46.910,1.0401,1.04025,8.80,1.60
2009.12.16 09:32:47.650,1.0401,1.04025,8.00,1.60
2009.12.16 09:32:47.980,1.04015,1.04025,1.60,1.60
2009.12.16 09:32:48.260,1.0402,1.0403,1.00,1.60
2009.12.16 09:32:48.540,1.04025,1.0403,1.60,1.60
2009.12.16 09:32:48.870,1.04025,1.04035,1.60,1.60
2009.12.16 09:32:52.339,1.04025,1.0404,1.60,4.00
2009.12.16 09:32:52.629,1.04025,1.0404,4.00,1.60
2009.12.16 09:32:53.039,1.04025,1.0404,8.80,1.60
2009.12.16 09:32:53.649,1.04025,1.04035,8.80,1.60
2009.12.16 09:32:53.999,1.0402,1.04035,10.40,1.60
2009.12.16 09:32:54.328,1.0402,1.04035,10.40,1.60
2009.12.16 09:32:54.680,1.0402,1.04035,10.40,4.00
2009.12.16 09:32:55.538,1.04025,1.04035,1.00,2.40
2009.12.16 09:32:55.838,1.04025,1.04035,3.20,2.40
2009.12.16 09:32:56.118,1.04025,1.0404,10.40,1.60
2009.12.16 09:32:58.837,1.04025,1.0404,8.80,1.60
2009.12.16 09:33:00.217,1.04025,1.0404,8.80,1.60
2009.12.16 09:33:00.337,1.04025,1.0404,8.80,1.60
2009.12.16 09:33:00.607,1.04025,1.0404,8.80,1.60
2009.12.16 09:33:00.717,1.04025,1.0404,8.80,1.60
2009.12.16 09:33:00.837,1.04025,1.0404,8.80,1.60
2009.12.16 09:33:00.899,1.04025,1.0404,10.40,1.60
2009.12.16 09:33:01.697,1.04025,1.0404,8.80,1.60
2009.12.16 09:33:02.417,1.04025,1.0404,6.40,4.00
2009.12.16 09:33:02.696,1.04025,1.0404,8.80,1.60
2009.12.16 09:33:02.986,1.04025,1.0404,10.40,1.60
2009.12.16 09:33:05.996,1.04025,1.0404,10.40,1.60
2009.12.16 09:33:07.505,1.04025,1.04045,10.40,6.00
2009.12.16 09:33:10.684,1.0403,1.04045,4.80,2.00
2009.12.16 09:33:11.024,1.04035,1.04045,1.60,1.00
2009.12.16 09:33:11.344,1.04035,1.0405,1.60,12.80
2009.12.16 09:33:11.634,1.04035,1.0405,1.60,8.00
2009.12.16 09:33:12.484,1.0403,1.04045,1.00,4.00
2009.12.16 09:33:12.814,1.04025,1.04045,8.80,8.80
2009.12.16 09:33:13.154,1.04025,1.04045,4.00,13.60
2009.12.16 09:33:13.484,1.04025,1.04045,8.80,8.80
2009.12.16 09:33:14.983,1.0403,1.0405,1.60,23.20
2009.12.16 09:33:15.263,1.0403,1.04045,1.70,7.20
2009.12.16 09:33:15.483,1.0403,1.0405,8.80,8.80
2009.12.16 09:33:15.773,1.04035,1.0405,5.60,6.40
2009.12.16 09:33:16.063,1.04035,1.0405,4.00,1.60
2009.12.16 09:33:17.253,1.0403,1.0405,5.60,8.80
2009.12.16 09:33:17.893,1.0403,1.0405,4.00,12.80
2009.12.16 09:33:18.173,1.0403,1.04045,4.00,1.60
2009.12.16 09:33:18.693,1.0403,1.0405,13.60,8.00
2009.12.16 09:33:18.922,1.0403,1.0405,9.60,8.00
2009.12.16 09:33:19.432,1.0403,1.0405,8.80,8.00
2009.12.16 09:33:19.952,1.0403,1.04045,8.80,1.60
2009.12.16 09:33:20.472,1.04035,1.0405,4.00,5.60
2009.12.16 09:33:20.742,1.04035,1.0405,4.00,1.60
2009.12.16 09:33:21.022,1.04035,1.04045,4.00,1.60
2009.12.16 09:33:21.262,1.0403,1.04045,10.40,4.00
2009.12.16 09:33:21.552,1.04025,1.04045,9.20,8.80
2009.12.16 09:33:22.132,1.04025,1.04045,8.80,8.80
2009.12.16 09:33:25.271,1.0403,1.04045,1.00,8.80
2009.12.16 09:33:25.331,1.04035,1.04045,2.40,6.40
2009.12.16 09:33:25.721,1.04035,1.0405,2.40,12.00
2009.12.16 09:33:25.781,1.04035,1.0405,2.40,11.20
2009.12.16 09:33:25.842,1.04035,1.0405,2.40,6.40
2009.12.16 09:33:25.901,1.04035,1.0405,3.20,1.60
2009.12.16 09:33:26.371,1.04035,1.0405,12.80,1.60
2009.12.16 09:33:26.721,1.04035,1.0405,12.80,1.60
2009.12.16 09:33:27.111,1.04035,1.0405,12.80,1.60
2009.12.16 09:33:27.450,1.0404,1.04055,1.00,4.00
2009.12.16 09:33:27.800,1.0404,1.04055,4.80,2.40
2009.12.16 09:33:28.150,1.0404,1.04055,12.80,1.60
2009.12.16 09:33:28.840,1.0404,1.04055,2.40,4.00
2009.12.16 09:33:29.200,1.0404,1.04055,12.00,4.00
2009.12.16 09:33:29.820,1.0404,1.04055,7.20,4.00
2009.12.16 09:33:31.699,1.0404,1.04055,2.40,4.00
2009.12.16 09:33:32.729,1.0404,1.04055,7.20,4.00
2009.12.16 09:33:33.019,1.0404,1.04055,8.80,4.00
2009.12.16 09:33:33.259,1.0404,1.04055,10.40,4.00
2009.12.16 09:33:33.549,1.0404,1.04055,10.40,2.40
2009.12.16 09:33:33.829,1.04045,1.0406,4.00,2.40
2009.12.16 09:33:34.159,1.04045,1.0406,7.20,4.00
2009.12.16 09:33:34.788,1.04045,1.0406,8.00,4.00
2009.12.16 09:33:35.138,1.04045,1.0406,12.00,4.00
2009.12.16 09:33:35.488,1.04045,1.0406,13.60,4.00
2009.12.16 09:33:36.598,1.04045,1.0406,13.60,4.10
2009.12.16 09:33:36.768,1.04045,1.0406,13.60,4.00
2009.12.16 09:33:36.998,1.04045,1.0406,11.20,4.00
2009.12.16 09:33:37.238,1.04045,1.0406,6.40,4.00
2009.12.16 09:33:40.087,1.04045,1.0406,1.60,4.00
2009.12.16 09:33:43.887,1.0404,1.04055,15.10,2.40
2009.12.16 09:33:46.266,1.04045,1.04055,6.40,1.60
2009.12.16 09:33:46.976,1.04045,1.04055,4.80,1.60
2009.12.16 09:33:47.316,1.0404,1.04055,7.20,4.00
2009.12.16 09:33:47.696,1.0404,1.04055,4.80,4.00
2009.12.16 09:33:48.035,1.04035,1.0405,14.40,4.00
2009.12.16 09:33:53.984,1.04035,1.0405,14.40,4.00
2009.12.16 09:33:54.334,1.04035,1.0405,9.60,4.00
2009.12.16 09:33:54.674,1.04035,1.0405,14.40,4.00
2009.12.16 09:33:55.344,1.04035,1.0405,9.60,4.00
2009.12.16 09:33:55.573,1.04035,1.0405,14.40,4.00
2009.12.16 09:33:55.734,1.04035,1.0405,9.60,4.00
2009.12.16 09:33:56.363,1.04035,1.0405,14.40,4.00
2009.12.16 09:33:56.873,1.04035,1.0405,13.60,4.00
2009.12.16 09:33:57.913,1.0404,1.0405,4.80,4.00
2009.12.16 09:33:59.583,1.0404,1.04045,4.80,1.60
2009.12.16 09:34:00.312,1.04035,1.04045,9.60,1.60
2009.12.16 09:34:00.602,1.04035,1.0405,9.60,4.00
2009.12.16 09:34:00.892,1.04035,1.0405,12.00,4.00
2009.12.16 09:34:05.461,1.04035,1.0405,12.00,4.00
2009.12.16 09:34:08.411,1.04035,1.0405,13.60,4.00
2009.12.16 09:34:13.009,1.04035,1.0405,13.60,4.00
2009.12.16 09:34:13.519,1.04035,1.0405,13.60,4.00
2009.12.16 09:34:16.778,1.0404,1.0405,4.80,4.00
2009.12.16 09:34:17.118,1.04035,1.0405,14.40,4.00
2009.12.16 09:34:25.336,1.04035,1.0405,12.00,4.00
2009.12.16 09:34:25.567,1.04035,1.0405,6.40,4.00
2009.12.16 09:34:25.796,1.04035,1.0405,1.60,4.00
2009.12.16 09:34:26.196,1.04035,1.0405,13.60,4.00
2009.12.16 09:34:34.345,1.04035,1.0405,13.60,4.00
2009.12.16 09:34:38.596,1.04035,1.0405,13.60,4.00
2009.12.16 09:34:39.883,1.04035,1.0405,15.20,2.40
2009.12.16 09:34:40.693,1.04035,1.0405,13.60,4.00
2009.12.16 09:34:41.632,1.0404,1.04055,9.60,10.80
2009.12.16 09:34:41.742,1.0404,1.04055,9.60,8.30
2009.12.16 09:34:42.092,1.0404,1.0405,9.60,4.00
2009.12.16 09:34:42.472,1.04035,1.0405,2.40,2.40
2009.12.16 09:34:42.812,1.04035,1.04055,11.20,8.80
2009.12.16 09:34:43.152,1.04035,1.04055,16.00,4.00
2009.12.16 09:34:44.064,1.04035,1.0405,14.40,1.60
2009.12.16 09:34:44.292,1.04035,1.0405,12.00,4.00
2009.12.16 09:34:44.462,1.04035,1.04055,16.00,4.00
2009.12.16 09:34:45.572,1.04035,1.0405,13.60,4.00
2009.12.16 09:34:45.911,1.04035,1.0405,11.20,4.00
2009.12.16 09:34:46.201,1.04035,1.0405,8.80,4.00
2009.12.16 09:34:48.391,1.04035,1.0405,6.40,4.00
2009.12.16 09:34:48.971,1.04035,1.0405,4.00,4.00
2009.12.16 09:34:49.661,1.04035,1.0405,8.80,4.00
2009.12.16 09:34:50.931,1.04035,1.04045,1.60,1.60
2009.12.16 09:34:51.100,1.04035,1.0405,4.00,4.00
2009.12.16 09:34:51.670,1.04035,1.0405,8.80,4.00
2009.12.16 09:34:52.000,1.04035,1.0405,8.80,4.00
2009.12.16 09:34:52.690,1.04035,1.0405,13.60,4.00
2009.12.16 09:34:54.239,1.04035,1.0405,13.60,4.00
2009.12.16 09:34:54.510,1.04035,1.0405,13.60,4.00
2009.12.16 09:34:54.919,1.04035,1.0405,13.60,4.00
2009.12.16 09:34:55.269,1.04035,1.0405,13.60,4.00
2009.12.16 09:34:56.599,1.04035,1.0405,13.60,4.00
2009.12.16 09:34:56.879,1.04035,1.0405,13.60,4.00
2009.12.16 09:34:57.159,1.04035,1.0405,13.60,4.00
2009.12.16 09:34:57.449,1.04035,1.0405,13.60,4.00
2009.12.16 09:34:59.259,1.04035,1.0405,8.80,4.00
2009.12.16 09:34:59.428,1.04035,1.0405,8.80,4.00
2009.12.16 09:35:00.158,1.04035,1.0405,8.80,4.00
2009.12.16 09:35:00.788,1.0403,1.0405,18.00,4.00
2009.12.16 09:35:01.348,1.04035,1.0405,13.60,4.00
2009.12.16 09:35:01.638,1.04035,1.0405,13.60,4.00
2009.12.16 09:35:01.928,1.04035,1.0405,13.60,4.00
2009.12.16 09:35:02.257,1.04035,1.0405,13.60,4.10
2009.12.16 09:35:02.597,1.04035,1.0405,13.60,4.00
2009.12.16 09:35:03.627,1.04035,1.04045,11.20,1.60
2009.12.16 09:35:04.007,1.04035,1.04045,6.40,1.60
2009.12.16 09:35:04.297,1.04035,1.04045,1.60,1.60
2009.12.16 09:35:15.934,1.0403,1.04045,7.20,5.60
2009.12.16 09:35:16.284,1.04025,1.0404,2.00,2.40
2009.12.16 09:35:16.634,1.0402,1.0404,16.10,4.00
2009.12.16 09:35:16.974,1.04025,1.0404,7.20,4.00
2009.12.16 09:35:17.314,1.04025,1.04045,7.20,9.70
2009.12.16 09:35:17.694,1.04025,1.04035,4.80,3.20
2009.12.16 09:35:18.034,1.0402,1.04035,11.20,2.40
2009.12.16 09:35:18.214,1.0402,1.04035,6.40,2.40
2009.12.16 09:35:18.434,1.0402,1.04035,11.20,2.40
2009.12.16 09:35:18.614,1.0402,1.04035,11.20,2.40
2009.12.16 09:35:18.843,1.0402,1.04035,12.00,2.40
2009.12.16 09:35:19.013,1.0402,1.04035,7.20,2.40
2009.12.16 09:35:19.833,1.0402,1.04035,5.60,4.00
2009.12.16 09:35:20.233,1.0402,1.04035,4.80,4.00
2009.12.16 09:35:20.583,1.04015,1.04035,14.50,4.00
2009.12.16 09:35:20.933,1.04015,1.04035,16.10,4.00
2009.12.16 09:35:21.603,1.04015,1.04035,14.50,4.00
2009.12.16 09:35:22.643,1.04015,1.0403,14.40,1.60
2009.12.16 09:35:27.871,1.04015,1.0403,14.40,1.60
2009.12.16 09:35:28.101,1.04015,1.0403,12.00,4.00
2009.12.16 09:35:28.631,1.04015,1.0403,7.20,4.00
2009.12.16 09:35:29.561,1.0402,1.04035,1.00,4.00
2009.12.16 09:35:29.911,1.04025,1.04035,1.60,1.60
2009.12.16 09:35:32.410,1.04025,1.0404,1.60,4.00
2009.12.16 09:35:32.761,1.04025,1.0404,6.40,4.00
2009.12.16 09:35:34.380,1.04025,1.0404,11.20,4.00
2009.12.16 09:35:35.949,1.04025,1.0404,11.20,4.00
2009.12.16 09:35:36.399,1.04025,1.04035,6.40,1.60
2009.12.16 09:35:36.919,1.04025,1.04035,1.60,1.60
2009.12.16 09:35:38.699,1.04025,1.04035,6.40,1.60
2009.12.16 09:35:40.068,1.04025,1.0404,11.20,4.00
2009.12.16 09:35:40.598,1.04025,1.0404,6.40,4.00
2009.12.16 09:35:48.416,1.0402,1.04035,5.70,4.00
2009.12.16 09:35:48.656,1.0402,1.04035,9.70,4.00
2009.12.16 09:35:49.526,1.0402,1.04035,9.60,4.00
2009.12.16 09:35:50.246,1.04025,1.04035,1.60,1.60
2009.12.16 09:35:50.486,1.04025,1.0404,6.40,4.00
2009.12.16 09:35:50.666,1.04025,1.04035,1.60,4.00
2009.12.16 09:35:50.836,1.0402,1.04035,1.00,5.60
2009.12.16 09:35:50.956,1.0402,1.04035,4.80,5.60
2009.12.16 09:35:51.066,1.0402,1.04035,4.80,5.90
2009.12.16 09:35:51.176,1.0402,1.04035,9.60,5.90
2009.12.16 09:35:51.296,1.0402,1.04035,9.60,4.30
2009.12.16 09:35:51.516,1.0402,1.04035,9.60,4.00
2009.12.16 09:35:53.325,1.0402,1.04035,12.00,4.00
2009.12.16 09:35:53.895,1.0402,1.04035,13.60,2.40
2009.12.16 09:35:54.125,1.0402,1.04035,13.30,4.00
2009.12.16 09:35:54.365,1.04025,1.0404,6.40,4.00
2009.12.16 09:35:57.454,1.04025,1.0404,1.60,4.00
2009.12.16 09:35:59.754,1.04025,1.0404,6.40,4.00
2009.12.16 09:36:01.293,1.04025,1.04035,6.40,1.60
2009.12.16 09:36:01.523,1.04025,1.04035,4.80,1.60
2009.12.16 09:36:01.684,1.04025,1.04035,4.80,4.00
2009.12.16 09:36:02.033,1.0402,1.04035,2.40,4.00
2009.12.16 09:36:02.373,1.0402,1.0404,12.00,4.00
2009.12.16 09:36:04.043,1.0402,1.04035,12.00,4.00
2009.12.16 09:36:04.963,1.0402,1.04035,7.20,4.00
2009.12.16 09:36:05.252,1.0402,1.04035,9.60,4.00
2009.12.16 09:36:05.542,1.04015,1.04035,14.80,4.00
2009.12.16 09:36:05.872,1.04015,1.04035,14.90,4.00
2009.12.16 09:36:06.852,1.04015,1.04035,15.20,4.00
2009.12.16 09:36:07.182,1.04015,1.04035,15.30,4.00
2009.12.16 09:36:07.542,1.0402,1.04035,4.80,4.00
2009.12.16 09:36:09.961,1.0402,1.04035,4.80,4.00
2009.12.16 09:36:10.191,1.04025,1.0404,4.80,6.40
2009.12.16 09:36:10.701,1.0403,1.0404,1.00,6.40
2009.12.16 09:36:11.061,1.0403,1.0404,4.80,1.60
2009.12.16 09:36:11.411,1.04025,1.0404,14.40,1.60
2009.12.16 09:36:11.801,1.04025,1.0404,9.60,1.60
2009.12.16 09:36:12.801,1.04025,1.0404,14.40,1.60
2009.12.16 09:36:15.020,1.04025,1.0404,12.00,4.00
2009.12.16 09:36:15.250,1.04025,1.0404,7.20,4.00
2009.12.16 09:36:15.490,1.04025,1.0404,7.20,4.10
2009.12.16 09:36:15.780,1.04025,1.04035,4.80,4.00
2009.12.16 09:36:16.310,1.0402,1.04035,7.20,4.00
2009.12.16 09:36:17.960,1.0402,1.04035,6.40,4.00
2009.12.16 09:36:18.309,1.0402,1.04035,5.60,4.00
2009.12.16 09:36:18.649,1.04015,1.04035,16.00,4.00
2009.12.16 09:36:19.219,1.04015,1.0403,14.40,1.60
2009.12.16 09:36:19.499,1.04015,1.04035,16.00,4.00
2009.12.16 09:36:20.299,1.04015,1.04035,16.40,4.00
2009.12.16 09:36:20.759,1.04015,1.04035,16.00,4.00
2009.12.16 09:36:21.218,1.04015,1.04035,16.50,4.00
2009.12.16 09:36:21.688,1.0402,1.04035,1.00,4.00
2009.12.16 09:36:22.308,1.04015,1.04035,16.50,4.00
2009.12.16 09:36:23.628,1.0402,1.04035,1.00,2.40
2009.12.16 09:36:23.908,1.0402,1.04035,1.00,4.00
2009.12.16 09:36:24.188,1.0402,1.04035,6.40,4.00
2009.12.16 09:36:24.418,1.0402,1.04035,5.60,4.00
2009.12.16 09:36:26.577,1.0402,1.04035,6.40,4.00
2009.12.16 09:36:27.387,1.0402,1.04035,8.00,2.40
2009.12.16 09:36:28.077,1.0402,1.04035,4.80,4.00
2009.12.16 09:36:28.647,1.04015,1.04035,16.50,4.00
2009.12.16 09:36:28.987,1.0402,1.04035,1.00,2.40
2009.12.16 09:36:29.267,1.0402,1.04035,12.80,1.00
2009.12.16 09:36:29.607,1.0402,1.04035,12.80,1.60
2009.12.16 09:36:30.238,1.04025,1.0404,1.00,4.00
2009.12.16 09:36:30.416,1.04025,1.0404,4.80,1.60
2009.12.16 09:36:30.976,1.04025,1.0404,9.60,1.60
2009.12.16 09:36:38.355,1.04025,1.0404,8.80,1.60
2009.12.16 09:36:38.634,1.04025,1.0404,4.80,4.00
2009.12.16 09:36:39.214,1.0402,1.0404,20.00,4.00
2009.12.16 09:36:39.564,1.0402,1.0404,20.80,4.10
2009.12.16 09:36:39.904,1.0402,1.0404,19.20,4.00
2009.12.16 09:36:40.254,1.0402,1.04035,14.40,1.00
2009.12.16 09:36:40.604,1.0402,1.04035,13.60,1.00
2009.12.16 09:36:41.653,1.0402,1.04035,14.40,1.00
2009.12.16 09:36:41.993,1.0402,1.04035,14.40,1.60
2009.12.16 09:36:43.273,1.0402,1.04035,15.20,1.60
2009.12.16 09:36:43.873,1.0402,1.04035,9.60,1.60
2009.12.16 09:36:44.153,1.0402,1.04035,13.60,1.60
2009.12.16 09:36:44.503,1.0402,1.04035,8.80,1.60
2009.12.16 09:36:44.893,1.0402,1.04035,6.40,4.00
2009.12.16 09:36:45.223,1.0402,1.04035,4.80,4.00
2009.12.16 09:36:45.912,1.04015,1.04035,16.00,4.00
2009.12.16 09:36:47.422,1.04015,1.0403,14.40,1.60
2009.12.16 09:36:51.472,1.04015,1.0403,14.40,1.60
2009.12.16 09:36:51.761,1.0402,1.04035,3.20,1.60
2009.12.16 09:36:52.051,1.0402,1.04035,12.80,1.60
2009.12.16 09:36:52.321,1.0402,1.04035,12.80,1.60
2009.12.16 09:36:54.281,1.0402,1.04035,12.00,1.60
2009.12.16 09:36:54.871,1.0402,1.04035,7.20,1.60
2009.12.16 09:36:56.060,1.0402,1.04035,2.40,1.60
2009.12.16 09:36:57.490,1.0402,1.04035,3.20,1.60
2009.12.16 09:36:57.851,1.0402,1.04035,8.00,1.60
2009.12.16 09:36:58.070,1.0402,1.04035,12.80,1.60
2009.12.16 09:36:59.499,1.0402,1.0404,12.80,4.00
2009.12.16 09:37:00.129,1.0402,1.04035,12.80,1.60
2009.12.16 09:37:00.419,1.0402,1.04035,12.80,1.60
2009.12.16 09:37:00.699,1.0402,1.0404,12.00,8.00
2009.12.16 09:37:01.589,1.0402,1.04035,7.20,1.60
2009.12.16 09:37:01.939,1.0402,1.04035,2.40,1.60
2009.12.16 09:37:02.799,1.0402,1.04035,7.20,1.60
2009.12.16 09:37:03.668,1.0402,1.04035,2.40,1.60
2009.12.16 09:37:04.358,1.0402,1.04035,8.80,1.60
2009.12.16 09:37:04.718,1.0402,1.04035,14.40,1.60
2009.12.16 09:37:05.068,1.0402,1.04035,14.40,1.60
2009.12.16 09:37:07.068,1.0402,1.04035,13.60,1.60
2009.12.16 09:37:07.767,1.0402,1.04035,12.00,1.60
2009.12.16 09:37:08.407,1.0402,1.04035,12.00,1.60
2009.12.16 09:37:08.527,1.0402,1.04035,9.60,4.00
2009.12.16 09:37:08.697,1.0402,1.04035,4.80,4.00
2009.12.16 09:37:08.867,1.04015,1.0403,14.40,1.60
2009.12.16 09:37:11.847,1.04015,1.0403,14.40,1.60
2009.12.16 09:37:12.196,1.04015,1.0403,9.60,1.60
2009.12.16 09:37:12.597,1.0402,1.0403,2.40,1.60
2009.12.16 09:37:12.936,1.04015,1.0403,12.00,4.00
2009.12.16 09:37:13.286,1.0402,1.0403,2.40,1.60
2009.12.16 09:37:17.465,1.0402,1.04035,7.20,4.00
2009.12.16 09:37:20.844,1.0402,1.04035,2.40,4.00
2009.12.16 09:37:21.124,1.0402,1.0403,2.40,1.60
2009.12.16 09:37:25.303,1.0402,1.0404,12.80,4.00
2009.12.16 09:37:25.413,1.0402,1.04035,12.80,1.00
2009.12.16 09:37:25.523,1.0402,1.04035,12.80,2.40
2009.12.16 09:37:25.753,1.0402,1.04035,12.00,2.40
2009.12.16 09:37:25.813,1.0402,1.04035,12.00,4.00
2009.12.16 09:37:25.933,1.0402,1.0403,7.20,1.60
2009.12.16 09:37:26.043,1.0402,1.0403,2.40,1.60
2009.12.16 09:37:38.930,1.0402,1.04035,2.40,4.00
2009.12.16 09:37:43.009,1.0402,1.0403,2.40,1.60
2009.12.16 09:37:43.359,1.0402,1.04035,2.40,1.60
2009.12.16 09:37:43.689,1.0402,1.04035,7.20,1.60
2009.12.16 09:37:43.959,1.0402,1.04035,12.00,1.60
2009.12.16 09:37:44.259,1.0402,1.04035,7.20,1.60
2009.12.16 09:37:45.878,1.0402,1.04035,12.00,1.60
2009.12.16 09:37:46.978,1.0402,1.04035,12.00,1.60
2009.12.16 09:37:47.318,1.0402,1.04035,12.00,4.10
2009.12.16 09:37:47.848,1.0402,1.04035,12.00,4.00
2009.12.16 09:37:48.087,1.04015,1.04035,20.90,4.00
2009.12.16 09:37:48.368,1.0402,1.04035,2.40,4.00
2009.12.16 09:37:48.887,1.0402,1.04035,2.40,4.00
2009.12.16 09:37:49.218,1.0402,1.04035,2.40,4.00
2009.12.16 09:37:50.217,1.0402,1.04035,2.40,4.00
2009.12.16 09:38:07.673,1.0402,1.04035,2.40,4.00
2009.12.16 09:38:08.023,1.0402,1.04035,2.40,4.00
2009.12.16 09:38:08.363,1.0402,1.0403,2.40,1.60
2009.12.16 09:38:09.003,1.0402,1.04035,2.40,4.00
2009.12.16 09:38:09.622,1.0402,1.04035,2.40,4.00
2009.12.16 09:38:10.452,1.0402,1.04035,2.40,4.00
2009.12.16 09:38:11.212,1.0402,1.04035,2.40,4.00
2009.12.16 09:38:11.332,1.0402,1.04035,2.40,4.00
2009.12.16 09:38:11.612,1.0402,1.04035,2.40,4.00
2009.12.16 09:38:12.232,1.0402,1.04035,2.40,4.00
2009.12.16 09:38:12.922,1.0402,1.0403,2.40,1.60
2009.12.16 09:38:13.152,1.0402,1.04035,7.20,1.60
2009.12.16 09:38:13.621,1.0402,1.0404,8.80,4.00
2009.12.16 09:38:14.031,1.0402,1.0404,13.60,4.00
2009.12.16 09:38:15.011,1.0402,1.04035,12.00,1.60
2009.12.16 09:38:17.860,1.0402,1.0404,13.60,4.00
2009.12.16 09:38:26.608,1.0402,1.0404,13.60,4.00
2009.12.16 09:38:28.788,1.0402,1.0404,13.60,4.00
2009.12.16 09:38:29.008,1.04025,1.0404,4.00,1.60
2009.12.16 09:38:29.248,1.04025,1.0404,8.80,1.60
2009.12.16 09:38:29.547,1.04025,1.0404,4.00,1.60
2009.12.16 09:38:29.878,1.04025,1.0404,8.80,1.60
2009.12.16 09:38:31.497,1.04035,1.0404,6.40,1.60
2009.12.16 09:38:32.467,1.04025,1.0404,14.80,1.60
2009.12.16 09:38:32.687,1.04025,1.0404,10.00,1.60
2009.12.16 09:38:33.727,1.0403,1.0404,1.00,1.60
2009.12.16 09:38:34.866,1.0403,1.0404,1.00,1.60
2009.12.16 09:38:35.106,1.0403,1.04045,9.60,4.00
2009.12.16 09:38:35.276,1.0403,1.0405,13.60,1.60
2009.12.16 09:38:35.656,1.04035,1.0405,4.80,1.60
2009.12.16 09:38:35.996,1.0403,1.04055,15.30,12.80
2009.12.16 09:38:36.346,1.04035,1.04055,4.80,8.00
2009.12.16 09:38:37.036,1.04035,1.04055,4.80,4.00
2009.12.16 09:38:37.376,1.04035,1.04055,9.60,1.60
2009.12.16 09:38:38.066,1.0404,1.04055,4.80,1.60
2009.12.16 09:38:38.425,1.0404,1.04055,9.60,1.60
2009.12.16 09:38:39.106,1.0404,1.04055,6.40,1.60
2009.12.16 09:38:39.395,1.04035,1.04055,7.20,6.40
2009.12.16 09:38:39.745,1.04035,1.04055,10.40,1.60
2009.12.16 09:38:40.025,1.04035,1.04055,12.00,1.60
2009.12.16 09:38:41.945,1.04035,1.04055,11.20,1.60
2009.12.16 09:38:42.454,1.04035,1.04055,9.60,1.60
2009.12.16 09:38:42.745,1.0404,1.04055,2.40,1.60
2009.12.16 09:38:43.764,1.0404,1.04055,12.00,1.60
2009.12.16 09:38:44.474,1.0404,1.04055,13.40,1.60
2009.12.16 09:38:44.824,1.0404,1.04055,4.80,1.60
2009.12.16 09:38:45.164,1.04035,1.04055,10.40,1.60
2009.12.16 09:38:46.144,1.04035,1.04055,12.00,1.60
2009.12.16 09:38:46.373,1.04035,1.04055,10.40,1.60
2009.12.16 09:38:46.603,1.04035,1.04055,10.80,1.60
2009.12.16 09:38:47.783,1.04035,1.0406,10.00,12.80
2009.12.16 09:38:48.153,1.0404,1.04055,4.80,1.60
2009.12.16 09:38:48.383,1.04035,1.0406,11.70,12.80
2009.12.16 09:38:48.673,1.0404,1.04055,4.80,1.60
2009.12.16 09:38:49.643,1.04045,1.0406,2.40,1.60
2009.12.16 09:38:49.983,1.0405,1.04065,2.40,6.40
2009.12.16 09:38:50.343,1.04045,1.0406,12.40,1.60
2009.12.16 09:38:50.883,1.0405,1.0406,2.40,1.60
2009.12.16 09:38:51.563,1.04045,1.0406,4.80,1.60
2009.12.16 09:38:52.192,1.0404,1.0406,17.70,4.00
2009.12.16 09:38:54.582,1.0404,1.0406,17.60,4.00
2009.12.16 09:38:54.931,1.0404,1.0406,12.80,4.00
2009.12.16 09:38:55.291,1.0404,1.0406,12.00,4.00
2009.12.16 09:38:56.771,1.0404,1.04055,12.00,1.60
2009.12.16 09:38:57.101,1.0404,1.04055,12.00,1.60
2009.12.16 09:38:59.590,1.0404,1.04055,10.40,1.60
2009.12.16 09:39:01.510,1.0404,1.04055,12.00,1.60
2009.12.16 09:39:05.849,1.0404,1.0406,12.00,4.00
2009.12.16 09:39:07.798,1.0404,1.0406,12.00,4.00
2009.12.16 09:39:08.148,1.04045,1.0406,2.40,1.60
2009.12.16 09:39:09.458,1.04045,1.04065,4.00,8.80
2009.12.16 09:39:09.758,1.04045,1.04065,8.80,4.00
2009.12.16 09:39:09.988,1.04045,1.0406,8.80,1.60
2009.12.16 09:39:10.268,1.04045,1.04065,8.80,8.80
2009.12.16 09:39:10.628,1.04045,1.04065,8.80,4.00
2009.12.16 09:39:12.138,1.04045,1.0406,8.80,1.60
2009.12.16 09:39:12.527,1.04045,1.04065,8.80,4.00
2009.12.16 09:39:13.167,1.0405,1.04065,2.40,6.40
2009.12.16 09:39:13.527,1.0405,1.0407,15.50,4.00
2009.12.16 09:39:13.917,1.04055,1.0407,2.40,4.00
2009.12.16 09:39:14.257,1.04055,1.0407,4.00,1.60
2009.12.16 09:39:14.597,1.04055,1.0407,8.80,1.60
2009.12.16 09:39:15.247,1.04055,1.0407,7.20,1.60
2009.12.16 09:39:15.869,1.0406,1.04075,2.40,10.80
2009.12.16 09:39:16.676,1.0406,1.04075,2.40,6.00
2009.12.16 09:39:17.346,1.04065,1.04075,1.60,4.00
2009.12.16 09:39:21.855,1.04065,1.04075,1.60,1.60
2009.12.16 09:39:22.205,1.0407,1.04075,1.60,1.60
2009.12.16 09:39:22.605,1.04075,1.0408,1.60,1.60
2009.12.16 09:39:23.835,1.0407,1.0408,1.60,1.70
2009.12.16 09:39:24.114,1.0407,1.0408,1.60,1.60
2009.12.16 09:39:25.994,1.0407,1.0408,1.60,1.60
2009.12.16 09:39:27.803,1.04075,1.0408,1.60,1.60
2009.12.16 09:39:29.084,1.04075,1.0408,1.60,1.60
2009.12.16 09:39:29.973,1.0407,1.0408,1.60,1.60
2009.12.16 09:39:30.333,1.04065,1.04075,1.00,1.60
2009.12.16 09:39:30.563,1.0406,1.04075,9.60,1.60
2009.12.16 09:39:30.863,1.0406,1.04075,9.60,1.60
2009.12.16 09:39:31.143,1.0406,1.04075,8.00,1.60
2009.12.16 09:39:31.632,1.0406,1.04075,3.20,1.60
2009.12.16 09:39:32.033,1.0407,1.0408,1.00,4.00
2009.12.16 09:39:32.382,1.0407,1.04075,1.00,1.60
2009.12.16 09:39:33.022,1.04065,1.04075,1.00,1.60
2009.12.16 09:39:33.422,1.04065,1.0408,1.00,4.00
2009.12.16 09:39:35.862,1.04065,1.04075,1.00,1.00
2009.12.16 09:39:38.361,1.04065,1.04075,1.00,1.60
2009.12.16 09:39:38.541,1.0406,1.04075,7.20,1.60
2009.12.16 09:39:39.641,1.04065,1.04075,1.00,1.60
2009.12.16 09:39:48.888,1.0407,1.04075,1.00,1.00
2009.12.16 09:39:49.248,1.0407,1.04075,1.00,1.60
2009.12.16 09:39:49.608,1.0407,1.04075,1.00,1.60
2009.12.16 09:39:49.839,1.04065,1.04075,1.00,1.00
2009.12.16 09:39:50.118,1.04065,1.04075,1.00,1.00
2009.12.16 09:39:50.408,1.0406,1.04075,7.50,1.60
2009.12.16 09:39:50.698,1.0406,1.04075,2.40,1.60
2009.12.16 09:39:51.238,1.0406,1.04075,7.20,1.00
2009.12.16 09:39:51.518,1.0406,1.04075,7.20,1.60
2009.12.16 09:39:55.937,1.0406,1.04075,7.20,1.60
2009.12.16 09:39:56.627,1.0406,1.04075,8.80,1.60
2009.12.16 09:39:56.966,1.0406,1.0408,9.60,4.00
2009.12.16 09:39:57.307,1.0406,1.04075,7.20,1.60
2009.12.16 09:39:59.836,1.04065,1.04075,1.00,1.60
2009.12.16 09:40:01.225,1.04065,1.04075,1.00,1.60
2009.12.16 09:40:01.395,1.0407,1.04075,1.00,1.60
2009.12.16 09:40:02.375,1.0407,1.04075,1.00,1.60
2009.12.16 09:40:03.075,1.04065,1.04075,1.00,1.60
2009.12.16 09:40:04.695,1.04065,1.0408,1.00,4.00
2009.12.16 09:40:05.204,1.04065,1.04075,1.00,1.60
2009.12.16 09:40:09.664,1.0407,1.0408,1.00,6.40
2009.12.16 09:40:10.053,1.0407,1.0408,1.00,1.60
2009.12.16 09:40:10.444,1.0407,1.0408,1.00,1.60
2009.12.16 09:40:13.812,1.0407,1.0408,1.00,1.60
2009.12.16 09:40:19.771,1.0407,1.0408,1.00,1.60
2009.12.16 09:40:23.120,1.04065,1.0408,4.80,1.60
2009.12.16 09:40:23.910,1.04065,1.0408,4.80,1.60
2009.12.16 09:40:24.130,1.0406,1.0408,15.20,4.00
2009.12.16 09:40:24.480,1.0406,1.0408,12.00,8.00
2009.12.16 09:40:24.820,1.0406,1.0408,7.20,12.80
2009.12.16 09:40:27.759,1.04055,1.04075,16.80,1.60
2009.12.16 09:40:28.039,1.0406,1.04075,7.20,1.60
2009.12.16 09:40:28.319,1.0406,1.04075,4.80,2.40
2009.12.16 09:40:28.659,1.0405,1.0407,21.60,4.00
2009.12.16 09:40:29.009,1.0405,1.0407,17.60,4.00
2009.12.16 09:40:30.748,1.0405,1.04065,16.80,2.40
2009.12.16 09:40:30.908,1.0405,1.04065,4.80,4.00
2009.12.16 09:40:31.138,1.04045,1.04065,8.90,8.80
2009.12.16 09:40:31.308,1.04045,1.04065,8.80,8.80
2009.12.16 09:40:32.028,1.04045,1.04065,8.80,4.00
2009.12.16 09:40:33.788,1.04045,1.04065,13.60,4.00
2009.12.16 09:40:34.357,1.04045,1.04065,13.60,1.60
2009.12.16 09:40:34.638,1.04045,1.04065,16.60,1.60
2009.12.16 09:40:34.927,1.0405,1.0407,10.40,8.80
2009.12.16 09:40:35.207,1.0405,1.0407,10.40,4.00
2009.12.16 09:40:36.007,1.0405,1.04065,8.80,1.60
2009.12.16 09:40:36.187,1.0405,1.04065,5.60,1.60
2009.12.16 09:40:36.367,1.0405,1.04065,4.80,1.60
2009.12.16 09:40:36.547,1.04045,1.04065,16.10,4.00
2009.12.16 09:40:36.937,1.0405,1.04065,4.80,1.60
2009.12.16 09:40:37.277,1.0405,1.04065,4.80,4.00
2009.12.16 09:40:37.627,1.04045,1.04065,13.70,4.00
2009.12.16 09:40:38.986,1.04045,1.0406,12.10,1.60
2009.12.16 09:40:39.206,1.04045,1.04065,10.10,1.60
2009.12.16 09:40:39.377,1.04045,1.04065,18.10,1.60
2009.12.16 09:40:39.606,1.0405,1.04065,4.80,1.60
2009.12.16 09:40:41.076,1.04045,1.04065,18.10,1.60
2009.12.16 09:40:41.746,1.0405,1.04065,4.80,1.60
2009.12.16 09:40:42.076,1.0405,1.04065,4.80,1.60
2009.12.16 09:40:42.436,1.0405,1.04065,4.80,1.60
2009.12.16 09:40:42.826,1.04045,1.04065,14.10,1.60
2009.12.16 09:40:45.105,1.0405,1.04065,6.40,1.60
2009.12.16 09:40:45.325,1.0405,1.04065,13.70,1.60
2009.12.16 09:40:45.615,1.0405,1.0407,20.10,4.00
2009.12.16 09:40:45.905,1.04055,1.0407,2.40,1.60
2009.12.16 09:40:46.245,1.04055,1.0407,8.80,1.60
2009.12.16 09:40:46.535,1.04055,1.04075,19.20,6.00
2009.12.16 09:40:46.885,1.0406,1.04075,12.00,1.90
2009.12.16 09:40:47.224,1.0406,1.04075,7.20,1.60
2009.12.16 09:40:52.563,1.0406,1.04075,7.20,1.60
2009.12.16 09:40:54.233,1.04065,1.04075,2.40,1.60
2009.12.16 09:40:54.563,1.0406,1.04075,12.50,1.60
2009.12.16 09:40:55.173,1.0406,1.04075,7.60,1.60
2009.12.16 09:40:55.522,1.0406,1.04075,8.40,1.60
2009.12.16 09:40:55.872,1.0406,1.04075,8.00,1.60
2009.12.16 09:40:57.144,1.04065,1.0408,4.00,4.00
2009.12.16 09:40:57.482,1.04065,1.0408,8.80,4.00
2009.12.16 09:40:58.782,1.04065,1.0408,4.00,4.00
2009.12.16 09:40:59.112,1.0407,1.0408,1.60,4.00
2009.12.16 09:40:59.452,1.04075,1.04085,1.60,2.00
2009.12.16 09:40:59.691,1.04075,1.04085,1.60,1.60
2009.12.16 09:41:00.811,1.04075,1.04085,1.60,1.60
2009.12.16 09:41:03.061,1.04075,1.0408,1.60,1.60
2009.12.16 09:41:03.401,1.0407,1.0408,2.40,1.60
2009.12.16 09:41:05.370,1.04065,1.04075,7.60,4.00
2009.12.16 09:41:05.660,1.0406,1.0408,15.30,4.00
2009.12.16 09:41:07.150,1.0406,1.04075,13.80,1.60
2009.12.16 09:41:07.540,1.0406,1.04075,13.70,1.60
2009.12.16 09:41:07.890,1.0406,1.0408,15.30,4.00
2009.12.16 09:41:08.629,1.04065,1.04075,1.00,1.60
2009.12.16 09:41:08.749,1.0407,1.0408,4.80,1.60
2009.12.16 09:41:09.029,1.04065,1.0408,2.40,1.60
2009.12.16 09:41:09.489,1.0406,1.0408,13.60,1.60
2009.12.16 09:41:10.709,1.04055,1.04075,19.40,1.60
2009.12.16 09:41:10.829,1.0406,1.04075,7.20,1.60
2009.12.16 09:41:11.289,1.0406,1.04075,7.20,1.60
2009.12.16 09:41:11.569,1.0406,1.04075,2.40,1.60
2009.12.16 09:41:13.398,1.0406,1.04075,2.40,1.60
2009.12.16 09:41:15.158,1.04055,1.04075,16.00,4.00
2009.12.16 09:41:15.318,1.04055,1.0407,13.60,1.60
2009.12.16 09:41:15.488,1.04055,1.0407,8.80,1.60
2009.12.16 09:41:18.977,1.04055,1.0407,8.80,1.60
2009.12.16 09:41:31.624,1.04055,1.0407,4.00,1.60
2009.12.16 09:41:31.794,1.04055,1.0407,1.60,4.00
2009.12.16 09:41:32.254,1.0405,1.0407,16.80,4.00
2009.12.16 09:41:32.613,1.0405,1.04065,4.00,6.40
2009.12.16 09:41:32.963,1.0405,1.04065,8.00,1.60
2009.12.16 09:41:34.284,1.0405,1.0406,5.60,1.60
2009.12.16 09:41:34.583,1.04045,1.0406,12.90,1.60
2009.12.16 09:41:34.913,1.04045,1.0406,12.80,1.60
2009.12.16 09:41:35.213,1.04045,1.0406,7.20,1.60
2009.12.16 09:41:35.494,1.04045,1.04055,4.80,10.40
2009.12.16 09:41:35.843,1.0404,1.04055,9.60,1.60
2009.12.16 09:41:36.193,1.04035,1.0405,9.60,2.40
2009.12.16 09:41:36.923,1.04035,1.0405,6.40,2.40
2009.12.16 09:41:37.612,1.04035,1.0405,11.20,2.40
2009.12.16 09:41:40.462,1.0404,1.0405,1.00,2.40
2009.12.16 09:41:40.792,1.04045,1.04055,2.40,1.60
2009.12.16 09:41:40.962,1.0404,1.04055,9.60,4.00
2009.12.16 09:41:41.131,1.04045,1.04055,4.80,2.40
2009.12.16 09:41:41.242,1.04045,1.0406,7.20,4.00
2009.12.16 09:41:41.402,1.04045,1.0406,2.40,4.00
2009.12.16 09:41:41.692,1.04045,1.0406,2.40,1.60
2009.12.16 09:41:41.861,1.04045,1.04065,4.00,6.80
2009.12.16 09:41:42.251,1.0405,1.04065,12.00,1.90
2009.12.16 09:41:42.601,1.0405,1.04065,7.20,1.60
2009.12.16 09:41:45.180,1.0405,1.04065,8.80,1.60
2009.12.16 09:41:46.310,1.0405,1.04065,13.60,1.60
2009.12.16 09:41:46.710,1.0405,1.0407,10.40,4.00
2009.12.16 09:41:47.050,1.0405,1.04065,8.80,1.60
2009.12.16 09:41:47.740,1.0405,1.04065,8.00,1.60
2009.12.16 09:41:48.010,1.0405,1.04065,5.60,1.60
2009.12.16 09:41:48.350,1.0405,1.04065,2.40,1.60
2009.12.16 09:41:48.800,1.0405,1.0407,2.40,12.80
2009.12.16 09:41:49.100,1.0405,1.0407,8.80,12.80
2009.12.16 09:41:50.049,1.04045,1.04065,13.60,1.60
2009.12.16 09:41:53.029,1.04045,1.0406,8.80,2.40
2009.12.16 09:41:56.168,1.04045,1.0406,8.80,4.00
2009.12.16 09:41:57.777,1.04045,1.0406,4.80,4.00
2009.12.16 09:41:58.127,1.04045,1.0406,1.00,4.00
2009.12.16 09:42:00.757,1.04045,1.0406,1.60,4.00
2009.12.16 09:42:01.277,1.0404,1.0406,16.00,4.00
2009.12.16 09:42:01.507,1.0404,1.04055,13.60,4.00
2009.12.16 09:42:01.737,1.0404,1.04055,1.60,4.00
2009.12.16 09:42:02.186,1.04035,1.04055,8.80,4.00
2009.12.16 09:42:02.726,1.0403,1.04055,21.70,8.80
2009.12.16 09:42:03.967,1.04035,1.04055,6.40,12.80
2009.12.16 09:42:04.196,1.04035,1.04055,4.80,12.80
2009.12.16 09:42:04.436,1.0403,1.04055,20.50,12.80
2009.12.16 09:42:05.346,1.0403,1.04055,20.90,12.80
2009.12.16 09:42:05.685,1.04035,1.04055,1.60,12.80
2009.12.16 09:42:06.665,1.04035,1.04055,6.40,12.80
2009.12.16 09:42:10.534,1.04035,1.04055,8.80,12.80
2009.12.16 09:42:10.874,1.04035,1.0405,6.40,2.40
2009.12.16 09:42:10.994,1.04035,1.0405,1.60,2.40
2009.12.16 09:42:11.104,1.0403,1.0405,16.10,4.00
2009.12.16 09:42:11.214,1.0403,1.0405,16.10,4.00
2009.12.16 09:42:11.334,1.0403,1.0405,16.10,4.00
2009.12.16 09:42:11.454,1.0403,1.0405,16.10,4.00
2009.12.16 09:42:11.565,1.04035,1.04055,1.60,17.60
2009.12.16 09:42:12.034,1.0403,1.0405,16.10,1.00
2009.12.16 09:42:12.424,1.04035,1.04055,8.80,17.60
2009.12.16 09:42:12.754,1.0404,1.04055,2.40,12.80
2009.12.16 09:42:13.104,1.0404,1.04055,2.40,8.00
2009.12.16 09:42:14.164,1.0404,1.04055,2.40,4.00
2009.12.16 09:42:26.250,1.0404,1.04055,4.00,4.00
2009.12.16 09:42:27.411,1.04045,1.0406,1.00,17.60
2009.12.16 09:42:27.760,1.0404,1.0406,4.00,8.80
2009.12.16 09:42:28.100,1.04045,1.0406,1.60,2.40
2009.12.16 09:42:30.539,1.04045,1.04055,1.00,2.40
2009.12.16 09:42:30.720,1.04045,1.0406,1.60,4.00
2009.12.16 09:42:31.120,1.0404,1.0406,14.40,4.00
2009.12.16 09:42:31.350,1.0404,1.0406,15.20,4.00
2009.12.16 09:42:31.689,1.0404,1.04055,8.00,2.40
2009.12.16 09:42:32.079,1.0404,1.04055,1.60,4.00
2009.12.16 09:42:34.808,1.04035,1.04055,13.60,4.00
2009.12.16 09:42:35.159,1.0404,1.04055,2.40,4.00
2009.12.16 09:42:42.297,1.0404,1.0405,2.40,1.60
2009.12.16 09:42:42.637,1.04035,1.0405,11.20,1.60
2009.12.16 09:42:43.896,1.04035,1.04055,11.20,8.80
2009.12.16 09:42:45.056,1.04035,1.0405,11.20,1.60
2009.12.16 09:42:45.806,1.04035,1.0405,4.80,1.60
2009.12.16 09:42:46.616,1.04035,1.04045,2.40,1.00
2009.12.16 09:42:47.365,1.0403,1.04045,8.00,2.40
2009.12.16 09:42:49.815,1.0403,1.04045,8.00,4.00
2009.12.16 09:42:49.985,1.0403,1.04045,3.20,4.00
2009.12.16 09:42:50.165,1.0403,1.04045,1.60,2.40
2009.12.16 09:42:50.515,1.04025,1.04045,16.10,4.00
2009.12.16 09:42:52.054,1.04035,1.0405,4.80,4.00
2009.12.16 09:42:52.674,1.0403,1.0405,14.40,4.00
2009.12.16 09:42:53.364,1.0403,1.04045,13.60,1.60
2009.12.16 09:42:53.594,1.0403,1.04045,4.80,1.60
2009.12.16 09:42:53.884,1.0403,1.04045,3.20,1.60
2009.12.16 09:42:54.114,1.0403,1.0405,14.40,4.00
2009.12.16 09:42:54.634,1.0403,1.0405,9.60,8.80
2009.12.16 09:42:55.613,1.0403,1.0405,9.60,8.80
2009.12.16 09:42:55.774,1.0403,1.0405,9.60,4.00
2009.12.16 09:42:55.943,1.0403,1.04045,8.00,1.60
2009.12.16 09:42:56.613,1.0403,1.0405,9.60,8.80
2009.12.16 09:42:56.903,1.0403,1.0405,9.60,4.00
2009.12.16 09:42:58.473,1.04035,1.0405,1.60,4.00
2009.12.16 09:42:58.823,1.0403,1.0405,9.60,4.00
2009.12.16 09:42:58.993,1.0403,1.0405,9.60,8.80
2009.12.16 09:42:59.223,1.0403,1.04045,8.80,1.60
2009.12.16 09:43:00.382,1.0403,1.0405,8.80,8.80
2009.12.16 09:43:00.733,1.0403,1.0405,8.80,4.00
2009.12.16 09:43:03.931,1.0403,1.04045,8.80,4.80
2009.12.16 09:43:04.101,1.0403,1.04045,7.20,1.60
2009.12.16 09:43:05.521,1.0403,1.04045,12.00,1.60
2009.12.16 09:43:06.321,1.0403,1.04045,12.00,1.60
2009.12.16 09:43:06.601,1.04025,1.04045,16.00,4.00
2009.12.16 09:43:06.841,1.0403,1.04045,2.40,1.60
2009.12.16 09:43:07.901,1.0403,1.04045,7.20,1.60
2009.12.16 09:43:14.929,1.0403,1.04045,7.20,1.60
2009.12.16 09:43:15.269,1.04025,1.0404,16.00,1.60
2009.12.16 09:43:15.609,1.04025,1.0404,14.40,1.60
2009.12.16 09:43:16.119,1.04025,1.0404,13.60,1.60
2009.12.16 09:43:16.398,1.04025,1.0404,8.80,1.60
2009.12.16 09:43:16.688,1.04025,1.0404,13.60,1.60
2009.12.16 09:43:18.058,1.04025,1.0404,8.80,1.60
2009.12.16 09:43:29.245,1.04025,1.04045,10.40,5.60
2009.12.16 09:43:29.515,1.04025,1.0404,8.80,1.60
2009.12.16 09:43:39.993,1.04025,1.0404,8.80,1.60
2009.12.16 09:43:41.123,1.04025,1.04035,8.80,1.60
2009.12.16 09:43:41.762,1.0402,1.0403,1.00,1.60
2009.12.16 09:43:42.083,1.04015,1.0403,9.20,4.00
2009.12.16 09:43:42.382,1.04015,1.0403,8.80,4.00
2009.12.16 09:43:43.812,1.04015,1.0403,8.80,1.60
2009.12.16 09:43:44.042,1.04015,1.0403,13.60,1.60
2009.12.16 09:43:49.661,1.04015,1.0403,13.60,4.00
2009.12.16 09:43:50.110,1.04015,1.04025,8.80,1.60
2009.12.16 09:43:50.620,1.04015,1.0403,8.80,4.00
2009.12.16 09:43:52.520,1.04015,1.04025,8.80,1.60
2009.12.16 09:43:54.179,1.04015,1.0403,8.80,4.00
2009.12.16 09:43:55.579,1.04015,1.04025,8.80,1.60
2009.12.16 09:43:57.369,1.04015,1.04025,4.00,1.60
2009.12.16 09:44:01.448,1.04015,1.0403,8.80,4.00
2009.12.16 09:44:03.207,1.04015,1.0403,8.80,1.60
2009.12.16 09:44:04.467,1.04015,1.0403,8.80,1.60
2009.12.16 09:44:04.927,1.04015,1.04025,8.80,1.60
2009.12.16 09:44:05.387,1.04015,1.0403,8.80,1.60
2009.12.16 09:44:09.296,1.04015,1.04025,8.80,1.60
2009.12.16 09:44:09.756,1.0401,1.04025,12.80,1.60
2009.12.16 09:44:10.156,1.0401,1.04025,12.80,1.60
2009.12.16 09:44:10.376,1.0401,1.04025,7.20,1.60
2009.12.16 09:44:10.656,1.0401,1.0402,2.40,1.60
2009.12.16 09:44:10.886,1.04005,1.0402,8.80,1.60
2009.12.16 09:44:11.355,1.04005,1.04025,4.00,12.40
2009.12.16 09:44:12.095,1.04005,1.04015,4.00,1.60
2009.12.16 09:44:14.724,1.04,1.04015,1.00,5.60
2009.12.16 09:44:14.954,1.03995,1.0401,10.00,1.60
2009.12.16 09:44:15.234,1.03995,1.04015,10.00,5.60
2009.12.16 09:44:15.475,1.04,1.04015,7.20,1.90
2009.12.16 09:44:15.705,1.04,1.04015,2.40,1.60
2009.12.16 09:44:21.773,1.04,1.04015,7.20,1.60
2009.12.16 09:44:23.482,1.04,1.04015,7.20,1.60
2009.12.16 09:44:24.063,1.04005,1.04015,1.00,1.60
2009.12.16 09:44:24.292,1.04005,1.0402,2.40,8.80
2009.12.16 09:44:24.632,1.04005,1.0402,4.00,1.60
2009.12.16 09:44:24.922,1.0401,1.0402,2.40,1.60
2009.12.16 09:44:25.222,1.0401,1.0402,7.20,1.60
2009.12.16 09:44:25.512,1.0401,1.0402,2.40,1.60
2009.12.16 09:44:30.830,1.04005,1.0402,8.80,1.60
2009.12.16 09:44:31.470,1.04005,1.04015,8.80,1.60
2009.12.16 09:44:34.240,1.04,1.04015,8.00,1.60
2009.12.16 09:44:34.700,1.04,1.04015,7.20,1.60
2009.12.16 09:44:34.929,1.04,1.04015,12.00,1.60
2009.12.16 09:44:35.960,1.04,1.04015,7.20,1.60
2009.12.16 09:44:36.230,1.04,1.0402,7.20,12.80
2009.12.16 09:44:36.529,1.04,1.04015,2.40,1.60
2009.12.16 09:44:38.359,1.04,1.04015,2.40,1.60
2009.12.16 09:44:38.599,1.03995,1.04015,16.10,6.00
2009.12.16 09:44:38.839,1.04,1.04015,4.80,6.00
2009.12.16 09:44:39.199,1.03995,1.04015,15.20,6.00
2009.12.16 09:44:39.888,1.03995,1.04015,15.20,10.00
2009.12.16 09:44:41.778,1.03995,1.0401,13.60,1.60
2009.12.16 09:44:42.048,1.03995,1.0401,15.20,1.60
2009.12.16 09:44:42.398,1.03995,1.0401,15.20,1.60
2009.12.16 09:44:42.748,1.03995,1.0401,8.80,1.60
2009.12.16 09:44:45.107,1.03995,1.0401,4.00,1.60
2009.12.16 09:44:45.387,1.0399,1.04005,10.00,1.60
2009.12.16 09:44:45.677,1.0399,1.04005,8.80,1.60
2009.12.16 09:44:45.967,1.03995,1.0401,4.00,6.40
2009.12.16 09:44:46.207,1.03995,1.0401,4.00,11.20
2009.12.16 09:44:46.847,1.03995,1.0401,4.00,6.40
2009.12.16 09:44:47.197,1.03995,1.0401,4.00,6.40
2009.12.16 09:44:47.547,1.03995,1.0401,4.00,11.20
2009.12.16 09:44:48.606,1.03995,1.04005,4.00,1.60
2009.12.16 09:44:50.476,1.03995,1.0401,4.00,11.20
2009.12.16 09:44:54.605,1.03995,1.0401,4.00,11.20
2009.12.16 09:44:55.045,1.03995,1.0401,4.00,6.40
2009.12.16 09:44:55.405,1.03995,1.0401,4.40,6.40
2009.12.16 09:44:55.735,1.03995,1.0401,4.40,1.60
2009.12.16 09:44:56.085,1.03995,1.0401,4.00,1.60
2009.12.16 09:44:56.435,1.03995,1.0401,4.00,1.60
2009.12.16 09:44:56.775,1.03995,1.0401,5.60,1.60
2009.12.16 09:44:57.414,1.03995,1.0401,10.40,1.60
2009.12.16 09:44:58.114,1.03995,1.04015,10.40,14.40
2009.12.16 09:44:58.464,1.03995,1.04015,10.40,10.40
2009.12.16 09:45:00.103,1.0399,1.04015,21.30,10.80
2009.12.16 09:45:01.063,1.03995,1.0401,10.40,1.60
2009.12.16 09:45:01.403,1.03995,1.0401,8.80,1.60
2009.12.16 09:45:01.863,1.03995,1.0401,10.40,1.60
2009.12.16 09:45:02.193,1.03995,1.04015,10.40,16.00
2009.12.16 09:45:02.363,1.03995,1.04015,10.40,14.80
2009.12.16 09:45:03.083,1.03995,1.04015,18.80,4.40
2009.12.16 09:45:03.653,1.03995,1.0401,15.60,1.00
2009.12.16 09:45:04.053,1.0399,1.04005,13.60,2.40
2009.12.16 09:45:04.393,1.0399,1.04005,8.80,2.40
2009.12.16 09:45:04.743,1.0399,1.04005,7.20,4.00
2009.12.16 09:45:05.083,1.0399,1.04005,8.80,4.00
2009.12.16 09:45:05.432,1.0399,1.04005,2.40,4.00
2009.12.16 09:45:06.812,1.0399,1.04005,4.00,4.00
2009.12.16 09:45:07.042,1.0399,1.04005,2.40,4.00
2009.12.16 09:45:09.821,1.0399,1.04005,4.00,1.60
2009.12.16 09:45:10.061,1.0399,1.0401,4.00,13.60
2009.12.16 09:45:10.641,1.0399,1.0401,8.80,8.80
2009.12.16 09:45:10.811,1.0399,1.0401,8.80,4.00
2009.12.16 09:45:11.501,1.03985,1.04,6.00,7.20
2009.12.16 09:45:11.841,1.03985,1.04,6.40,4.80
2009.12.16 09:45:12.231,1.03985,1.04005,6.40,8.80
2009.12.16 09:45:14.850,1.03985,1.04,6.40,1.00
2009.12.16 09:45:14.900,1.03985,1.04,6.40,2.40
2009.12.16 09:45:15.440,1.0398,1.0399,1.60,2.40
2009.12.16 09:45:15.730,1.0397,1.03985,11.20,12.80
2009.12.16 09:45:15.960,1.0397,1.03985,4.00,9.60
2009.12.16 09:45:16.320,1.0397,1.0399,7.20,8.80
2009.12.16 09:45:16.910,1.0397,1.0399,7.20,7.20
2009.12.16 09:45:17.619,1.03975,1.0399,1.00,7.20
2009.12.16 09:45:17.969,1.03975,1.0399,2.40,4.80
2009.12.16 09:45:18.309,1.03975,1.0399,4.00,4.80
2009.12.16 09:45:19.419,1.03975,1.0399,4.80,4.80
2009.12.16 09:45:20.459,1.0397,1.0399,4.10,7.20
2009.12.16 09:45:21.778,1.03975,1.0399,2.40,6.40
2009.12.16 09:45:22.058,1.03975,1.0399,1.60,8.80
2009.12.16 09:45:22.418,1.03975,1.0399,1.60,7.20
2009.12.16 09:45:22.768,1.03975,1.0399,1.60,12.00
2009.12.16 09:45:23.118,1.03975,1.0399,1.60,7.20
2009.12.16 09:45:23.468,1.03975,1.0399,1.60,8.80
2009.12.16 09:45:24.148,1.0397,1.0399,4.00,18.90
2009.12.16 09:45:24.908,1.0397,1.0399,4.00,21.60
2009.12.16 09:45:25.078,1.0397,1.03985,4.00,4.80
2009.12.16 09:45:26.418,1.0397,1.0399,4.00,17.60
2009.12.16 09:45:27.667,1.03975,1.0399,1.60,17.60
2009.12.16 09:45:28.007,1.03975,1.0399,1.60,13.60
2009.12.16 09:45:28.687,1.03975,1.0399,1.60,12.00
2009.12.16 09:45:30.166,1.0397,1.0399,4.00,13.60
2009.12.16 09:45:30.846,1.0397,1.0399,4.10,13.60
2009.12.16 09:45:31.126,1.03975,1.0399,1.00,13.60
2009.12.16 09:45:33.585,1.03975,1.0399,2.40,9.60
2009.12.16 09:45:33.875,1.03975,1.0399,2.40,11.20
2009.12.16 09:45:34.106,1.03975,1.0399,4.00,11.20
2009.12.16 09:45:34.326,1.03975,1.0399,4.40,11.20
2009.12.16 09:45:34.545,1.0398,1.03995,2.40,6.80
2009.12.16 09:45:34.785,1.03975,1.0398,5.30,4.80
2009.12.16 09:45:35.005,1.0398,1.04,2.40,21.60
2009.12.16 09:45:35.305,1.03975,1.0398,4.00,4.80
2009.12.16 09:45:36.005,1.03975,1.0398,2.40,4.80
2009.12.16 09:45:36.995,1.0397,1.03975,8.10,4.80
2009.12.16 09:45:37.285,1.0397,1.03975,4.10,4.80
2009.12.16 09:45:37.924,1.0397,1.03975,4.00,4.80
2009.12.16 09:45:38.254,1.0397,1.03975,4.00,4.80
2009.12.16 09:45:38.594,1.0397,1.03985,1.60,5.90
2009.12.16 09:45:38.954,1.0397,1.03985,1.60,15.50
2009.12.16 09:45:39.304,1.0397,1.03985,1.60,5.90
2009.12.16 09:45:40.374,1.0397,1.03985,4.00,3.50
2009.12.16 09:45:40.654,1.0397,1.0399,4.00,8.80
2009.12.16 09:45:40.934,1.0397,1.0399,4.00,13.60
2009.12.16 09:45:44.383,1.0397,1.0399,4.00,17.60
2009.12.16 09:45:46.333,1.0397,1.0399,8.80,12.80
2009.12.16 09:45:46.562,1.0397,1.0399,4.00,12.80
2009.12.16 09:45:49.652,1.0397,1.0399,4.00,17.60
2009.12.16 09:45:49.892,1.0397,1.0399,4.00,17.60
2009.12.16 09:45:50.772,1.0397,1.0399,4.80,13.60
2009.12.16 09:45:51.121,1.03975,1.0399,1.60,8.80
2009.12.16 09:45:51.711,1.03975,1.0399,1.00,8.80
2009.12.16 09:45:52.281,1.03975,1.0399,4.00,4.80
2009.12.16 09:45:52.631,1.03975,1.0399,4.00,1.60
2009.12.16 09:45:52.971,1.03975,1.0399,7.20,1.60
2009.12.16 09:45:53.311,1.0397,1.0399,13.60,4.00
2009.12.16 09:45:53.650,1.0397,1.0399,4.00,8.80
2009.12.16 09:45:55.080,1.0397,1.03985,4.00,1.60
2009.12.16 09:45:55.370,1.0397,1.03985,1.60,4.00
2009.12.16 09:45:55.820,1.0397,1.03985,1.60,6.00
2009.12.16 09:45:56.040,1.0397,1.03985,1.60,10.80
2009.12.16 09:45:56.210,1.03965,1.03985,5.70,11.20
2009.12.16 09:45:56.740,1.03965,1.03985,5.70,16.00
2009.12.16 09:45:57.080,1.03965,1.03985,5.70,15.90
2009.12.16 09:45:57.650,1.03965,1.03985,10.50,10.70
2009.12.16 09:45:58.859,1.0397,1.03985,4.00,6.70
2009.12.16 09:45:59.100,1.0397,1.03985,2.40,8.30
2009.12.16 09:45:59.449,1.03975,1.03985,1.00,10.70
2009.12.16 09:45:59.669,1.03975,1.0399,2.40,1.60
2009.12.16 09:45:59.849,1.03975,1.0399,4.00,1.60
2009.12.16 09:46:00.889,1.03975,1.0399,4.00,9.60
2009.12.16 09:46:01.559,1.03975,1.0399,4.00,1.60
2009.12.16 09:46:01.979,1.03975,1.0399,4.00,6.40
2009.12.16 09:46:02.329,1.03975,1.0399,4.00,11.20
2009.12.16 09:46:02.978,1.03975,1.0399,4.00,9.60
2009.12.16 09:46:04.408,1.03975,1.0399,4.00,11.20
2009.12.16 09:46:04.528,1.03975,1.0399,4.00,6.40
2009.12.16 09:46:04.638,1.03975,1.0399,4.00,1.60
2009.12.16 09:46:05.388,1.03975,1.03995,4.00,26.40
2009.12.16 09:46:05.678,1.03975,1.0399,4.00,4.80
2009.12.16 09:46:07.067,1.0397,1.03995,18.50,26.00
2009.12.16 09:46:07.757,1.03975,1.03995,8.80,21.20
2009.12.16 09:46:08.787,1.03975,1.0399,6.40,2.40
2009.12.16 09:46:09.127,1.0397,1.0399,13.60,4.00
2009.12.16 09:46:09.477,1.0397,1.03985,8.80,1.00
2009.12.16 09:46:09.817,1.0397,1.03985,4.00,1.60
2009.12.16 09:46:10.507,1.0397,1.0399,4.00,12.80
2009.12.16 09:46:11.537,1.0397,1.03985,4.00,1.60
2009.12.16 09:46:11.876,1.0397,1.0399,4.00,12.80
2009.12.16 09:46:12.576,1.0397,1.0399,4.00,8.80
2009.12.16 09:46:12.926,1.03975,1.0399,1.00,8.80
2009.12.16 09:46:19.934,1.0397,1.0399,4.10,8.80
2009.12.16 09:46:20.294,1.03975,1.0399,1.00,8.80
2009.12.16 09:46:21.614,1.03975,1.0399,1.60,7.20
2009.12.16 09:46:21.904,1.03975,1.0399,1.00,8.80
2009.12.16 09:46:22.964,1.03965,1.0398,1.60,4.00
2009.12.16 09:46:23.603,1.03965,1.0398,1.60,8.80
2009.12.16 09:46:24.293,1.03965,1.0398,1.00,8.80
2009.12.16 09:46:28.702,1.0396,1.0398,8.80,8.80
2009.12.16 09:46:29.092,1.03955,1.0398,27.30,8.80
2009.12.16 09:46:29.782,1.0396,1.0398,4.00,13.60
2009.12.16 09:46:36.690,1.03965,1.0398,1.00,8.80
2009.12.16 09:46:37.380,1.0396,1.0398,4.00,8.80
2009.12.16 09:46:37.670,1.0396,1.0398,4.00,13.60
2009.12.16 09:46:39.420,1.0396,1.0398,4.00,8.80
2009.12.16 09:46:41.849,1.0396,1.0398,4.00,13.60
2009.12.16 09:46:42.249,1.0396,1.0398,4.00,8.80
2009.12.16 09:46:42.949,1.03965,1.0398,1.60,8.80
2009.12.16 09:46:43.669,1.03965,1.0398,1.60,4.00
2009.12.16 09:46:44.479,1.03965,1.0398,1.60,2.40
2009.12.16 09:46:44.758,1.03965,1.0398,1.00,4.00
2009.12.16 09:46:45.678,1.03965,1.0398,1.60,4.00
2009.12.16 09:46:45.978,1.0397,1.03985,2.40,10.70
2009.12.16 09:46:46.378,1.0397,1.0399,4.00,8.80
2009.12.16 09:46:46.718,1.0397,1.0399,8.80,4.00
2009.12.16 09:46:50.267,1.03975,1.0399,1.00,13.60
2009.12.16 09:46:50.487,1.0397,1.0399,4.00,8.80
2009.12.16 09:46:50.717,1.0397,1.0399,8.80,8.80
2009.12.16 09:46:51.067,1.0397,1.0399,4.00,8.80
2009.12.16 09:46:55.786,1.0397,1.03985,4.00,4.00
2009.12.16 09:46:56.026,1.0397,1.03985,1.60,4.00
2009.12.16 09:46:56.326,1.0397,1.03985,1.60,4.00
2009.12.16 09:46:56.676,1.03965,1.03985,4.10,24.00
2009.12.16 09:46:57.026,1.0397,1.03985,1.60,22.40
2009.12.16 09:46:57.365,1.0397,1.03985,1.60,12.80
2009.12.16 09:46:58.065,1.03965,1.03985,8.90,14.40
2009.12.16 09:46:58.455,1.0397,1.03985,4.00,4.80
2009.12.16 09:46:58.795,1.0397,1.03985,2.40,26.00
2009.12.16 09:46:59.155,1.03965,1.0398,1.60,4.00
2009.12.16 09:46:59.695,1.03965,1.0398,1.60,8.80
2009.12.16 09:46:59.925,1.03965,1.0398,1.60,13.60
2009.12.16 09:47:02.334,1.03965,1.0398,1.60,12.00
2009.12.16 09:47:02.554,1.03965,1.0398,1.60,13.60
2009.12.16 09:47:02.884,1.03965,1.0398,1.60,2.40
2009.12.16 09:47:03.284,1.0397,1.03985,4.00,11.50
2009.12.16 09:47:03.614,1.0397,1.0399,8.80,8.80
2009.12.16 09:47:03.964,1.0397,1.0399,8.80,4.00
2009.12.16 09:47:04.664,1.03975,1.0399,1.60,8.80
2009.12.16 09:47:05.473,1.03975,1.0399,1.60,2.40
2009.12.16 09:47:05.764,1.03975,1.0399,1.60,7.20
2009.12.16 09:47:06.113,1.03975,1.0399,1.00,8.80
2009.12.16 09:47:06.813,1.03975,1.03985,1.60,2.40
2009.12.16 09:47:06.923,1.03975,1.0399,4.00,4.80
2009.12.16 09:47:07.203,1.03975,1.03995,4.00,23.50
2009.12.16 09:47:07.503,1.03975,1.03995,4.00,23.60
2009.12.16 09:47:07.613,1.03975,1.03995,4.00,23.50
2009.12.16 09:47:07.783,1.0398,1.03995,1.60,23.60
2009.12.16 09:47:08.243,1.0398,1.03995,1.60,31.60
2009.12.16 09:47:08.593,1.03975,1.03995,4.00,25.20
2009.12.16 09:47:08.932,1.03975,1.03995,8.80,12.80
2009.12.16 09:47:09.272,1.03975,1.03995,8.80,17.50
2009.12.16 09:47:09.622,1.03975,1.03995,8.80,17.60
2009.12.16 09:47:09.963,1.03975,1.03995,8.80,17.50
2009.12.16 09:47:10.252,1.0398,1.03995,1.00,17.50
2009.12.16 09:47:10.612,1.0398,1.03995,1.00,16.70
2009.12.16 09:47:11.205,1.0398,1.03995,4.00,4.80
2009.12.16 09:47:11.562,1.0398,1.04,4.00,13.60
2009.12.16 09:47:11.892,1.03985,1.04,4.00,12.00
2009.12.16 09:47:12.182,1.03985,1.04,4.00,4.00
2009.12.16 09:47:13.332,1.03985,1.04,4.00,2.40
2009.12.16 09:47:22.409,1.03985,1.04,2.40,4.00
2009.12.16 09:47:22.630,1.0398,1.0399,6.40,1.00
2009.12.16 09:47:23.019,1.03975,1.0399,4.00,1.60
2009.12.16 09:47:23.349,1.03975,1.03985,6.40,3.60
2009.12.16 09:47:23.679,1.0397,1.03985,1.60,11.20
2009.12.16 09:47:24.069,1.03965,1.03985,11.30,21.90
2009.12.16 09:47:24.419,1.03965,1.03985,4.00,27.50
2009.12.16 09:47:24.719,1.03965,1.03985,4.00,23.90
2009.12.16 09:47:25.948,1.03965,1.03985,4.00,23.10
2009.12.16 09:47:26.538,1.03965,1.03985,4.00,22.70
2009.12.16 09:47:26.928,1.03965,1.0398,4.00,2.40
2009.12.16 09:47:27.158,1.03965,1.0398,1.60,2.40
2009.12.16 09:47:27.388,1.0397,1.0398,1.00,2.40
2009.12.16 09:47:27.678,1.0397,1.03985,1.60,10.30
2009.12.16 09:47:27.908,1.0397,1.03985,6.40,4.00
2009.12.16 09:47:28.248,1.0397,1.03985,1.60,4.00
2009.12.16 09:47:31.307,1.0397,1.0399,4.00,18.00
2009.12.16 09:47:31.467,1.0397,1.0399,4.00,17.60
2009.12.16 09:47:31.687,1.0397,1.0399,4.00,8.80
2009.12.16 09:47:31.857,1.0397,1.0399,4.80,4.80
2009.12.16 09:47:32.087,1.03975,1.0399,4.00,4.80
2009.12.16 09:47:32.447,1.03975,1.0399,5.60,4.80
2009.12.16 09:47:32.787,1.03975,1.03995,5.60,28.00
2009.12.16 09:47:33.188,1.03975,1.0399,1.60,12.00
2009.12.16 09:47:33.477,1.03975,1.0399,1.60,4.00
2009.12.16 09:47:33.946,1.03975,1.0399,1.00,4.00
2009.12.16 09:47:34.216,1.03975,1.0399,1.00,8.80
2009.12.16 09:47:35.266,1.03975,1.0399,2.40,1.60
2009.12.16 09:47:35.496,1.03975,1.03995,4.00,30.70
2009.12.16 09:47:35.786,1.03975,1.03995,4.00,25.90
2009.12.16 09:47:36.006,1.03975,1.03995,8.80,25.90
2009.12.16 09:47:36.826,1.03975,1.03995,8.80,25.10
2009.12.16 09:47:40.515,1.0398,1.03995,4.00,15.50
2009.12.16 09:47:40.905,1.0398,1.03995,4.00,13.10
2009.12.16 09:47:41.195,1.0399,1.04005,1.00,23.90
2009.12.16 09:47:41.485,1.0399,1.04005,2.40,8.30
2009.12.16 09:47:41.775,1.03995,1.04005,1.00,9.60
2009.12.16 09:47:42.005,1.03995,1.04005,1.00,4.80
2009.12.16 09:47:42.284,1.03995,1.0401,1.00,4.00
2009.12.16 09:47:42.785,1.03995,1.04015,1.00,32.40
2009.12.16 09:47:43.484,1.03995,1.0401,1.00,4.00
2009.12.16 09:47:45.444,1.0399,1.0401,8.80,4.00
2009.12.16 09:47:45.664,1.0399,1.0401,13.60,4.00
2009.12.16 09:47:47.723,1.0399,1.0401,8.80,4.00
2009.12.16 09:47:48.293,1.0399,1.0401,8.80,4.00
2009.12.16 09:47:49.073,1.03985,1.04,8.90,2.40
2009.12.16 09:47:49.543,1.03985,1.04,13.70,2.40
2009.12.16 09:47:49.783,1.0399,1.04,1.60,2.40
2009.12.16 09:47:50.003,1.03995,1.04,1.00,2.40
2009.12.16 09:47:50.233,1.03995,1.0401,1.00,4.80
2009.12.16 09:47:50.643,1.03995,1.0401,1.00,4.00
2009.12.16 09:47:51.632,1.0399,1.0401,13.70,4.00
2009.12.16 09:47:52.322,1.04,1.04015,1.00,15.90
2009.12.16 09:47:52.652,1.04,1.0402,7.20,9.60
2009.12.16 09:47:53.052,1.04,1.0402,4.10,13.60
2009.12.16 09:47:53.382,1.04,1.04015,13.60,1.60
2009.12.16 09:47:53.952,1.04,1.04015,2.40,1.60
2009.12.16 09:47:54.302,1.04,1.0402,4.00,13.60
2009.12.16 09:47:54.462,1.04,1.0402,8.80,4.00
2009.12.16 09:47:56.081,1.04,1.0402,8.90,4.00
2009.12.16 09:47:56.741,1.04,1.0402,13.70,4.00
2009.12.16 09:47:56.961,1.04005,1.0402,1.60,4.00
2009.12.16 09:47:57.251,1.04005,1.0402,2.40,4.00
2009.12.16 09:47:57.431,1.04005,1.0402,1.00,4.00
2009.12.16 09:47:58.521,1.04005,1.0402,1.00,4.80
2009.12.16 09:47:58.861,1.04005,1.04015,1.00,1.00
2009.12.16 09:47:59.200,1.04,1.04015,1.00,1.60
2009.12.16 09:47:59.540,1.03995,1.0401,13.60,2.40
2009.12.16 09:47:59.771,1.03995,1.0401,8.80,2.40
2009.12.16 09:48:00.180,1.03995,1.0401,4.00,2.40
2009.12.16 09:48:01.350,1.03995,1.0401,4.00,4.00
2009.12.16 09:48:02.490,1.03995,1.0401,4.00,2.40
2009.12.16 09:48:02.660,1.03995,1.04015,4.00,15.20
2009.12.16 09:48:02.900,1.04,1.04015,2.40,6.70
2009.12.16 09:48:03.250,1.04,1.04015,2.40,1.60
2009.12.16 09:48:03.589,1.04,1.04015,8.80,1.60
2009.12.16 09:48:03.990,1.04005,1.0402,2.40,4.00
2009.12.16 09:48:04.679,1.04005,1.0402,1.00,4.00
2009.12.16 09:48:04.969,1.04005,1.0402,1.00,4.80
2009.12.16 09:48:05.359,1.04,1.04015,2.40,2.00
2009.12.16 09:48:05.709,1.04,1.04015,4.00,1.60
2009.12.16 09:48:06.069,1.04,1.04015,4.00,1.60
2009.12.16 09:48:06.409,1.04,1.0402,4.00,14.40
2009.12.16 09:48:06.759,1.04,1.04015,4.00,1.60
2009.12.16 09:48:07.319,1.04,1.04015,2.40,1.60
2009.12.16 09:48:07.659,1.03995,1.0401,8.80,2.40
2009.12.16 09:48:07.939,1.03995,1.0401,7.20,4.00
2009.12.16 09:48:08.228,1.03995,1.0401,2.40,4.00
2009.12.16 09:48:13.797,1.0399,1.0401,14.50,4.00
2009.12.16 09:48:14.027,1.0399,1.0401,13.60,4.00
2009.12.16 09:48:14.547,1.0399,1.04005,9.60,1.60
2009.12.16 09:48:14.836,1.0399,1.04005,1.00,1.60
2009.12.16 09:48:16.446,1.0399,1.04005,2.40,1.60
2009.12.16 09:48:16.676,1.03995,1.04005,1.00,1.60
2009.12.16 09:48:22.005,1.03995,1.0401,1.00,8.80
2009.12.16 09:48:22.245,1.03995,1.0401,1.00,4.00
2009.12.16 09:48:23.285,1.03995,1.04005,1.00,1.60
2009.12.16 09:48:24.624,1.03995,1.0401,1.00,4.00
2009.12.16 09:48:26.274,1.03995,1.0401,2.40,1.60
2009.12.16 09:48:26.514,1.04005,1.04015,1.00,11.50
2009.12.16 09:48:26.804,1.04,1.04015,2.40,1.60
2009.12.16 09:48:27.024,1.04005,1.04015,1.00,1.60
2009.12.16 09:48:28.233,1.04005,1.04015,1.00,6.40
2009.12.16 09:48:28.583,1.04005,1.04015,1.00,2.00
2009.12.16 09:48:28.923,1.04005,1.04015,1.00,1.60
2009.12.16 09:48:29.254,1.04,1.04015,2.40,2.00
2009.12.16 09:48:29.593,1.03995,1.0401,8.80,2.40
2009.12.16 09:48:29.983,1.03995,1.0401,7.20,4.00
2009.12.16 09:48:30.343,1.03995,1.0401,2.40,4.00
2009.12.16 09:48:32.703,1.03995,1.0401,2.40,1.60
2009.12.16 09:48:33.053,1.0399,1.0401,18.50,4.00
2009.12.16 09:48:33.392,1.03995,1.0401,7.20,4.00
2009.12.16 09:48:33.782,1.03995,1.0401,2.40,4.00
2009.12.16 09:48:38.791,1.0399,1.04005,12.20,1.60
2009.12.16 09:48:39.171,1.0399,1.04,1.00,2.40
2009.12.16 09:48:39.691,1.03985,1.04,2.50,4.00
2009.12.16 09:48:39.971,1.03985,1.04,7.20,4.00
2009.12.16 09:48:46.979,1.03985,1.04,8.90,1.60
2009.12.16 09:48:49.038,1.03985,1.04005,10.50,6.40
2009.12.16 09:48:54.817,1.03985,1.04005,11.30,6.40
2009.12.16 09:48:54.927,1.0399,1.04005,2.40,4.70
2009.12.16 09:48:55.097,1.0399,1.04005,7.20,4.40
2009.12.16 09:48:55.387,1.0399,1.04005,7.20,4.00
2009.12.16 09:48:55.547,1.0399,1.04005,2.40,4.00
2009.12.16 09:48:55.727,1.0399,1.04005,2.40,4.40
2009.12.16 09:48:55.847,1.0399,1.04005,2.50,4.40
2009.12.16 09:48:56.197,1.0399,1.04,2.40,1.60
2009.12.16 09:48:56.497,1.0399,1.04,1.00,1.60
2009.12.16 09:48:57.066,1.0399,1.04005,1.00,2.00
2009.12.16 09:48:57.287,1.0399,1.04005,1.00,1.60
2009.12.16 09:49:06.114,1.0399,1.04005,1.00,4.00
2009.12.16 09:49:06.884,1.0399,1.0401,4.10,8.80
2009.12.16 09:49:07.184,1.0399,1.0401,13.70,4.00
2009.12.16 09:49:11.663,1.0399,1.04005,7.30,1.60
2009.12.16 09:49:12.143,1.0399,1.04005,2.50,1.60
2009.12.16 09:49:15.872,1.03995,1.0401,2.40,6.40
2009.12.16 09:49:16.052,1.03995,1.0401,2.40,6.40
2009.12.16 09:49:16.692,1.03995,1.0401,2.40,6.40
2009.12.16 09:49:16.912,1.03995,1.0401,2.40,6.40
2009.12.16 09:49:17.141,1.03995,1.0401,2.40,6.40
2009.12.16 09:49:17.681,1.03995,1.0401,2.40,6.50
2009.12.16 09:49:17.912,1.03995,1.0401,2.40,6.40
2009.12.16 09:49:18.271,1.03995,1.0401,2.40,6.40
2009.12.16 09:49:18.622,1.03995,1.0401,2.40,6.40
2009.12.16 09:49:18.971,1.03995,1.0401,2.40,6.40
2009.12.16 09:49:22.290,1.03995,1.0401,2.40,6.40
2009.12.16 09:49:22.810,1.03995,1.0401,2.40,6.40
2009.12.16 09:49:23.860,1.03995,1.0401,2.40,6.40
2009.12.16 09:49:24.200,1.03995,1.0401,2.40,6.40
2009.12.16 09:49:24.540,1.03995,1.0401,2.40,6.40
2009.12.16 09:49:24.770,1.03995,1.0401,2.40,6.40
2009.12.16 09:49:25.530,1.03995,1.0401,2.40,6.40
2009.12.16 09:49:25.879,1.03995,1.0401,2.40,6.40
2009.12.16 09:49:26.219,1.03995,1.0401,2.40,6.40
2009.12.16 09:49:26.559,1.03995,1.0401,2.40,6.40
2009.12.16 09:49:28.499,1.03995,1.0401,3.20,6.40
2009.12.16 09:49:30.219,1.03995,1.0401,2.40,6.40
2009.12.16 09:49:30.439,1.03995,1.0401,2.40,6.40
2009.12.16 09:49:30.838,1.03995,1.0401,2.40,6.40
2009.12.16 09:49:31.068,1.03995,1.0401,2.40,6.40
2009.12.16 09:49:32.809,1.03995,1.0401,2.40,6.40
2009.12.16 09:49:33.498,1.03995,1.0401,2.40,6.40
2009.12.16 09:49:33.838,1.03995,1.0401,2.40,6.40
2009.12.16 09:49:36.487,1.03995,1.0401,2.40,6.40
2009.12.16 09:49:36.727,1.03995,1.0401,2.40,6.40
2009.12.16 09:49:36.947,1.03995,1.0401,2.40,6.40
2009.12.16 09:49:37.177,1.04,1.0401,1.00,6.40
2009.12.16 09:49:37.407,1.04,1.0401,1.00,4.80
2009.12.16 09:49:37.747,1.03995,1.04015,4.90,11.90
2009.12.16 09:49:38.087,1.03995,1.04015,11.30,11.90
2009.12.16 09:49:40.456,1.03995,1.04015,10.90,11.90
2009.12.16 09:49:41.106,1.0399,1.04015,21.70,11.90
2009.12.16 09:49:45.065,1.03995,1.04015,9.40,12.00
2009.12.16 09:49:45.425,1.03995,1.0401,9.20,1.60
2009.12.16 09:49:45.785,1.03995,1.04005,7.20,1.60
2009.12.16 09:49:46.195,1.03995,1.0401,2.40,11.20
2009.12.16 09:49:46.475,1.0399,1.0401,4.80,6.80
2009.12.16 09:49:46.755,1.03985,1.04005,21.70,5.60
2009.12.16 09:49:49.674,1.03985,1.04005,19.30,6.00
2009.12.16 09:49:49.944,1.03985,1.04,13.60,1.00
2009.12.16 09:49:50.214,1.0398,1.03995,13.60,2.40
2009.12.16 09:49:50.554,1.0398,1.03995,7.20,1.90
2009.12.16 09:49:50.893,1.0398,1.03995,2.40,1.60
2009.12.16 09:49:51.584,1.0398,1.03995,7.20,1.60
2009.12.16 09:49:52.433,1.0398,1.04,2.40,13.60
2009.12.16 09:49:53.353,1.0398,1.04,2.40,13.60
2009.12.16 09:49:53.523,1.0398,1.03995,2.40,2.20
2009.12.16 09:49:53.883,1.03975,1.03985,4.80,1.60
2009.12.16 09:49:54.233,1.03975,1.0399,1.00,4.00
2009.12.16 09:49:56.002,1.0398,1.0399,1.00,2.40
2009.12.16 09:49:56.342,1.0398,1.03995,2.40,1.90
2009.12.16 09:49:56.682,1.0398,1.03995,2.40,1.60
2009.12.16 09:50:02.791,1.0398,1.03995,2.50,1.60
2009.12.16 09:50:03.071,1.0398,1.04,4.10,13.60
2009.12.16 09:50:08.009,1.03985,1.04,1.00,13.60
2009.12.16 09:50:09.389,1.0398,1.04,4.10,13.60
2009.12.16 09:50:11.499,1.03985,1.04,1.00,13.60
2009.12.16 09:50:15.807,1.0398,1.04005,4.10,27.70
2009.12.16 09:50:17.317,1.03985,1.04,1.00,13.60
2009.12.16 09:50:20.056,1.0398,1.04,4.10,13.60
2009.12.16 09:50:20.567,1.03985,1.04,1.60,13.60
2009.12.16 09:50:21.446,1.03985,1.04,1.60,13.60
2009.12.16 09:50:21.796,1.03985,1.04,1.60,12.00
2009.12.16 09:50:22.146,1.03985,1.04,1.00,8.80
2009.12.16 09:50:22.566,1.03985,1.04,1.00,13.60
2009.12.16 09:50:26.325,1.03985,1.04,2.40,11.20
2009.12.16 09:50:26.555,1.03985,1.04,4.00,4.80
2009.12.16 09:50:27.425,1.03985,1.04005,4.00,23.90
2009.12.16 09:50:27.715,1.03985,1.04005,4.00,22.30
2009.12.16 09:50:35.563,1.03985,1.04005,4.00,21.50
2009.12.16 09:50:35.733,1.03985,1.04005,4.00,16.70
2009.12.16 09:50:35.903,1.03985,1.04005,8.80,16.70
2009.12.16 09:50:36.893,1.03985,1.04,6.40,2.40
2009.12.16 09:50:37.063,1.03985,1.04,8.80,1.60
2009.12.16 09:50:37.352,1.03985,1.04005,4.00,22.30
2009.12.16 09:50:39.532,1.03985,1.04,1.60,2.40
2009.12.16 09:50:40.122,1.03985,1.04,4.00,4.80
2009.12.16 09:50:41.101,1.03985,1.04,1.60,2.40
2009.12.16 09:50:41.481,1.03985,1.04,1.00,13.60
2009.12.16 09:50:48.239,1.03985,1.04,1.60,13.60
2009.12.16 09:50:48.889,1.03985,1.04,1.00,13.60
2009.12.16 09:50:52.018,1.03985,1.04,1.60,13.60
2009.12.16 09:50:53.628,1.0399,1.04,1.60,9.60
2009.12.16 09:50:53.978,1.0399,1.04005,1.60,15.10
2009.12.16 09:50:54.317,1.0399,1.04005,1.60,10.30
2009.12.16 09:50:54.657,1.0399,1.04005,1.60,7.10
2009.12.16 09:50:55.357,1.0399,1.04005,1.60,7.50
2009.12.16 09:51:01.056,1.03995,1.04005,8.80,1.50
2009.12.16 09:51:01.286,1.03995,1.04005,10.80,1.10
2009.12.16 09:51:01.506,1.04,1.0401,1.00,2.40
2009.12.16 09:51:01.846,1.04,1.0401,1.60,2.40
2009.12.16 09:51:02.196,1.04,1.0401,2.40,2.40
2009.12.16 09:51:02.546,1.04005,1.0401,1.00,2.40
2009.12.16 09:51:02.896,1.04005,1.04015,1.00,2.40
2009.12.16 09:51:03.945,1.04,1.04015,9.60,2.40
2009.12.16 09:51:04.335,1.04,1.04015,4.80,2.40
2009.12.16 09:51:04.685,1.04005,1.0402,1.00,12.80
2009.12.16 09:51:05.545,1.04005,1.0402,1.00,8.80
2009.12.16 09:51:07.095,1.0401,1.0402,1.00,7.20
2009.12.16 09:51:07.215,1.0401,1.0402,1.00,4.80
2009.12.16 09:51:07.425,1.0401,1.0402,1.00,7.20
2009.12.16 09:51:07.535,1.04005,1.0402,5.60,2.40
2009.12.16 09:51:07.654,1.04005,1.0402,5.60,4.00
2009.12.16 09:51:07.774,1.04005,1.0402,5.60,2.40
2009.12.16 09:51:08.634,1.0401,1.0402,1.00,2.40
2009.12.16 09:51:08.974,1.0401,1.0402,1.60,2.40
2009.12.16 09:51:09.324,1.04015,1.0403,6.40,4.00
2009.12.16 09:51:10.294,1.04015,1.0403,6.40,2.40
2009.12.16 09:51:11.034,1.04015,1.0403,6.40,4.00
2009.12.16 09:51:11.384,1.04015,1.0403,6.40,2.40
2009.12.16 09:51:13.733,1.04015,1.0403,6.40,4.00
2009.12.16 09:51:14.083,1.04015,1.04025,4.80,2.40
2009.12.16 09:51:14.433,1.04015,1.04025,1.60,2.40
2009.12.16 09:51:16.522,1.0401,1.04025,11.20,2.40
2009.12.16 09:51:16.762,1.04005,1.04025,24.10,2.40
2009.12.16 09:51:16.992,1.0401,1.04025,13.60,4.00
2009.12.16 09:51:17.212,1.0401,1.04025,6.40,4.00
2009.12.16 09:51:17.432,1.0401,1.04025,6.40,2.40
2009.12.16 09:51:29.119,1.04015,1.04025,2.40,1.60
2009.12.16 09:51:29.859,1.0402,1.0403,12.10,2.40
2009.12.16 09:51:30.139,1.04025,1.04035,4.80,4.00
2009.12.16 09:51:30.429,1.04025,1.0403,4.80,2.40
2009.12.16 09:51:30.659,1.0402,1.0404,13.70,4.00
2009.12.16 09:51:36.157,1.0402,1.0404,13.60,4.00
2009.12.16 09:51:39.697,1.0402,1.04035,11.20,2.40
2009.12.16 09:51:39.917,1.0402,1.0404,13.60,4.00
2009.12.16 09:51:40.157,1.0402,1.0404,8.80,4.00
2009.12.16 09:51:42.406,1.04025,1.0404,1.60,4.00
2009.12.16 09:51:44.066,1.04025,1.0404,1.00,4.00
2009.12.16 09:51:47.565,1.0402,1.0404,9.20,4.00
2009.12.16 09:51:47.795,1.0402,1.0404,14.00,4.00
2009.12.16 09:51:48.025,1.0402,1.0404,16.10,2.40
2009.12.16 09:51:48.715,1.04025,1.0404,15.20,2.40
2009.12.16 09:51:49.065,1.04025,1.0404,10.40,2.40
2009.12.16 09:51:51.204,1.0403,1.0404,1.00,2.40
2009.12.16 09:51:51.364,1.04025,1.0404,15.20,2.40
2009.12.16 09:51:51.534,1.04025,1.0404,10.40,2.40
2009.12.16 09:51:52.044,1.04025,1.0404,10.80,2.40
2009.12.16 09:51:52.214,1.0403,1.0404,1.00,2.40
2009.12.16 09:51:52.574,1.0403,1.04045,17.60,2.40
2009.12.16 09:51:52.924,1.04035,1.0405,4.80,1.60
2009.12.16 09:51:53.643,1.04035,1.0405,7.20,1.60
2009.12.16 09:51:53.983,1.04035,1.0405,4.80,4.00
2009.12.16 09:51:54.673,1.04035,1.0405,1.00,4.00
2009.12.16 09:51:57.272,1.0403,1.04045,14.40,2.40
2009.12.16 09:51:57.492,1.0403,1.04045,4.00,2.40
2009.12.16 09:51:57.782,1.04025,1.0404,10.50,2.40
2009.12.16 09:51:58.062,1.04025,1.0404,15.30,2.40
2009.12.16 09:51:58.352,1.04025,1.0404,10.50,2.40
2009.12.16 09:51:58.932,1.04025,1.0404,10.40,2.40
2009.12.16 09:52:01.941,1.0403,1.0404,1.60,2.40
2009.12.16 09:52:04.651,1.0403,1.0404,1.60,2.40
2009.12.16 09:52:04.941,1.0403,1.0404,1.60,2.40
2009.12.16 09:52:13.279,1.04025,1.0404,10.40,2.40
2009.12.16 09:52:13.928,1.04025,1.0404,15.20,2.40
2009.12.16 09:52:19.577,1.04025,1.04045,15.20,6.20
2009.12.16 09:52:19.807,1.04025,1.0404,10.40,4.00
2009.12.16 09:52:22.826,1.04025,1.0404,8.80,4.00
2009.12.16 09:52:24.896,1.04025,1.0404,10.40,4.00
2009.12.16 09:52:25.016,1.04025,1.0404,15.20,4.00
2009.12.16 09:52:25.136,1.04025,1.04045,15.30,7.40
2009.12.16 09:52:26.096,1.04025,1.0404,15.30,2.40
2009.12.16 09:52:38.633,1.04025,1.0404,13.70,4.00
2009.12.16 09:52:38.853,1.04025,1.0404,13.60,4.00
2009.12.16 09:52:39.542,1.04025,1.0404,8.80,4.00
2009.12.16 09:52:41.922,1.04025,1.0404,10.60,2.40
2009.12.16 09:52:42.372,1.04025,1.0404,15.30,2.40
2009.12.16 09:52:42.602,1.04025,1.0404,15.30,4.00
2009.12.16 09:52:45.191,1.04025,1.0404,15.20,4.00
2009.12.16 09:52:45.591,1.04025,1.0404,13.60,4.00
2009.12.16 09:52:45.831,1.04025,1.0404,8.80,4.00
2009.12.16 09:52:46.830,1.04025,1.0404,6.40,4.00
2009.12.16 09:52:47.060,1.04025,1.04035,4.80,4.40
2009.12.16 09:52:47.300,1.04025,1.04035,4.80,1.60
2009.12.16 09:52:47.530,1.0402,1.04035,8.80,1.60
2009.12.16 09:52:48.010,1.0402,1.04035,7.20,1.60
2009.12.16 09:52:54.628,1.04015,1.04035,15.70,6.00
2009.12.16 09:52:54.858,1.04015,1.04035,15.70,6.80
2009.12.16 09:52:55.259,1.0402,1.04035,1.00,6.80
2009.12.16 09:52:56.968,1.0402,1.04035,11.20,6.80
2009.12.16 09:52:57.138,1.0402,1.04035,11.20,6.80
2009.12.16 09:52:57.488,1.0402,1.04035,6.40,6.80
2009.12.16 09:52:57.668,1.0402,1.04035,1.60,6.80
2009.12.16 09:52:58.568,1.0402,1.0404,4.00,8.80
2009.12.16 09:52:58.738,1.0402,1.04035,13.70,1.60
2009.12.16 09:52:59.087,1.0402,1.0404,13.70,4.00
2009.12.16 09:52:59.427,1.0402,1.0404,14.50,4.00
2009.12.16 09:53:02.457,1.04025,1.0404,1.00,4.00
2009.12.16 09:53:02.857,1.04025,1.0404,4.80,4.00
2009.12.16 09:53:03.197,1.0403,1.0404,2.40,1.60
2009.12.16 09:53:03.536,1.0403,1.04045,2.40,8.80
2009.12.16 09:53:03.827,1.0403,1.04045,2.40,4.00
2009.12.16 09:53:07.335,1.0403,1.04045,2.40,4.00
2009.12.16 09:53:07.506,1.0403,1.0404,1.00,1.60
2009.12.16 09:53:07.625,1.0403,1.04045,2.40,4.00
2009.12.16 09:53:07.915,1.0403,1.04045,2.50,4.00
2009.12.16 09:53:08.096,1.04035,1.04045,1.00,1.60
2009.12.16 09:53:08.625,1.04035,1.0405,7.20,1.60
2009.12.16 09:53:11.104,1.04035,1.04055,8.80,7.20
2009.12.16 09:53:14.054,1.04045,1.04055,1.60,2.40
2009.12.16 09:53:14.444,1.0405,1.0406,1.60,7.20
2009.12.16 09:53:14.794,1.0405,1.04065,7.20,2.40
2009.12.16 09:53:15.144,1.0405,1.04065,9.60,2.40
2009.12.16 09:53:15.484,1.0405,1.04065,10.40,2.40
2009.12.16 09:53:15.824,1.04055,1.04065,1.60,2.40
2009.12.16 09:53:16.153,1.0405,1.04065,8.80,2.40
2009.12.16 09:53:16.893,1.0405,1.04065,8.80,3.40
2009.12.16 09:53:17.183,1.0405,1.04065,1.60,7.20
2009.12.16 09:53:17.873,1.0405,1.04065,1.60,2.40
2009.12.16 09:53:18.213,1.0405,1.0406,1.60,2.40
2009.12.16 09:53:18.683,1.0405,1.04065,1.60,2.50
2009.12.16 09:53:19.373,1.0405,1.0406,1.60,2.40
2009.12.16 09:53:19.713,1.0405,1.04065,1.60,2.40
2009.12.16 09:53:20.063,1.0405,1.04065,1.60,2.40
2009.12.16 09:53:20.462,1.0405,1.04065,1.60,8.10
2009.12.16 09:53:20.682,1.0405,1.0406,1.60,2.40
2009.12.16 09:53:22.642,1.0405,1.0406,1.60,2.40
2009.12.16 09:53:22.762,1.04045,1.0406,1.60,2.40
2009.12.16 09:53:22.812,1.04045,1.0406,1.60,3.30
2009.12.16 09:53:22.872,1.04045,1.04055,1.60,2.40
2009.12.16 09:53:24.411,1.04045,1.04055,6.40,2.40
2009.12.16 09:53:25.441,1.04045,1.0406,1.60,3.30
2009.12.16 09:53:25.721,1.04045,1.04055,1.60,2.40
2009.12.16 09:53:30.240,1.04045,1.0406,1.60,2.40
2009.12.16 09:53:31.180,1.04045,1.0406,6.40,2.40
2009.12.16 09:53:31.480,1.0405,1.04065,1.60,12.10
2009.12.16 09:53:31.820,1.0405,1.04065,1.60,11.20
2009.12.16 09:53:32.240,1.04045,1.0406,6.40,2.40
2009.12.16 09:53:32.469,1.04045,1.0406,1.60,2.40
2009.12.16 09:53:39.368,1.04045,1.04055,1.60,1.00
2009.12.16 09:53:39.708,1.0404,1.04055,1.60,2.40
2009.12.16 09:53:41.207,1.0404,1.04055,1.60,2.40
2009.12.16 09:53:42.727,1.04045,1.0406,1.60,7.20
2009.12.16 09:53:43.477,1.04045,1.0406,1.60,2.40
2009.12.16 09:53:45.256,1.04045,1.0406,1.60,7.20
2009.12.16 09:53:48.985,1.04045,1.04055,1.60,2.40
2009.12.16 09:53:52.615,1.04045,1.0406,1.60,7.20
2009.12.16 09:53:55.284,1.04045,1.04055,1.60,2.40
2009.12.16 09:53:55.864,1.0404,1.04055,8.80,2.40
2009.12.16 09:54:01.333,1.04045,1.04055,1.60,2.40
2009.12.16 09:54:04.072,1.0404,1.04055,8.80,2.40
2009.12.16 09:54:04.942,1.04045,1.04055,1.60,2.40
2009.12.16 09:54:05.331,1.04045,1.04055,1.60,2.40
2009.12.16 09:54:07.961,1.0404,1.04055,1.60,2.40
2009.12.16 09:54:08.531,1.0404,1.04055,1.60,2.40
2009.12.16 09:54:08.831,1.0404,1.04055,11.20,2.40
2009.12.16 09:54:09.780,1.0404,1.0406,6.40,7.20
2009.12.16 09:54:10.560,1.0404,1.0406,6.40,8.80
2009.12.16 09:54:11.930,1.0404,1.0406,8.80,4.00
2009.12.16 09:54:15.069,1.0404,1.0406,8.80,8.80
2009.12.16 09:54:16.829,1.04045,1.0406,1.60,8.80
2009.12.16 09:54:17.109,1.04045,1.0406,1.60,2.40
2009.12.16 09:54:22.347,1.0404,1.0406,13.60,4.00
2009.12.16 09:54:22.558,1.04045,1.0406,2.40,1.60
2009.12.16 09:54:22.787,1.0404,1.0406,9.60,8.80
2009.12.16 09:54:22.957,1.04045,1.0406,1.60,2.40
2009.12.16 09:54:26.247,1.04045,1.0406,4.00,2.40
2009.12.16 09:54:26.576,1.04045,1.0406,8.90,2.40
2009.12.16 09:54:26.926,1.04045,1.04055,6.40,2.40
2009.12.16 09:54:29.806,1.04045,1.04055,1.60,2.40
2009.12.16 09:54:30.146,1.04035,1.0405,11.20,2.40
2009.12.16 09:54:30.495,1.04035,1.0405,6.40,2.40
2009.12.16 09:54:32.155,1.04035,1.04045,6.40,2.40
2009.12.16 09:54:32.775,1.04035,1.04045,1.60,2.40
2009.12.16 09:54:34.005,1.04035,1.04045,6.40,2.40
2009.12.16 09:54:34.704,1.04035,1.04045,1.60,2.40
2009.12.16 09:54:42.663,1.04035,1.04045,1.60,7.20
2009.12.16 09:54:42.953,1.0403,1.04045,4.00,2.40
2009.12.16 09:54:43.832,1.0403,1.04045,4.00,2.40
2009.12.16 09:54:44.162,1.0403,1.04045,1.60,2.40
2009.12.16 09:54:44.572,1.0403,1.04045,1.60,6.40
2009.12.16 09:54:44.962,1.04025,1.0404,1.60,4.00
2009.12.16 09:54:45.252,1.04025,1.0404,1.60,2.40
2009.12.16 09:54:54.020,1.0403,1.04045,6.40,3.20
2009.12.16 09:54:54.370,1.0403,1.04045,7.20,4.00
2009.12.16 09:54:54.720,1.0403,1.04045,2.40,2.40
2009.12.16 09:54:55.900,1.0403,1.04045,1.60,2.40
2009.12.16 09:54:56.789,1.04025,1.04045,8.80,4.00
2009.12.16 09:54:57.189,1.0403,1.04045,1.60,2.40
2009.12.16 09:54:59.248,1.0403,1.04045,1.60,4.00
2009.12.16 09:55:02.298,1.04025,1.04045,8.80,4.00
2009.12.16 09:55:04.158,1.0403,1.04045,1.60,2.40
2009.12.16 09:55:06.177,1.04025,1.04045,8.80,4.00
2009.12.16 09:55:06.967,1.0403,1.04045,4.10,2.40
2009.12.16 09:55:07.187,1.0403,1.04045,16.00,2.40
2009.12.16 09:55:07.427,1.04035,1.0405,1.60,4.00
2009.12.16 09:55:08.356,1.04035,1.04045,1.60,2.40
2009.12.16 09:55:08.637,1.0403,1.04045,6.40,2.40
2009.12.16 09:55:09.216,1.0403,1.04045,1.60,2.40
2009.12.16 09:55:09.566,1.0403,1.0404,1.60,2.40
2009.12.16 09:55:09.926,1.0403,1.0404,4.80,2.40
2009.12.16 09:55:10.096,1.0403,1.04045,1.00,4.00
2009.12.16 09:55:10.436,1.0403,1.04045,1.60,2.40
2009.12.16 09:55:11.926,1.04025,1.0404,6.40,3.30
2009.12.16 09:55:12.166,1.04025,1.0404,6.40,2.40
2009.12.16 09:55:12.455,1.04025,1.0404,1.60,4.00
2009.12.16 09:55:12.805,1.04025,1.0404,1.60,2.40
2009.12.16 09:55:13.555,1.04025,1.04035,1.60,2.40
2009.12.16 09:55:15.685,1.0402,1.04035,11.20,2.40
2009.12.16 09:55:16.264,1.04025,1.04035,1.60,2.40
2009.12.16 09:55:19.874,1.04025,1.0404,1.60,2.40
2009.12.16 09:55:23.463,1.0402,1.0404,13.60,4.00
2009.12.16 09:55:23.523,1.04025,1.0404,1.60,2.40
2009.12.16 09:55:24.143,1.04025,1.0404,1.60,2.40
2009.12.16 09:55:24.483,1.0402,1.04035,13.60,2.40
2009.12.16 09:55:24.883,1.0402,1.0403,4.80,2.40
2009.12.16 09:55:25.172,1.04015,1.04025,6.40,2.40
2009.12.16 09:55:25.512,1.04015,1.04025,1.60,2.40
2009.12.16 09:55:33.540,1.0401,1.04025,4.80,4.00
2009.12.16 09:55:33.770,1.0401,1.04025,1.60,16.80
2009.12.16 09:55:33.990,1.04005,1.04025,13.70,15.20
2009.12.16 09:55:34.220,1.0401,1.04025,1.60,20.00
2009.12.16 09:55:34.750,1.04005,1.04025,8.90,22.70
2009.12.16 09:55:35.150,1.04,1.04015,13.60,15.60
2009.12.16 09:55:35.450,1.04,1.04015,4.00,16.40
2009.12.16 09:55:35.800,1.04,1.04015,4.00,24.00
2009.12.16 09:55:36.670,1.04,1.04015,4.00,20.80
2009.12.16 09:55:37.060,1.04,1.04015,4.00,28.80
2009.12.16 09:55:37.399,1.04,1.04015,4.00,24.00
2009.12.16 09:55:38.029,1.04,1.04015,4.00,28.80
2009.12.16 09:55:38.969,1.04,1.04015,4.00,28.80
2009.12.16 09:55:40.788,1.04,1.04015,4.00,28.40
2009.12.16 09:55:43.448,1.04,1.04015,4.00,28.80
2009.12.16 09:55:52.956,1.04,1.04015,2.40,30.40
2009.12.16 09:55:53.016,1.04,1.04015,2.40,30.50
2009.12.16 09:55:53.066,1.03995,1.04015,5.20,30.50
2009.12.16 09:55:53.126,1.03995,1.04015,5.10,30.40
2009.12.16 09:55:53.186,1.03995,1.04015,4.10,30.40
2009.12.16 09:55:53.246,1.03995,1.04015,4.00,30.40
2009.12.16 09:55:53.586,1.03995,1.04015,4.00,30.80
2009.12.16 09:55:53.646,1.03995,1.0401,4.00,4.80
2009.12.16 09:55:53.986,1.03995,1.0401,4.10,4.80
2009.12.16 09:55:54.326,1.03995,1.0401,4.90,4.80
2009.12.16 09:55:54.705,1.03995,1.04015,4.00,30.80
2009.12.16 09:55:54.985,1.03995,1.0401,4.00,4.80
2009.12.16 09:55:56.415,1.03995,1.0401,4.00,7.20
2009.12.16 09:55:56.805,1.03995,1.0401,4.00,4.80
2009.12.16 09:55:57.634,1.03995,1.04005,4.00,2.00
2009.12.16 09:55:57.964,1.03995,1.0401,4.00,9.60
2009.12.16 09:55:58.584,1.03995,1.0401,4.00,4.80
2009.12.16 09:55:59.104,1.03995,1.0401,1.60,7.20
2009.12.16 09:55:59.504,1.03985,1.04,4.80,4.80
2009.12.16 09:55:59.854,1.0398,1.04005,19.10,24.80
2009.12.16 09:56:00.204,1.03985,1.04005,4.00,28.80
2009.12.16 09:56:00.544,1.03985,1.04005,4.00,31.20
2009.12.16 09:56:00.714,1.03985,1.04005,4.00,36.00
2009.12.16 09:56:07.382,1.03985,1.04005,4.00,36.00
2009.12.16 09:56:07.612,1.0399,1.04005,4.00,28.00
2009.12.16 09:56:07.892,1.03995,1.04005,4.00,10.00
2009.12.16 09:56:08.132,1.04,1.0401,2.40,9.60
2009.12.16 09:56:08.362,1.03995,1.04015,4.00,14.00
2009.12.16 09:56:08.592,1.03995,1.04015,4.00,9.20
2009.12.16 09:56:08.812,1.03995,1.04015,4.00,14.80
2009.12.16 09:56:10.321,1.03995,1.0402,13.60,38.70
2009.12.16 09:56:10.382,1.03995,1.04015,13.60,17.60
2009.12.16 09:56:10.791,1.03995,1.04015,8.80,22.40
2009.12.16 09:56:10.911,1.03995,1.04015,4.00,27.20
2009.12.16 09:56:12.291,1.03995,1.04015,4.00,27.60
2009.12.16 09:56:13.121,1.03995,1.04015,4.00,26.40
2009.12.16 09:56:13.981,1.03995,1.04015,4.00,27.20
2009.12.16 09:56:17.870,1.03995,1.04015,4.00,18.40
2009.12.16 09:56:17.990,1.04,1.04015,2.40,18.40
2009.12.16 09:56:18.109,1.04,1.04015,2.40,13.60
2009.12.16 09:56:18.969,1.04,1.04015,4.00,13.60
2009.12.16 09:56:19.599,1.04,1.04015,4.00,12.00
2009.12.16 09:56:19.949,1.04,1.04015,4.00,11.20
2009.12.16 09:56:20.689,1.04,1.04015,4.00,12.80
2009.12.16 09:56:20.929,1.04,1.04015,4.00,11.20
2009.12.16 09:56:22.009,1.04,1.04015,2.40,25.60
2009.12.16 09:56:22.239,1.04,1.0401,2.40,9.60
2009.12.16 09:56:22.468,1.04,1.0401,2.40,4.80
2009.12.16 09:56:22.699,1.04,1.04015,2.40,26.80
2009.12.16 09:56:22.918,1.03995,1.0401,4.00,2.40
2009.12.16 09:56:24.728,1.03995,1.04015,4.00,38.80
2009.12.16 09:56:25.518,1.04,1.0401,2.40,1.60
2009.12.16 09:56:25.628,1.04,1.04015,2.40,34.80
2009.12.16 09:56:25.868,1.04,1.04015,2.40,33.20
2009.12.16 09:56:26.098,1.04,1.04015,2.40,28.40
2009.12.16 09:56:26.258,1.04,1.04015,2.40,24.40
2009.12.16 09:56:28.417,1.04,1.04015,2.40,23.60
2009.12.16 09:56:28.647,1.04,1.04015,2.40,15.60
2009.12.16 09:56:28.877,1.04,1.04015,2.40,14.00
2009.12.16 09:56:29.107,1.04,1.04015,2.40,8.40
2009.12.16 09:56:29.337,1.04,1.04015,7.20,8.40
2009.12.16 09:56:29.867,1.04,1.04015,8.80,6.80
2009.12.16 09:56:30.696,1.04,1.04015,8.80,6.80
2009.12.16 09:56:31.146,1.04,1.04015,8.80,6.80
2009.12.16 09:56:31.317,1.04,1.04015,8.80,6.80
2009.12.16 09:56:31.666,1.04,1.04015,8.80,6.80
2009.12.16 09:56:31.956,1.04,1.04015,8.80,6.80
2009.12.16 09:56:34.006,1.04,1.04015,8.80,6.40
2009.12.16 09:56:34.346,1.04,1.0402,8.80,9.50
2009.12.16 09:56:34.686,1.04005,1.04015,7.20,1.00
2009.12.16 09:56:34.976,1.04005,1.0402,2.40,4.00
2009.12.16 09:56:38.315,1.04005,1.0402,2.40,4.10
2009.12.16 09:56:38.615,1.04005,1.0402,2.40,4.00
2009.12.16 09:56:41.784,1.04005,1.04015,4.00,1.00
2009.12.16 09:56:42.194,1.04005,1.0402,4.00,2.40
2009.12.16 09:56:43.993,1.04005,1.0402,2.40,4.00
2009.12.16 09:56:44.163,1.04,1.0402,13.70,4.00
2009.12.16 09:56:44.324,1.04,1.04015,13.60,1.00
2009.12.16 09:56:44.543,1.04,1.0402,14.70,4.00
2009.12.16 09:56:44.893,1.04005,1.04025,2.40,18.70
2009.12.16 09:56:46.563,1.04005,1.04015,2.40,1.00
2009.12.16 09:56:47.173,1.04,1.04015,13.60,1.00
2009.12.16 09:56:47.462,1.04,1.0402,13.60,4.00
2009.12.16 09:56:47.743,1.04,1.04015,13.60,1.00
2009.12.16 09:56:48.542,1.04,1.0402,13.60,4.00
2009.12.16 09:56:48.712,1.04,1.04015,13.60,1.00
2009.12.16 09:56:49.062,1.04,1.0402,13.60,4.00
2009.12.16 09:56:50.142,1.04005,1.0402,7.40,2.40
2009.12.16 09:56:50.372,1.0401,1.04025,2.40,1.60
2009.12.16 09:56:51.012,1.0401,1.04025,12.00,1.60
2009.12.16 09:56:52.391,1.0401,1.04025,13.60,1.60
2009.12.16 09:56:52.671,1.0401,1.04025,13.60,1.60
2009.12.16 09:56:53.021,1.0401,1.0403,13.60,4.00
2009.12.16 09:56:55.151,1.04015,1.0403,2.40,1.60
2009.12.16 09:56:57.560,1.04015,1.0403,2.40,2.30
2009.12.16 09:56:57.800,1.0401,1.0402,9.60,1.00
2009.12.16 09:56:58.040,1.04,1.04015,12.00,5.60
2009.12.16 09:56:58.280,1.04005,1.04015,4.80,5.60
2009.12.16 09:56:58.500,1.04,1.04015,12.00,6.40
2009.12.16 09:56:58.840,1.04,1.04015,2.40,8.00
2009.12.16 09:56:59.230,1.04,1.04015,7.20,8.00
2009.12.16 09:56:59.580,1.04005,1.04015,2.40,4.00
2009.12.16 09:56:59.920,1.03995,1.04015,15.60,1.60
2009.12.16 09:57:00.319,1.03995,1.0401,6.00,4.80
2009.12.16 09:57:00.620,1.03995,1.04015,9.20,6.40
2009.12.16 09:57:01.529,1.03995,1.04015,14.80,1.60
2009.12.16 09:57:02.039,1.04005,1.04015,2.40,4.80
2009.12.16 09:57:02.389,1.04,1.04015,2.50,6.80
2009.12.16 09:57:02.739,1.03995,1.04015,14.00,1.60
2009.12.16 09:57:02.969,1.03995,1.04015,13.60,1.60
2009.12.16 09:57:06.008,1.04,1.04015,1.60,4.00
2009.12.16 09:57:06.188,1.04,1.0401,1.60,2.40
2009.12.16 09:57:06.698,1.03995,1.0401,2.40,4.00
2009.12.16 09:57:06.928,1.03995,1.0401,4.00,1.60
2009.12.16 09:57:07.268,1.03995,1.0401,8.80,1.60
2009.12.16 09:57:07.598,1.03995,1.0401,4.00,1.60
2009.12.16 09:57:08.398,1.03995,1.0401,2.40,1.60
2009.12.16 09:57:09.687,1.03995,1.0401,4.00,1.60
2009.12.16 09:57:10.547,1.04,1.04015,1.00,18.00
2009.12.16 09:57:10.717,1.04005,1.04015,2.40,6.80
2009.12.16 09:57:10.837,1.04005,1.04015,2.40,11.20
2009.12.16 09:57:11.007,1.04,1.04015,1.00,11.20
2009.12.16 09:57:11.347,1.04005,1.04015,2.40,1.60
2009.12.16 09:57:16.985,1.04005,1.04015,2.40,1.60
2009.12.16 09:57:17.326,1.04005,1.04015,2.40,1.60
2009.12.16 09:57:18.125,1.04005,1.0402,2.40,4.00
2009.12.16 09:57:18.465,1.04005,1.04015,2.40,1.60
2009.12.16 09:57:23.724,1.04005,1.04025,8.10,22.40
2009.12.16 09:57:24.064,1.04005,1.0402,2.40,4.00
2009.12.16 09:57:26.963,1.04,1.04015,12.90,1.60
2009.12.16 09:57:27.193,1.04005,1.04015,2.40,1.60
2009.12.16 09:57:27.423,1.04005,1.04015,2.40,1.60
2009.12.16 09:57:30.222,1.04005,1.04015,2.40,1.60
2009.12.16 09:57:30.812,1.04005,1.04015,2.40,1.60
2009.12.16 09:57:30.932,1.04005,1.04015,2.40,1.70
2009.12.16 09:57:31.042,1.04005,1.04015,2.40,1.60
2009.12.16 09:57:31.162,1.04,1.04015,2.40,1.60
2009.12.16 09:57:31.222,1.04,1.04015,2.40,1.60
2009.12.16 09:57:31.332,1.04,1.04015,4.00,1.60
2009.12.16 09:57:31.662,1.04,1.04015,2.40,1.60
2009.12.16 09:57:32.072,1.04005,1.04015,2.40,1.60
2009.12.16 09:57:34.561,1.04005,1.04015,2.40,1.60
2009.12.16 09:57:35.181,1.04005,1.04015,2.40,1.60
2009.12.16 09:57:35.771,1.04005,1.04015,2.40,1.60
2009.12.16 09:57:36.071,1.04005,1.04015,2.40,1.60
2009.12.16 09:57:37.681,1.04005,1.04015,2.40,1.60
2009.12.16 09:57:38.190,1.04,1.04015,4.00,1.60
2009.12.16 09:57:38.361,1.04,1.04015,2.40,1.60
2009.12.16 09:57:38.530,1.04,1.04015,2.40,4.00
2009.12.16 09:57:38.810,1.04,1.04015,2.40,4.00
2009.12.16 09:57:38.990,1.04,1.04015,2.40,1.60
2009.12.16 09:57:40.690,1.04,1.04015,2.40,1.60
2009.12.16 09:57:40.970,1.04,1.04015,2.40,1.60
2009.12.16 09:57:41.210,1.04,1.04015,2.40,1.60
2009.12.16 09:57:41.540,1.04,1.04015,2.40,1.60
2009.12.16 09:57:43.501,1.04,1.04015,2.40,1.60
2009.12.16 09:57:43.610,1.04,1.04015,4.00,1.60
2009.12.16 09:57:43.729,1.04,1.04015,8.80,1.60
2009.12.16 09:57:43.839,1.04,1.04015,8.80,4.00
2009.12.16 09:57:43.949,1.04,1.04015,7.20,4.00
2009.12.16 09:57:44.009,1.04,1.04015,2.40,4.00
2009.12.16 09:57:45.309,1.03995,1.0401,20.80,1.60
2009.12.16 09:57:45.489,1.03995,1.04015,20.80,5.60
2009.12.16 09:57:45.658,1.04,1.04015,4.80,5.60
2009.12.16 09:57:46.068,1.03995,1.04015,15.20,5.60
2009.12.16 09:57:46.238,1.03995,1.04015,15.20,17.60
2009.12.16 09:57:46.578,1.0399,1.0401,14.40,4.00
2009.12.16 09:57:46.968,1.0399,1.0401,14.40,4.30
2009.12.16 09:57:47.298,1.0399,1.04005,14.40,1.00
2009.12.16 09:57:47.648,1.0399,1.04005,8.00,1.60
2009.12.16 09:57:48.908,1.0399,1.04005,3.20,1.60
2009.12.16 09:57:50.168,1.0399,1.04005,1.00,4.00
2009.12.16 09:57:50.527,1.03985,1.03995,8.00,1.00
2009.12.16 09:57:50.867,1.0398,1.04,7.20,6.80
2009.12.16 09:57:51.147,1.0398,1.03995,8.00,1.60
2009.12.16 09:57:51.437,1.0398,1.03995,14.40,1.60
2009.12.16 09:57:51.737,1.0398,1.03995,3.20,1.60
2009.12.16 09:57:52.077,1.03975,1.03995,20.80,5.60
2009.12.16 09:57:52.417,1.03975,1.03995,16.00,5.60
2009.12.16 09:57:53.107,1.03975,1.03995,20.00,5.60
2009.12.16 09:57:54.706,1.03975,1.0399,4.00,4.00
2009.12.16 09:57:55.126,1.0397,1.0399,14.40,8.00
2009.12.16 09:57:55.426,1.0397,1.03985,7.20,1.60
2009.12.16 09:57:56.066,1.0397,1.03985,2.40,1.60
2009.12.16 09:57:56.406,1.03965,1.03985,20.50,5.60
2009.12.16 09:57:56.636,1.03965,1.03985,18.80,9.60
2009.12.16 09:57:56.856,1.0397,1.03985,4.80,9.60
2009.12.16 09:57:57.086,1.03965,1.03985,19.60,5.60
2009.12.16 09:57:57.316,1.03965,1.0398,7.20,1.60
2009.12.16 09:57:57.546,1.03965,1.0398,1.60,4.00
2009.12.16 09:57:58.245,1.0396,1.03975,11.20,2.40
2009.12.16 09:57:58.585,1.03955,1.03975,15.60,10.40
2009.12.16 09:57:58.975,1.03965,1.0398,4.80,8.00
2009.12.16 09:57:59.305,1.0396,1.0398,8.80,12.80
2009.12.16 09:57:59.645,1.0396,1.0398,8.80,8.00
2009.12.16 09:57:59.935,1.0396,1.0398,8.80,8.00
2009.12.16 09:58:00.275,1.03965,1.0398,1.60,4.00
2009.12.16 09:58:00.565,1.0397,1.03985,4.00,11.20
2009.12.16 09:58:00.905,1.0397,1.0399,4.00,13.60
2009.12.16 09:58:01.245,1.0397,1.0399,8.80,8.80
2009.12.16 09:58:01.935,1.0397,1.03985,8.80,1.00
2009.12.16 09:58:02.275,1.0397,1.0399,9.60,4.00
2009.12.16 09:58:02.615,1.0397,1.0399,8.80,8.80
2009.12.16 09:58:02.965,1.0397,1.03985,6.40,5.60
2009.12.16 09:58:03.594,1.0397,1.03985,1.60,5.60
2009.12.16 09:58:03.914,1.03965,1.03985,12.50,5.60
2009.12.16 09:58:04.294,1.0397,1.03985,1.60,5.60
2009.12.16 09:58:05.304,1.03965,1.03985,18.10,5.60
2009.12.16 09:58:05.644,1.03965,1.03985,18.50,5.60
2009.12.16 09:58:05.814,1.0397,1.03985,1.60,5.60
2009.12.16 09:58:08.953,1.0397,1.03985,1.60,5.60
2009.12.16 09:58:09.343,1.03975,1.0399,2.40,1.60
2009.12.16 09:58:09.683,1.03975,1.0399,7.20,1.60
2009.12.16 09:58:10.043,1.03975,1.0399,2.40,1.60
2009.12.16 09:58:10.383,1.03975,1.0399,4.80,4.00
2009.12.16 09:58:10.673,1.03975,1.0399,8.80,1.60
2009.12.16 09:58:11.012,1.03975,1.0399,2.40,1.60
2009.12.16 09:58:11.592,1.0398,1.03995,2.40,6.80
2009.12.16 09:58:11.882,1.0398,1.03995,2.40,8.40
2009.12.16 09:58:12.172,1.0398,1.0399,7.20,1.60
2009.12.16 09:58:12.442,1.0398,1.0399,4.80,1.60
2009.12.16 09:58:13.032,1.03975,1.0399,8.90,1.60
2009.12.16 09:58:13.962,1.0398,1.03995,1.00,6.00
2009.12.16 09:58:14.292,1.0398,1.03995,9.60,6.00
2009.12.16 09:58:14.652,1.03975,1.03995,18.90,4.00
2009.12.16 09:58:15.002,1.0398,1.03995,1.00,4.00
2009.12.16 09:58:15.691,1.03975,1.03995,19.30,4.00
2009.12.16 09:58:15.911,1.0398,1.03995,1.00,4.00
2009.12.16 09:58:16.421,1.03975,1.04,18.90,18.40
2009.12.16 09:58:16.601,1.03975,1.03995,18.90,4.00
2009.12.16 09:58:16.771,1.0398,1.03995,1.00,4.00
2009.12.16 09:58:19.820,1.0398,1.03995,1.00,8.80
2009.12.16 09:58:20.160,1.03975,1.03995,8.80,8.80
2009.12.16 09:58:21.030,1.03975,1.03995,8.80,10.00
2009.12.16 09:58:21.260,1.03975,1.0399,12.00,1.60
2009.12.16 09:58:21.500,1.03975,1.0399,12.00,4.00
2009.12.16 09:58:21.680,1.03975,1.0399,7.20,4.00
2009.12.16 09:58:21.900,1.03975,1.0399,2.40,4.00
2009.12.16 09:58:22.130,1.03975,1.0399,2.40,4.10
2009.12.16 09:58:22.480,1.0397,1.03985,13.60,1.60
2009.12.16 09:58:22.830,1.0397,1.03985,8.80,1.60
2009.12.16 09:58:23.529,1.03975,1.03985,1.60,1.60
2009.12.16 09:58:23.819,1.03975,1.0398,1.60,1.60
2009.12.16 09:58:23.989,1.0397,1.03985,13.60,1.60
2009.12.16 09:58:25.069,1.03975,1.0398,2.40,1.60
2009.12.16 09:58:25.429,1.0397,1.03985,3.20,2.80
2009.12.16 09:58:25.709,1.0397,1.0398,4.00,1.60
2009.12.16 09:58:26.049,1.0397,1.03985,4.00,2.00
2009.12.16 09:58:26.339,1.0397,1.0398,3.20,1.60
2009.12.16 09:58:26.629,1.03965,1.0398,4.80,4.00
2009.12.16 09:58:26.919,1.03965,1.0398,3.20,4.00
2009.12.16 09:58:27.209,1.03965,1.0398,3.20,4.00
2009.12.16 09:58:27.499,1.03965,1.0398,3.60,4.00
2009.12.16 09:58:27.778,1.03965,1.0398,2.80,4.00
2009.12.16 09:58:28.138,1.03965,1.0398,7.60,4.00
2009.12.16 09:58:28.428,1.0397,1.0398,2.40,1.60
2009.12.16 09:58:28.778,1.0397,1.03985,2.40,1.60
2009.12.16 09:58:32.717,1.0397,1.03985,2.40,1.60
2009.12.16 09:58:33.127,1.0397,1.03985,7.20,1.60
2009.12.16 09:58:33.297,1.0397,1.03985,4.80,4.00
2009.12.16 09:58:33.707,1.03965,1.03985,18.10,4.00
2009.12.16 09:58:34.057,1.03975,1.03985,4.80,1.60
2009.12.16 09:58:34.407,1.0397,1.03985,7.20,1.60
2009.12.16 09:58:36.127,1.0397,1.03985,7.20,1.60
2009.12.16 09:58:36.416,1.0397,1.03985,2.40,1.60
2009.12.16 09:58:37.036,1.0397,1.03985,2.40,5.60
2009.12.16 09:58:37.316,1.0397,1.03985,2.40,1.60
2009.12.16 09:58:39.086,1.0397,1.03985,4.00,1.60
2009.12.16 09:58:40.135,1.0397,1.03985,2.40,1.60
2009.12.16 09:58:43.095,1.0397,1.03985,2.40,1.70
2009.12.16 09:58:43.255,1.0397,1.03985,2.40,1.60
2009.12.16 09:58:44.704,1.03965,1.03985,19.60,4.00
2009.12.16 09:58:45.064,1.03965,1.03985,18.80,4.00
2009.12.16 09:58:45.864,1.03965,1.0398,18.80,1.60
2009.12.16 09:58:47.824,1.03965,1.03985,18.80,4.00
2009.12.16 09:58:50.103,1.03965,1.03985,18.90,4.10
2009.12.16 09:58:50.433,1.03965,1.03975,13.10,1.00
2009.12.16 09:58:50.553,1.03965,1.03975,10.70,2.40
2009.12.16 09:58:50.613,1.03965,1.03975,1.60,2.40
2009.12.16 09:58:50.843,1.03965,1.03975,1.60,2.40
2009.12.16 09:58:50.897,1.0396,1.03975,11.20,4.00
2009.12.16 09:58:51.073,1.0396,1.03975,1.60,4.00
2009.12.16 09:58:51.473,1.0396,1.03975,1.60,4.00
2009.12.16 09:58:51.773,1.0396,1.03975,1.60,4.00
2009.12.16 09:58:52.183,1.03965,1.0398,1.00,4.00
2009.12.16 09:58:52.533,1.03965,1.0398,7.90,1.60
2009.12.16 09:58:52.883,1.03965,1.0398,11.20,1.60
2009.12.16 09:58:53.242,1.03965,1.0398,12.80,1.60
2009.12.16 09:58:54.212,1.03965,1.0398,11.60,4.00
2009.12.16 09:58:54.552,1.0396,1.0398,13.60,4.00
2009.12.16 09:58:54.822,1.0396,1.0398,13.60,4.00
2009.12.16 09:58:55.502,1.03965,1.0398,1.00,4.00
2009.12.16 09:59:00.670,1.03965,1.0398,1.00,4.00
2009.12.16 09:59:01.360,1.03965,1.0398,2.80,1.60
2009.12.16 09:59:01.650,1.03965,1.0398,5.60,11.20
2009.12.16 09:59:01.940,1.03965,1.0398,5.60,6.40
2009.12.16 09:59:02.230,1.03965,1.0398,5.60,1.60
2009.12.16 09:59:02.510,1.03965,1.0398,6.00,1.60
2009.12.16 09:59:03.090,1.03965,1.0398,10.80,1.60
2009.12.16 09:59:03.260,1.03965,1.0398,12.40,1.60
2009.12.16 09:59:04.090,1.03965,1.0398,12.60,1.60
2009.12.16 09:59:05.439,1.03965,1.0398,11.00,1.60
2009.12.16 09:59:07.249,1.03965,1.0398,12.60,1.60
2009.12.16 09:59:08.249,1.03965,1.0398,11.00,1.60
2009.12.16 09:59:08.939,1.03965,1.0398,10.60,1.60
2009.12.16 09:59:12.837,1.03965,1.0398,1.00,13.60
2009.12.16 09:59:12.998,1.03965,1.0398,1.00,4.00
2009.12.16 09:59:13.227,1.0396,1.0398,14.40,4.00
2009.12.16 09:59:13.397,1.0396,1.0398,14.50,4.00
2009.12.16 09:59:13.567,1.0396,1.0398,13.70,4.00
2009.12.16 09:59:14.397,1.0396,1.0398,13.60,4.00
2009.12.16 09:59:15.087,1.0396,1.0398,13.60,4.00
2009.12.16 09:59:15.437,1.0396,1.0398,8.80,4.00
2009.12.16 09:59:16.537,1.0396,1.0398,8.80,4.00
2009.12.16 09:59:16.647,1.0396,1.0398,13.60,4.00
2009.12.16 09:59:17.487,1.0396,1.03975,7.20,1.60
2009.12.16 09:59:17.836,1.03955,1.0397,18.00,1.60
2009.12.16 09:59:18.107,1.03955,1.0397,10.00,4.00
2009.12.16 09:59:18.276,1.03955,1.0397,8.40,4.00
2009.12.16 09:59:18.386,1.0395,1.03965,15.20,2.40
2009.12.16 09:59:18.556,1.0395,1.03965,4.80,2.40
2009.12.16 09:59:19.206,1.0395,1.03965,4.00,2.40
2009.12.16 09:59:19.896,1.0395,1.0397,4.00,18.40
2009.12.16 09:59:22.975,1.0395,1.03965,4.40,2.40
2009.12.16 09:59:23.085,1.03955,1.03965,1.00,2.40
2009.12.16 09:59:23.435,1.03955,1.03965,1.00,4.00
2009.12.16 09:59:23.555,1.0395,1.03965,4.00,4.00
2009.12.16 09:59:24.355,1.0395,1.03965,4.80,4.00
2009.12.16 09:59:24.735,1.0395,1.03965,2.40,4.00
2009.12.16 09:59:25.085,1.03945,1.03965,17.60,4.00
2009.12.16 09:59:26.574,1.03945,1.03965,17.20,4.00
2009.12.16 09:59:27.254,1.03955,1.03965,1.60,4.00
2009.12.16 09:59:27.594,1.0395,1.03965,2.40,8.80
2009.12.16 09:59:27.934,1.0395,1.03965,2.40,4.00
2009.12.16 09:59:28.734,1.03945,1.03965,18.40,4.00
2009.12.16 09:59:28.954,1.03945,1.03965,17.60,4.00
2009.12.16 09:59:30.813,1.03945,1.0396,6.40,1.60
2009.12.16 09:59:31.043,1.0394,1.0396,15.70,4.00
2009.12.16 09:59:31.223,1.0394,1.03955,4.00,1.60
2009.12.16 09:59:31.453,1.0394,1.0396,4.00,14.40
2009.12.16 09:59:31.843,1.0394,1.0396,4.00,13.60
2009.12.16 09:59:32.643,1.03945,1.0396,1.60,8.80
2009.12.16 09:59:32.923,1.03945,1.0396,1.60,12.00
2009.12.16 09:59:33.213,1.03945,1.0396,1.60,7.20
2009.12.16 09:59:35.552,1.03945,1.0396,4.00,4.80
2009.12.16 09:59:36.292,1.03945,1.0396,4.40,4.80
2009.12.16 09:59:37.252,1.0395,1.0396,2.40,4.80
2009.12.16 09:59:37.591,1.0395,1.0396,4.00,4.80
2009.12.16 09:59:40.641,1.0395,1.0396,2.40,4.80
2009.12.16 09:59:41.051,1.0395,1.03965,4.00,8.80
2009.12.16 09:59:41.501,1.0395,1.03965,2.40,8.80
2009.12.16 09:59:42.470,1.0395,1.03965,4.80,7.20
2009.12.16 09:59:42.701,1.0396,1.03965,2.40,4.80
2009.12.16 09:59:42.920,1.0396,1.03965,2.40,9.60
2009.12.16 09:59:43.210,1.0396,1.03965,2.40,4.80
2009.12.16 09:59:43.430,1.0396,1.03975,7.20,1.60
2009.12.16 09:59:44.510,1.03955,1.03975,20.00,4.00
2009.12.16 09:59:44.860,1.03955,1.03975,14.80,4.00
2009.12.16 09:59:45.210,1.03955,1.03975,15.60,4.00
2009.12.16 09:59:45.560,1.03955,1.03975,14.40,4.00
2009.12.16 09:59:49.019,1.03955,1.03975,14.00,4.00
2009.12.16 09:59:49.259,1.0396,1.03975,2.40,4.00
2009.12.16 09:59:49.549,1.03955,1.03975,13.60,8.80
2009.12.16 09:59:53.058,1.0396,1.03975,2.40,6.40
2009.12.16 09:59:53.578,1.0396,1.03975,8.00,1.60
2009.12.16 09:59:53.698,1.03965,1.0398,4.80,8.00
2009.12.16 09:59:53.987,1.0396,1.0398,14.40,8.00
2009.12.16 09:59:56.087,1.0396,1.0398,13.60,8.80
2009.12.16 09:59:56.257,1.0396,1.03975,11.20,2.40
2009.12.16 09:59:56.427,1.0396,1.03975,9.60,13.60
2009.12.16 09:59:56.787,1.03955,1.0397,6.40,2.40
2009.12.16 09:59:57.177,1.0395,1.0397,4.00,8.80
2009.12.16 09:59:57.517,1.03955,1.0397,1.00,8.80
2009.12.16 09:59:57.867,1.03955,1.03975,1.60,21.60
2009.12.16 09:59:58.217,1.0395,1.0397,13.60,1.60
2009.12.16 09:59:59.187,1.03955,1.0397,1.00,4.00
2009.12.16 09:59:59.526,1.0395,1.0397,14.40,4.00
2009.12.16 09:59:59.876,1.0395,1.0397,13.60,4.00
