2012.12.24 20:00:00.709,0.91512,0.91542,1.88,1.50
2012.12.24 20:00:01.209,0.9151,0.91544,1.88,1.50
2012.12.24 20:00:01.898,0.91511,0.91545,1.50,2.25
2012.12.24 20:00:03.096,0.91512,0.91545,2.40,2.25
2012.12.24 20:00:03.416,0.91522,0.91551,1.50,1.90
2012.12.24 20:00:05.367,0.91524,0.91551,1.50,1.15
2012.12.24 20:00:05.885,0.91523,0.91549,1.50,1.17
2012.12.24 20:00:06.568,0.91523,0.91549,1.50,1.17
2012.12.24 20:00:17.804,0.91521,0.91549,1.50,1.17
2012.12.24 20:00:25.426,0.91516,0.91549,2.25,1.92
2012.12.24 20:00:51.201,0.91526,0.91548,1.50,1.19
2012.12.24 20:01:02.556,0.91526,0.91549,1.50,1.25
2012.12.24 20:01:03.096,0.9152,0.91549,1.50,1.25
2012.12.24 20:01:03.226,0.9152,0.91551,1.50,1.12
2012.12.24 20:01:03.547,0.91525,0.91551,1.50,1.12
2012.12.24 20:01:06.235,0.91524,0.91548,1.50,1.58
2012.12.24 20:01:13.136,0.91523,0.91548,1.50,1.58
2012.12.24 20:01:13.576,0.91522,0.91552,1.50,1.54
2012.12.24 20:01:13.646,0.91522,0.91552,1.50,1.54
2012.12.24 20:01:18.236,0.91523,0.91554,2.25,1.47
2012.12.24 20:01:18.676,0.91521,0.91554,2.63,1.47
2012.12.24 20:01:22.618,0.91521,0.91545,2.63,1.32
2012.12.24 20:01:27.216,0.91522,0.91545,1.50,1.32
2012.12.24 20:01:27.285,0.9153,0.91546,1.50,1.69
2012.12.24 20:01:28.807,0.91522,0.91546,1.50,1.69
2012.12.24 20:01:31.125,0.9152,0.91546,3.23,1.13
2012.12.24 20:01:31.683,0.9153,0.9155,1.50,1.13
2012.12.24 20:01:33.120,0.9153,0.91553,1.50,1.13
2012.12.24 20:01:33.516,0.91529,0.91553,1.50,1.39
2012.12.24 20:01:34.939,0.91536,0.91553,1.50,1.39
2012.12.24 20:01:35.796,0.91538,0.91553,1.50,1.39
2012.12.24 20:01:35.866,0.91536,0.91553,1.50,1.39
2012.12.24 20:01:36.116,0.91538,0.91553,1.50,1.39
2012.12.24 20:01:36.185,0.91538,0.9156,1.50,2.14
2012.12.24 20:01:36.516,0.91535,0.9156,1.50,2.14
2012.12.24 20:01:37.465,0.91531,0.91558,2.25,2.14
2012.12.24 20:01:37.536,0.91539,0.91553,2.25,1.02
2012.12.24 20:01:39.912,0.91539,0.91555,2.25,1.50
2012.12.24 20:01:40.674,0.91539,0.91555,2.25,1.50
2012.12.24 20:01:41.621,0.91539,0.91555,1.50,1.50
2012.12.24 20:01:42.107,0.91538,0.91554,1.50,1.50
2012.12.24 20:01:45.347,0.91538,0.91554,2.25,1.50
2012.12.24 20:01:45.535,0.9154,0.91556,1.50,1.50
2012.12.24 20:01:46.906,0.9154,0.91555,2.25,1.50
2012.12.24 20:01:49.405,0.91544,0.91558,1.50,1.54
2012.12.24 20:01:49.715,0.9154,0.91556,1.50,1.50
2012.12.24 20:01:52.055,0.9154,0.91556,1.50,1.50
2012.12.24 20:01:52.585,0.91541,0.91556,1.50,1.50
2012.12.24 20:01:55.045,0.91541,0.91558,1.50,1.54
2012.12.24 20:01:55.176,0.91541,0.91561,1.50,3.00
2012.12.24 20:01:55.739,0.91541,0.91562,1.50,1.13
2012.12.24 20:01:57.159,0.91541,0.91562,1.50,1.13
2012.12.24 20:02:01.117,0.91539,0.91562,2.25,1.13
2012.12.24 20:02:01.545,0.91539,0.91562,1.50,1.13
2012.12.24 20:02:01.677,0.91539,0.91562,1.50,1.13
2012.12.24 20:02:02.225,0.91539,0.9156,1.50,1.50
2012.12.24 20:02:09.346,0.91543,0.91559,1.50,1.50
2012.12.24 20:02:09.537,0.91537,0.91559,2.03,1.50
2012.12.24 20:02:16.045,0.91536,0.91559,1.50,1.50
2012.12.24 20:02:19.186,0.9154,0.91559,2.25,1.50
2012.12.24 20:02:21.345,0.91542,0.91559,1.50,1.50
2012.12.24 20:02:21.846,0.91544,0.91559,1.50,1.50
2012.12.24 20:02:21.976,0.91541,0.91559,1.50,1.50
2012.12.24 20:02:22.047,0.91537,0.91559,1.13,1.88
2012.12.24 20:02:24.175,0.91535,0.91557,1.13,1.13
2012.12.24 20:02:29.576,0.91535,0.91559,1.13,1.88
2012.12.24 20:02:30.964,0.91535,0.9156,1.13,1.13
2012.12.24 20:02:43.085,0.91536,0.91558,1.13,1.13
2012.12.24 20:02:43.156,0.91536,0.91558,1.13,1.13
2012.12.24 20:02:44.884,0.91536,0.91558,1.13,1.13
2012.12.24 20:02:50.992,0.91537,0.91557,1.13,1.13
2012.12.24 20:03:01.002,0.91537,0.9156,1.50,1.50
2012.12.24 20:03:11.135,0.91536,0.9156,1.50,1.50
2012.12.24 20:03:25.946,0.91536,0.9156,1.50,1.50
2012.12.24 20:03:29.304,0.91536,0.9156,1.50,1.50
2012.12.24 20:03:30.852,0.91536,0.91564,1.50,4.13
2012.12.24 20:03:31.035,0.91536,0.91559,1.50,1.50
2012.12.24 20:03:31.576,0.91536,0.91559,1.13,1.50
2012.12.24 20:03:33.715,0.91536,0.91559,1.13,1.50
2012.12.24 20:03:38.245,0.91536,0.91559,1.50,1.50
2012.12.24 20:03:41.086,0.91536,0.91559,1.50,1.50
2012.12.24 20:04:26.815,0.91534,0.91559,1.50,1.50
2012.12.24 20:04:26.885,0.91534,0.91559,1.50,1.50
2012.12.24 20:04:27.197,0.91536,0.91559,1.13,1.50
2012.12.24 20:04:43.925,0.91536,0.91555,1.13,1.50
2012.12.24 20:04:44.286,0.91535,0.91555,1.13,1.50
2012.12.24 20:05:01.087,0.91536,0.91555,1.50,1.50
2012.12.24 20:05:07.686,0.91535,0.91555,1.50,1.50
2012.12.24 20:05:07.815,0.91535,0.91558,1.50,1.35
2012.12.24 20:05:07.946,0.91535,0.91555,1.50,1.50
2012.12.24 20:05:33.776,0.91534,0.91555,1.50,2.25
2012.12.24 20:05:36.076,0.91522,0.91553,1.88,1.88
2012.12.24 20:05:36.204,0.91522,0.91549,1.13,1.50
2012.12.24 20:05:36.770,0.91521,0.91549,1.88,1.50
2012.12.24 20:06:02.344,0.9152,0.91553,1.13,1.88
2012.12.24 20:06:02.477,0.91527,0.91553,1.50,1.88
2012.12.24 20:06:02.605,0.91527,0.91553,1.50,1.50
2012.12.24 20:06:10.197,0.91527,0.91552,2.33,1.50
2012.12.24 20:06:10.754,0.91528,0.91552,1.73,1.50
2012.12.24 20:06:18.484,0.91527,0.91552,1.50,1.50
2012.12.24 20:06:18.795,0.91525,0.91552,3.45,1.50
2012.12.24 20:06:20.864,0.91526,0.91552,1.50,1.50
2012.12.24 20:06:20.925,0.91528,0.91552,2.33,1.50
2012.12.24 20:06:21.299,0.91526,0.91552,3.00,1.50
2012.12.24 20:06:22.535,0.91531,0.91552,2.70,1.50
2012.12.24 20:06:23.095,0.91533,0.91552,1.50,1.50
2012.12.24 20:06:27.554,0.91531,0.91552,1.35,1.50
2012.12.24 20:06:27.856,0.91532,0.91552,2.78,1.50
2012.12.24 20:06:36.545,0.91533,0.91554,1.50,1.88
2012.12.24 20:06:37.375,0.91531,0.91554,1.50,2.25
2012.12.24 20:06:38.239,0.9153,0.91553,1.20,1.50
2012.12.24 20:06:38.545,0.91529,0.91552,1.50,1.50
2012.12.24 20:06:38.685,0.91528,0.91552,1.50,1.50
2012.12.24 20:06:38.755,0.91528,0.91552,1.50,1.50
2012.12.24 20:06:39.065,0.91525,0.91552,1.50,1.50
2012.12.24 20:06:40.616,0.91529,0.91553,1.50,1.13
2012.12.24 20:06:42.376,0.91529,0.91554,3.15,1.88
2012.12.24 20:06:42.685,0.91529,0.91554,1.50,2.63
2012.12.24 20:06:43.545,0.91529,0.91554,1.35,1.50
2012.12.24 20:06:44.404,0.91527,0.91554,1.35,1.50
2012.12.24 20:06:47.520,0.91527,0.91555,1.35,1.88
2012.12.24 20:06:47.704,0.91527,0.91554,3.60,1.50
2012.12.24 20:06:53.217,0.9153,0.91556,3.98,2.25
2012.12.24 20:06:54.604,0.91531,0.91556,1.50,1.50
2012.12.24 20:06:55.855,0.9153,0.91556,2.85,1.50
2012.12.24 20:06:56.276,0.91532,0.91559,1.50,1.50
2012.12.24 20:06:56.405,0.91532,0.9156,3.38,1.88
2012.12.24 20:06:57.635,0.91532,0.9156,1.50,1.50
2012.12.24 20:07:02.715,0.91536,0.9156,1.88,1.50
2012.12.24 20:07:07.604,0.91534,0.9156,2.93,1.50
2012.12.24 20:07:22.875,0.91534,0.9156,1.50,1.50
2012.12.24 20:07:28.787,0.91534,0.9156,2.25,1.50
2012.12.24 20:07:28.985,0.91534,0.91558,1.50,1.50
2012.12.24 20:07:29.176,0.91535,0.91558,1.50,1.50
2012.12.24 20:07:32.129,0.91536,0.9156,1.50,1.50
2012.12.24 20:07:37.416,0.91532,0.91556,1.50,1.50
2012.12.24 20:07:42.696,0.91532,0.91557,1.50,1.50
2012.12.24 20:08:02.765,0.91531,0.91556,2.03,1.50
2012.12.24 20:08:02.827,0.9153,0.91556,4.35,1.50
2012.12.24 20:08:21.165,0.91533,0.91561,1.50,2.25
2012.12.24 20:08:21.286,0.91533,0.91556,1.50,1.50
2012.12.24 20:08:22.774,0.91533,0.91556,1.50,1.50
2012.12.24 20:08:33.987,0.91534,0.9156,2.78,1.50
2012.12.24 20:08:34.115,0.91534,0.9156,2.78,1.50
2012.12.24 20:08:34.306,0.91543,0.91561,1.50,2.10
2012.12.24 20:08:34.951,0.91543,0.91563,1.50,1.50
2012.12.24 20:08:41.945,0.91536,0.91563,1.28,1.50
2012.12.24 20:08:42.267,0.91541,0.91564,1.50,2.25
2012.12.24 20:08:42.775,0.91541,0.91563,1.50,1.50
2012.12.24 20:09:02.855,0.91541,0.91565,2.25,1.50
2012.12.24 20:09:18.666,0.91541,0.91567,1.95,1.50
2012.12.24 20:09:22.855,0.91541,0.91567,1.50,1.88
2012.12.24 20:09:23.045,0.91541,0.91567,1.50,2.25
2012.12.24 20:09:27.897,0.91541,0.91567,1.50,2.25
2012.12.24 20:09:31.528,0.91541,0.91567,1.50,2.25
2012.12.24 20:09:31.788,0.9154,0.91569,1.50,1.13
2012.12.24 20:09:32.347,0.9154,0.91569,1.50,1.13
2012.12.24 20:09:38.446,0.91544,0.9157,2.70,1.13
2012.12.24 20:09:38.517,0.91544,0.91569,1.50,1.88
2012.12.24 20:09:39.146,0.91541,0.91569,1.50,1.13
2012.12.24 20:09:39.885,0.91541,0.91569,1.50,1.13
2012.12.24 20:09:40.498,0.91541,0.91568,1.50,1.13
2012.12.24 20:09:42.597,0.91541,0.91568,1.50,1.13
2012.12.24 20:09:43.091,0.91543,0.91569,2.85,1.13
2012.12.24 20:09:43.947,0.91543,0.9157,2.85,1.13
2012.12.24 20:09:46.155,0.91542,0.9157,3.30,1.13
2012.12.24 20:09:47.876,0.91542,0.91568,3.30,1.50
2012.12.24 20:09:48.306,0.91542,0.9157,3.30,1.13
2012.12.24 20:09:48.516,0.91542,0.9157,1.35,1.13
2012.12.24 20:09:49.136,0.9154,0.91569,3.60,1.13
2012.12.24 20:09:49.667,0.91542,0.91569,1.50,1.13
2012.12.24 20:09:50.350,0.91542,0.91569,2.93,1.13
2012.12.24 20:09:50.736,0.91545,0.91572,2.55,1.50
2012.12.24 20:09:51.645,0.91545,0.91572,1.20,2.25
2012.12.24 20:09:54.785,0.91544,0.9157,3.00,1.13
2012.12.24 20:09:59.164,0.91544,0.91571,1.50,1.13
2012.12.24 20:10:02.150,0.91545,0.91571,1.50,1.13
2012.12.24 20:10:03.056,0.91545,0.9157,1.50,1.13
2012.12.24 20:10:04.886,0.91544,0.9157,1.50,1.13
2012.12.24 20:10:05.226,0.91544,0.9157,1.50,1.88
2012.12.24 20:10:22.925,0.91542,0.9157,1.50,2.25
2012.12.24 20:10:23.176,0.91542,0.9157,1.50,1.88
2012.12.24 20:10:23.485,0.91544,0.9157,1.50,1.13
2012.12.24 20:10:34.406,0.91544,0.9157,1.50,1.13
2012.12.24 20:10:38.077,0.91544,0.9157,1.50,1.13
2012.12.24 20:10:38.850,0.91544,0.9157,1.50,1.13
2012.12.24 20:10:39.735,0.91544,0.91569,1.50,1.50
2012.12.24 20:10:40.582,0.91553,0.91571,1.50,1.88
2012.12.24 20:10:41.305,0.91555,0.91571,1.50,1.13
2012.12.24 20:10:42.980,0.91553,0.91571,1.28,1.13
2012.12.24 20:10:45.478,0.91552,0.91572,1.50,1.13
2012.12.24 20:10:46.345,0.91554,0.91572,1.50,1.13
2012.12.24 20:10:46.946,0.91554,0.91572,1.50,1.13
2012.12.24 20:10:50.296,0.91554,0.9157,1.50,1.13
2012.12.24 20:10:51.297,0.91549,0.9157,1.50,1.13
2012.12.24 20:10:58.060,0.91549,0.9157,1.50,1.13
2012.12.24 20:11:03.205,0.91553,0.9157,1.50,1.13
2012.12.24 20:11:19.236,0.91551,0.91572,1.20,1.13
2012.12.24 20:11:19.836,0.91551,0.91572,1.20,1.13
2012.12.24 20:11:23.116,0.91551,0.91572,1.95,1.13
2012.12.24 20:11:23.856,0.9155,0.91573,1.50,1.13
2012.12.24 20:11:24.316,0.9155,0.91573,1.50,1.13
2012.12.24 20:11:33.278,0.91547,0.91569,1.50,1.88
2012.12.24 20:11:33.347,0.91547,0.91567,1.50,1.50
2012.12.24 20:11:33.607,0.91549,0.91566,1.50,1.13
2012.12.24 20:11:33.677,0.91549,0.91567,1.50,1.50
2012.12.24 20:11:34.219,0.91551,0.91568,1.50,1.50
2012.12.24 20:11:34.285,0.91551,0.91567,1.50,1.50
2012.12.24 20:11:34.867,0.91551,0.91569,1.50,1.50
2012.12.24 20:11:42.056,0.9155,0.9157,1.50,1.13
2012.12.24 20:11:42.675,0.9155,0.91569,1.50,1.13
2012.12.24 20:11:43.777,0.9155,0.91569,1.50,1.13
2012.12.24 20:12:03.325,0.91551,0.91572,1.50,1.50
2012.12.24 20:12:23.257,0.91553,0.91572,1.50,2.25
2012.12.24 20:12:23.566,0.91553,0.9157,1.50,1.13
2012.12.24 20:12:29.467,0.91553,0.91572,1.50,1.50
2012.12.24 20:12:29.637,0.91552,0.9157,1.50,1.13
2012.12.24 20:12:31.335,0.91552,0.91569,1.50,1.13
2012.12.24 20:12:40.095,0.91552,0.91569,1.50,1.13
2012.12.24 20:12:42.465,0.91554,0.9157,1.50,1.13
2012.12.24 20:12:43.265,0.91554,0.91572,1.50,1.50
2012.12.24 20:12:44.916,0.91554,0.91572,1.50,1.50
2012.12.24 20:12:55.865,0.91553,0.91571,1.50,1.13
2012.12.24 20:13:03.387,0.91553,0.91569,1.50,1.13
2012.12.24 20:13:18.488,0.91553,0.91571,1.50,1.13
2012.12.24 20:13:23.415,0.91553,0.91572,1.50,1.88
2012.12.24 20:13:24.019,0.91553,0.91572,1.50,1.50
2012.12.24 20:13:24.905,0.91553,0.91572,1.50,1.50
2012.12.24 20:13:25.464,0.91553,0.91572,1.50,1.50
2012.12.24 20:13:33.217,0.91553,0.91573,1.50,2.25
2012.12.24 20:13:33.939,0.91553,0.91571,1.50,1.13
2012.12.24 20:13:35.581,0.91553,0.91571,1.50,1.13
2012.12.24 20:13:36.153,0.91553,0.9157,1.50,1.13
2012.12.24 20:13:37.496,0.91554,0.91571,1.50,1.13
2012.12.24 20:13:43.393,0.91554,0.91571,1.50,1.13
2012.12.24 20:13:48.278,0.91551,0.9157,1.50,1.50
2012.12.24 20:13:48.707,0.91553,0.91571,1.50,1.13
2012.12.24 20:13:49.245,0.91554,0.91571,1.50,1.88
2012.12.24 20:13:55.667,0.91553,0.91571,1.50,1.13
2012.12.24 20:14:01.204,0.91553,0.91571,1.50,1.13
2012.12.24 20:14:03.495,0.91554,0.91571,1.50,1.13
2012.12.24 20:14:05.247,0.91555,0.91572,1.50,1.50
2012.12.24 20:14:07.905,0.91555,0.91572,1.50,1.13
2012.12.24 20:14:17.925,0.91548,0.91572,2.25,1.13
2012.12.24 20:14:18.056,0.91544,0.91577,3.38,1.35
2012.12.24 20:14:18.143,0.91546,0.91577,2.10,1.35
2012.12.24 20:14:18.346,0.91546,0.91577,2.10,1.13
2012.12.24 20:14:20.797,0.91546,0.91577,2.10,1.13
2012.12.24 20:14:21.108,0.91546,0.91583,2.10,1.50
2012.12.24 20:14:21.316,0.91545,0.91584,2.85,1.50
2012.12.24 20:14:21.449,0.91545,0.91583,2.85,1.50
2012.12.24 20:14:21.757,0.91545,0.91583,2.85,1.50
2012.12.24 20:14:22.093,0.91545,0.91583,2.85,1.50
2012.12.24 20:14:24.966,0.91545,0.91582,2.85,1.13
2012.12.24 20:14:25.157,0.91544,0.91582,2.63,1.13
2012.12.24 20:14:25.757,0.91544,0.91582,1.13,1.13
2012.12.24 20:14:25.947,0.91544,0.91589,1.88,1.95
2012.12.24 20:14:27.935,0.91544,0.91586,2.63,1.13
2012.12.24 20:14:28.486,0.91545,0.9159,1.50,1.50
2012.12.24 20:14:28.997,0.91545,0.91593,1.50,1.50
2012.12.24 20:14:33.608,0.91538,0.91581,2.25,2.25
2012.12.24 20:14:33.926,0.91538,0.91574,1.50,1.50
2012.12.24 20:14:34.146,0.91538,0.91574,1.50,1.50
2012.12.24 20:14:34.727,0.91538,0.9157,1.50,1.50
2012.12.24 20:14:38.247,0.91538,0.9157,1.50,1.13
2012.12.24 20:14:40.796,0.91537,0.91569,2.25,3.08
2012.12.24 20:14:40.988,0.9154,0.9157,1.50,1.13
2012.12.24 20:14:41.056,0.9154,0.9157,1.50,1.13
2012.12.24 20:14:43.507,0.9154,0.9157,1.95,1.50
2012.12.24 20:14:43.947,0.9154,0.9157,1.50,1.50
2012.12.24 20:14:44.457,0.9154,0.91569,1.50,1.13
2012.12.24 20:14:46.445,0.9154,0.91569,1.50,1.13
2012.12.24 20:14:48.276,0.9154,0.91569,1.50,1.13
2012.12.24 20:14:49.037,0.9154,0.91569,1.50,1.13
2012.12.24 20:14:50.052,0.91541,0.91572,1.50,1.88
2012.12.24 20:14:50.118,0.91541,0.9157,1.50,1.50
2012.12.24 20:14:52.926,0.91541,0.9157,1.50,1.50
2012.12.24 20:15:36.984,0.91549,0.91571,1.50,1.13
2012.12.24 20:15:38.446,0.91549,0.91572,1.50,2.25
2012.12.24 20:15:48.120,0.91547,0.91573,1.50,1.50
2012.12.24 20:15:54.622,0.91547,0.91572,1.50,1.50
2012.12.24 20:16:01.106,0.91546,0.91574,1.50,1.50
2012.12.24 20:16:14.558,0.91546,0.91573,1.50,1.50
2012.12.24 20:16:31.855,0.91541,0.91574,1.50,1.50
2012.12.24 20:16:32.176,0.91546,0.91573,1.50,1.50
2012.12.24 20:16:35.586,0.91546,0.91573,1.50,1.50
2012.12.24 20:16:38.295,0.91546,0.91571,1.50,1.13
2012.12.24 20:16:38.805,0.91546,0.91571,1.50,1.50
2012.12.24 20:16:40.175,0.91546,0.91575,1.50,1.50
2012.12.24 20:16:44.555,0.91546,0.91574,1.50,1.50
2012.12.24 20:16:47.416,0.91546,0.9157,1.50,1.13
2012.12.24 20:16:48.176,0.91546,0.91572,1.50,1.13
2012.12.24 20:16:48.626,0.91546,0.9157,1.50,1.13
2012.12.24 20:17:00.995,0.91546,0.91569,1.50,1.13
2012.12.24 20:17:02.115,0.91545,0.91569,1.50,1.13
2012.12.24 20:17:11.176,0.91545,0.91569,1.50,1.13
2012.12.24 20:17:16.266,0.91544,0.9157,1.50,1.13
2012.12.24 20:17:17.926,0.91544,0.91567,1.50,1.50
2012.12.24 20:17:18.295,0.91544,0.91567,1.50,1.50
2012.12.24 20:17:18.476,0.91544,0.91566,1.50,1.50
2012.12.24 20:17:18.818,0.91541,0.91567,1.50,1.50
2012.12.24 20:17:18.886,0.91541,0.91567,1.50,1.50
2012.12.24 20:17:19.016,0.91537,0.91567,1.50,1.50
2012.12.24 20:17:19.316,0.9154,0.91569,1.13,1.13
2012.12.24 20:17:19.386,0.9154,0.91569,1.13,1.13
2012.12.24 20:17:19.696,0.91539,0.91567,1.13,1.58
2012.12.24 20:17:20.795,0.91542,0.91569,1.50,1.13
2012.12.24 20:17:20.976,0.91545,0.91569,1.50,1.13
2012.12.24 20:17:21.036,0.91545,0.91572,1.50,2.25
2012.12.24 20:17:21.225,0.91546,0.91572,1.50,1.50
2012.12.24 20:17:21.527,0.91545,0.91572,1.50,1.50
2012.12.24 20:17:21.897,0.91543,0.9157,1.50,1.13
2012.12.24 20:17:22.446,0.91543,0.91569,1.50,1.13
2012.12.24 20:17:23.086,0.91544,0.91569,1.50,1.13
2012.12.24 20:17:23.642,0.91544,0.91569,1.50,1.13
2012.12.24 20:17:24.975,0.91545,0.91569,1.50,1.13
2012.12.24 20:17:25.216,0.91545,0.91572,1.50,1.50
2012.12.24 20:17:26.176,0.91545,0.91571,1.50,1.50
2012.12.24 20:17:26.415,0.91545,0.91572,1.50,1.50
2012.12.24 20:17:27.206,0.91545,0.91569,1.50,1.13
2012.12.24 20:17:27.277,0.91546,0.91572,1.50,1.50
2012.12.24 20:17:28.427,0.91545,0.91572,1.50,2.25
2012.12.24 20:17:28.976,0.91543,0.91569,1.50,1.13
2012.12.24 20:17:29.336,0.91545,0.91572,1.50,1.50
2012.12.24 20:17:30.417,0.91545,0.91571,1.50,1.50
2012.12.24 20:17:30.726,0.91545,0.91568,1.50,1.50
2012.12.24 20:17:31.287,0.91543,0.91568,1.50,1.50
2012.12.24 20:17:31.597,0.9154,0.91568,1.13,1.50
2012.12.24 20:17:31.727,0.9154,0.91568,1.13,1.50
2012.12.24 20:17:31.916,0.9154,0.91568,1.13,1.50
2012.12.24 20:17:31.975,0.91538,0.9157,1.88,1.13
2012.12.24 20:17:32.036,0.91538,0.91569,1.88,1.13
2012.12.24 20:17:32.458,0.91538,0.91567,1.50,1.28
2012.12.24 20:17:32.776,0.91538,0.91565,1.50,2.03
2012.12.24 20:17:32.836,0.91539,0.91567,1.50,1.28
2012.12.24 20:17:32.895,0.91539,0.91565,1.50,1.20
2012.12.24 20:17:33.196,0.91541,0.91565,1.13,1.20
2012.12.24 20:17:33.256,0.91541,0.91569,1.13,1.13
2012.12.24 20:17:33.496,0.91542,0.91572,1.88,1.50
2012.12.24 20:17:34.046,0.91544,0.91572,1.50,1.50
2012.12.24 20:17:34.646,0.91541,0.91569,1.13,1.13
2012.12.24 20:17:35.612,0.91543,0.91572,1.50,1.50
2012.12.24 20:17:37.245,0.91542,0.91569,1.50,1.13
2012.12.24 20:17:37.915,0.91542,0.91569,1.50,1.13
2012.12.24 20:17:38.456,0.91547,0.91572,1.50,1.50
2012.12.24 20:17:38.787,0.91543,0.91572,1.50,1.50
2012.12.24 20:17:39.577,0.91545,0.91571,1.50,1.35
2012.12.24 20:17:39.886,0.91546,0.91572,1.50,1.50
2012.12.24 20:17:40.126,0.91543,0.91571,1.50,1.50
2012.12.24 20:17:40.256,0.91543,0.91569,1.50,1.13
2012.12.24 20:17:40.566,0.91541,0.91566,1.13,1.50
2012.12.24 20:17:40.997,0.91539,0.91562,1.13,1.13
2012.12.24 20:17:41.066,0.91539,0.91562,1.13,1.13
2012.12.24 20:17:41.135,0.91539,0.91562,1.13,1.13
2012.12.24 20:17:41.666,0.91538,0.91565,1.88,2.55
2012.12.24 20:17:42.206,0.91538,0.91566,1.88,1.88
2012.12.24 20:17:42.267,0.91542,0.91569,1.50,1.13
2012.12.24 20:17:42.337,0.91545,0.91571,1.50,2.25
2012.12.24 20:17:42.587,0.91547,0.91572,1.50,1.50
2012.12.24 20:17:46.536,0.91542,0.91569,1.13,1.13
2012.12.24 20:17:48.683,0.91542,0.91572,1.13,1.50
2012.12.24 20:17:48.817,0.91541,0.91569,1.13,1.13
2012.12.24 20:17:49.127,0.91542,0.91569,1.13,1.13
2012.12.24 20:17:49.796,0.91541,0.91568,1.13,2.33
2012.12.24 20:17:49.915,0.91538,0.91568,1.88,2.33
2012.12.24 20:17:51.006,0.91546,0.91572,1.50,1.50
2012.12.24 20:17:51.267,0.91545,0.91571,1.50,1.50
2012.12.24 20:17:51.466,0.91545,0.91571,1.50,1.50
2012.12.24 20:17:52.906,0.91547,0.91572,1.50,1.50
2012.12.24 20:17:53.767,0.91546,0.91572,1.50,1.50
2012.12.24 20:17:56.977,0.91547,0.91572,1.50,1.50
2012.12.24 20:17:57.593,0.91545,0.91572,1.50,1.50
2012.12.24 20:17:57.876,0.91544,0.91572,1.50,1.50
2012.12.24 20:17:58.476,0.91542,0.9157,1.50,1.13
2012.12.24 20:17:59.087,0.91544,0.91572,1.50,1.50
2012.12.24 20:17:59.817,0.91544,0.9157,1.50,1.13
2012.12.24 20:18:01.096,0.91546,0.91572,1.50,1.50
2012.12.24 20:18:01.877,0.91546,0.91572,1.50,1.50
2012.12.24 20:18:05.344,0.91546,0.91572,1.50,1.50
2012.12.24 20:18:05.855,0.91546,0.91572,1.50,1.50
2012.12.24 20:18:06.157,0.91543,0.91569,1.50,1.13
2012.12.24 20:18:07.266,0.91545,0.91572,1.50,1.50
2012.12.24 20:18:07.397,0.91544,0.9157,1.50,1.50
2012.12.24 20:18:07.705,0.91546,0.9157,1.50,1.50
2012.12.24 20:18:07.886,0.91546,0.9157,1.50,1.50
2012.12.24 20:18:09.647,0.91546,0.91572,1.50,1.50
2012.12.24 20:18:11.596,0.91546,0.91574,1.50,1.50
2012.12.24 20:18:12.935,0.91544,0.91574,1.50,2.25
2012.12.24 20:18:13.610,0.91546,0.91574,1.50,1.50
2012.12.24 20:18:14.134,0.91545,0.91575,1.50,1.50
2012.12.24 20:18:15.156,0.91543,0.9157,1.50,1.13
2012.12.24 20:18:15.698,0.91546,0.91575,1.50,1.50
2012.12.24 20:18:16.555,0.91545,0.91573,1.50,1.50
2012.12.24 20:18:17.396,0.91544,0.9157,1.50,1.13
2012.12.24 20:18:17.697,0.91546,0.91575,1.50,1.50
2012.12.24 20:18:18.246,0.91545,0.91571,1.50,1.13
2012.12.24 20:18:19.976,0.91546,0.91576,1.50,1.50
2012.12.24 20:18:20.826,0.91544,0.91574,1.50,1.50
2012.12.24 20:18:21.365,0.91544,0.9157,1.50,1.13
2012.12.24 20:18:21.987,0.91545,0.91576,1.50,1.50
2012.12.24 20:18:22.298,0.91545,0.91577,1.50,1.50
2012.12.24 20:18:23.645,0.91545,0.91574,1.50,1.50
2012.12.24 20:18:24.075,0.91545,0.91574,1.50,1.50
2012.12.24 20:18:24.836,0.91545,0.91574,1.50,1.50
2012.12.24 20:18:25.375,0.91544,0.91572,1.50,1.50
2012.12.24 20:18:26.216,0.91545,0.91575,1.50,1.50
2012.12.24 20:18:26.285,0.91545,0.91573,1.50,1.50
2012.12.24 20:18:26.525,0.91545,0.91577,1.50,2.25
2012.12.24 20:18:28.156,0.91545,0.91576,1.50,1.50
2012.12.24 20:18:29.256,0.91545,0.91575,1.50,1.50
2012.12.24 20:18:30.286,0.91545,0.91575,1.50,1.50
2012.12.24 20:18:31.167,0.91545,0.91573,1.50,1.50
2012.12.24 20:18:31.715,0.91543,0.9157,1.50,1.13
2012.12.24 20:18:32.235,0.91544,0.91575,1.50,1.50
2012.12.24 20:18:32.776,0.91544,0.91576,1.50,1.50
2012.12.24 20:18:33.317,0.91544,0.9157,1.50,1.13
2012.12.24 20:18:33.908,0.91542,0.9157,1.50,1.13
2012.12.24 20:18:34.416,0.91543,0.91573,1.50,1.50
2012.12.24 20:18:35.708,0.91541,0.9157,1.13,1.13
2012.12.24 20:18:36.276,0.91541,0.9157,1.13,1.13
2012.12.24 20:18:36.467,0.91544,0.91573,1.50,1.50
2012.12.24 20:18:36.715,0.91544,0.91577,1.50,2.25
2012.12.24 20:18:37.375,0.91544,0.91574,1.50,1.50
2012.12.24 20:18:38.216,0.91544,0.91577,1.50,1.50
2012.12.24 20:18:38.718,0.91544,0.91575,1.50,1.50
2012.12.24 20:18:38.905,0.91544,0.91577,1.50,1.50
2012.12.24 20:18:38.967,0.91544,0.91577,1.50,1.50
2012.12.24 20:18:39.836,0.91543,0.9157,1.95,1.13
2012.12.24 20:18:40.727,0.91544,0.91575,1.13,1.50
2012.12.24 20:18:40.976,0.91544,0.91576,1.50,1.50
2012.12.24 20:18:41.156,0.91544,0.91576,1.50,1.50
2012.12.24 20:18:44.575,0.91543,0.9157,1.88,1.13
2012.12.24 20:18:44.876,0.91543,0.91571,1.88,1.13
2012.12.24 20:18:45.017,0.91545,0.91577,1.65,1.50
2012.12.24 20:18:45.685,0.91544,0.91577,2.40,1.50
2012.12.24 20:18:48.018,0.91545,0.91574,2.85,1.50
2012.12.24 20:18:48.937,0.91543,0.91571,3.23,1.13
2012.12.24 20:18:49.451,0.91543,0.9157,2.85,1.13
2012.12.24 20:18:50.606,0.91543,0.9157,2.25,1.13
2012.12.24 20:18:50.978,0.91541,0.9157,1.65,1.13
2012.12.24 20:19:02.626,0.91543,0.91569,1.65,1.13
2012.12.24 20:19:02.757,0.91543,0.91569,1.65,1.13
2012.12.24 20:19:03.326,0.91545,0.91571,2.10,1.50
2012.12.24 20:19:04.041,0.91544,0.91571,1.13,1.50
2012.12.24 20:19:05.057,0.91545,0.91571,2.70,1.50
2012.12.24 20:19:06.836,0.91544,0.91571,1.88,1.50
2012.12.24 20:19:08.386,0.91544,0.91571,1.13,1.50
2012.12.24 20:19:09.367,0.91546,0.91571,1.13,1.50
2012.12.24 20:19:10.276,0.91545,0.91571,1.13,1.50
2012.12.24 20:19:20.188,0.91545,0.91569,1.13,1.50
2012.12.24 20:19:20.749,0.91545,0.91569,2.63,1.50
2012.12.24 20:19:21.828,0.91545,0.91569,1.13,1.50
2012.12.24 20:19:22.377,0.91545,0.91571,1.13,1.13
2012.12.24 20:19:25.448,0.91544,0.9157,1.13,1.13
2012.12.24 20:19:29.754,0.91544,0.9157,1.13,1.13
2012.12.24 20:19:31.081,0.91544,0.9157,2.78,1.13
2012.12.24 20:19:32.729,0.91544,0.9157,2.78,1.13
2012.12.24 20:19:39.267,0.91544,0.9157,2.78,1.13
2012.12.24 20:19:44.664,0.91544,0.9157,2.48,1.13
2012.12.24 20:19:50.626,0.91544,0.9157,3.23,1.13
2012.12.24 20:19:51.134,0.91546,0.9157,1.13,1.13
2012.12.24 20:19:55.587,0.91546,0.9157,1.13,1.13
2012.12.24 20:19:58.511,0.91546,0.9157,1.13,1.13
2012.12.24 20:20:11.120,0.91545,0.9157,1.50,1.13
2012.12.24 20:20:22.776,0.91545,0.9157,1.50,1.13
2012.12.24 20:20:29.229,0.91545,0.9157,1.50,1.13
2012.12.24 20:20:29.555,0.91545,0.9157,1.50,1.13
2012.12.24 20:20:43.735,0.91551,0.91571,1.50,1.13
2012.12.24 20:21:01.336,0.9155,0.91572,1.50,1.50
2012.12.24 20:21:12.298,0.91548,0.9157,1.50,1.13
2012.12.24 20:21:13.487,0.91548,0.9157,1.50,1.13
2012.12.24 20:21:18.578,0.91553,0.9157,1.50,1.50
2012.12.24 20:21:18.766,0.9155,0.91574,1.50,1.50
2012.12.24 20:21:19.006,0.9155,0.91574,1.50,1.50
2012.12.24 20:21:20.006,0.9155,0.91572,1.50,1.50
2012.12.24 20:21:21.096,0.9155,0.91572,1.50,1.50
2012.12.24 20:21:35.846,0.9155,0.91572,1.50,1.50
2012.12.24 20:21:40.557,0.9155,0.91571,1.50,1.13
2012.12.24 20:21:40.688,0.9155,0.91571,1.50,1.13
2012.12.24 20:21:41.376,0.9155,0.91572,1.50,1.50
2012.12.24 20:21:46.418,0.91541,0.91573,3.08,1.50
2012.12.24 20:21:46.906,0.91541,0.9157,3.53,1.50
2012.12.24 20:21:49.736,0.91541,0.91572,1.50,1.13
2012.12.24 20:21:49.858,0.91541,0.91569,1.50,1.13
2012.12.24 20:21:53.187,0.9155,0.9157,1.50,1.13
2012.12.24 20:21:59.517,0.91551,0.91569,1.50,1.13
2012.12.24 20:21:59.649,0.91551,0.91569,1.50,1.13
2012.12.24 20:22:01.074,0.91551,0.91573,1.50,1.50
2012.12.24 20:22:03.737,0.91554,0.91573,1.50,1.50
2012.12.24 20:22:04.767,0.91553,0.9158,1.50,1.50
2012.12.24 20:22:05.207,0.91551,0.9158,1.50,1.50
2012.12.24 20:22:05.281,0.91545,0.91583,1.50,1.50
2012.12.24 20:22:05.407,0.9155,0.9158,2.48,1.50
2012.12.24 20:22:10.348,0.91554,0.91581,1.13,1.50
2012.12.24 20:22:10.418,0.91556,0.91581,1.13,1.50
2012.12.24 20:22:10.487,0.91556,0.91581,1.13,1.50
2012.12.24 20:22:14.578,0.91556,0.91581,1.13,1.50
2012.12.24 20:22:21.220,0.91556,0.91581,1.50,1.50
2012.12.24 20:22:33.848,0.91555,0.91577,1.50,1.50
2012.12.24 20:22:34.417,0.91555,0.91577,1.50,1.50
2012.12.24 20:22:36.347,0.91554,0.91577,1.88,2.78
2012.12.24 20:22:36.476,0.91554,0.91577,1.13,4.65
2012.12.24 20:22:39.772,0.91554,0.91576,1.13,2.93
2012.12.24 20:22:39.897,0.91554,0.91576,1.13,1.35
2012.12.24 20:22:40.086,0.91555,0.91577,1.13,2.25
2012.12.24 20:22:53.506,0.91554,0.91577,1.13,2.25
2012.12.24 20:22:54.016,0.91548,0.91577,1.13,2.25
2012.12.24 20:23:08.166,0.91548,0.91577,1.13,2.25
2012.12.24 20:23:11.237,0.91548,0.91577,1.13,2.25
2012.12.24 20:23:26.647,0.91548,0.91577,1.13,2.25
2012.12.24 20:23:35.717,0.91548,0.91577,1.13,1.50
2012.12.24 20:23:38.066,0.91548,0.91577,1.13,1.50
2012.12.24 20:23:41.041,0.91548,0.91577,1.13,1.50
2012.12.24 20:24:05.687,0.91547,0.91577,1.13,1.50
2012.12.24 20:24:06.457,0.91547,0.91577,1.13,1.50
2012.12.24 20:24:11.156,0.91539,0.91577,1.50,1.50
2012.12.24 20:24:38.301,0.91538,0.91577,1.50,1.50
2012.12.24 20:24:38.426,0.91538,0.91577,1.50,3.15
2012.12.24 20:25:24.217,0.91538,0.91576,1.50,1.73
2012.12.24 20:25:35.328,0.91542,0.91579,1.50,3.00
2012.12.24 20:25:35.816,0.91543,0.91579,2.63,1.50
2012.12.24 20:25:39.766,0.91542,0.91579,1.50,1.50
2012.12.24 20:25:42.276,0.91546,0.91579,2.03,1.50
2012.12.24 20:25:45.126,0.91546,0.91579,1.50,1.50
2012.12.24 20:25:49.631,0.91546,0.91581,1.50,1.50
2012.12.24 20:25:49.698,0.91546,0.91584,1.50,2.70
2012.12.24 20:25:49.827,0.91546,0.91584,1.50,1.95
2012.12.24 20:25:50.436,0.91554,0.91584,1.50,1.50
2012.12.24 20:25:51.005,0.91554,0.91584,1.50,1.50
2012.12.24 20:25:52.267,0.91552,0.91584,1.50,1.50
2012.12.24 20:25:52.835,0.91553,0.91585,1.50,1.50
2012.12.24 20:25:53.421,0.91554,0.91585,1.50,1.50
2012.12.24 20:26:14.508,0.91553,0.91585,1.50,3.00
2012.12.24 20:26:20.968,0.91551,0.91582,1.50,1.50
2012.12.24 20:26:21.236,0.91551,0.91581,1.50,2.63
2012.12.24 20:26:22.208,0.91551,0.9158,1.50,1.50
2012.12.24 20:26:22.339,0.91551,0.9158,1.50,1.50
2012.12.24 20:26:22.848,0.91551,0.91584,1.50,1.13
2012.12.24 20:26:27.977,0.91553,0.91586,1.50,2.18
2012.12.24 20:26:29.757,0.91548,0.91587,1.50,1.50
2012.12.24 20:26:37.007,0.91548,0.91587,1.50,1.50
2012.12.24 20:26:37.131,0.91548,0.91587,1.50,3.38
2012.12.24 20:26:54.120,0.91565,0.91587,2.33,2.63
2012.12.24 20:26:54.331,0.91575,0.91589,1.38,1.28
2012.12.24 20:26:54.397,0.91581,0.91599,2.93,1.13
2012.12.24 20:26:54.528,0.91557,0.91598,1.50,1.50
2012.12.24 20:26:54.849,0.9156,0.91598,3.60,1.50
2012.12.24 20:26:55.169,0.91584,0.91599,2.22,1.13
2012.12.24 20:26:55.508,0.91589,0.91607,2.03,1.13
2012.12.24 20:26:56.140,0.91586,0.91599,1.58,1.13
2012.12.24 20:26:57.569,0.91588,0.91601,1.28,1.88
2012.12.24 20:26:57.644,0.91567,0.91601,2.01,1.13
2012.12.24 20:26:57.710,0.9156,0.91601,1.73,1.50
2012.12.24 20:27:08.428,0.91559,0.91598,3.23,1.13
2012.12.24 20:27:08.498,0.91559,0.91598,3.23,1.13
2012.12.24 20:27:11.298,0.91563,0.91597,1.35,1.13
2012.12.24 20:27:11.617,0.91569,0.916,1.13,1.88
2012.12.24 20:27:12.217,0.91569,0.916,1.13,1.88
2012.12.24 20:27:14.568,0.91569,0.91598,1.13,1.13
2012.12.24 20:27:14.639,0.91569,0.91592,1.13,1.13
2012.12.24 20:27:14.708,0.91568,0.91592,1.13,1.50
2012.12.24 20:27:14.838,0.91568,0.91592,1.13,1.13
2012.12.24 20:27:15.028,0.9157,0.91595,1.13,1.50
2012.12.24 20:27:16.407,0.9157,0.91598,1.13,1.13
2012.12.24 20:27:18.039,0.9157,0.91595,1.13,1.13
2012.12.24 20:27:18.347,0.91568,0.91587,1.13,2.40
2012.12.24 20:27:24.498,0.91563,0.91582,1.13,1.50
2012.12.24 20:27:25.086,0.91563,0.91582,1.13,1.50
2012.12.24 20:27:30.968,0.91564,0.91582,1.13,1.50
2012.12.24 20:27:31.487,0.91564,0.91582,1.13,1.50
2012.12.24 20:27:31.690,0.91564,0.91582,1.13,1.50
2012.12.24 20:27:32.227,0.91565,0.91586,1.13,1.50
2012.12.24 20:27:34.171,0.91557,0.91587,1.73,1.50
2012.12.24 20:27:34.297,0.91555,0.91587,1.73,1.50
2012.12.24 20:27:34.367,0.91557,0.91587,1.73,1.50
2012.12.24 20:28:34.358,0.91555,0.91592,1.73,1.28
2012.12.24 20:28:36.879,0.91558,0.91589,1.73,1.50
2012.12.24 20:28:39.367,0.91558,0.91592,1.73,1.50
2012.12.24 20:28:42.357,0.91557,0.91592,1.73,1.50
2012.12.24 20:28:44.268,0.91555,0.91592,1.35,1.50
2012.12.24 20:28:44.400,0.91557,0.91592,1.73,1.50
2012.12.24 20:28:45.218,0.91557,0.9159,1.73,1.50
2012.12.24 20:28:46.348,0.91555,0.9159,1.35,1.50
2012.12.24 20:28:46.667,0.91557,0.91588,1.73,1.50
2012.12.24 20:29:01.558,0.91558,0.91587,1.35,1.50
2012.12.24 20:29:01.879,0.9156,0.91585,1.13,1.58
2012.12.24 20:29:04.470,0.9156,0.91585,1.13,1.50
2012.12.24 20:29:05.044,0.91559,0.91585,1.13,1.50
2012.12.24 20:29:12.519,0.9156,0.91588,1.13,1.50
2012.12.24 20:29:20.989,0.9156,0.91588,1.13,1.50
2012.12.24 20:29:24.470,0.9156,0.91586,1.13,1.50
2012.12.24 20:29:24.969,0.9156,0.91585,1.13,2.93
2012.12.24 20:29:25.369,0.91559,0.91582,1.13,2.10
2012.12.24 20:29:31.117,0.91559,0.91582,1.13,2.10
2012.12.24 20:29:34.858,0.91554,0.91583,1.73,1.50
2012.12.24 20:29:34.928,0.91554,0.91583,1.35,1.50
2012.12.24 20:29:36.139,0.91553,0.91582,1.35,3.00
2012.12.24 20:29:36.458,0.9155,0.91579,1.13,3.68
2012.12.24 20:29:50.987,0.91549,0.91579,2.10,2.93
2012.12.24 20:30:03.273,0.91551,0.91578,1.13,2.25
2012.12.24 20:30:11.059,0.9155,0.91578,1.13,3.53
2012.12.24 20:30:17.471,0.9155,0.91578,1.13,2.03
2012.12.24 20:30:20.949,0.9155,0.91578,1.13,1.95
2012.12.24 20:30:33.787,0.9155,0.91577,1.13,1.95
2012.12.24 20:30:34.356,0.9155,0.91578,1.13,3.68
2012.12.24 20:30:37.680,0.9155,0.91575,1.13,1.50
2012.12.24 20:30:38.368,0.9155,0.91575,1.13,1.50
2012.12.24 20:30:39.399,0.91551,0.91575,1.13,1.50
2012.12.24 20:30:39.469,0.91559,0.91579,1.13,1.13
2012.12.24 20:30:39.659,0.91559,0.91585,1.50,1.50
2012.12.24 20:30:39.730,0.91563,0.91593,1.50,2.10
2012.12.24 20:30:39.800,0.91563,0.91593,1.50,1.73
2012.12.24 20:30:39.868,0.91563,0.91593,1.50,1.73
2012.12.24 20:30:40.690,0.91565,0.91591,3.75,1.13
2012.12.24 20:30:41.209,0.91558,0.91592,1.50,1.50
2012.12.24 20:30:41.469,0.91558,0.91592,1.50,1.50
2012.12.24 20:30:42.019,0.91558,0.91592,1.50,1.50
2012.12.24 20:30:42.567,0.91558,0.91592,1.50,1.88
2012.12.24 20:30:43.657,0.91555,0.91589,1.50,1.50
2012.12.24 20:30:44.173,0.91555,0.91589,1.50,1.50
2012.12.24 20:30:44.767,0.91555,0.91589,1.50,1.50
2012.12.24 20:30:45.277,0.91555,0.91589,1.50,1.50
2012.12.24 20:30:46.668,0.91555,0.91589,1.50,1.50
2012.12.24 20:30:47.157,0.91553,0.91589,1.13,2.25
2012.12.24 20:30:50.097,0.91551,0.91587,1.50,1.50
2012.12.24 20:30:50.219,0.9155,0.91588,1.50,1.50
2012.12.24 20:30:50.962,0.91549,0.9159,1.13,1.13
2012.12.24 20:30:51.468,0.91547,0.9159,1.35,1.13
2012.12.24 20:31:00.976,0.91547,0.9159,1.35,1.13
2012.12.24 20:31:10.985,0.91547,0.91589,1.35,1.13
2012.12.24 20:31:13.521,0.91549,0.91591,1.13,1.13
2012.12.24 20:31:13.828,0.91564,0.91593,1.80,1.50
2012.12.24 20:31:13.898,0.91553,0.91593,1.13,1.88
2012.12.24 20:31:14.028,0.91564,0.91593,2.37,1.50
2012.12.24 20:31:14.098,0.91553,0.91593,1.13,1.88
2012.12.24 20:31:14.349,0.91565,0.91593,2.48,1.88
2012.12.24 20:31:14.480,0.91553,0.91593,1.13,1.50
2012.12.24 20:31:14.879,0.91564,0.91593,1.80,1.50
2012.12.24 20:31:15.368,0.91553,0.91592,1.50,1.13
2012.12.24 20:31:15.439,0.91576,0.91592,1.50,1.13
2012.12.24 20:31:15.628,0.91566,0.91594,3.23,1.88
2012.12.24 20:31:15.759,0.91566,0.91592,1.73,1.13
2012.12.24 20:31:15.828,0.91563,0.91592,1.50,1.13
2012.12.24 20:31:17.738,0.91562,0.9159,1.50,1.13
2012.12.24 20:31:17.807,0.91562,0.91584,1.50,1.13
2012.12.24 20:31:18.131,0.91562,0.91583,1.50,1.88
2012.12.24 20:31:21.299,0.91569,0.91584,1.28,1.13
2012.12.24 20:31:21.610,0.91571,0.91591,1.50,1.13
2012.12.24 20:31:26.170,0.91569,0.9159,1.80,1.13
2012.12.24 20:31:26.559,0.91559,0.9159,1.50,1.13
2012.12.24 20:31:27.289,0.91559,0.9159,1.50,1.13
2012.12.24 20:31:30.898,0.91559,0.9159,1.50,1.13
2012.12.24 20:31:31.577,0.91559,0.9159,1.50,1.13
2012.12.24 20:31:31.979,0.9155,0.91589,1.65,1.13
2012.12.24 20:31:32.168,0.9155,0.91589,1.13,1.13
2012.12.24 20:31:37.679,0.91548,0.91586,1.35,1.13
2012.12.24 20:31:37.989,0.91549,0.91586,1.73,1.13
2012.12.24 20:31:41.056,0.91547,0.91586,1.73,1.13
2012.12.24 20:31:42.039,0.91545,0.91586,1.35,1.13
2012.12.24 20:31:48.259,0.91544,0.91585,1.35,1.13
2012.12.24 20:32:30.986,0.91546,0.91585,1.35,1.13
2012.12.24 20:32:43.997,0.91544,0.91585,1.35,1.13
2012.12.24 20:33:35.277,0.91546,0.91586,1.35,1.13
2012.12.24 20:33:40.985,0.91546,0.91586,1.35,1.13
2012.12.24 20:33:44.393,0.91546,0.91587,1.35,1.13
2012.12.24 20:33:51.579,0.91546,0.91587,1.35,1.13
2012.12.24 20:33:59.459,0.91543,0.91585,2.85,2.14
2012.12.24 20:33:59.782,0.91543,0.91575,2.10,1.13
2012.12.24 20:34:03.858,0.91544,0.91582,1.35,1.80
2012.12.24 20:34:10.988,0.91544,0.91581,1.35,2.03
2012.12.24 20:34:31.074,0.91543,0.91582,2.48,2.18
2012.12.24 20:34:41.087,0.91543,0.91583,2.48,1.88
2012.12.24 20:34:55.247,0.91543,0.91581,1.73,2.40
2012.12.24 20:35:09.579,0.91563,0.91584,1.13,1.13
2012.12.24 20:35:09.710,0.91572,0.916,1.50,1.13
2012.12.24 20:35:09.781,0.91569,0.916,1.35,1.13
2012.12.24 20:35:09.851,0.91574,0.91604,3.75,1.50
2012.12.24 20:35:10.110,0.91574,0.91625,3.75,1.13
2012.12.24 20:35:10.199,0.91574,0.91625,4.50,1.13
2012.12.24 20:35:10.708,0.91573,0.91635,4.88,1.50
2012.12.24 20:35:11.040,0.91573,0.91634,4.13,1.50
2012.12.24 20:35:12.459,0.91564,0.91634,5.25,1.50
2012.12.24 20:35:16.290,0.91564,0.91636,4.50,1.50
2012.12.24 20:35:19.381,0.91564,0.91641,4.50,1.50
2012.12.24 20:35:21.141,0.91564,0.91641,3.75,1.50
2012.12.24 20:35:29.230,0.91563,0.91641,4.88,1.50
2012.12.24 20:35:29.848,0.91563,0.91642,4.13,1.50
2012.12.24 20:35:32.331,0.91563,0.91642,4.13,1.50
2012.12.24 20:35:35.468,0.91563,0.91637,4.13,1.13
2012.12.24 20:35:44.331,0.91564,0.91637,3.75,1.13
2012.12.24 20:35:44.878,0.91563,0.91645,4.13,2.25
2012.12.24 20:35:47.072,0.91563,0.91645,4.13,1.13
2012.12.24 20:36:17.211,0.91563,0.91633,4.13,1.50
2012.12.24 20:36:17.528,0.91559,0.9162,1.88,1.13
2012.12.24 20:36:17.839,0.91561,0.91612,1.50,2.78
2012.12.24 20:36:18.659,0.91561,0.91612,1.50,2.78
2012.12.24 20:36:19.137,0.91561,0.91612,1.50,2.78
2012.12.24 20:36:21.178,0.91561,0.91612,1.13,2.78
2012.12.24 20:36:25.116,0.9156,0.91612,1.50,2.78
2012.12.24 20:36:40.550,0.91559,0.91606,1.50,1.80
2012.12.24 20:36:41.098,0.91559,0.91607,1.50,1.50
2012.12.24 20:36:42.438,0.91559,0.91606,1.50,2.70
2012.12.24 20:36:50.999,0.91559,0.91605,1.13,2.63
2012.12.24 20:37:06.880,0.91561,0.91603,1.35,2.33
2012.12.24 20:37:11.148,0.91558,0.91602,4.35,2.18
2012.12.24 20:37:23.271,0.91559,0.91602,1.73,2.33
2012.12.24 20:37:31.040,0.91559,0.91603,1.73,1.65
2012.12.24 20:37:41.129,0.91559,0.91602,1.73,1.73
2012.12.24 20:37:55.120,0.91559,0.91605,2.10,2.70
2012.12.24 20:37:55.400,0.91559,0.91603,1.35,1.73
2012.12.24 20:37:55.959,0.91559,0.91603,2.10,1.73
2012.12.24 20:37:58.091,0.91558,0.91598,2.10,2.63
2012.12.24 20:38:01.101,0.91557,0.91599,1.35,1.80
2012.12.24 20:39:00.442,0.91558,0.91602,1.35,2.63
2012.12.24 20:39:11.119,0.91558,0.91604,3.23,1.65
2012.12.24 20:39:30.991,0.91558,0.91603,2.10,1.73
2012.12.24 20:39:34.679,0.91559,0.91603,1.73,1.73
2012.12.24 20:39:43.412,0.91559,0.91604,3.98,2.48
2012.12.24 20:39:49.844,0.91558,0.91604,2.10,2.48
2012.12.24 20:39:50.384,0.91558,0.91604,1.35,2.48
2012.12.24 20:39:50.570,0.91556,0.91604,1.13,2.18
2012.12.24 20:39:53.131,0.91552,0.91604,2.48,1.73
2012.12.24 20:39:53.389,0.91553,0.91604,1.35,1.73
2012.12.24 20:39:57.481,0.91553,0.91604,1.35,1.73
2012.12.24 20:40:01.029,0.91552,0.91601,2.48,1.95
2012.12.24 20:40:21.010,0.91553,0.916,1.73,1.58
2012.12.24 20:40:22.249,0.91553,0.91601,1.73,2.48
2012.12.24 20:40:31.340,0.91553,0.91604,1.73,1.13
2012.12.24 20:41:00.990,0.91553,0.91604,1.73,1.88
2012.12.24 20:41:31.077,0.91553,0.91602,1.35,2.10
2012.12.24 20:41:32.049,0.91553,0.91603,1.35,1.88
2012.12.24 20:41:40.949,0.91553,0.91604,2.10,1.13
2012.12.24 20:42:17.199,0.91553,0.91603,2.85,1.13
2012.12.24 20:42:34.109,0.91553,0.91602,1.73,1.13
2012.12.24 20:42:35.230,0.91553,0.91605,2.48,1.13
2012.12.24 20:42:53.179,0.91553,0.91605,2.10,1.13
2012.12.24 20:42:54.159,0.91553,0.91602,2.85,1.13
2012.12.24 20:42:55.200,0.91553,0.91602,2.85,1.13
2012.12.24 20:43:28.007,0.91553,0.91604,1.73,1.13
2012.12.24 20:43:44.270,0.91553,0.91601,2.48,1.13
2012.12.24 20:43:45.359,0.91552,0.91604,2.85,1.13
2012.12.24 20:43:59.952,0.91553,0.91604,1.73,1.13
2012.12.24 20:44:01.050,0.91553,0.91601,1.73,2.93
2012.12.24 20:44:11.138,0.91554,0.91604,1.35,2.70
2012.12.24 20:44:45.869,0.91554,0.91603,1.35,2.78
2012.12.24 20:44:46.490,0.91552,0.91603,2.85,2.78
2012.12.24 20:44:46.770,0.91554,0.91603,1.35,2.78
2012.12.24 20:44:51.301,0.91554,0.91603,1.13,1.13
2012.12.24 20:44:55.600,0.91553,0.91603,1.50,1.13
2012.12.24 20:44:59.550,0.91553,0.91602,1.50,2.85
2012.12.24 20:45:01.439,0.91553,0.91603,1.13,2.48
2012.12.24 20:45:03.939,0.91553,0.91603,1.13,2.48
2012.12.24 20:45:09.560,0.91552,0.91603,1.50,2.48
2012.12.24 20:45:09.870,0.9155,0.91599,1.35,2.48
2012.12.24 20:45:10.761,0.91548,0.916,1.35,1.13
2012.12.24 20:45:11.281,0.91548,0.916,1.35,1.13
2012.12.24 20:45:12.362,0.91548,0.916,1.35,1.13
2012.12.24 20:45:16.051,0.91545,0.91585,1.73,1.13
2012.12.24 20:45:16.370,0.91545,0.91585,1.73,1.13
2012.12.24 20:45:17.101,0.91545,0.91585,1.73,1.13
2012.12.24 20:45:23.412,0.91545,0.91585,1.35,1.13
2012.12.24 20:45:31.240,0.91545,0.91585,1.35,1.50
2012.12.24 20:45:31.380,0.9154,0.91585,1.73,1.50
2012.12.24 20:45:38.309,0.9154,0.91585,1.73,1.50
2012.12.24 20:46:12.450,0.91541,0.91581,1.73,1.50
2012.12.24 20:46:13.630,0.91541,0.9158,1.73,1.65
2012.12.24 20:46:14.159,0.91541,0.91581,2.48,2.33
2012.12.24 20:46:14.519,0.91541,0.91578,1.73,2.25
2012.12.24 20:46:15.891,0.91541,0.91582,2.48,1.50
2012.12.24 20:46:16.540,0.91541,0.91582,2.48,1.50
2012.12.24 20:46:17.510,0.91541,0.91582,1.73,1.50
2012.12.24 20:46:40.960,0.91541,0.91582,1.73,1.50
2012.12.24 20:47:04.030,0.9154,0.91585,2.85,1.50
2012.12.24 20:47:11.020,0.91541,0.91585,1.73,1.50
2012.12.24 20:48:44.330,0.91541,0.91586,2.10,1.88
2012.12.24 20:49:11.639,0.91541,0.91585,2.10,1.13
2012.12.24 20:49:21.082,0.91541,0.91585,2.10,1.13
2012.12.24 20:49:39.888,0.91542,0.91587,1.35,1.50
2012.12.24 20:49:47.789,0.91541,0.91587,1.35,1.13
2012.12.24 20:49:51.021,0.91541,0.91586,1.35,1.13
2012.12.24 20:50:10.939,0.9154,0.91586,2.10,1.13
2012.12.24 20:50:17.329,0.9154,0.91584,2.48,1.13
2012.12.24 20:50:20.379,0.9154,0.91586,2.48,1.50
2012.12.24 20:50:31.518,0.9154,0.91586,2.25,1.50
2012.12.24 20:50:39.439,0.9154,0.91585,1.88,1.13
2012.12.24 20:51:07.946,0.91539,0.91586,1.88,1.50
2012.12.24 20:51:13.256,0.91539,0.91585,1.88,1.13
2012.12.24 20:51:31.078,0.91539,0.91585,1.13,1.13
2012.12.24 20:52:04.916,0.91539,0.91586,1.13,1.13
2012.12.24 20:52:38.788,0.91539,0.91585,1.13,1.13
2012.12.24 20:52:42.425,0.91539,0.9159,1.13,1.88
2012.12.24 20:53:01.929,0.91536,0.9159,1.50,1.50
2012.12.24 20:53:07.278,0.91536,0.9159,1.50,1.50
2012.12.24 20:53:30.458,0.91534,0.91591,1.50,2.51
2012.12.24 20:54:27.455,0.91534,0.91592,1.50,1.50
2012.12.24 20:54:32.769,0.91535,0.91593,1.50,1.50
2012.12.24 20:54:46.289,0.91539,0.91583,1.50,1.50
2012.12.24 20:54:59.452,0.9154,0.91585,1.13,1.50
2012.12.24 20:55:08.369,0.9154,0.91585,1.13,1.88
2012.12.24 20:55:18.262,0.9154,0.91584,1.13,1.50
2012.12.24 20:55:23.449,0.9154,0.91583,1.13,1.50
2012.12.24 20:55:26.612,0.91539,0.91584,1.13,1.50
2012.12.24 20:55:28.271,0.91539,0.91588,1.50,1.13
2012.12.24 20:55:31.672,0.91539,0.91585,1.13,1.13
2012.12.24 20:55:38.279,0.91539,0.91584,1.13,1.50
2012.12.24 20:55:40.619,0.91539,0.91578,1.13,1.13
2012.12.24 20:55:40.799,0.91539,0.91584,1.13,1.50
2012.12.24 20:55:40.922,0.9154,0.91585,1.13,1.50
2012.12.24 20:55:50.330,0.91539,0.91582,1.13,1.50
2012.12.24 20:55:53.019,0.91539,0.91582,1.13,1.50
2012.12.24 20:55:53.589,0.91539,0.91582,1.50,1.50
2012.12.24 20:55:58.430,0.91539,0.9158,1.50,1.65
2012.12.24 20:55:58.609,0.91539,0.91583,1.50,1.50
2012.12.24 20:56:14.229,0.91544,0.91585,3.75,1.13
2012.12.24 20:56:14.471,0.91544,0.91585,4.50,1.13
2012.12.24 20:56:17.713,0.91544,0.91588,4.50,1.50
2012.12.24 20:56:17.922,0.91544,0.91594,4.50,3.00
2012.12.24 20:56:20.784,0.91544,0.91592,4.73,1.13
2012.12.24 20:56:21.355,0.91544,0.91592,4.73,1.13
2012.12.24 20:56:23.753,0.91544,0.91592,4.73,1.13
2012.12.24 20:56:24.811,0.91542,0.91585,1.73,1.13
2012.12.24 20:56:31.192,0.91543,0.91585,1.73,1.13
2012.12.24 20:56:41.051,0.91543,0.91581,1.73,1.88
2012.12.24 20:56:58.603,0.91559,0.91589,1.50,2.04
2012.12.24 20:56:58.795,0.91559,0.9159,1.50,1.50
2012.12.24 20:57:08.292,0.91556,0.91589,1.13,1.13
2012.12.24 20:57:08.691,0.9155,0.91589,1.13,1.13
2012.12.24 20:57:19.503,0.9155,0.9159,1.13,1.50
2012.12.24 20:57:23.202,0.91558,0.91589,4.13,1.13
2012.12.24 20:57:31.073,0.91564,0.9159,1.50,1.13
2012.12.24 20:57:34.323,0.91563,0.9159,1.50,1.13
2012.12.24 20:57:41.063,0.91562,0.91591,1.50,1.50
2012.12.24 20:57:44.403,0.91562,0.91591,1.50,1.50
2012.12.24 20:58:00.921,0.91561,0.9159,1.50,1.13
2012.12.24 20:58:04.521,0.91558,0.91591,2.55,1.13
2012.12.24 20:58:09.720,0.91558,0.91584,1.80,1.50
2012.12.24 20:58:13.506,0.91556,0.91582,1.50,1.50
2012.12.24 20:58:13.574,0.91556,0.91581,1.50,1.13
2012.12.24 20:58:14.158,0.91556,0.91579,1.50,1.13
2012.12.24 20:58:20.041,0.91562,0.91581,1.50,1.13
2012.12.24 20:58:21.041,0.91562,0.91579,1.50,1.13
2012.12.24 20:58:22.081,0.91562,0.91579,1.50,1.50
2012.12.24 20:58:22.269,0.91562,0.91582,1.50,1.88
2012.12.24 20:58:22.600,0.91562,0.91579,1.50,1.50
2012.12.24 20:58:23.190,0.91557,0.91579,1.50,1.88
2012.12.24 20:58:31.031,0.91558,0.91578,1.50,1.50
2012.12.24 20:58:39.589,0.91554,0.91578,1.50,1.50
2012.12.24 20:58:40.400,0.91559,0.91579,1.50,1.50
2012.12.24 20:58:41.960,0.91559,0.91581,1.50,1.50
2012.12.24 20:58:43.529,0.91558,0.91579,1.50,1.13
2012.12.24 20:58:51.180,0.91558,0.91582,1.50,1.88
2012.12.24 20:58:54.391,0.91559,0.91582,2.78,1.88
2012.12.24 20:58:55.130,0.91564,0.91579,1.50,1.13
2012.12.24 20:59:00.740,0.91569,0.91581,0.75,0.75
2012.12.24 20:59:01.280,0.91568,0.9158,0.75,0.75
2012.12.24 20:59:01.481,0.9156,0.9158,0.75,0.75
2012.12.24 20:59:02.670,0.91555,0.9158,0.53,0.75
2012.12.24 20:59:02.790,0.91553,0.9158,0.75,0.75
2012.12.24 20:59:03.030,0.91547,0.91578,0.75,0.75
2012.12.24 20:59:08.551,0.91547,0.91579,0.38,0.75
2012.12.24 20:59:12.222,0.91553,0.91579,1.50,0.75
2012.12.24 20:59:12.529,0.91562,0.91579,0.75,0.75
2012.12.24 20:59:29.260,0.91562,0.9158,0.75,0.75
2012.12.24 20:59:29.661,0.91564,0.91577,0.75,0.38
2012.12.24 20:59:30.342,0.91564,0.91579,0.75,0.38
2012.12.24 20:59:32.732,0.91573,0.91579,0.75,0.38
2012.12.24 20:59:32.800,0.91573,0.91589,0.75,0.75
2012.12.24 20:59:33.041,0.91567,0.91591,1.22,0.38
2012.12.24 20:59:33.349,0.91575,0.91591,0.75,1.13
2012.12.24 20:59:33.469,0.91567,0.91591,1.73,0.38
2012.12.24 20:59:34.019,0.91566,0.91591,1.20,0.38
2012.12.24 20:59:34.438,0.91568,0.91591,1.50,0.38
2012.12.24 20:59:34.978,0.91567,0.91591,1.50,0.38
2012.12.24 20:59:35.289,0.91568,0.91588,1.50,0.38
2012.12.24 20:59:35.837,0.91568,0.91587,0.75,0.38
2012.12.24 20:59:35.909,0.91567,0.91589,2.25,0.38
2012.12.24 20:59:36.210,0.91568,0.91587,0.75,0.38
2012.12.24 20:59:36.508,0.91567,0.91589,0.75,0.38
2012.12.24 20:59:36.819,0.91568,0.91587,2.25,0.38
2012.12.24 20:59:36.878,0.91568,0.91589,2.25,0.75
2012.12.24 20:59:37.059,0.91576,0.9159,0.75,0.75
2012.12.24 20:59:37.178,0.91568,0.91591,1.50,0.38
2012.12.24 20:59:37.978,0.91567,0.91591,1.13,0.38
2012.12.24 20:59:38.639,0.91566,0.91591,1.05,0.38
2012.12.24 20:59:38.700,0.91567,0.91589,0.75,0.38
2012.12.24 20:59:39.249,0.91568,0.91587,0.75,0.38
2012.12.24 20:59:39.608,0.91567,0.91589,0.75,0.38
2012.12.24 20:59:39.909,0.91568,0.91587,2.25,0.38
2012.12.24 20:59:40.028,0.91567,0.91589,2.25,0.38
2012.12.24 20:59:40.455,0.91568,0.91587,2.25,0.38
2012.12.24 20:59:40.708,0.91566,0.91591,1.28,0.38
2012.12.24 20:59:40.828,0.91568,0.91588,0.75,0.38
2012.12.24 20:59:40.888,0.91568,0.91591,1.50,0.38
2012.12.24 20:59:41.188,0.91566,0.91591,1.73,0.38
2012.12.24 20:59:41.739,0.91567,0.91591,1.88,0.38
2012.12.24 20:59:42.698,0.91566,0.91591,1.50,0.38
2012.12.24 20:59:42.759,0.91567,0.91589,0.75,0.38
2012.12.24 20:59:43.301,0.91568,0.91588,0.75,0.38
2012.12.24 20:59:43.839,0.91567,0.91588,2.25,0.38
2012.12.24 20:59:44.198,0.91567,0.91591,3.08,0.38
2012.12.24 20:59:44.438,0.91568,0.91588,1.50,0.38
2012.12.24 20:59:44.978,0.91568,0.91587,2.25,0.38
2012.12.24 20:59:45.529,0.91568,0.91588,1.50,0.38
2012.12.24 20:59:46.068,0.91568,0.91591,1.50,0.38
2012.12.24 20:59:46.634,0.91567,0.9159,2.25,0.38
2012.12.24 20:59:47.140,0.91566,0.9159,1.05,0.38
2012.12.24 20:59:47.868,0.91567,0.91588,0.75,0.38
2012.12.24 20:59:48.418,0.91568,0.91587,0.75,0.38
2012.12.24 20:59:49.498,0.91567,0.9159,3.53,0.38
2012.12.24 20:59:50.098,0.91568,0.9159,1.50,0.38
2012.12.24 20:59:50.228,0.91566,0.9159,1.88,0.38
2012.12.24 20:59:50.528,0.91568,0.9159,1.73,0.38
2012.12.24 20:59:51.078,0.91567,0.9159,0.98,0.38
2012.12.24 20:59:51.443,0.91567,0.91588,0.75,0.38
2012.12.24 20:59:51.758,0.9157,0.91587,1.50,0.38
2012.12.24 20:59:52.000,0.91569,0.91589,1.50,0.38
2012.12.24 20:59:52.178,0.9157,0.91587,1.50,0.38
2012.12.24 20:59:52.719,0.9157,0.91588,1.50,0.38
2012.12.24 20:59:53.019,0.91569,0.9159,1.50,0.38
2012.12.24 20:59:53.138,0.91569,0.91588,1.50,0.38
2012.12.24 20:59:53.319,0.91567,0.91588,0.75,0.38
2012.12.24 20:59:53.678,0.91567,0.91592,1.50,0.38
2012.12.24 20:59:53.738,0.9157,0.91592,1.50,0.38
2012.12.24 20:59:54.279,0.9157,0.91591,1.50,0.38
2012.12.24 20:59:55.409,0.91567,0.91591,1.35,0.38
2012.12.24 20:59:56.131,0.91568,0.91587,0.75,0.38
2012.12.24 20:59:56.429,0.91567,0.91589,0.75,0.38
2012.12.24 20:59:56.669,0.91568,0.91587,0.75,0.38
2012.12.24 20:59:57.158,0.9157,0.91588,1.50,0.38
2012.12.24 20:59:57.337,0.9157,0.91591,1.50,0.38
2012.12.24 20:59:58.188,0.91569,0.91591,1.50,0.38
2012.12.24 20:59:58.729,0.91567,0.91591,1.95,0.38
2012.12.24 20:59:58.979,0.91568,0.91587,0.75,0.38
2012.12.24 20:59:59.159,0.91568,0.91591,1.58,0.38
2012.12.24 20:59:59.279,0.91567,0.91588,0.75,0.38
2012.12.24 20:59:59.819,0.91568,0.91587,0.75,0.38
