2012.02.06 17:00:00.035,0.91886,0.91896,1.50,1.50
2012.02.06 17:00:00.246,0.91884,0.91896,3.00,1.50
2012.02.06 17:00:00.529,0.91887,0.91899,1.50,1.50
2012.02.06 17:00:01.430,0.91887,0.91898,2.25,1.50
2012.02.06 17:00:01.657,0.91885,0.91894,1.50,2.25
2012.02.06 17:00:02.016,0.91882,0.91893,1.50,1.50
2012.02.06 17:00:02.089,0.9188,0.91893,1.88,3.38
2012.02.06 17:00:02.321,0.91875,0.91887,1.50,1.65
2012.02.06 17:00:02.966,0.91874,0.91886,2.25,2.25
2012.02.06 17:00:03.319,0.91874,0.91886,2.25,3.00
2012.02.06 17:00:03.887,0.91874,0.91885,2.25,1.50
2012.02.06 17:00:04.398,0.91874,0.91886,2.25,2.25
2012.02.06 17:00:05.080,0.91872,0.91877,1.50,1.88
2012.02.06 17:00:05.322,0.91861,0.91867,1.50,1.50
2012.02.06 17:00:05.411,0.91858,0.91867,1.50,2.25
2012.02.06 17:00:05.494,0.91851,0.91863,1.13,1.50
2012.02.06 17:00:05.782,0.91857,0.91865,2.25,1.50
2012.02.06 17:00:06.464,0.91851,0.91863,2.25,2.25
2012.02.06 17:00:06.970,0.9185,0.91864,2.25,2.25
2012.02.06 17:00:07.672,0.91851,0.91866,2.46,1.50
2012.02.06 17:00:07.754,0.91851,0.91863,2.25,1.51
2012.02.06 17:00:08.440,0.91851,0.91861,2.25,1.80
2012.02.06 17:00:08.553,0.91844,0.91855,3.00,1.69
2012.02.06 17:00:08.648,0.91844,0.91852,3.00,1.13
2012.02.06 17:00:08.830,0.91835,0.9185,1.50,2.25
2012.02.06 17:00:08.970,0.91834,0.91849,1.13,1.50
2012.02.06 17:00:10.229,0.91837,0.9185,1.50,1.50
2012.02.06 17:00:10.709,0.91837,0.9185,2.25,1.50
2012.02.06 17:00:10.788,0.91836,0.9185,1.50,3.75
2012.02.06 17:00:11.145,0.91836,0.9185,1.50,3.00
2012.02.06 17:00:11.957,0.91834,0.91848,1.50,1.50
2012.02.06 17:00:12.250,0.91832,0.91846,2.78,2.25
2012.02.06 17:00:12.610,0.91833,0.91845,1.50,1.50
2012.02.06 17:00:13.449,0.91827,0.91831,1.50,1.50
2012.02.06 17:00:13.614,0.91816,0.9183,1.69,1.50
2012.02.06 17:00:14.283,0.91814,0.91828,1.50,1.50
2012.02.06 17:00:14.362,0.91814,0.91828,1.50,2.25
2012.02.06 17:00:15.012,0.91812,0.91825,3.00,1.50
2012.02.06 17:00:15.648,0.91816,0.91826,1.50,1.50
2012.02.06 17:00:15.951,0.91815,0.91828,1.50,2.25
2012.02.06 17:00:16.175,0.91817,0.91828,1.50,1.50
2012.02.06 17:00:16.793,0.91817,0.91829,1.50,1.50
2012.02.06 17:00:17.103,0.91826,0.91842,2.09,2.25
2012.02.06 17:00:17.611,0.91826,0.91839,1.34,1.50
2012.02.06 17:00:18.449,0.91828,0.91842,1.88,1.50
2012.02.06 17:00:18.609,0.9183,0.91844,1.50,2.25
2012.02.06 17:00:19.181,0.91828,0.91842,2.09,1.50
2012.02.06 17:00:20.108,0.91835,0.91844,1.13,1.50
2012.02.06 17:00:20.357,0.91839,0.91852,2.93,2.25
2012.02.06 17:00:20.516,0.9184,0.91855,1.28,3.75
2012.02.06 17:00:20.671,0.91839,0.91853,2.25,1.50
2012.02.06 17:00:20.968,0.91836,0.91852,2.25,2.25
2012.02.06 17:00:21.050,0.91836,0.91849,1.50,1.50
2012.02.06 17:00:21.647,0.91836,0.9185,1.50,1.50
2012.02.06 17:00:22.008,0.91835,0.91849,1.50,2.25
2012.02.06 17:00:22.158,0.91837,0.9185,1.50,1.05
2012.02.06 17:00:22.672,0.91837,0.91851,1.50,3.00
2012.02.06 17:00:23.878,0.91837,0.91851,1.50,2.55
2012.02.06 17:00:23.973,0.91837,0.91851,1.50,2.55
2012.02.06 17:00:24.536,0.91838,0.91851,1.50,1.05
2012.02.06 17:00:25.189,0.91837,0.91851,1.50,2.55
2012.02.06 17:00:25.265,0.91837,0.91851,1.50,2.55
2012.02.06 17:00:26.150,0.91837,0.91851,2.25,1.05
2012.02.06 17:00:26.454,0.91836,0.91852,3.59,3.38
2012.02.06 17:00:26.535,0.91839,0.91852,1.50,1.88
2012.02.06 17:00:27.037,0.91839,0.91855,2.25,2.25
2012.02.06 17:00:27.386,0.9184,0.91855,3.00,2.25
2012.02.06 17:00:27.734,0.91843,0.91857,1.50,3.38
2012.02.06 17:00:28.527,0.91841,0.91857,2.25,3.38
2012.02.06 17:00:28.735,0.91843,0.91857,1.50,3.38
2012.02.06 17:00:28.951,0.91843,0.91857,2.25,3.38
2012.02.06 17:00:29.515,0.91844,0.91857,1.50,1.88
2012.02.06 17:00:30.311,0.91842,0.91857,4.50,1.88
2012.02.06 17:00:30.816,0.91843,0.91857,3.00,1.88
2012.02.06 17:00:31.365,0.91843,0.91857,3.00,1.13
2012.02.06 17:00:31.704,0.91843,0.91857,2.25,2.03
2012.02.06 17:00:32.345,0.91844,0.91857,2.25,1.88
2012.02.06 17:00:33.036,0.91843,0.91857,3.00,1.88
2012.02.06 17:00:33.306,0.91843,0.91856,3.00,1.50
2012.02.06 17:00:34.895,0.91845,0.91854,1.50,1.50
2012.02.06 17:00:34.988,0.91851,0.91863,1.71,1.50
2012.02.06 17:00:35.206,0.91851,0.91862,1.71,1.50
2012.02.06 17:00:35.559,0.91851,0.91863,1.50,1.50
2012.02.06 17:00:36.570,0.9185,0.91864,1.71,2.25
2012.02.06 17:00:37.209,0.9185,0.91863,1.50,1.50
2012.02.06 17:00:37.619,0.91852,0.91863,1.50,1.50
2012.02.06 17:00:37.845,0.9185,0.91863,1.71,1.50
2012.02.06 17:00:38.944,0.91848,0.91863,2.63,3.75
2012.02.06 17:00:39.465,0.91847,0.91859,1.50,2.25
2012.02.06 17:00:39.653,0.9185,0.91859,1.50,1.50
2012.02.06 17:00:40.222,0.91849,0.91859,1.50,1.50
2012.02.06 17:00:41.286,0.91849,0.91859,1.50,1.50
2012.02.06 17:00:42.052,0.91851,0.9186,1.50,1.50
2012.02.06 17:00:42.138,0.91848,0.9186,1.50,2.25
2012.02.06 17:00:42.630,0.91847,0.91858,1.50,1.50
2012.02.06 17:00:42.784,0.91844,0.91853,1.50,1.50
2012.02.06 17:00:43.004,0.9184,0.91853,3.38,1.50
2012.02.06 17:00:43.297,0.91841,0.91851,1.50,1.50
2012.02.06 17:00:44.494,0.91839,0.9185,2.25,1.50
2012.02.06 17:00:44.657,0.91836,0.9185,3.75,1.50
2012.02.06 17:00:44.876,0.91836,0.91848,1.13,2.25
2012.02.06 17:00:45.227,0.91832,0.91844,2.46,2.25
2012.02.06 17:00:45.857,0.91832,0.91844,1.50,1.50
2012.02.06 17:00:46.223,0.91832,0.91844,1.71,1.50
2012.02.06 17:00:46.301,0.91832,0.91844,1.71,1.50
2012.02.06 17:00:47.420,0.91835,0.91845,1.50,1.50
2012.02.06 17:00:47.638,0.91835,0.9185,1.50,1.50
2012.02.06 17:00:48.285,0.91836,0.91852,1.50,3.75
2012.02.06 17:00:48.492,0.91838,0.91852,1.50,2.25
2012.02.06 17:00:49.826,0.91837,0.91851,1.50,2.25
2012.02.06 17:00:50.489,0.91837,0.91851,1.50,3.38
2012.02.06 17:00:50.640,0.91835,0.91848,2.25,3.00
2012.02.06 17:00:50.720,0.91834,0.91848,1.50,3.00
2012.02.06 17:00:51.559,0.91833,0.91847,1.50,1.50
2012.02.06 17:00:53.019,0.91833,0.91847,1.88,1.50
2012.02.06 17:00:53.377,0.91839,0.91851,1.50,1.50
2012.02.06 17:00:53.785,0.91836,0.9185,1.50,1.50
2012.02.06 17:00:54.480,0.91836,0.91852,1.50,3.00
2012.02.06 17:00:55.866,0.91836,0.91851,1.50,1.50
2012.02.06 17:00:56.144,0.91834,0.9185,2.25,3.00
2012.02.06 17:00:56.734,0.91834,0.9185,2.84,3.00
2012.02.06 17:00:57.366,0.91836,0.9185,1.50,1.50
2012.02.06 17:00:57.446,0.91836,0.91851,2.25,1.88
2012.02.06 17:00:58.811,0.91836,0.9185,2.25,1.50
2012.02.06 17:00:59.768,0.91834,0.9185,3.00,2.25
2012.02.06 17:01:00.057,0.91836,0.91852,3.59,2.25
2012.02.06 17:01:00.468,0.91839,0.91853,1.50,2.25
2012.02.06 17:01:00.967,0.9184,0.91854,1.50,2.25
2012.02.06 17:01:01.727,0.91847,0.91861,2.09,2.25
2012.02.06 17:01:01.810,0.91852,0.91866,1.50,4.13
2012.02.06 17:01:02.109,0.91848,0.91862,1.13,1.50
2012.02.06 17:01:04.025,0.91848,0.91862,2.84,1.50
2012.02.06 17:01:05.113,0.91848,0.91862,2.25,1.50
2012.02.06 17:01:05.312,0.9185,0.91864,1.50,1.50
2012.02.06 17:01:05.645,0.91848,0.91864,2.63,2.25
2012.02.06 17:01:06.193,0.91849,0.91865,1.50,2.25
2012.02.06 17:01:06.756,0.91849,0.91865,1.88,2.25
2012.02.06 17:01:07.319,0.91849,0.91865,1.50,2.25
2012.02.06 17:01:07.393,0.91849,0.91863,1.71,1.50
2012.02.06 17:01:07.955,0.91849,0.91863,2.84,1.50
2012.02.06 17:01:08.304,0.91849,0.91863,2.25,2.25
2012.02.06 17:01:08.869,0.91849,0.91863,2.25,2.25
2012.02.06 17:01:10.872,0.91849,0.91862,2.25,1.50
2012.02.06 17:01:11.084,0.91847,0.91861,2.25,2.25
2012.02.06 17:01:11.298,0.91847,0.91861,2.09,2.25
2012.02.06 17:01:12.479,0.91844,0.9186,2.84,2.25
2012.02.06 17:01:12.824,0.91848,0.91861,1.50,1.50
2012.02.06 17:01:13.554,0.91846,0.91861,2.25,1.50
2012.02.06 17:01:13.695,0.91846,0.91861,2.25,1.50
2012.02.06 17:01:13.904,0.91847,0.91862,1.34,3.00
2012.02.06 17:01:14.433,0.91846,0.91861,3.59,1.50
2012.02.06 17:01:15.780,0.9185,0.91861,1.34,2.25
2012.02.06 17:01:17.280,0.91854,0.91867,1.50,1.05
2012.02.06 17:01:17.960,0.91853,0.91869,3.38,1.80
2012.02.06 17:01:18.528,0.91855,0.91868,1.50,1.05
2012.02.06 17:01:19.093,0.91854,0.91868,1.50,1.80
2012.02.06 17:01:21.638,0.91854,0.91867,1.50,1.05
2012.02.06 17:01:22.003,0.9186,0.91872,1.34,2.44
2012.02.06 17:01:22.221,0.91863,0.91872,2.60,1.50
2012.02.06 17:01:22.365,0.91864,0.9188,3.21,2.25
2012.02.06 17:01:23.305,0.91863,0.91879,2.23,3.75
2012.02.06 17:01:23.599,0.91865,0.91879,2.09,2.25
2012.02.06 17:01:23.960,0.91866,0.91881,1.34,2.85
2012.02.06 17:01:24.530,0.91867,0.9188,1.71,1.50
2012.02.06 17:01:25.203,0.91866,0.9188,2.09,2.25
2012.02.06 17:01:25.763,0.91866,0.9188,1.50,2.25
2012.02.06 17:01:26.294,0.91864,0.91879,1.34,2.25
2012.02.06 17:01:26.916,0.91864,0.91879,1.34,2.25
2012.02.06 17:01:27.474,0.91865,0.91881,2.84,2.25
2012.02.06 17:01:28.075,0.91865,0.91881,2.84,2.25
2012.02.06 17:01:28.714,0.91865,0.91881,2.84,2.25
2012.02.06 17:01:29.375,0.91865,0.91881,3.59,2.25
2012.02.06 17:01:29.645,0.91865,0.91881,3.59,2.25
2012.02.06 17:01:30.197,0.91866,0.9188,2.84,2.25
2012.02.06 17:01:31.555,0.91867,0.91881,1.50,2.25
2012.02.06 17:01:32.686,0.91867,0.91881,1.50,2.25
2012.02.06 17:01:34.850,0.91867,0.91881,1.50,2.25
2012.02.06 17:01:35.072,0.91869,0.91883,1.50,1.05
2012.02.06 17:01:35.566,0.91869,0.91883,1.50,1.05
2012.02.06 17:01:37.206,0.91869,0.91883,1.50,2.25
2012.02.06 17:01:37.624,0.91868,0.91883,3.96,1.05
2012.02.06 17:01:38.109,0.91868,0.91884,4.79,3.00
2012.02.06 17:01:38.469,0.91876,0.91892,1.50,2.63
2012.02.06 17:01:38.550,0.91876,0.91892,1.50,2.63
2012.02.06 17:01:39.140,0.91876,0.91892,1.50,1.50
2012.02.06 17:01:39.670,0.91875,0.91891,1.50,1.50
2012.02.06 17:01:39.758,0.91875,0.91891,2.25,2.25
2012.02.06 17:01:40.264,0.91878,0.91893,1.50,1.50
2012.02.06 17:01:41.252,0.91877,0.91892,4.13,1.50
2012.02.06 17:01:41.978,0.91878,0.91893,1.50,3.00
2012.02.06 17:01:42.481,0.91884,0.91893,1.50,3.00
2012.02.06 17:01:42.694,0.91881,0.9189,1.50,1.50
2012.02.06 17:01:42.766,0.91881,0.91888,1.50,1.50
2012.02.06 17:01:43.056,0.91878,0.91888,1.50,1.50
2012.02.06 17:01:43.724,0.91876,0.91886,1.50,1.50
2012.02.06 17:01:44.796,0.91872,0.91887,2.25,2.25
2012.02.06 17:01:44.870,0.91872,0.91886,2.25,1.05
2012.02.06 17:01:45.626,0.91877,0.91884,1.50,1.50
2012.02.06 17:01:45.707,0.91876,0.91886,1.50,2.25
2012.02.06 17:01:46.208,0.91876,0.91886,1.50,3.75
2012.02.06 17:01:46.774,0.91873,0.91885,2.25,2.25
2012.02.06 17:01:46.918,0.91874,0.91883,1.50,1.50
2012.02.06 17:01:47.463,0.91875,0.91885,1.50,2.25
2012.02.06 17:01:48.446,0.91874,0.91885,1.50,2.25
2012.02.06 17:01:52.857,0.91874,0.91885,1.50,1.50
2012.02.06 17:01:52.995,0.91873,0.91885,1.50,1.50
2012.02.06 17:01:53.282,0.91871,0.9188,1.50,1.50
2012.02.06 17:01:53.572,0.91867,0.9188,1.50,1.50
2012.02.06 17:01:53.723,0.91867,0.9188,2.25,2.25
2012.02.06 17:01:54.079,0.91873,0.91879,1.50,1.50
2012.02.06 17:01:54.692,0.91872,0.91878,1.50,1.50
2012.02.06 17:01:55.125,0.91869,0.91879,1.50,2.25
2012.02.06 17:01:55.709,0.91869,0.91879,1.50,2.25
2012.02.06 17:01:55.928,0.91866,0.91878,1.50,2.25
2012.02.06 17:01:56.134,0.91865,0.91876,3.00,1.50
2012.02.06 17:01:56.353,0.91867,0.91878,1.50,1.50
2012.02.06 17:01:56.927,0.91867,0.91883,3.00,3.00
2012.02.06 17:01:57.460,0.91867,0.91879,1.50,2.25
2012.02.06 17:01:58.004,0.91867,0.91879,1.50,2.25
2012.02.06 17:01:58.586,0.91867,0.91879,1.50,2.25
2012.02.06 17:01:59.822,0.91867,0.91879,1.50,2.25
2012.02.06 17:02:02.395,0.91867,0.91879,2.25,2.25
2012.02.06 17:02:02.609,0.9187,0.91879,1.50,1.50
2012.02.06 17:02:03.358,0.91872,0.91881,1.50,2.25
2012.02.06 17:02:03.686,0.91873,0.91881,1.50,1.50
2012.02.06 17:02:04.244,0.9187,0.9188,1.50,2.25
2012.02.06 17:02:04.762,0.91871,0.9188,1.50,2.25
2012.02.06 17:02:06.009,0.91871,0.9188,1.50,2.25
2012.02.06 17:02:06.295,0.91873,0.91883,3.00,1.50
2012.02.06 17:02:06.366,0.91873,0.91881,1.50,1.50
2012.02.06 17:02:06.718,0.91874,0.91881,1.50,1.50
2012.02.06 17:02:07.434,0.91874,0.91883,1.50,3.00
2012.02.06 17:02:07.935,0.91874,0.91885,1.50,2.25
2012.02.06 17:02:08.495,0.91874,0.91885,1.50,2.25
2012.02.06 17:02:09.046,0.91874,0.91885,1.50,2.25
2012.02.06 17:02:11.406,0.91873,0.91883,1.50,1.50
2012.02.06 17:02:11.550,0.91873,0.91885,1.50,2.25
2012.02.06 17:02:11.767,0.91874,0.91885,1.13,2.25
2012.02.06 17:02:11.908,0.91875,0.91886,1.50,2.25
2012.02.06 17:02:12.578,0.91875,0.91886,1.50,1.50
2012.02.06 17:02:12.663,0.91877,0.91887,1.50,2.25
2012.02.06 17:02:13.922,0.91879,0.91888,1.13,2.25
2012.02.06 17:02:14.289,0.91884,0.91893,1.50,1.50
2012.02.06 17:02:14.366,0.91884,0.91893,1.50,1.50
2012.02.06 17:02:14.655,0.91882,0.91893,1.50,2.25
2012.02.06 17:02:15.965,0.91883,0.91896,1.13,2.25
2012.02.06 17:02:16.917,0.91881,0.91896,1.88,2.25
2012.02.06 17:02:18.259,0.91883,0.91896,1.13,2.25
2012.02.06 17:02:20.368,0.91885,0.91897,2.46,1.50
2012.02.06 17:02:20.584,0.91889,0.91899,1.50,2.25
2012.02.06 17:02:23.443,0.91888,0.91897,1.88,1.50
2012.02.06 17:02:23.588,0.91886,0.91897,2.25,1.50
2012.02.06 17:02:24.166,0.91888,0.91897,1.13,2.25
2012.02.06 17:02:24.312,0.91891,0.91901,1.50,2.25
2012.02.06 17:02:24.395,0.91891,0.91904,1.50,3.00
2012.02.06 17:02:24.627,0.91893,0.91906,1.88,2.63
2012.02.06 17:02:25.267,0.91896,0.91906,1.50,1.50
2012.02.06 17:02:25.352,0.91895,0.91909,3.38,2.93
2012.02.06 17:02:25.729,0.91893,0.91908,1.88,2.25
2012.02.06 17:02:25.877,0.91892,0.91906,2.25,1.50
2012.02.06 17:02:26.088,0.91894,0.91906,1.50,1.50
2012.02.06 17:02:26.418,0.91892,0.91906,2.63,1.50
2012.02.06 17:02:27.182,0.91895,0.91903,1.50,1.50
2012.02.06 17:02:27.432,0.91902,0.91916,2.48,2.25
2012.02.06 17:02:27.521,0.91909,0.91916,1.50,1.50
2012.02.06 17:02:27.834,0.91912,0.91916,1.50,1.50
2012.02.06 17:02:27.992,0.91912,0.91921,1.50,2.25
2012.02.06 17:02:28.776,0.91908,0.91919,2.25,1.50
2012.02.06 17:02:28.938,0.91909,0.91917,1.50,1.50
2012.02.06 17:02:29.087,0.91909,0.9192,1.50,2.25
2012.02.06 17:02:29.230,0.91909,0.91922,1.50,2.25
2012.02.06 17:02:29.592,0.91911,0.91922,1.50,2.25
2012.02.06 17:02:29.803,0.91911,0.91924,1.50,2.25
2012.02.06 17:02:30.326,0.91911,0.91923,1.50,1.50
2012.02.06 17:02:30.473,0.9191,0.91923,1.50,1.50
2012.02.06 17:02:31.035,0.9191,0.9192,1.50,1.50
2012.02.06 17:02:31.185,0.91907,0.91918,5.46,1.50
2012.02.06 17:02:31.418,0.91905,0.91913,2.63,1.50
2012.02.06 17:02:31.636,0.91903,0.91913,2.09,1.50
2012.02.06 17:02:31.706,0.91903,0.91914,2.13,1.50
2012.02.06 17:02:32.302,0.91911,0.9192,1.13,3.00
2012.02.06 17:02:32.389,0.91913,0.9192,1.13,1.50
2012.02.06 17:02:32.755,0.91913,0.91926,1.13,1.05
2012.02.06 17:02:33.316,0.91913,0.91926,1.13,2.55
2012.02.06 17:02:34.341,0.91912,0.91924,1.13,1.50
2012.02.06 17:02:34.431,0.91911,0.91926,1.50,3.00
2012.02.06 17:02:34.786,0.91913,0.91926,1.50,1.50
2012.02.06 17:02:35.069,0.91911,0.91926,3.00,1.50
2012.02.06 17:02:35.596,0.91911,0.91927,1.88,2.25
2012.02.06 17:02:36.415,0.91912,0.91927,2.09,1.80
2012.02.06 17:02:36.496,0.91915,0.91929,1.50,3.60
2012.02.06 17:02:37.064,0.91915,0.91928,1.50,1.05
2012.02.06 17:02:37.567,0.91915,0.91929,1.50,1.66
2012.02.06 17:02:38.147,0.91914,0.91929,1.50,2.85
2012.02.06 17:02:38.750,0.91914,0.91927,1.50,1.05
2012.02.06 17:02:39.097,0.9191,0.91922,1.50,1.50
2012.02.06 17:02:40.117,0.91909,0.91922,1.50,1.50
2012.02.06 17:02:40.460,0.91911,0.91922,1.50,1.50
2012.02.06 17:02:40.609,0.91909,0.91922,1.50,1.50
2012.02.06 17:02:42.223,0.91908,0.91922,1.50,3.00
2012.02.06 17:02:42.773,0.91908,0.91922,1.50,1.50
2012.02.06 17:02:46.661,0.91911,0.91922,1.50,1.50
2012.02.06 17:02:46.877,0.91909,0.91922,1.50,1.50
2012.02.06 17:02:47.089,0.91907,0.91922,2.63,1.50
2012.02.06 17:02:49.338,0.91907,0.9192,1.50,2.25
2012.02.06 17:02:49.489,0.91903,0.91915,1.50,1.50
2012.02.06 17:02:50.179,0.91906,0.9192,1.50,3.19
2012.02.06 17:02:50.270,0.91904,0.91919,3.38,1.50
2012.02.06 17:02:50.414,0.91906,0.91919,1.50,1.50
2012.02.06 17:02:50.983,0.91904,0.91919,3.38,1.50
2012.02.06 17:02:51.493,0.91905,0.91919,1.50,1.50
2012.02.06 17:02:52.054,0.91905,0.91916,1.50,1.50
2012.02.06 17:02:53.153,0.91905,0.91915,1.50,1.50
2012.02.06 17:02:53.680,0.91905,0.91915,1.50,2.25
2012.02.06 17:02:53.899,0.91902,0.91913,1.50,1.50
2012.02.06 17:02:53.979,0.919,0.91913,1.50,2.25
2012.02.06 17:02:54.270,0.91898,0.91911,3.00,1.50
2012.02.06 17:02:54.349,0.91898,0.91911,3.08,1.50
2012.02.06 17:02:55.070,0.91898,0.9191,2.25,1.50
2012.02.06 17:02:55.573,0.91899,0.9191,1.50,1.50
2012.02.06 17:02:56.284,0.91899,0.9191,1.50,1.50
2012.02.06 17:02:56.708,0.919,0.91914,5.25,3.00
2012.02.06 17:02:57.308,0.91903,0.91914,1.50,1.50
2012.02.06 17:03:00.721,0.91899,0.91913,2.25,2.25
2012.02.06 17:03:01.012,0.91898,0.91911,2.25,1.50
2012.02.06 17:03:01.959,0.91898,0.9191,1.50,1.50
2012.02.06 17:03:04.236,0.91898,0.9191,1.79,1.50
2012.02.06 17:03:05.068,0.91911,0.91923,1.50,1.50
2012.02.06 17:03:05.156,0.91911,0.91927,5.25,2.55
2012.02.06 17:03:05.648,0.9191,0.91924,1.50,2.25
2012.02.06 17:03:05.734,0.9191,0.91924,1.50,3.00
2012.02.06 17:03:06.286,0.91911,0.91923,1.50,1.50
2012.02.06 17:03:06.816,0.91912,0.91923,1.50,1.50
2012.02.06 17:03:07.105,0.91909,0.91923,3.00,1.50
2012.02.06 17:03:07.179,0.91911,0.91921,1.50,1.50
2012.02.06 17:03:07.256,0.91911,0.91921,1.50,1.50
2012.02.06 17:03:07.493,0.91909,0.91922,1.50,1.50
2012.02.06 17:03:08.107,0.91911,0.91922,1.50,1.50
2012.02.06 17:03:08.667,0.9191,0.91923,1.50,1.50
2012.02.06 17:03:10.719,0.91909,0.91923,1.50,2.25
2012.02.06 17:03:11.145,0.91913,0.91923,1.50,1.50
2012.02.06 17:03:11.220,0.9191,0.91923,1.50,1.50
2012.02.06 17:03:11.746,0.91908,0.91922,1.50,3.00
2012.02.06 17:03:11.831,0.91907,0.91919,1.50,1.50
2012.02.06 17:03:12.186,0.91907,0.9192,1.50,2.25
2012.02.06 17:03:12.737,0.91907,0.91917,1.50,2.25
2012.02.06 17:03:13.269,0.91908,0.91918,1.50,1.50
2012.02.06 17:03:13.773,0.91908,0.91918,1.50,1.50
2012.02.06 17:03:14.326,0.91908,0.91918,1.50,1.50
2012.02.06 17:03:15.440,0.91908,0.91917,1.50,1.50
2012.02.06 17:03:16.005,0.91909,0.91918,1.50,1.50
2012.02.06 17:03:16.622,0.91909,0.91919,1.50,1.50
2012.02.06 17:03:19.805,0.91909,0.9192,1.50,2.25
2012.02.06 17:03:20.787,0.91908,0.91919,1.50,1.50
2012.02.06 17:03:21.654,0.91906,0.91918,1.50,1.50
2012.02.06 17:03:22.418,0.91904,0.91918,1.50,1.50
2012.02.06 17:03:22.500,0.91904,0.91917,1.50,1.50
2012.02.06 17:03:22.652,0.91902,0.91916,1.50,2.25
2012.02.06 17:03:22.797,0.91902,0.91915,1.50,1.88
2012.02.06 17:03:23.146,0.91902,0.91911,1.50,1.50
2012.02.06 17:03:23.217,0.919,0.91911,1.50,1.50
2012.02.06 17:03:23.564,0.91898,0.91911,2.25,1.50
2012.02.06 17:03:24.211,0.91897,0.91911,4.04,1.50
2012.02.06 17:03:24.436,0.91895,0.91909,4.50,1.50
2012.02.06 17:03:25.494,0.91896,0.91908,1.50,1.50
2012.02.06 17:03:26.191,0.91898,0.91906,1.50,1.50
2012.02.06 17:03:26.694,0.91898,0.91911,4.71,1.50
2012.02.06 17:03:26.771,0.91898,0.91911,6.21,1.50
2012.02.06 17:03:27.412,0.91898,0.91911,1.50,1.50
2012.02.06 17:03:27.569,0.91894,0.91909,3.75,1.50
2012.02.06 17:03:28.188,0.91894,0.91906,2.25,1.50
2012.02.06 17:03:29.036,0.91893,0.91904,1.13,1.50
2012.02.06 17:03:29.398,0.91892,0.91903,1.50,1.50
2012.02.06 17:03:29.758,0.91892,0.919,1.50,1.50
2012.02.06 17:03:30.294,0.91892,0.91903,3.75,1.50
2012.02.06 17:03:30.372,0.91894,0.91903,1.50,1.50
2012.02.06 17:03:31.502,0.91892,0.91904,1.50,1.50
2012.02.06 17:03:31.650,0.91889,0.91901,1.50,1.50
2012.02.06 17:03:31.869,0.91889,0.919,1.50,1.50
2012.02.06 17:03:32.978,0.91888,0.919,1.50,1.50
2012.02.06 17:03:33.703,0.91886,0.91898,1.50,1.50
2012.02.06 17:03:33.785,0.91886,0.91898,1.50,1.50
2012.02.06 17:03:33.858,0.91884,0.91897,2.25,2.25
2012.02.06 17:03:34.011,0.91884,0.91894,1.50,1.50
2012.02.06 17:03:34.715,0.91883,0.91895,1.50,1.50
2012.02.06 17:03:35.150,0.91884,0.91898,2.25,3.00
2012.02.06 17:03:35.228,0.91884,0.91898,3.00,2.25
2012.02.06 17:03:35.586,0.91886,0.91898,1.50,2.25
2012.02.06 17:03:37.379,0.91887,0.91897,1.50,1.50
2012.02.06 17:03:37.546,0.91883,0.91896,5.25,1.50
2012.02.06 17:03:37.621,0.91883,0.91896,5.25,1.50
2012.02.06 17:03:38.247,0.91883,0.91895,3.75,1.50
2012.02.06 17:03:38.593,0.91883,0.91893,2.25,1.50
2012.02.06 17:03:39.539,0.91883,0.91895,3.75,2.25
2012.02.06 17:03:39.627,0.91883,0.91897,3.75,1.50
2012.02.06 17:03:39.835,0.91881,0.91893,1.50,1.50
2012.02.06 17:03:40.259,0.9188,0.91895,4.34,1.50
2012.02.06 17:03:41.778,0.91881,0.91895,2.09,3.00
2012.02.06 17:03:42.439,0.91881,0.91895,2.09,1.50
2012.02.06 17:03:43.018,0.91881,0.91895,2.09,1.50
2012.02.06 17:03:43.164,0.91881,0.91894,1.88,1.50
2012.02.06 17:03:43.450,0.91881,0.91894,1.50,1.50
2012.02.06 17:03:44.485,0.91881,0.91893,1.50,1.50
2012.02.06 17:03:45.104,0.91879,0.91892,2.46,1.50
2012.02.06 17:03:45.244,0.91879,0.91888,2.46,1.50
2012.02.06 17:03:45.953,0.91879,0.91889,1.50,1.50
2012.02.06 17:03:46.100,0.91879,0.91889,1.50,1.50
2012.02.06 17:03:46.317,0.91879,0.9189,1.50,1.50
2012.02.06 17:03:46.458,0.91877,0.91888,2.63,1.50
2012.02.06 17:03:46.749,0.91878,0.91891,1.50,3.00
2012.02.06 17:03:46.896,0.91876,0.91889,3.00,3.00
2012.02.06 17:03:47.037,0.91876,0.91888,2.25,2.25
2012.02.06 17:03:47.251,0.91876,0.91888,1.50,1.50
2012.02.06 17:03:47.803,0.91877,0.91887,1.50,1.50
2012.02.06 17:03:48.481,0.91877,0.91886,1.50,1.50
2012.02.06 17:03:48.838,0.91874,0.91885,1.50,2.25
2012.02.06 17:03:48.990,0.91872,0.91885,3.00,1.50
2012.02.06 17:03:49.483,0.91872,0.91885,2.63,1.50
2012.02.06 17:03:49.627,0.91872,0.91885,2.84,1.50
2012.02.06 17:03:49.696,0.91874,0.91885,1.50,1.50
2012.02.06 17:03:50.424,0.91874,0.91885,1.50,2.25
2012.02.06 17:03:50.925,0.91873,0.91884,1.50,1.50
2012.02.06 17:03:51.009,0.91871,0.91885,4.34,2.25
2012.02.06 17:03:51.161,0.91871,0.91885,1.50,3.38
2012.02.06 17:03:51.242,0.91868,0.91881,3.75,1.50
2012.02.06 17:03:52.216,0.91868,0.91882,2.63,1.50
2012.02.06 17:03:52.735,0.91868,0.91882,2.46,1.50
2012.02.06 17:03:53.307,0.91868,0.91882,2.46,1.50
2012.02.06 17:03:54.248,0.9187,0.91882,1.50,1.50
2012.02.06 17:03:55.765,0.9187,0.91881,2.25,1.50
2012.02.06 17:03:56.444,0.9187,0.91884,2.63,3.00
2012.02.06 17:03:58.895,0.9187,0.91884,2.63,3.00
2012.02.06 17:03:59.813,0.9187,0.91884,2.63,3.00
2012.02.06 17:04:00.124,0.9187,0.91884,1.50,3.00
2012.02.06 17:04:01.131,0.91868,0.91881,1.50,1.50
2012.02.06 17:04:01.427,0.91868,0.91884,2.25,3.00
2012.02.06 17:04:01.563,0.91868,0.91884,2.25,3.00
2012.02.06 17:04:01.710,0.9187,0.91884,1.50,3.00
2012.02.06 17:04:02.133,0.9187,0.91884,2.25,2.25
2012.02.06 17:04:02.888,0.91873,0.91887,1.50,2.25
2012.02.06 17:04:03.482,0.91873,0.91885,1.50,2.25
2012.02.06 17:04:03.834,0.91877,0.91888,1.50,1.88
2012.02.06 17:04:04.363,0.9188,0.91889,1.50,2.25
2012.02.06 17:04:04.924,0.91879,0.91892,1.50,2.55
2012.02.06 17:04:05.278,0.91879,0.91893,1.50,2.55
2012.02.06 17:04:05.946,0.91877,0.91891,3.75,2.25
2012.02.06 17:04:07.056,0.91877,0.91891,3.00,2.25
2012.02.06 17:04:08.662,0.91878,0.9189,1.50,1.50
2012.02.06 17:04:11.144,0.91877,0.91888,1.50,1.50
2012.02.06 17:04:11.673,0.91877,0.91888,3.00,1.50
2012.02.06 17:04:12.143,0.91879,0.91888,1.50,1.50
2012.02.06 17:04:13.149,0.91879,0.9189,2.25,1.50
2012.02.06 17:04:14.156,0.91879,0.91891,1.50,1.50
2012.02.06 17:04:14.703,0.91878,0.91891,1.50,1.50
2012.02.06 17:04:15.224,0.91878,0.9189,3.00,1.50
2012.02.06 17:04:16.272,0.91878,0.91889,3.00,1.50
2012.02.06 17:04:16.344,0.91878,0.91888,3.00,1.50
2012.02.06 17:04:17.523,0.91881,0.91893,2.84,2.25
2012.02.06 17:04:17.624,0.91889,0.919,1.50,2.25
2012.02.06 17:04:17.710,0.91889,0.919,1.50,1.05
2012.02.06 17:04:18.987,0.91889,0.91901,1.50,2.55
2012.02.06 17:04:19.846,0.91891,0.91901,1.13,2.25
2012.02.06 17:04:20.209,0.91895,0.91908,2.25,2.25
2012.02.06 17:04:20.432,0.91898,0.91909,1.50,1.50
2012.02.06 17:04:20.585,0.91898,0.91911,1.50,1.50
2012.02.06 17:04:20.654,0.91896,0.91911,1.50,3.00
2012.02.06 17:04:20.729,0.91894,0.9191,2.25,3.00
2012.02.06 17:04:21.157,0.91893,0.91908,2.25,3.00
2012.02.06 17:04:21.726,0.91891,0.91904,1.88,2.25
2012.02.06 17:04:23.315,0.91892,0.91907,2.25,1.50
2012.02.06 17:04:24.310,0.91892,0.91907,3.00,2.25
2012.02.06 17:04:24.807,0.91892,0.91905,1.50,2.25
2012.02.06 17:04:25.367,0.91893,0.91906,2.25,1.50
2012.02.06 17:04:29.031,0.91892,0.91905,1.50,1.50
2012.02.06 17:04:30.297,0.91891,0.91903,1.50,1.50
2012.02.06 17:04:31.689,0.91889,0.91903,1.50,1.50
2012.02.06 17:04:32.547,0.91889,0.91903,2.25,1.50
2012.02.06 17:04:32.629,0.91888,0.91899,1.50,1.50
2012.02.06 17:04:32.987,0.91887,0.91896,1.50,1.50
2012.02.06 17:04:33.128,0.91885,0.91894,1.58,1.50
2012.02.06 17:04:34.029,0.91883,0.91894,2.33,1.50
2012.02.06 17:04:34.109,0.91882,0.91894,2.25,1.50
2012.02.06 17:04:34.323,0.91883,0.91892,1.50,1.50
2012.02.06 17:04:34.537,0.91883,0.91896,2.25,1.50
2012.02.06 17:04:35.037,0.91883,0.91897,3.00,1.50
2012.02.06 17:04:35.633,0.91884,0.91897,1.50,1.50
2012.02.06 17:04:36.293,0.91883,0.91897,3.00,1.50
2012.02.06 17:04:37.063,0.91884,0.91898,1.50,1.50
2012.02.06 17:04:38.042,0.91883,0.91898,3.38,1.50
2012.02.06 17:04:40.713,0.91884,0.91897,1.50,1.50
2012.02.06 17:04:45.472,0.91883,0.91897,1.88,2.25
2012.02.06 17:04:45.675,0.91884,0.91897,2.46,1.50
2012.02.06 17:04:46.183,0.91884,0.91898,1.50,1.50
2012.02.06 17:04:46.735,0.91883,0.91897,2.25,3.00
2012.02.06 17:04:48.323,0.91882,0.91897,5.25,2.25
2012.02.06 17:04:53.371,0.91882,0.91897,5.25,2.25
2012.02.06 17:04:55.652,0.91882,0.91897,5.25,2.25
2012.02.06 17:04:56.181,0.91883,0.91896,1.50,1.50
2012.02.06 17:04:57.084,0.91882,0.91898,5.25,3.75
2012.02.06 17:04:57.908,0.91882,0.91898,5.25,3.00
2012.02.06 17:04:58.059,0.91882,0.91893,5.25,1.13
2012.02.06 17:04:58.444,0.91869,0.91874,2.25,1.13
2012.02.06 17:04:58.523,0.91869,0.91875,1.50,1.32
2012.02.06 17:04:58.609,0.91866,0.91875,1.50,1.69
2012.02.06 17:04:58.701,0.91862,0.91868,3.00,1.13
2012.02.06 17:04:58.798,0.91857,0.91868,2.25,1.13
2012.02.06 17:04:58.888,0.91855,0.91866,1.50,1.13
2012.02.06 17:04:59.527,0.91849,0.91863,1.50,3.00
2012.02.06 17:04:59.689,0.91849,0.91861,1.50,2.25
2012.02.06 17:04:59.772,0.91848,0.9186,2.25,2.25
2012.02.06 17:05:00.058,0.91847,0.9186,2.55,3.00
2012.02.06 17:05:00.420,0.91846,0.91858,2.25,3.00
2012.02.06 17:05:01.405,0.91846,0.91857,2.25,1.50
2012.02.06 17:05:01.710,0.91849,0.91857,1.50,1.50
2012.02.06 17:05:01.857,0.91846,0.91857,3.75,2.25
2012.02.06 17:05:02.072,0.91844,0.91856,2.63,3.00
2012.02.06 17:05:02.235,0.91841,0.91854,5.25,1.50
2012.02.06 17:05:02.586,0.91841,0.91848,3.75,1.50
2012.02.06 17:05:03.170,0.91843,0.91849,1.50,1.50
2012.02.06 17:05:03.265,0.91842,0.91854,2.46,1.50
2012.02.06 17:05:03.413,0.91839,0.91853,2.44,3.75
2012.02.06 17:05:03.494,0.91837,0.91852,2.84,3.00
2012.02.06 17:05:04.118,0.91837,0.91851,5.84,2.25
2012.02.06 17:05:05.047,0.91837,0.9185,3.59,2.25
2012.02.06 17:05:05.608,0.91837,0.91853,5.09,3.75
2012.02.06 17:05:06.163,0.91837,0.91852,3.59,2.25
2012.02.06 17:05:06.461,0.91837,0.91844,2.25,1.50
2012.02.06 17:05:06.544,0.91834,0.91844,1.13,1.50
2012.02.06 17:05:06.626,0.91831,0.91841,1.50,1.50
2012.02.06 17:05:06.704,0.91828,0.91839,1.50,1.50
2012.02.06 17:05:06.784,0.91827,0.9184,3.21,1.50
2012.02.06 17:05:07.499,0.91826,0.91841,2.63,3.00
2012.02.06 17:05:07.586,0.91823,0.91832,2.25,1.50
2012.02.06 17:05:07.727,0.91821,0.91832,3.03,1.50
2012.02.06 17:05:07.865,0.91821,0.9183,3.40,1.50
2012.02.06 17:05:07.934,0.91821,0.91832,3.40,1.50
2012.02.06 17:05:08.004,0.91821,0.91833,3.19,1.50
2012.02.06 17:05:08.080,0.91823,0.91833,1.50,1.50
2012.02.06 17:05:08.649,0.91823,0.91833,1.50,1.50
2012.02.06 17:05:09.334,0.91823,0.91831,1.50,1.50
2012.02.06 17:05:10.201,0.91823,0.91831,1.58,1.50
2012.02.06 17:05:10.365,0.91827,0.91836,1.50,1.50
2012.02.06 17:05:11.459,0.91826,0.91837,1.50,1.50
2012.02.06 17:05:11.688,0.91826,0.91836,3.75,1.50
2012.02.06 17:05:11.979,0.91829,0.9184,1.50,1.50
2012.02.06 17:05:12.206,0.9183,0.91843,1.50,3.38
2012.02.06 17:05:12.495,0.9183,0.9184,1.50,1.50
2012.02.06 17:05:13.934,0.91828,0.9184,1.50,1.50
2012.02.06 17:05:14.485,0.91827,0.9184,1.50,1.50
2012.02.06 17:05:15.039,0.91828,0.9184,1.50,1.50
2012.02.06 17:05:15.822,0.9183,0.91842,2.25,1.50
2012.02.06 17:05:15.970,0.91831,0.91844,2.25,1.50
2012.02.06 17:05:16.326,0.91831,0.91845,2.25,3.00
2012.02.06 17:05:16.749,0.91833,0.91845,1.50,1.50
2012.02.06 17:05:17.926,0.91832,0.91845,2.25,1.50
2012.02.06 17:05:18.426,0.91832,0.91845,2.25,1.50
2012.02.06 17:05:18.964,0.91832,0.91845,1.50,1.50
2012.02.06 17:05:19.546,0.91832,0.91845,1.50,1.50
2012.02.06 17:05:20.106,0.91832,0.91845,2.25,1.50
2012.02.06 17:05:20.947,0.91832,0.91845,2.25,1.50
2012.02.06 17:05:21.495,0.91832,0.91844,2.25,1.50
2012.02.06 17:05:22.053,0.91832,0.91848,2.63,2.25
2012.02.06 17:05:22.655,0.91832,0.91846,2.63,1.50
2012.02.06 17:05:24.993,0.91833,0.91846,1.50,1.50
2012.02.06 17:05:25.070,0.9183,0.91844,4.69,2.25
2012.02.06 17:05:25.301,0.91829,0.91844,2.25,1.50
2012.02.06 17:05:25.574,0.91829,0.91842,1.50,2.25
2012.02.06 17:05:26.408,0.91833,0.91841,1.50,1.50
2012.02.06 17:05:26.548,0.91833,0.91843,1.50,2.25
2012.02.06 17:05:26.765,0.91834,0.91843,1.50,2.25
2012.02.06 17:05:27.419,0.91831,0.91844,2.25,1.50
2012.02.06 17:05:27.704,0.91832,0.91846,2.25,2.25
2012.02.06 17:05:29.219,0.91837,0.91845,1.13,1.50
2012.02.06 17:05:29.303,0.91842,0.91856,2.84,2.25
2012.02.06 17:05:29.865,0.91841,0.91857,1.50,2.25
2012.02.06 17:05:30.620,0.91843,0.91857,1.50,2.25
2012.02.06 17:05:32.822,0.91845,0.91855,1.50,1.50
2012.02.06 17:05:33.128,0.91847,0.91856,2.63,1.50
2012.02.06 17:05:33.801,0.9185,0.91862,3.00,1.50
2012.02.06 17:05:34.601,0.91852,0.91862,1.50,1.50
2012.02.06 17:05:34.755,0.9185,0.91862,3.00,1.50
2012.02.06 17:05:35.110,0.91851,0.91863,2.46,2.25
2012.02.06 17:05:36.767,0.91854,0.91868,1.50,2.55
2012.02.06 17:05:37.333,0.91858,0.91872,1.13,2.63
2012.02.06 17:05:37.413,0.91859,0.91873,2.25,4.50
2012.02.06 17:05:37.708,0.9186,0.91874,3.75,2.25
2012.02.06 17:05:37.777,0.91862,0.91875,2.25,2.18
2012.02.06 17:05:38.735,0.91862,0.91875,2.25,1.88
2012.02.06 17:05:39.575,0.91861,0.91875,3.00,2.55
2012.02.06 17:05:40.159,0.91863,0.91877,1.13,2.25
2012.02.06 17:05:40.320,0.91869,0.91879,1.88,1.65
2012.02.06 17:05:40.933,0.91869,0.91881,3.38,1.50
2012.02.06 17:05:41.229,0.91871,0.91884,3.00,1.05
2012.02.06 17:05:41.887,0.91872,0.91883,1.50,2.55
2012.02.06 17:05:42.833,0.91871,0.91886,2.25,2.25
2012.02.06 17:05:42.935,0.91872,0.91886,2.25,2.25
2012.02.06 17:05:43.434,0.91872,0.91886,2.25,2.25
2012.02.06 17:05:43.984,0.91872,0.91887,2.25,1.13
2012.02.06 17:05:44.658,0.91871,0.91885,3.75,2.25
2012.02.06 17:05:45.459,0.91871,0.91883,1.50,3.75
2012.02.06 17:05:45.556,0.91869,0.91882,1.50,1.88
2012.02.06 17:05:46.865,0.91867,0.91881,1.50,3.00
2012.02.06 17:05:47.186,0.91867,0.91877,1.50,2.25
2012.02.06 17:05:47.540,0.91868,0.91878,1.50,2.25
2012.02.06 17:05:47.702,0.91869,0.91882,1.50,2.25
2012.02.06 17:05:48.323,0.91874,0.91885,1.50,2.25
2012.02.06 17:05:48.394,0.91872,0.91885,3.59,2.25
2012.02.06 17:05:48.917,0.91873,0.91885,1.50,1.50
2012.02.06 17:05:49.198,0.91873,0.91885,1.50,2.25
2012.02.06 17:05:49.283,0.91876,0.91885,1.50,1.50
2012.02.06 17:05:49.846,0.91876,0.91888,1.50,2.25
2012.02.06 17:05:53.536,0.91876,0.91887,2.25,1.50
2012.02.06 17:05:54.143,0.91877,0.91887,1.50,1.50
2012.02.06 17:05:55.268,0.91877,0.91887,2.25,1.50
2012.02.06 17:05:55.725,0.91877,0.91887,1.50,1.50
2012.02.06 17:05:56.682,0.91877,0.91887,1.50,1.50
2012.02.06 17:05:56.893,0.91876,0.9189,3.00,3.00
2012.02.06 17:05:57.444,0.91876,0.91889,3.00,1.50
2012.02.06 17:06:00.038,0.91876,0.91887,1.50,1.28
2012.02.06 17:06:00.133,0.91875,0.91885,1.50,2.25
2012.02.06 17:06:00.790,0.9187,0.91881,2.25,1.50
2012.02.06 17:06:01.006,0.91869,0.91884,1.50,1.50
2012.02.06 17:06:01.569,0.91869,0.91883,2.25,1.50
2012.02.06 17:06:02.663,0.91869,0.91879,1.50,1.50
2012.02.06 17:06:03.485,0.91868,0.91882,3.00,1.50
2012.02.06 17:06:04.029,0.91868,0.91882,3.00,1.50
2012.02.06 17:06:04.596,0.9187,0.91886,1.88,1.50
2012.02.06 17:06:04.809,0.91872,0.91886,2.25,1.50
2012.02.06 17:06:05.098,0.91874,0.91888,2.25,1.50
2012.02.06 17:06:05.767,0.91874,0.91886,2.25,1.50
2012.02.06 17:06:08.924,0.91874,0.91885,2.25,1.50
2012.02.06 17:06:09.500,0.91874,0.91884,1.50,1.50
2012.02.06 17:06:10.284,0.91874,0.91885,1.50,1.50
2012.02.06 17:06:12.496,0.91875,0.91885,1.50,1.50
2012.02.06 17:06:13.103,0.91876,0.91885,1.50,1.50
2012.02.06 17:06:13.194,0.91878,0.91892,2.25,3.00
2012.02.06 17:06:13.268,0.91878,0.91892,2.25,3.00
2012.02.06 17:06:13.488,0.91878,0.91892,2.25,3.00
2012.02.06 17:06:15.480,0.91878,0.91892,2.25,3.00
2012.02.06 17:06:15.571,0.91878,0.91892,2.25,2.25
2012.02.06 17:06:16.806,0.91878,0.91893,2.25,2.25
2012.02.06 17:06:20.074,0.91878,0.91892,2.25,3.00
2012.02.06 17:06:20.416,0.91877,0.9189,2.25,1.50
2012.02.06 17:06:20.990,0.91877,0.91888,2.25,1.50
2012.02.06 17:06:21.324,0.91877,0.9189,2.25,1.50
2012.02.06 17:06:21.930,0.9188,0.91892,1.50,1.50
2012.02.06 17:06:22.424,0.91882,0.91892,1.50,1.50
2012.02.06 17:06:24.060,0.91876,0.91886,2.44,1.50
2012.02.06 17:06:24.146,0.91877,0.91885,1.50,1.50
2012.02.06 17:06:24.801,0.91874,0.91885,3.00,2.25
2012.02.06 17:06:27.713,0.91874,0.91882,1.50,1.50
2012.02.06 17:06:28.040,0.91873,0.9188,1.58,1.50
2012.02.06 17:06:28.350,0.91876,0.91882,1.50,1.50
2012.02.06 17:06:28.568,0.91876,0.91884,1.50,1.50
2012.02.06 17:06:29.123,0.91876,0.91884,1.50,2.25
2012.02.06 17:06:30.928,0.91876,0.91884,1.50,1.50
2012.02.06 17:06:31.016,0.91877,0.91891,2.25,2.25
2012.02.06 17:06:31.158,0.91876,0.9189,2.25,3.00
2012.02.06 17:06:31.668,0.91875,0.91887,2.82,1.50
2012.02.06 17:06:32.027,0.91877,0.91886,1.50,1.50
2012.02.06 17:06:32.097,0.91875,0.91886,1.50,1.50
2012.02.06 17:06:32.724,0.91876,0.91886,1.50,1.50
2012.02.06 17:06:32.812,0.91876,0.9189,1.50,2.25
2012.02.06 17:06:33.376,0.91877,0.91889,1.50,1.50
2012.02.06 17:06:33.446,0.91877,0.91888,1.50,1.50
2012.02.06 17:06:35.550,0.91875,0.91888,2.25,1.50
2012.02.06 17:06:36.192,0.91875,0.91886,2.25,1.50
2012.02.06 17:06:40.087,0.91876,0.9189,1.50,2.25
2012.02.06 17:06:40.228,0.91876,0.9189,1.50,2.25
2012.02.06 17:06:40.773,0.91876,0.91892,1.50,3.38
2012.02.06 17:06:42.828,0.91876,0.91892,1.50,2.25
2012.02.06 17:06:43.442,0.91875,0.91891,2.25,2.25
2012.02.06 17:06:43.983,0.91876,0.91892,1.50,2.25
2012.02.06 17:06:44.829,0.91874,0.9189,4.50,2.25
2012.02.06 17:06:49.236,0.91876,0.9189,3.00,2.25
2012.02.06 17:06:49.457,0.91876,0.91892,4.88,3.75
2012.02.06 17:06:49.598,0.91879,0.91892,1.13,2.25
2012.02.06 17:06:49.957,0.91881,0.91892,2.25,2.25
2012.02.06 17:06:50.821,0.91881,0.91894,2.25,2.26
2012.02.06 17:06:51.450,0.91881,0.91895,4.50,1.14
2012.02.06 17:06:51.600,0.91883,0.91896,1.50,1.14
2012.02.06 17:06:51.822,0.91885,0.91898,1.50,1.88
2012.02.06 17:06:52.251,0.91885,0.91898,1.50,1.88
2012.02.06 17:06:52.470,0.91887,0.91898,1.50,1.88
2012.02.06 17:06:52.549,0.91885,0.91898,1.50,1.88
2012.02.06 17:06:53.449,0.91887,0.919,1.50,1.05
2012.02.06 17:06:53.598,0.91885,0.919,1.50,1.05
2012.02.06 17:06:53.817,0.91887,0.919,1.50,1.05
2012.02.06 17:06:54.666,0.91887,0.919,1.50,1.05
2012.02.06 17:06:55.002,0.91887,0.919,1.50,1.05
2012.02.06 17:06:56.118,0.91887,0.919,1.50,1.05
2012.02.06 17:06:56.216,0.91888,0.91901,2.25,1.05
2012.02.06 17:06:57.410,0.91888,0.91903,2.25,1.88
2012.02.06 17:06:57.487,0.91888,0.91903,2.25,1.88
2012.02.06 17:06:57.895,0.91891,0.91903,1.50,1.13
2012.02.06 17:06:59.767,0.91891,0.91903,2.25,1.88
2012.02.06 17:07:01.286,0.91887,0.91902,2.25,3.38
2012.02.06 17:07:01.787,0.91886,0.91897,1.50,1.65
2012.02.06 17:07:02.140,0.9188,0.91894,3.00,1.13
2012.02.06 17:07:02.909,0.91878,0.91893,2.25,1.50
2012.02.06 17:07:02.996,0.91875,0.91888,2.25,2.25
2012.02.06 17:07:03.301,0.91878,0.91892,1.50,2.74
2012.02.06 17:07:03.376,0.91878,0.91892,1.50,2.74
2012.02.06 17:07:04.131,0.91876,0.9189,2.25,2.25
2012.02.06 17:07:04.209,0.91878,0.91892,1.50,2.55
2012.02.06 17:07:04.857,0.91878,0.91892,1.50,2.25
2012.02.06 17:07:05.009,0.91878,0.91892,1.50,3.00
2012.02.06 17:07:05.228,0.91876,0.91892,2.25,3.38
2012.02.06 17:07:06.247,0.91877,0.91891,1.50,3.38
2012.02.06 17:07:07.097,0.91876,0.9189,1.50,2.25
2012.02.06 17:07:07.174,0.91876,0.9189,1.50,2.25
2012.02.06 17:07:07.714,0.91876,0.91892,2.25,2.25
2012.02.06 17:07:07.787,0.91876,0.91892,2.63,2.63
2012.02.06 17:07:07.857,0.91878,0.91892,1.50,1.13
2012.02.06 17:07:08.565,0.91878,0.91894,1.50,2.63
2012.02.06 17:07:08.998,0.91878,0.91894,1.73,2.25
2012.02.06 17:07:09.724,0.91886,0.91899,1.50,1.50
2012.02.06 17:07:10.020,0.91888,0.91901,2.25,3.30
2012.02.06 17:07:10.096,0.91888,0.91901,2.25,3.30
2012.02.06 17:07:11.009,0.91889,0.91901,1.50,3.30
2012.02.06 17:07:11.788,0.91887,0.919,2.25,1.05
2012.02.06 17:07:15.531,0.91891,0.91907,1.50,4.58
2012.02.06 17:07:15.622,0.91888,0.91902,2.25,2.25
2012.02.06 17:07:17.744,0.91888,0.91902,2.25,2.25
2012.02.06 17:07:18.292,0.91888,0.91902,2.25,2.25
2012.02.06 17:07:19.404,0.91889,0.91902,1.13,2.25
2012.02.06 17:07:19.754,0.91891,0.91904,1.13,2.25
2012.02.06 17:07:20.151,0.91893,0.91904,1.50,2.25
2012.02.06 17:07:20.715,0.91894,0.91908,1.50,3.75
2012.02.06 17:07:22.608,0.91894,0.91908,1.50,3.38
2012.02.06 17:07:22.677,0.91892,0.91908,1.50,4.50
2012.02.06 17:07:23.567,0.91894,0.91908,1.50,5.25
2012.02.06 17:07:25.020,0.91894,0.91907,1.50,3.00
2012.02.06 17:07:25.567,0.91894,0.91907,1.50,3.00
2012.02.06 17:07:25.635,0.91894,0.91907,1.50,3.00
2012.02.06 17:07:25.987,0.91896,0.91909,1.50,3.30
2012.02.06 17:07:26.534,0.91893,0.91909,2.25,2.25
2012.02.06 17:07:27.351,0.91895,0.91909,1.50,2.25
2012.02.06 17:07:28.444,0.91897,0.9191,1.50,2.18
2012.02.06 17:07:28.996,0.91897,0.9191,1.50,1.05
2012.02.06 17:07:32.657,0.91897,0.9191,1.50,1.05
2012.02.06 17:07:33.082,0.91901,0.91915,1.50,2.25
2012.02.06 17:07:33.298,0.91902,0.91916,1.50,6.75
2012.02.06 17:07:33.377,0.91899,0.91915,2.25,3.00
2012.02.06 17:07:34.433,0.91899,0.91915,2.25,3.00
2012.02.06 17:07:35.134,0.91899,0.91914,1.50,3.00
2012.02.06 17:07:35.407,0.91897,0.91913,3.75,2.25
2012.02.06 17:07:36.020,0.91899,0.91913,1.50,2.25
2012.02.06 17:07:36.171,0.91899,0.91913,1.50,2.25
2012.02.06 17:07:36.954,0.91899,0.91913,4.34,2.25
2012.02.06 17:07:37.314,0.91904,0.91918,1.50,2.60
2012.02.06 17:07:37.879,0.91902,0.91915,1.50,1.88
2012.02.06 17:07:38.983,0.91904,0.91918,2.25,3.00
2012.02.06 17:07:39.277,0.91902,0.91916,1.50,1.13
2012.02.06 17:07:39.767,0.919,0.91915,2.25,3.00
2012.02.06 17:07:40.293,0.91901,0.91915,1.50,4.13
2012.02.06 17:07:41.090,0.91902,0.91917,1.50,3.90
2012.02.06 17:07:41.167,0.91904,0.91917,1.50,3.90
2012.02.06 17:07:41.595,0.91901,0.91917,1.71,5.25
2012.02.06 17:07:43.046,0.91899,0.91914,3.59,1.13
2012.02.06 17:07:43.530,0.91905,0.91917,1.50,3.19
2012.02.06 17:07:43.617,0.91905,0.91918,1.50,1.13
2012.02.06 17:07:44.255,0.91906,0.91919,1.50,3.00
2012.02.06 17:07:44.838,0.91906,0.9192,1.50,2.40
2012.02.06 17:07:44.940,0.91907,0.91922,1.88,1.13
2012.02.06 17:07:45.159,0.91907,0.91922,2.09,1.50
2012.02.06 17:07:45.614,0.91908,0.91923,2.92,2.25
2012.02.06 17:07:45.763,0.91912,0.91923,1.34,2.25
2012.02.06 17:07:45.842,0.91917,0.91928,1.50,1.50
2012.02.06 17:07:46.568,0.91917,0.91927,1.50,1.05
2012.02.06 17:07:47.846,0.91914,0.91927,1.88,1.05
2012.02.06 17:07:47.917,0.91914,0.91927,1.50,1.05
2012.02.06 17:07:48.855,0.91913,0.91927,1.50,2.55
2012.02.06 17:07:49.645,0.91915,0.91927,1.50,1.05
2012.02.06 17:07:50.194,0.91915,0.91927,1.50,1.05
2012.02.06 17:07:50.734,0.91916,0.91927,1.50,1.05
2012.02.06 17:07:54.408,0.91916,0.91926,1.50,1.05
2012.02.06 17:07:54.552,0.91912,0.91924,2.25,1.50
2012.02.06 17:07:54.631,0.9191,0.91924,1.50,2.25
2012.02.06 17:07:55.210,0.9191,0.91924,2.25,2.25
2012.02.06 17:07:57.240,0.91913,0.91924,1.50,1.50
2012.02.06 17:07:57.892,0.91911,0.91925,2.16,1.13
2012.02.06 17:07:58.545,0.91911,0.91925,2.09,1.13
2012.02.06 17:07:59.075,0.91911,0.91925,2.09,1.13
2012.02.06 17:08:00.537,0.91911,0.91925,1.71,2.25
2012.02.06 17:08:00.899,0.91911,0.91921,1.50,1.88
2012.02.06 17:08:01.464,0.9191,0.91922,1.50,1.88
2012.02.06 17:08:01.534,0.91907,0.91921,1.50,2.25
2012.02.06 17:08:01.607,0.91905,0.91919,1.71,2.25
2012.02.06 17:08:02.156,0.91906,0.9192,1.50,2.25
2012.02.06 17:08:03.747,0.91906,0.9192,1.50,2.25
2012.02.06 17:08:06.979,0.91906,0.91918,1.71,1.50
2012.02.06 17:08:07.200,0.91904,0.91917,2.25,2.63
2012.02.06 17:08:07.490,0.91901,0.91915,2.25,2.25
2012.02.06 17:08:08.193,0.91899,0.91915,2.25,2.63
2012.02.06 17:08:09.018,0.919,0.91916,2.25,2.63
2012.02.06 17:08:09.534,0.919,0.91916,2.25,3.38
2012.02.06 17:08:10.050,0.919,0.91915,2.25,4.13
2012.02.06 17:08:10.408,0.919,0.91911,1.50,1.13
2012.02.06 17:08:11.183,0.91895,0.91908,2.25,1.13
2012.02.06 17:08:11.549,0.91895,0.91905,2.25,1.13
2012.02.06 17:08:12.114,0.91895,0.91909,1.50,1.13
2012.02.06 17:08:12.654,0.91895,0.91909,1.50,2.63
2012.02.06 17:08:13.254,0.91895,0.91909,1.50,1.13
2012.02.06 17:08:14.344,0.91895,0.9191,1.50,2.25
2012.02.06 17:08:14.431,0.91896,0.91909,1.88,1.50
2012.02.06 17:08:14.578,0.91898,0.91913,2.25,2.07
2012.02.06 17:08:14.800,0.91898,0.91914,2.63,4.13
2012.02.06 17:08:14.948,0.91898,0.91914,2.63,4.13
2012.02.06 17:08:15.376,0.91898,0.91914,2.25,3.00
2012.02.06 17:08:15.732,0.91901,0.91914,1.13,2.25
2012.02.06 17:08:16.421,0.91906,0.91922,1.50,2.63
2012.02.06 17:08:16.980,0.91906,0.91922,1.50,3.38
2012.02.06 17:08:17.760,0.91906,0.91921,1.50,2.25
2012.02.06 17:08:17.913,0.91902,0.91916,1.50,2.25
2012.02.06 17:08:18.739,0.91903,0.91916,3.00,2.25
2012.02.06 17:08:18.824,0.91908,0.91923,1.50,4.50
2012.02.06 17:08:20.954,0.91908,0.91922,1.50,2.25
2012.02.06 17:08:22.176,0.91908,0.91922,1.50,2.25
2012.02.06 17:08:22.884,0.91908,0.91922,1.50,2.25
2012.02.06 17:08:23.224,0.91908,0.91922,1.50,2.25
2012.02.06 17:08:23.762,0.91909,0.91923,1.50,2.25
2012.02.06 17:08:24.095,0.91905,0.91921,3.75,2.25
2012.02.06 17:08:25.461,0.91909,0.91923,1.50,3.75
2012.02.06 17:08:26.024,0.9191,0.91923,1.50,1.88
2012.02.06 17:08:33.665,0.9191,0.91924,1.50,4.88
2012.02.06 17:08:34.683,0.91911,0.91924,1.50,3.38
2012.02.06 17:08:35.238,0.9191,0.91924,1.50,5.63
2012.02.06 17:08:36.550,0.9191,0.91924,1.50,4.88
2012.02.06 17:08:42.353,0.91909,0.91924,2.25,3.38
2012.02.06 17:08:43.565,0.9191,0.91924,1.50,4.13
2012.02.06 17:08:45.518,0.91909,0.91924,2.25,3.38
2012.02.06 17:08:53.743,0.9191,0.91924,1.50,4.13
2012.02.06 17:08:54.294,0.9191,0.91923,1.50,1.13
2012.02.06 17:08:57.531,0.9191,0.91917,1.50,2.63
2012.02.06 17:08:57.622,0.91901,0.91915,2.25,2.63
2012.02.06 17:08:57.908,0.91901,0.91915,2.25,2.63
2012.02.06 17:08:58.199,0.91901,0.91914,2.25,1.13
2012.02.06 17:08:58.355,0.919,0.91912,1.50,1.88
2012.02.06 17:08:59.328,0.91898,0.91912,2.25,4.13
2012.02.06 17:08:59.421,0.91898,0.91912,1.50,3.38
2012.02.06 17:08:59.993,0.91899,0.91912,1.50,3.00
2012.02.06 17:09:01.733,0.91899,0.91912,1.50,3.00
2012.02.06 17:09:03.063,0.91899,0.91912,1.50,3.00
2012.02.06 17:09:03.491,0.91902,0.91915,1.50,4.13
2012.02.06 17:09:03.570,0.91902,0.91915,1.50,4.13
2012.02.06 17:09:03.786,0.91902,0.91915,1.50,3.38
2012.02.06 17:09:06.582,0.91902,0.91915,1.50,3.00
2012.02.06 17:09:10.469,0.91902,0.91916,1.50,2.63
2012.02.06 17:09:12.164,0.91902,0.91916,1.50,2.25
2012.02.06 17:09:15.822,0.91897,0.91911,2.25,1.88
2012.02.06 17:09:16.195,0.91897,0.91907,1.50,1.13
2012.02.06 17:09:16.344,0.91892,0.91907,1.50,3.90
2012.02.06 17:09:16.426,0.91892,0.91905,1.50,1.13
2012.02.06 17:09:16.503,0.91891,0.91904,1.50,1.13
2012.02.06 17:09:17.060,0.91891,0.91905,1.50,1.50
2012.02.06 17:09:17.640,0.91894,0.91905,1.50,1.65
2012.02.06 17:09:17.941,0.91886,0.91895,2.25,1.13
2012.02.06 17:09:18.023,0.91884,0.91895,1.50,1.88
2012.02.06 17:09:18.104,0.91881,0.91895,2.25,1.88
2012.02.06 17:09:18.394,0.91883,0.91895,1.50,1.88
2012.02.06 17:09:18.609,0.9188,0.91895,2.25,1.88
2012.02.06 17:09:19.438,0.9188,0.91896,1.50,5.63
2012.02.06 17:09:19.537,0.91873,0.91882,2.25,2.63
2012.02.06 17:09:19.636,0.91868,0.91881,3.00,1.13
2012.02.06 17:09:19.808,0.91865,0.91879,3.00,1.50
2012.02.06 17:09:19.897,0.91864,0.91878,3.51,2.25
2012.02.06 17:09:20.123,0.91864,0.91875,1.80,1.13
2012.02.06 17:09:20.907,0.91864,0.91873,1.50,3.00
2012.02.06 17:09:21.021,0.9186,0.91873,1.50,3.00
2012.02.06 17:09:21.419,0.91854,0.91868,3.38,2.25
2012.02.06 17:09:21.573,0.91852,0.91867,3.00,1.50
2012.02.06 17:09:22.377,0.91851,0.91866,1.50,1.50
2012.02.06 17:09:22.466,0.91848,0.91862,2.25,2.25
2012.02.06 17:09:22.968,0.91849,0.91861,2.84,1.50
2012.02.06 17:09:24.067,0.91855,0.91862,2.09,1.50
2012.02.06 17:09:24.274,0.91861,0.91874,1.50,2.25
2012.02.06 17:09:24.451,0.91863,0.91877,2.09,2.25
2012.02.06 17:09:24.531,0.91863,0.91877,2.28,2.25
2012.02.06 17:09:25.457,0.91865,0.91877,1.71,1.50
2012.02.06 17:09:25.617,0.91869,0.91883,2.25,2.55
2012.02.06 17:09:25.733,0.91874,0.91884,1.50,3.30
2012.02.06 17:09:25.819,0.91874,0.91884,2.25,1.05
2012.02.06 17:09:26.330,0.91876,0.91889,2.25,1.50
2012.02.06 17:09:27.077,0.91877,0.91892,1.50,3.30
2012.02.06 17:09:27.159,0.91879,0.91892,1.50,1.05
2012.02.06 17:09:27.447,0.91879,0.91892,1.50,1.05
2012.02.06 17:09:27.868,0.91879,0.91892,1.50,1.05
2012.02.06 17:09:28.783,0.91879,0.91895,1.50,3.00
2012.02.06 17:09:29.298,0.9188,0.91894,1.50,2.25
2012.02.06 17:09:32.558,0.9188,0.91893,1.50,1.88
2012.02.06 17:09:34.585,0.9188,0.91894,1.50,3.38
2012.02.06 17:09:35.248,0.9188,0.91894,2.25,2.25
2012.02.06 17:09:35.330,0.9188,0.91894,2.46,2.25
2012.02.06 17:09:35.690,0.9189,0.919,1.50,2.18
2012.02.06 17:09:36.462,0.91892,0.919,1.50,2.18
2012.02.06 17:09:36.971,0.91893,0.91908,1.50,2.25
2012.02.06 17:09:37.332,0.91893,0.91907,2.25,2.63
2012.02.06 17:09:37.406,0.91893,0.91907,2.25,3.38
2012.02.06 17:09:37.550,0.91893,0.91907,1.50,2.25
2012.02.06 17:09:38.387,0.91894,0.91907,1.50,1.13
2012.02.06 17:09:38.472,0.9189,0.91906,2.25,3.90
2012.02.06 17:09:38.699,0.91893,0.91907,1.50,4.13
2012.02.06 17:09:39.059,0.91897,0.9191,3.00,1.24
2012.02.06 17:09:39.417,0.91897,0.9191,1.50,1.05
2012.02.06 17:09:40.256,0.91898,0.91913,1.88,1.50
2012.02.06 17:09:40.413,0.91904,0.91915,1.50,1.88
2012.02.06 17:09:40.697,0.91904,0.91911,1.50,1.13
2012.02.06 17:09:41.046,0.91903,0.91911,1.50,1.13
2012.02.06 17:09:41.263,0.91897,0.91911,2.25,1.88
2012.02.06 17:09:42.165,0.91896,0.9191,2.63,2.25
2012.02.06 17:09:42.378,0.91896,0.9191,2.25,2.25
2012.02.06 17:09:42.945,0.91898,0.91914,2.25,3.75
2012.02.06 17:09:43.094,0.91898,0.91914,2.25,3.75
2012.02.06 17:09:43.305,0.91901,0.91914,1.50,1.50
2012.02.06 17:09:44.247,0.91899,0.91914,1.50,1.13
2012.02.06 17:09:44.386,0.919,0.91914,1.50,1.13
2012.02.06 17:09:44.672,0.91903,0.91916,1.50,1.13
2012.02.06 17:09:45.240,0.91902,0.91915,1.50,1.13
2012.02.06 17:09:46.789,0.91903,0.91916,1.50,1.50
2012.02.06 17:09:47.143,0.919,0.91916,1.50,3.00
2012.02.06 17:09:48.193,0.919,0.91916,1.50,3.00
2012.02.06 17:09:48.546,0.91901,0.91913,1.50,1.50
2012.02.06 17:09:49.866,0.91899,0.9191,2.25,1.50
2012.02.06 17:09:50.654,0.919,0.91914,6.96,1.50
2012.02.06 17:09:50.736,0.919,0.91914,7.71,1.50
2012.02.06 17:09:51.018,0.91904,0.91914,1.13,1.50
2012.02.06 17:09:52.640,0.91902,0.91916,1.13,1.50
2012.02.06 17:09:52.721,0.91904,0.91916,2.25,1.50
2012.02.06 17:09:53.223,0.91903,0.91915,1.50,1.50
2012.02.06 17:09:55.512,0.919,0.91915,3.00,1.13
2012.02.06 17:09:55.664,0.91899,0.91912,2.25,1.50
2012.02.06 17:09:56.018,0.91901,0.91915,2.25,4.13
2012.02.06 17:09:56.429,0.919,0.91914,2.25,2.25
2012.02.06 17:09:56.953,0.91902,0.91915,1.50,1.88
2012.02.06 17:09:59.980,0.91902,0.91916,1.50,3.00
2012.02.06 17:10:01.500,0.91902,0.91916,1.50,3.38
2012.02.06 17:10:01.587,0.91903,0.91917,1.50,2.25
2012.02.06 17:10:01.797,0.919,0.91914,2.63,2.25
2012.02.06 17:10:02.353,0.91899,0.91915,2.25,2.63
2012.02.06 17:10:02.795,0.91897,0.91911,2.25,1.50
2012.02.06 17:10:02.870,0.91895,0.91911,3.38,2.25
2012.02.06 17:10:03.585,0.91894,0.9191,3.75,2.25
2012.02.06 17:10:04.171,0.91895,0.91909,2.25,2.25
2012.02.06 17:10:04.648,0.91895,0.9191,1.50,2.25
2012.02.06 17:10:04.935,0.91898,0.91912,1.50,2.25
2012.02.06 17:10:05.214,0.91899,0.91913,1.50,2.25
2012.02.06 17:10:06.090,0.91897,0.91913,2.25,2.25
2012.02.06 17:10:07.087,0.91897,0.91909,2.25,1.50
2012.02.06 17:10:09.053,0.91897,0.91905,1.50,1.50
2012.02.06 17:10:09.406,0.91897,0.91905,1.50,1.50
2012.02.06 17:10:09.551,0.91893,0.91905,2.25,1.50
2012.02.06 17:10:10.900,0.91893,0.91906,1.88,1.50
2012.02.06 17:10:11.174,0.91893,0.91905,1.50,1.50
2012.02.06 17:10:11.670,0.91894,0.91908,2.25,2.25
2012.02.06 17:10:11.748,0.91894,0.91908,2.25,3.00
2012.02.06 17:10:12.727,0.91893,0.91906,1.50,1.50
2012.02.06 17:10:13.290,0.91894,0.91906,1.50,1.50
2012.02.06 17:10:13.659,0.91894,0.91907,3.00,1.50
2012.02.06 17:10:14.226,0.91895,0.91908,1.50,2.25
2012.02.06 17:10:14.785,0.91895,0.91908,1.50,2.25
2012.02.06 17:10:15.446,0.91895,0.91908,1.88,1.50
2012.02.06 17:10:15.738,0.91903,0.91917,1.50,3.00
2012.02.06 17:10:20.380,0.91902,0.91915,1.50,1.50
2012.02.06 17:10:20.735,0.919,0.91911,1.50,1.50
2012.02.06 17:10:21.261,0.91899,0.91911,3.00,1.50
2012.02.06 17:10:28.690,0.91901,0.91913,1.50,2.25
2012.02.06 17:10:28.848,0.919,0.91913,2.25,1.50
2012.02.06 17:10:28.928,0.919,0.91913,2.25,2.25
2012.02.06 17:10:29.520,0.919,0.91913,2.25,2.25
2012.02.06 17:10:29.685,0.91902,0.91916,2.25,2.25
2012.02.06 17:10:29.762,0.91904,0.91917,1.50,1.88
2012.02.06 17:10:30.403,0.91904,0.91918,2.25,2.25
2012.02.06 17:10:31.417,0.919,0.91915,1.50,1.50
2012.02.06 17:10:31.495,0.91905,0.91916,1.13,1.28
2012.02.06 17:10:31.655,0.91906,0.91922,2.25,7.18
2012.02.06 17:10:32.216,0.91908,0.91921,1.50,2.85
2012.02.06 17:10:32.432,0.91908,0.91921,2.25,2.25
2012.02.06 17:10:32.582,0.91912,0.91926,1.50,2.25
2012.02.06 17:10:33.155,0.91912,0.91926,4.13,2.63
2012.02.06 17:10:33.600,0.91916,0.9193,1.50,2.56
2012.02.06 17:10:34.242,0.91915,0.91929,1.50,2.56
2012.02.06 17:10:35.797,0.91913,0.91927,3.00,2.25
2012.02.06 17:10:36.154,0.91911,0.91925,2.25,2.25
2012.02.06 17:10:36.514,0.91906,0.9192,1.71,1.50
2012.02.06 17:10:37.062,0.91904,0.91918,3.00,1.50
2012.02.06 17:10:38.568,0.91904,0.91917,1.88,1.50
2012.02.06 17:10:38.650,0.91905,0.91921,2.63,2.25
2012.02.06 17:10:38.796,0.91905,0.91921,3.38,2.25
2012.02.06 17:10:39.348,0.91905,0.91921,4.50,2.63
2012.02.06 17:10:39.428,0.91905,0.91919,3.75,2.25
2012.02.06 17:10:39.512,0.91907,0.91919,1.50,3.00
2012.02.06 17:10:39.659,0.91902,0.91918,3.00,2.25
2012.02.06 17:10:40.207,0.91902,0.91915,1.50,1.50
2012.02.06 17:10:40.286,0.91903,0.91917,2.25,1.50
2012.02.06 17:10:40.355,0.91905,0.91917,1.50,1.50
2012.02.06 17:10:40.484,0.91905,0.91919,1.50,3.38
2012.02.06 17:10:41.006,0.91905,0.91919,1.50,2.63
2012.02.06 17:10:41.300,0.91906,0.91919,1.13,1.50
2012.02.06 17:10:41.531,0.9191,0.91924,2.25,1.73
2012.02.06 17:10:41.815,0.9191,0.91924,2.25,3.38
2012.02.06 17:10:42.742,0.9191,0.91926,3.00,3.68
2012.02.06 17:10:44.037,0.9191,0.91926,2.25,3.90
2012.02.06 17:10:45.905,0.9191,0.91924,3.00,1.50
2012.02.06 17:10:46.257,0.91912,0.91924,1.50,1.50
2012.02.06 17:10:46.546,0.91911,0.91926,3.00,2.25
2012.02.06 17:10:47.105,0.91911,0.91924,1.50,2.63
2012.02.06 17:10:47.247,0.9191,0.91924,3.00,2.63
2012.02.06 17:10:49.308,0.9191,0.91925,1.50,2.40
2012.02.06 17:10:49.846,0.9191,0.91924,3.00,2.25
2012.02.06 17:10:50.628,0.9191,0.91923,1.50,2.25
2012.02.06 17:10:51.316,0.91909,0.91923,3.75,2.25
2012.02.06 17:10:51.998,0.9191,0.91926,3.00,4.47
2012.02.06 17:10:52.643,0.9191,0.91924,3.00,1.50
2012.02.06 17:10:53.935,0.91911,0.91925,1.50,2.63
2012.02.06 17:10:54.617,0.91911,0.91925,3.00,2.25
2012.02.06 17:10:54.827,0.91913,0.91927,2.25,2.40
2012.02.06 17:10:57.252,0.91913,0.91927,3.75,2.25
2012.02.06 17:10:58.074,0.91917,0.91931,2.25,2.25
2012.02.06 17:10:58.312,0.91918,0.91929,1.50,2.79
2012.02.06 17:10:58.397,0.91915,0.91926,3.00,1.65
2012.02.06 17:10:58.482,0.91912,0.91926,1.50,2.63
2012.02.06 17:10:58.705,0.91911,0.91922,1.50,1.50
2012.02.06 17:10:59.059,0.91907,0.91919,2.25,1.50
2012.02.06 17:10:59.659,0.91909,0.91922,1.50,3.00
2012.02.06 17:10:59.819,0.9191,0.91922,1.13,1.50
2012.02.06 17:10:59.970,0.9191,0.91924,2.63,2.25
2012.02.06 17:11:00.514,0.91912,0.91926,1.50,1.88
2012.02.06 17:11:04.735,0.91912,0.91927,1.50,3.38
2012.02.06 17:11:06.638,0.91911,0.91927,2.25,3.38
2012.02.06 17:11:06.845,0.91911,0.91927,2.25,3.38
2012.02.06 17:11:07.403,0.91911,0.91927,2.25,3.38
2012.02.06 17:11:08.047,0.9191,0.91924,2.25,2.25
2012.02.06 17:11:12.176,0.9191,0.91924,2.25,3.00
2012.02.06 17:11:12.250,0.9191,0.91923,2.25,2.63
2012.02.06 17:11:12.611,0.91905,0.9192,2.25,4.73
2012.02.06 17:11:13.700,0.91906,0.91921,1.50,2.74
2012.02.06 17:11:14.697,0.91907,0.91921,1.50,2.40
2012.02.06 17:11:15.020,0.91907,0.9192,2.25,3.00
2012.02.06 17:11:15.647,0.91907,0.9192,1.50,3.00
2012.02.06 17:11:17.205,0.91907,0.9192,1.50,2.25
2012.02.06 17:11:20.457,0.91907,0.9192,1.50,2.25
2012.02.06 17:11:20.946,0.91905,0.91919,2.25,2.63
2012.02.06 17:11:21.723,0.91903,0.91917,4.50,1.50
2012.02.06 17:11:21.799,0.91903,0.91917,3.00,2.25
2012.02.06 17:11:21.946,0.91903,0.91915,1.50,1.50
2012.02.06 17:11:24.987,0.91899,0.91909,1.50,1.65
2012.02.06 17:11:25.065,0.91897,0.91909,1.88,1.65
2012.02.06 17:11:25.208,0.91896,0.9191,1.50,2.03
2012.02.06 17:11:25.730,0.91895,0.9191,2.25,2.03
2012.02.06 17:11:26.154,0.91894,0.9191,3.38,3.68
2012.02.06 17:11:27.010,0.91894,0.91909,2.25,1.65
2012.02.06 17:11:27.668,0.91892,0.91908,3.00,2.25
2012.02.06 17:11:28.228,0.91893,0.91907,2.25,2.25
2012.02.06 17:11:29.368,0.91893,0.91907,2.25,2.25
2012.02.06 17:11:36.604,0.91893,0.91907,2.25,2.25
2012.02.06 17:11:37.122,0.91891,0.91905,3.75,1.50
2012.02.06 17:11:41.933,0.91893,0.91908,1.50,2.25
2012.02.06 17:11:42.503,0.91892,0.91908,3.00,2.25
2012.02.06 17:11:44.482,0.91893,0.91908,1.50,2.25
2012.02.06 17:11:46.377,0.91893,0.91909,3.38,2.40
2012.02.06 17:11:47.058,0.91894,0.9191,3.00,2.25
2012.02.06 17:11:51.434,0.91894,0.9191,3.38,2.25
2012.02.06 17:11:52.541,0.91893,0.91907,3.00,2.25
2012.02.06 17:11:53.626,0.91896,0.91909,1.50,2.03
2012.02.06 17:11:53.846,0.91896,0.9191,1.88,2.63
2012.02.06 17:11:53.992,0.91898,0.9191,1.13,1.50
2012.02.06 17:11:54.214,0.91899,0.9191,3.75,1.50
2012.02.06 17:11:54.293,0.91902,0.91916,1.50,2.25
2012.02.06 17:11:54.898,0.91901,0.91915,1.50,2.25
2012.02.06 17:11:55.156,0.91901,0.91915,3.00,1.50
2012.02.06 17:11:55.532,0.91901,0.91915,3.00,1.50
2012.02.06 17:11:59.686,0.91902,0.91917,2.25,1.05
2012.02.06 17:11:59.756,0.91901,0.91915,3.00,1.50
2012.02.06 17:11:59.963,0.91902,0.91918,3.75,1.80
2012.02.06 17:12:03.283,0.91902,0.91917,2.25,1.50
2012.02.06 17:12:03.354,0.91901,0.91915,3.00,1.50
2012.02.06 17:12:10.089,0.91901,0.91915,5.25,2.48
2012.02.06 17:12:10.723,0.919,0.91913,1.50,2.10
2012.02.06 17:12:10.808,0.91895,0.91911,3.75,2.63
2012.02.06 17:12:11.309,0.91898,0.91912,2.25,2.40
2012.02.06 17:12:11.855,0.91898,0.91912,2.25,2.40
2012.02.06 17:12:12.166,0.91898,0.91912,2.25,2.40
2012.02.06 17:12:13.268,0.91898,0.91912,2.25,2.40
2012.02.06 17:12:13.939,0.91898,0.91912,2.25,2.40
2012.02.06 17:12:14.480,0.91898,0.91912,2.25,2.40
2012.02.06 17:12:15.002,0.91898,0.91912,2.25,2.40
2012.02.06 17:12:16.110,0.91894,0.91909,2.25,2.63
2012.02.06 17:12:16.723,0.91893,0.91909,3.00,1.88
2012.02.06 17:12:20.305,0.91893,0.91907,3.75,1.50
2012.02.06 17:12:21.085,0.91894,0.91908,2.25,1.88
2012.02.06 17:12:23.745,0.91892,0.91908,3.00,3.00
2012.02.06 17:12:24.282,0.91891,0.91906,1.50,1.50
2012.02.06 17:12:28.459,0.91892,0.91906,1.50,2.63
2012.02.06 17:12:36.498,0.9189,0.91906,3.75,2.63
2012.02.06 17:12:37.429,0.9189,0.91906,3.75,2.63
2012.02.06 17:12:37.738,0.91879,0.91893,1.50,1.13
2012.02.06 17:12:38.243,0.91879,0.91891,1.50,2.48
2012.02.06 17:12:38.330,0.91879,0.91889,1.50,1.13
2012.02.06 17:12:38.684,0.91879,0.91889,1.50,1.28
2012.02.06 17:12:39.373,0.91879,0.91889,1.50,1.13
2012.02.06 17:12:40.236,0.91878,0.91889,1.50,1.13
2012.02.06 17:12:43.619,0.91874,0.91888,3.00,2.10
2012.02.06 17:12:44.089,0.91874,0.91888,3.00,2.10
2012.02.06 17:12:45.035,0.91873,0.91881,1.50,1.13
2012.02.06 17:12:45.588,0.91868,0.9188,1.50,1.50
2012.02.06 17:12:46.896,0.91867,0.9188,1.50,1.50
2012.02.06 17:12:47.659,0.91866,0.91881,3.75,1.13
2012.02.06 17:12:48.234,0.91866,0.91881,3.00,1.13
2012.02.06 17:12:48.957,0.91867,0.91883,1.50,3.98
2012.02.06 17:12:49.037,0.91867,0.91883,1.50,3.08
2012.02.06 17:12:49.176,0.91867,0.91883,1.50,3.45
2012.02.06 17:12:51.756,0.91868,0.9188,1.50,1.50
2012.02.06 17:12:52.046,0.91872,0.91885,1.88,3.00
2012.02.06 17:12:52.127,0.91872,0.91885,2.09,1.50
2012.02.06 17:12:52.208,0.91873,0.91887,3.21,1.13
2012.02.06 17:12:52.495,0.91874,0.91887,1.50,1.13
2012.02.06 17:12:53.494,0.91876,0.9189,1.50,3.38
2012.02.06 17:12:54.007,0.91879,0.91892,1.50,1.13
2012.02.06 17:12:54.354,0.91879,0.91892,1.50,2.93
2012.02.06 17:12:55.494,0.91879,0.91892,1.50,1.13
2012.02.06 17:12:56.193,0.91879,0.91891,1.50,1.50
2012.02.06 17:12:56.274,0.91878,0.91891,1.50,1.50
2012.02.06 17:12:56.941,0.91878,0.9189,1.50,1.50
2012.02.06 17:12:59.073,0.91878,0.9189,1.50,1.50
2012.02.06 17:13:00.019,0.91875,0.91889,1.50,1.50
2012.02.06 17:13:00.505,0.91875,0.91888,1.50,1.50
2012.02.06 17:13:01.952,0.91874,0.91888,2.25,2.25
2012.02.06 17:13:06.268,0.91874,0.91888,3.00,1.50
2012.02.06 17:13:06.416,0.91876,0.9189,2.25,4.13
2012.02.06 17:13:07.432,0.91876,0.91887,2.25,3.15
2012.02.06 17:13:07.723,0.91869,0.91882,1.50,1.50
2012.02.06 17:13:08.280,0.91869,0.91882,1.50,2.25
2012.02.06 17:13:12.007,0.91869,0.91882,1.50,1.50
2012.02.06 17:13:12.153,0.91869,0.91885,3.38,3.00
2012.02.06 17:13:12.767,0.9187,0.91885,1.50,1.50
2012.02.06 17:13:15.283,0.9187,0.91885,1.50,1.50
2012.02.06 17:13:15.428,0.9187,0.91883,1.50,1.50
2012.02.06 17:13:15.958,0.91869,0.91884,2.25,2.25
2012.02.06 17:13:16.316,0.91869,0.91884,2.25,2.63
2012.02.06 17:13:16.388,0.91869,0.91884,2.25,2.25
2012.02.06 17:13:17.419,0.91869,0.91883,3.75,1.50
2012.02.06 17:13:18.558,0.9187,0.91885,1.50,3.38
2012.02.06 17:13:18.699,0.9187,0.91883,1.50,1.50
2012.02.06 17:13:19.235,0.9187,0.91884,1.50,1.50
2012.02.06 17:13:20.538,0.9187,0.91884,1.50,1.50
2012.02.06 17:13:20.876,0.91869,0.91882,2.25,1.50
2012.02.06 17:13:21.423,0.91869,0.91882,1.50,1.50
2012.02.06 17:13:21.991,0.91869,0.91883,3.00,1.50
2012.02.06 17:13:22.795,0.91868,0.91882,1.50,1.50
2012.02.06 17:13:23.709,0.91867,0.91882,2.25,2.25
2012.02.06 17:13:24.124,0.91867,0.91882,1.50,2.25
2012.02.06 17:13:24.468,0.91867,0.91882,1.50,2.38
2012.02.06 17:13:24.616,0.91868,0.91882,1.50,2.25
2012.02.06 17:13:25.144,0.91867,0.91881,1.50,3.38
2012.02.06 17:13:26.252,0.91868,0.91881,1.50,3.38
2012.02.06 17:13:26.341,0.9187,0.91884,3.00,1.50
2012.02.06 17:13:26.881,0.91872,0.91886,2.25,1.50
2012.02.06 17:13:26.958,0.91873,0.91888,2.25,1.80
2012.02.06 17:13:27.169,0.91873,0.91889,2.25,2.25
2012.02.06 17:13:27.314,0.91873,0.91889,2.25,1.50
2012.02.06 17:13:28.584,0.91873,0.9189,1.50,4.13
2012.02.06 17:13:31.626,0.91873,0.91888,1.50,1.50
2012.02.06 17:13:31.813,0.91873,0.91888,1.50,1.50
2012.02.06 17:13:32.132,0.91873,0.91888,1.50,1.50
2012.02.06 17:13:32.847,0.91873,0.91888,1.50,1.50
2012.02.06 17:13:33.746,0.91873,0.91888,1.50,1.50
2012.02.06 17:13:34.292,0.91873,0.91888,1.50,1.50
2012.02.06 17:13:34.822,0.91873,0.91887,1.50,1.50
2012.02.06 17:13:35.144,0.91873,0.91885,1.50,1.50
2012.02.06 17:13:35.815,0.91874,0.91885,1.50,1.50
2012.02.06 17:13:36.164,0.91874,0.91887,2.25,1.50
2012.02.06 17:13:36.986,0.91874,0.91887,2.25,1.50
2012.02.06 17:13:38.906,0.91876,0.91888,1.50,1.50
2012.02.06 17:13:39.442,0.91876,0.91888,1.50,1.50
2012.02.06 17:13:43.188,0.91875,0.91889,1.50,1.50
2012.02.06 17:13:43.545,0.91887,0.91893,1.50,2.25
2012.02.06 17:13:43.695,0.91887,0.91896,1.50,1.50
2012.02.06 17:13:44.329,0.91888,0.91898,1.50,3.98
2012.02.06 17:13:44.834,0.91888,0.91898,1.50,2.63
2012.02.06 17:13:45.380,0.91884,0.91897,2.25,2.25
2012.02.06 17:13:45.946,0.91883,0.91897,3.75,2.25
2012.02.06 17:13:46.225,0.91885,0.91895,1.50,1.50
2012.02.06 17:13:47.266,0.91886,0.91895,1.50,1.95
2012.02.06 17:13:47.365,0.91879,0.9189,1.50,1.13
2012.02.06 17:13:47.734,0.91875,0.91889,3.75,1.13
2012.02.06 17:13:47.895,0.91873,0.91886,1.50,1.65
2012.02.06 17:13:47.966,0.91872,0.91886,2.25,2.03
2012.02.06 17:13:48.317,0.91872,0.91884,3.00,1.50
2012.02.06 17:13:49.111,0.91872,0.91885,1.50,1.50
2012.02.06 17:13:51.545,0.91872,0.91886,3.00,3.90
2012.02.06 17:13:53.336,0.91871,0.91886,1.50,3.53
2012.02.06 17:13:53.891,0.91872,0.91886,1.50,2.78
2012.02.06 17:13:56.600,0.91872,0.91886,1.50,3.00
2012.02.06 17:13:58.104,0.91872,0.91886,2.25,2.63
2012.02.06 17:13:58.606,0.91872,0.91886,2.25,3.00
2012.02.06 17:13:59.269,0.91872,0.91886,2.25,3.00
2012.02.06 17:13:59.669,0.91872,0.91886,2.25,3.00
2012.02.06 17:14:00.196,0.91872,0.91886,2.25,3.00
2012.02.06 17:14:00.867,0.91872,0.91882,1.50,1.50
2012.02.06 17:14:01.068,0.91872,0.91885,1.88,3.75
2012.02.06 17:14:01.224,0.91873,0.91886,2.63,1.88
2012.02.06 17:14:01.581,0.91878,0.91887,2.09,2.25
2012.02.06 17:14:01.945,0.91881,0.91893,2.25,1.05
2012.02.06 17:14:02.090,0.91881,0.91892,2.25,1.05
2012.02.06 17:14:02.617,0.91881,0.91896,2.25,4.59
2012.02.06 17:14:02.965,0.91887,0.91896,1.50,2.25
2012.02.06 17:14:03.181,0.91888,0.919,1.50,1.13
2012.02.06 17:14:05.475,0.9189,0.91902,2.25,1.80
2012.02.06 17:14:05.996,0.9189,0.91902,2.25,1.80
2012.02.06 17:14:10.524,0.91891,0.91903,1.50,4.66
2012.02.06 17:14:11.606,0.91891,0.91905,3.75,3.00
2012.02.06 17:14:11.805,0.91891,0.91905,2.25,1.91
2012.02.06 17:14:13.508,0.9189,0.91903,2.25,2.10
2012.02.06 17:14:19.354,0.91888,0.91901,2.25,2.93
2012.02.06 17:14:19.928,0.91888,0.91901,1.50,2.18
2012.02.06 17:14:23.366,0.91888,0.91901,1.50,1.50
2012.02.06 17:14:23.874,0.91887,0.91901,2.25,1.50
2012.02.06 17:14:23.944,0.91887,0.91899,2.25,1.50
2012.02.06 17:14:28.097,0.91886,0.91899,2.25,1.88
2012.02.06 17:14:28.905,0.91884,0.91899,2.25,1.50
2012.02.06 17:14:29.437,0.91884,0.91896,2.25,1.13
2012.02.06 17:14:29.791,0.91881,0.91893,1.50,1.50
2012.02.06 17:14:33.925,0.91878,0.91893,1.50,2.63
2012.02.06 17:14:34.200,0.91881,0.91895,1.50,2.63
2012.02.06 17:14:34.418,0.91881,0.91897,2.25,2.82
2012.02.06 17:14:35.082,0.91883,0.91897,1.50,1.50
2012.02.06 17:14:35.601,0.91884,0.91896,1.50,1.50
2012.02.06 17:14:36.967,0.91884,0.91896,1.50,1.50
2012.02.06 17:14:37.045,0.91884,0.91899,1.50,1.65
2012.02.06 17:14:37.195,0.91885,0.91901,3.38,2.25
2012.02.06 17:14:37.275,0.91887,0.91901,3.00,2.25
2012.02.06 17:14:37.922,0.91889,0.91903,3.75,2.56
2012.02.06 17:14:38.022,0.91889,0.91902,3.00,1.50
2012.02.06 17:14:38.100,0.9189,0.91899,1.50,1.50
2012.02.06 17:14:38.470,0.91889,0.91895,1.50,1.20
2012.02.06 17:14:38.710,0.91882,0.9189,1.13,1.88
2012.02.06 17:14:38.794,0.91876,0.91889,3.00,1.88
2012.02.06 17:14:39.566,0.91876,0.91889,1.50,1.50
2012.02.06 17:14:40.072,0.91878,0.9189,1.50,1.50
2012.02.06 17:14:40.288,0.91879,0.91892,1.50,1.80
2012.02.06 17:14:40.855,0.91879,0.91892,2.25,1.80
2012.02.06 17:14:41.278,0.9188,0.91894,2.25,1.50
2012.02.06 17:14:41.844,0.9188,0.91894,3.38,1.50
2012.02.06 17:14:41.932,0.91884,0.91898,2.25,1.50
2012.02.06 17:14:42.705,0.91884,0.91898,2.25,1.50
2012.02.06 17:14:44.824,0.91884,0.91898,2.25,2.18
2012.02.06 17:14:44.917,0.91878,0.91892,3.00,1.50
2012.02.06 17:14:45.476,0.91878,0.9189,1.50,1.50
2012.02.06 17:14:45.991,0.91878,0.91891,1.50,1.50
2012.02.06 17:14:47.784,0.91879,0.91894,1.13,2.10
2012.02.06 17:14:47.996,0.91881,0.91895,2.25,3.33
2012.02.06 17:14:48.673,0.91881,0.91895,2.25,1.50
2012.02.06 17:14:48.888,0.91882,0.91895,1.50,1.50
2012.02.06 17:14:49.172,0.91884,0.91898,2.25,2.63
2012.02.06 17:14:54.188,0.91882,0.91898,3.38,2.18
2012.02.06 17:14:54.272,0.91882,0.91895,1.50,1.84
2012.02.06 17:14:54.417,0.9188,0.91892,1.50,1.50
2012.02.06 17:14:55.164,0.91879,0.91893,3.00,1.80
2012.02.06 17:14:55.325,0.91882,0.91896,2.25,1.50
2012.02.06 17:14:55.539,0.91884,0.91898,2.25,1.50
2012.02.06 17:14:55.886,0.91882,0.91898,2.25,1.50
2012.02.06 17:14:56.493,0.91884,0.91898,2.25,1.50
2012.02.06 17:14:57.033,0.91884,0.91898,2.25,1.50
2012.02.06 17:14:57.478,0.91884,0.91898,2.25,1.50
2012.02.06 17:15:06.381,0.91884,0.91898,2.25,3.30
2012.02.06 17:15:06.469,0.91883,0.91895,3.00,1.28
2012.02.06 17:15:06.558,0.91879,0.91893,3.19,1.50
2012.02.06 17:15:06.716,0.91879,0.91891,1.50,1.50
2012.02.06 17:15:06.998,0.91877,0.91892,1.50,1.50
2012.02.06 17:15:07.137,0.91877,0.9189,1.50,1.50
2012.02.06 17:15:07.731,0.91877,0.9189,2.25,1.50
2012.02.06 17:15:08.292,0.91877,0.91891,3.75,1.50
2012.02.06 17:15:08.363,0.91877,0.91891,3.00,1.50
2012.02.06 17:15:09.109,0.91877,0.91891,3.75,1.50
2012.02.06 17:15:09.728,0.91879,0.91891,1.13,1.50
2012.02.06 17:15:10.477,0.91884,0.91897,2.25,1.50
2012.02.06 17:15:10.560,0.91886,0.919,1.50,3.08
2012.02.06 17:15:11.121,0.91886,0.91898,1.50,1.50
2012.02.06 17:15:14.675,0.91887,0.91896,1.50,1.20
2012.02.06 17:15:14.834,0.91878,0.91887,1.50,1.13
2012.02.06 17:15:14.996,0.91876,0.91885,2.25,1.50
2012.02.06 17:15:15.579,0.91876,0.91886,1.50,2.10
2012.02.06 17:15:15.673,0.91876,0.91884,1.50,1.13
2012.02.06 17:15:15.862,0.91872,0.91884,1.50,2.93
2012.02.06 17:15:15.946,0.91876,0.91884,1.50,2.85
2012.02.06 17:15:16.026,0.91868,0.91878,2.25,1.50
2012.02.06 17:15:16.172,0.91869,0.91881,1.50,2.25
2012.02.06 17:15:16.385,0.91868,0.9188,1.50,1.50
2012.02.06 17:15:16.527,0.91868,0.9188,1.50,1.50
2012.02.06 17:15:17.999,0.91867,0.91879,1.50,1.50
2012.02.06 17:15:18.147,0.91867,0.91879,1.50,1.50
2012.02.06 17:15:18.791,0.91865,0.91879,2.25,4.54
2012.02.06 17:15:19.517,0.91863,0.91876,2.25,1.88
2012.02.06 17:15:19.593,0.9186,0.91868,1.50,1.50
2012.02.06 17:15:19.895,0.9186,0.91871,3.00,1.50
2012.02.06 17:15:20.111,0.9186,0.91874,3.00,3.00
2012.02.06 17:15:20.186,0.9186,0.91874,3.00,1.50
2012.02.06 17:15:21.403,0.91859,0.91874,1.50,5.63
2012.02.06 17:15:21.493,0.91857,0.91869,1.50,2.25
2012.02.06 17:15:22.049,0.91856,0.9187,1.50,3.75
2012.02.06 17:15:22.869,0.91856,0.91869,1.50,2.25
2012.02.06 17:15:23.889,0.91856,0.91869,1.50,2.25
2012.02.06 17:15:24.105,0.91856,0.91869,1.50,2.25
2012.02.06 17:15:24.465,0.91853,0.91867,2.25,1.50
2012.02.06 17:15:24.615,0.91855,0.91862,1.50,1.50
2012.02.06 17:15:24.758,0.91854,0.91863,2.25,1.50
2012.02.06 17:15:25.845,0.91855,0.91865,1.88,1.50
2012.02.06 17:15:25.934,0.91857,0.91867,1.50,1.13
2012.02.06 17:15:26.240,0.91845,0.91857,2.25,3.00
2012.02.06 17:15:26.464,0.91846,0.9186,2.25,3.38
2012.02.06 17:15:27.449,0.91847,0.91856,1.50,1.50
2012.02.06 17:15:27.532,0.91846,0.9186,3.00,2.25
2012.02.06 17:15:27.679,0.91848,0.9186,2.25,1.50
2012.02.06 17:15:27.755,0.91847,0.9186,2.46,1.50
2012.02.06 17:15:28.122,0.91851,0.9186,2.25,1.50
2012.02.06 17:15:28.202,0.91852,0.91867,1.50,3.75
2012.02.06 17:15:28.428,0.9185,0.91865,2.25,1.50
2012.02.06 17:15:28.999,0.9185,0.91865,1.50,1.50
2012.02.06 17:15:29.108,0.91854,0.91867,1.50,1.50
2012.02.06 17:15:29.401,0.91858,0.91872,4.88,2.25
2012.02.06 17:15:29.477,0.91858,0.91872,6.38,1.50
2012.02.06 17:15:29.756,0.91861,0.91875,1.50,3.00
2012.02.06 17:15:31.913,0.91861,0.91874,1.50,1.50
2012.02.06 17:15:32.655,0.91861,0.91875,1.50,3.00
2012.02.06 17:15:32.806,0.91861,0.91875,1.88,3.00
2012.02.06 17:15:33.115,0.91866,0.91877,1.50,2.25
2012.02.06 17:15:33.328,0.91866,0.91878,2.25,2.25
2012.02.06 17:15:33.970,0.91868,0.91882,1.50,3.53
2012.02.06 17:15:34.492,0.91868,0.91883,3.75,1.20
2012.02.06 17:15:36.660,0.91869,0.91881,2.25,1.13
2012.02.06 17:15:37.029,0.91866,0.91877,1.50,1.35
2012.02.06 17:15:37.463,0.91863,0.91876,1.50,4.80
2012.02.06 17:15:37.545,0.91863,0.91875,1.50,1.05
2012.02.06 17:15:38.243,0.91861,0.91875,3.75,2.63
2012.02.06 17:15:39.324,0.91861,0.91875,3.00,2.93
2012.02.06 17:15:42.006,0.91862,0.91876,2.46,2.93
2012.02.06 17:15:42.554,0.91862,0.91875,2.46,1.05
2012.02.06 17:15:44.205,0.91861,0.91875,1.71,1.05
2012.02.06 17:15:45.476,0.91861,0.91869,1.50,1.50
2012.02.06 17:15:45.831,0.91857,0.91865,1.50,1.50
2012.02.06 17:15:46.424,0.91854,0.91867,1.50,1.50
2012.02.06 17:15:46.844,0.91853,0.91867,3.00,1.13
2012.02.06 17:15:47.406,0.9185,0.91866,3.75,2.63
2012.02.06 17:15:48.828,0.91851,0.91865,1.50,1.50
2012.02.06 17:15:52.128,0.91853,0.91867,1.50,2.25
2012.02.06 17:15:52.360,0.91854,0.91868,1.88,3.00
2012.02.06 17:15:52.443,0.91854,0.9187,3.38,2.25
2012.02.06 17:15:53.568,0.91856,0.91871,3.75,3.00
2012.02.06 17:15:53.928,0.91856,0.91871,2.25,2.25
2012.02.06 17:15:54.285,0.91854,0.91869,1.50,2.85
2012.02.06 17:15:55.227,0.91854,0.91867,1.50,1.80
2012.02.06 17:15:57.203,0.91852,0.91865,2.25,1.50
2012.02.06 17:15:57.716,0.91852,0.91867,2.25,2.55
2012.02.06 17:15:58.328,0.91852,0.91867,2.25,2.55
2012.02.06 17:15:58.846,0.91852,0.91869,3.75,2.55
2012.02.06 17:15:59.515,0.91852,0.91869,3.75,2.18
2012.02.06 17:15:59.672,0.91857,0.9187,1.50,1.80
2012.02.06 17:15:59.896,0.91857,0.9187,2.25,2.25
2012.02.06 17:15:59.972,0.91858,0.9187,1.50,2.25
2012.02.06 17:16:00.397,0.91857,0.9187,2.25,1.36
2012.02.06 17:16:00.748,0.91856,0.91869,2.25,3.38
2012.02.06 17:16:02.188,0.91854,0.91866,1.50,1.50
2012.02.06 17:16:02.344,0.91853,0.91864,1.50,1.50
2012.02.06 17:16:02.768,0.91852,0.91867,2.25,2.93
2012.02.06 17:16:02.977,0.91852,0.91866,2.25,2.25
2012.02.06 17:16:03.372,0.91852,0.91865,1.50,2.25
2012.02.06 17:16:04.363,0.91851,0.91867,3.00,2.25
2012.02.06 17:16:04.915,0.91849,0.91864,1.50,2.25
2012.02.06 17:16:04.997,0.91848,0.91864,1.50,2.63
2012.02.06 17:16:05.078,0.91847,0.91861,2.25,2.25
2012.02.06 17:16:05.218,0.91847,0.91862,3.75,1.13
2012.02.06 17:16:06.675,0.91846,0.9186,1.50,1.50
2012.02.06 17:16:06.841,0.91838,0.91848,3.75,1.50
2012.02.06 17:16:06.992,0.91837,0.91848,3.75,1.50
2012.02.06 17:16:07.074,0.91836,0.91846,5.63,1.50
2012.02.06 17:16:07.223,0.91836,0.91849,3.75,1.50
2012.02.06 17:16:07.724,0.91836,0.9185,3.75,2.25
2012.02.06 17:16:08.507,0.91837,0.91849,1.50,1.50
2012.02.06 17:16:09.074,0.91837,0.9185,1.50,2.25
2012.02.06 17:16:09.222,0.91835,0.9185,3.00,2.25
2012.02.06 17:16:09.576,0.91834,0.9185,3.21,2.25
2012.02.06 17:16:09.791,0.91835,0.9185,3.75,1.50
2012.02.06 17:16:10.481,0.91835,0.9185,3.75,2.25
2012.02.06 17:16:10.705,0.91833,0.9185,6.75,2.25
2012.02.06 17:16:10.776,0.91835,0.9185,2.25,2.25
2012.02.06 17:16:11.139,0.91836,0.91851,1.50,2.25
2012.02.06 17:16:11.496,0.91834,0.91848,2.25,1.50
2012.02.06 17:16:12.504,0.91834,0.91843,2.25,1.50
2012.02.06 17:16:12.593,0.91834,0.91843,2.46,1.50
2012.02.06 17:16:12.947,0.91837,0.91843,1.50,1.50
2012.02.06 17:16:13.298,0.91837,0.91851,1.50,2.25
2012.02.06 17:16:13.717,0.91837,0.91851,1.50,3.75
2012.02.06 17:16:13.929,0.91834,0.91848,3.00,2.25
2012.02.06 17:16:16.126,0.91833,0.91844,1.50,1.50
2012.02.06 17:16:16.277,0.91831,0.91842,3.00,1.50
2012.02.06 17:16:16.418,0.91831,0.91843,1.58,2.25
2012.02.06 17:16:17.158,0.91834,0.91849,2.25,4.35
2012.02.06 17:16:17.721,0.91833,0.91843,1.50,1.50
2012.02.06 17:16:21.048,0.91831,0.91842,2.25,1.50
2012.02.06 17:16:21.584,0.91831,0.91843,2.25,1.50
2012.02.06 17:16:21.730,0.9183,0.91842,1.50,2.55
2012.02.06 17:16:21.881,0.91828,0.91839,1.50,1.50
2012.02.06 17:16:21.965,0.91826,0.91839,2.25,2.25
2012.02.06 17:16:22.730,0.91825,0.91833,2.25,1.50
2012.02.06 17:16:23.288,0.91825,0.91834,2.25,1.50
2012.02.06 17:16:24.685,0.91827,0.91834,1.50,1.50
2012.02.06 17:16:25.285,0.91829,0.9184,1.50,1.50
2012.02.06 17:16:25.711,0.91832,0.9184,1.50,1.50
2012.02.06 17:16:25.997,0.91832,0.91843,1.50,2.25
2012.02.06 17:16:26.546,0.91832,0.91844,2.25,1.50
2012.02.06 17:16:26.761,0.91835,0.91844,1.50,1.50
2012.02.06 17:16:27.389,0.91835,0.91846,1.50,1.50
2012.02.06 17:16:27.884,0.91836,0.91846,1.50,1.50
2012.02.06 17:16:28.447,0.91837,0.91848,1.50,1.50
2012.02.06 17:16:28.992,0.91836,0.91848,1.50,1.50
2012.02.06 17:16:30.276,0.91838,0.91848,1.50,1.50
2012.02.06 17:16:31.039,0.91837,0.91849,1.50,1.50
2012.02.06 17:16:31.394,0.91837,0.9185,2.25,1.50
2012.02.06 17:16:32.180,0.91839,0.91853,1.50,1.50
2012.02.06 17:16:32.266,0.91846,0.91853,1.50,2.25
2012.02.06 17:16:32.408,0.91847,0.91853,1.50,1.50
2012.02.06 17:16:32.930,0.91846,0.91858,1.50,2.55
2012.02.06 17:16:33.477,0.91846,0.91858,1.50,2.55
2012.02.06 17:16:33.815,0.91843,0.91858,1.50,2.25
2012.02.06 17:16:34.095,0.91844,0.91858,1.50,2.25
2012.02.06 17:16:34.781,0.91844,0.91859,1.50,4.43
2012.02.06 17:16:35.325,0.91844,0.91858,2.25,1.05
2012.02.06 17:16:35.960,0.91844,0.91858,2.25,1.05
2012.02.06 17:16:36.115,0.91846,0.91859,2.46,1.88
2012.02.06 17:16:36.200,0.91848,0.91862,2.25,2.25
2012.02.06 17:16:36.289,0.91854,0.91867,1.50,5.52
2012.02.06 17:16:37.207,0.91854,0.91866,1.50,2.25
2012.02.06 17:16:37.939,0.91853,0.91866,1.50,2.16
2012.02.06 17:16:38.371,0.91855,0.91866,1.50,1.41
2012.02.06 17:16:38.935,0.91854,0.91866,1.50,1.41
2012.02.06 17:16:41.298,0.91855,0.91865,1.50,1.50
2012.02.06 17:16:41.822,0.91854,0.91864,1.50,1.50
2012.02.06 17:16:42.175,0.91852,0.91863,1.50,1.13
2012.02.06 17:16:42.256,0.91848,0.91862,3.00,1.50
2012.02.06 17:16:42.335,0.91848,0.91861,3.00,1.50
2012.02.06 17:16:42.944,0.91847,0.91855,1.50,1.50
2012.02.06 17:16:43.173,0.91844,0.91855,2.25,2.25
2012.02.06 17:16:43.543,0.91844,0.91853,2.25,1.50
2012.02.06 17:16:43.901,0.91843,0.91852,1.50,1.50
2012.02.06 17:16:44.049,0.91843,0.91854,1.50,1.50
2012.02.06 17:16:44.128,0.91843,0.91854,1.50,1.50
2012.02.06 17:16:44.844,0.91843,0.91851,1.50,2.25
2012.02.06 17:16:46.068,0.91841,0.9185,2.25,1.58
2012.02.06 17:16:46.373,0.91835,0.91842,1.50,1.13
2012.02.06 17:16:46.463,0.91828,0.9184,3.08,1.88
2012.02.06 17:16:46.542,0.91826,0.91835,6.21,1.50
2012.02.06 17:16:47.162,0.91827,0.91835,1.50,1.50
2012.02.06 17:16:49.902,0.91829,0.91835,1.50,1.50
2012.02.06 17:16:50.204,0.91827,0.91834,2.25,1.50
2012.02.06 17:16:50.281,0.91827,0.91834,3.75,1.50
2012.02.06 17:16:50.431,0.91827,0.91836,1.50,1.50
2012.02.06 17:16:50.985,0.91827,0.91836,1.50,1.50
2012.02.06 17:16:53.747,0.91827,0.9184,1.50,1.50
2012.02.06 17:16:53.818,0.91829,0.91841,1.50,1.05
2012.02.06 17:16:54.364,0.9183,0.91841,1.50,1.05
2012.02.06 17:16:55.377,0.91831,0.91841,1.50,1.05
2012.02.06 17:16:56.242,0.91831,0.91843,1.50,1.50
2012.02.06 17:16:57.631,0.9183,0.91845,1.13,3.75
2012.02.06 17:16:57.708,0.91829,0.91845,2.25,8.25
2012.02.06 17:16:58.626,0.91828,0.9184,1.50,1.50
2012.02.06 17:16:59.200,0.91827,0.91838,2.25,1.50
2012.02.06 17:16:59.282,0.91827,0.91835,1.50,1.50
2012.02.06 17:16:59.835,0.91826,0.91835,2.25,1.50
2012.02.06 17:17:01.446,0.91826,0.91836,2.25,1.50
2012.02.06 17:17:01.516,0.91826,0.91838,2.25,2.25
2012.02.06 17:17:02.907,0.91826,0.91838,3.00,1.50
2012.02.06 17:17:03.453,0.91829,0.91841,1.50,1.13
2012.02.06 17:17:03.795,0.91829,0.91841,1.50,1.13
2012.02.06 17:17:04.334,0.91829,0.91841,1.50,1.13
2012.02.06 17:17:05.240,0.91829,0.91841,1.50,1.13
2012.02.06 17:17:05.322,0.91829,0.91841,1.50,1.13
2012.02.06 17:17:06.579,0.9183,0.91842,1.50,4.50
2012.02.06 17:17:06.934,0.91831,0.91842,1.50,1.50
2012.02.06 17:17:09.794,0.91831,0.91842,1.50,2.25
2012.02.06 17:17:09.872,0.9183,0.91844,2.25,4.50
2012.02.06 17:17:10.164,0.9183,0.9184,3.00,1.65
2012.02.06 17:17:10.526,0.91828,0.91835,1.50,1.50
2012.02.06 17:17:10.683,0.91822,0.91835,2.63,2.25
2012.02.06 17:17:11.232,0.91822,0.91833,5.63,1.50
2012.02.06 17:17:11.529,0.91825,0.91835,1.50,2.25
2012.02.06 17:17:11.608,0.91827,0.91835,1.50,1.50
2012.02.06 17:17:12.156,0.91827,0.91836,1.50,2.25
2012.02.06 17:17:12.650,0.91827,0.91838,1.50,2.25
2012.02.06 17:17:12.797,0.91827,0.91838,1.50,1.50
2012.02.06 17:17:14.293,0.91828,0.91841,2.25,1.05
2012.02.06 17:17:14.856,0.9183,0.91842,1.50,1.05
2012.02.06 17:17:15.070,0.91828,0.9184,1.50,2.25
2012.02.06 17:17:16.151,0.91826,0.9184,3.00,2.25
2012.02.06 17:17:16.224,0.91826,0.9184,3.00,2.25
2012.02.06 17:17:16.774,0.91826,0.9184,3.00,2.25
2012.02.06 17:17:17.270,0.91826,0.91834,2.25,1.50
2012.02.06 17:17:18.227,0.91826,0.91834,1.50,1.50
2012.02.06 17:17:24.655,0.91827,0.91835,1.50,1.50
2012.02.06 17:17:28.402,0.91826,0.91836,3.75,1.50
2012.02.06 17:17:31.167,0.91827,0.91836,1.50,1.50
2012.02.06 17:17:35.649,0.91825,0.91836,2.25,1.50
2012.02.06 17:17:42.019,0.91826,0.91836,3.00,1.50
2012.02.06 17:17:43.904,0.91826,0.91841,1.50,3.30
2012.02.06 17:17:44.443,0.91826,0.9184,3.00,1.50
2012.02.06 17:17:46.280,0.91825,0.91839,3.75,1.50
2012.02.06 17:17:47.091,0.91826,0.9184,2.25,2.25
2012.02.06 17:17:47.385,0.91825,0.9184,1.50,3.75
2012.02.06 17:17:50.485,0.91824,0.91839,4.50,3.00
2012.02.06 17:17:51.014,0.91825,0.91839,1.50,3.00
2012.02.06 17:17:51.536,0.91824,0.91839,4.50,4.13
2012.02.06 17:17:56.583,0.91827,0.91839,1.50,2.25
2012.02.06 17:17:56.735,0.9183,0.91842,1.50,1.80
2012.02.06 17:17:56.817,0.91836,0.91844,1.50,2.85
2012.02.06 17:17:58.203,0.91836,0.91846,1.50,2.25
2012.02.06 17:17:58.433,0.91835,0.9185,2.25,2.25
2012.02.06 17:17:58.997,0.91837,0.9185,1.50,3.68
2012.02.06 17:17:59.142,0.91838,0.9185,1.50,1.05
2012.02.06 17:17:59.822,0.91838,0.91854,3.45,2.40
2012.02.06 17:17:59.912,0.91843,0.91857,1.50,4.50
2012.02.06 17:18:01.241,0.91843,0.91856,2.25,1.13
2012.02.06 17:18:02.024,0.91842,0.91852,1.50,3.00
2012.02.06 17:18:02.331,0.91836,0.91847,2.25,1.50
2012.02.06 17:18:02.689,0.91838,0.91847,1.50,1.50
2012.02.06 17:18:02.767,0.91836,0.91844,1.50,1.50
2012.02.06 17:18:03.364,0.91836,0.91844,1.50,1.50
2012.02.06 17:18:04.562,0.9183,0.91839,1.50,1.50
2012.02.06 17:18:07.306,0.91831,0.91839,2.25,1.50
2012.02.06 17:18:09.246,0.91833,0.91844,1.50,1.50
2012.02.06 17:18:09.496,0.91831,0.91845,2.25,1.50
2012.02.06 17:18:09.567,0.9183,0.91845,2.25,3.00
2012.02.06 17:18:09.909,0.91834,0.91844,1.50,1.50
2012.02.06 17:18:10.650,0.91834,0.91844,1.50,1.50
2012.02.06 17:18:11.104,0.91833,0.91842,2.25,1.50
2012.02.06 17:18:11.704,0.91833,0.91842,2.25,1.50
2012.02.06 17:18:11.935,0.91833,0.91842,2.25,1.50
2012.02.06 17:18:12.348,0.91833,0.91844,2.25,1.50
2012.02.06 17:18:12.922,0.91833,0.91844,2.25,1.50
2012.02.06 17:18:13.433,0.91833,0.91844,2.25,1.50
2012.02.06 17:18:13.564,0.91833,0.91844,2.25,1.50
2012.02.06 17:18:14.065,0.91833,0.91844,2.25,1.50
2012.02.06 17:18:14.912,0.91833,0.91845,2.25,1.50
2012.02.06 17:18:17.632,0.91833,0.91845,1.50,1.50
2012.02.06 17:18:17.720,0.91831,0.91842,4.50,2.25
2012.02.06 17:18:18.019,0.91828,0.91839,3.00,1.50
2012.02.06 17:18:18.757,0.91829,0.9184,1.50,1.50
2012.02.06 17:18:19.203,0.91828,0.91841,4.13,1.50
2012.02.06 17:18:19.279,0.91828,0.91842,4.13,3.00
2012.02.06 17:18:24.632,0.91831,0.91842,1.50,2.25
2012.02.06 17:18:26.720,0.91831,0.91842,1.50,3.00
2012.02.06 17:18:26.807,0.91831,0.91835,1.50,1.50
2012.02.06 17:18:27.019,0.91822,0.91835,3.90,3.75
2012.02.06 17:18:27.106,0.91822,0.91835,3.75,3.75
2012.02.06 17:18:27.834,0.91822,0.91835,1.50,2.25
2012.02.06 17:18:28.003,0.91823,0.91837,1.50,2.70
2012.02.06 17:18:28.290,0.91824,0.91839,2.25,3.00
2012.02.06 17:18:28.649,0.91827,0.91841,1.50,5.63
2012.02.06 17:18:29.217,0.91826,0.91841,1.50,1.88
2012.02.06 17:18:30.277,0.91826,0.91841,1.50,4.13
2012.02.06 17:18:30.630,0.91831,0.91841,1.50,1.05
2012.02.06 17:18:31.137,0.91829,0.91842,3.00,1.05
2012.02.06 17:18:31.213,0.91827,0.91842,6.00,1.43
2012.02.06 17:18:31.757,0.91826,0.91842,3.00,2.93
2012.02.06 17:18:31.897,0.91827,0.91841,1.50,1.05
2012.02.06 17:18:32.554,0.91829,0.91842,1.50,1.05
2012.02.06 17:18:36.244,0.91826,0.9184,4.50,2.25
2012.02.06 17:18:37.004,0.91826,0.9184,3.75,2.25
2012.02.06 17:18:37.432,0.91826,0.91839,2.25,1.13
2012.02.06 17:18:37.716,0.91826,0.91839,1.50,1.13
2012.02.06 17:18:39.049,0.91827,0.91839,1.50,2.25
2012.02.06 17:18:39.824,0.91827,0.9184,2.25,4.50
2012.02.06 17:18:40.467,0.91827,0.9184,1.50,4.50
2012.02.06 17:18:40.923,0.91827,0.9184,1.50,4.88
2012.02.06 17:18:44.166,0.91826,0.9184,1.50,4.88
2012.02.06 17:18:50.151,0.91826,0.9184,1.50,3.38
2012.02.06 17:18:50.298,0.91825,0.9184,3.00,4.13
2012.02.06 17:18:50.765,0.91823,0.91839,3.75,3.75
2012.02.06 17:18:51.068,0.91826,0.91839,1.50,2.25
2012.02.06 17:18:51.194,0.91824,0.91839,2.25,2.25
2012.02.06 17:18:53.612,0.91824,0.91836,2.25,1.88
2012.02.06 17:18:54.369,0.91819,0.91828,3.00,2.28
2012.02.06 17:18:54.534,0.91812,0.9182,1.50,2.07
2012.02.06 17:18:54.622,0.91806,0.91817,1.50,1.50
2012.02.06 17:18:54.909,0.91804,0.91817,1.88,2.25
2012.02.06 17:18:55.341,0.91804,0.91817,1.50,2.25
2012.02.06 17:18:56.007,0.91803,0.91816,1.50,2.25
2012.02.06 17:18:59.425,0.91803,0.91818,2.25,2.25
2012.02.06 17:18:59.972,0.91804,0.91818,2.25,3.00
2012.02.06 17:19:00.532,0.91805,0.91819,1.50,4.69
2012.02.06 17:19:00.617,0.91805,0.9182,1.50,2.25
2012.02.06 17:19:01.179,0.91807,0.91821,2.25,2.25
2012.02.06 17:19:02.278,0.91807,0.91821,1.50,2.25
2012.02.06 17:19:02.850,0.91805,0.91817,3.00,1.05
2012.02.06 17:19:03.205,0.91808,0.91823,1.50,2.25
2012.02.06 17:19:03.275,0.91808,0.91823,1.50,2.25
2012.02.06 17:19:03.486,0.91808,0.91823,1.50,2.25
2012.02.06 17:19:04.056,0.91811,0.91823,1.50,2.25
2012.02.06 17:19:05.058,0.91811,0.91823,1.50,3.00
2012.02.06 17:19:05.146,0.91808,0.91823,3.00,2.25
2012.02.06 17:19:05.290,0.91809,0.91823,3.00,2.25
2012.02.06 17:19:05.717,0.9181,0.91824,2.25,1.05
2012.02.06 17:19:06.405,0.9181,0.91824,2.25,2.25
2012.02.06 17:19:07.346,0.9181,0.91824,2.25,2.25
2012.02.06 17:19:07.898,0.91808,0.9182,1.71,1.50
2012.02.06 17:19:08.943,0.91808,0.9182,1.50,1.50
2012.02.06 17:19:09.846,0.91808,0.9182,3.00,1.50
2012.02.06 17:19:10.617,0.91808,0.9182,3.21,1.50
2012.02.06 17:19:11.178,0.91808,0.9182,3.21,1.50
2012.02.06 17:19:11.918,0.91808,0.9182,2.46,1.50
2012.02.06 17:19:12.406,0.91808,0.91824,3.00,2.25
2012.02.06 17:19:12.916,0.91811,0.91824,1.50,3.00
2012.02.06 17:19:13.739,0.91811,0.91825,3.00,4.05
2012.02.06 17:19:14.087,0.91813,0.91824,1.50,1.05
2012.02.06 17:19:14.638,0.91813,0.91824,1.50,1.05
2012.02.06 17:19:14.986,0.91812,0.91824,1.50,4.80
2012.02.06 17:19:15.059,0.9181,0.91823,2.25,1.50
2012.02.06 17:19:15.140,0.91808,0.91822,2.25,2.25
2012.02.06 17:19:16.206,0.91803,0.91813,1.50,1.50
2012.02.06 17:19:16.557,0.91801,0.9181,1.50,1.50
2012.02.06 17:19:17.086,0.918,0.91811,3.00,2.25
2012.02.06 17:19:17.700,0.918,0.9181,3.00,1.50
2012.02.06 17:19:18.258,0.918,0.9181,3.00,1.50
2012.02.06 17:19:18.916,0.918,0.9181,3.38,2.25
2012.02.06 17:19:19.633,0.91797,0.91809,6.38,1.50
2012.02.06 17:19:19.999,0.91797,0.91809,6.75,1.50
2012.02.06 17:19:20.948,0.91797,0.91811,1.50,2.25
2012.02.06 17:19:21.414,0.91796,0.91809,2.25,1.50
2012.02.06 17:19:21.495,0.91796,0.91808,1.50,3.75
2012.02.06 17:19:21.853,0.91788,0.91795,3.00,1.50
2012.02.06 17:19:22.416,0.91788,0.91795,2.25,1.50
2012.02.06 17:19:22.993,0.91788,0.91795,1.50,1.50
2012.02.06 17:19:23.074,0.91784,0.91796,2.25,1.50
2012.02.06 17:19:23.151,0.91789,0.91796,2.25,1.50
2012.02.06 17:19:23.371,0.91791,0.91802,1.50,1.50
2012.02.06 17:19:23.591,0.91794,0.91806,1.50,1.50
2012.02.06 17:19:23.957,0.91799,0.91804,1.50,1.50
2012.02.06 17:19:24.031,0.91796,0.91807,1.58,1.50
2012.02.06 17:19:24.180,0.91794,0.9181,4.13,2.25
2012.02.06 17:19:24.256,0.91795,0.91811,3.00,3.38
2012.02.06 17:19:25.094,0.91795,0.91807,3.00,1.50
2012.02.06 17:19:25.172,0.91795,0.91807,3.00,1.50
2012.02.06 17:19:25.316,0.91795,0.91807,3.00,1.50
2012.02.06 17:19:25.524,0.91795,0.91806,3.00,1.50
2012.02.06 17:19:25.936,0.91795,0.91806,5.25,1.50
2012.02.06 17:19:26.690,0.91795,0.91804,3.00,1.50
2012.02.06 17:19:27.249,0.91795,0.91806,5.25,1.50
2012.02.06 17:19:28.078,0.91795,0.91804,1.50,1.50
2012.02.06 17:19:28.288,0.91794,0.9181,4.88,2.25
2012.02.06 17:19:28.357,0.91794,0.9181,5.63,1.50
2012.02.06 17:19:28.575,0.91797,0.9181,1.65,1.50
2012.02.06 17:19:28.796,0.918,0.91818,3.00,7.05
2012.02.06 17:19:29.286,0.91804,0.91816,2.25,1.80
2012.02.06 17:19:29.965,0.91803,0.91816,2.25,1.80
2012.02.06 17:19:30.058,0.91803,0.91816,2.25,1.80
2012.02.06 17:19:30.549,0.91803,0.91814,1.50,1.50
2012.02.06 17:19:30.704,0.91803,0.91816,1.50,1.80
2012.02.06 17:19:30.777,0.91803,0.91816,1.50,1.80
2012.02.06 17:19:30.918,0.91801,0.91815,1.50,1.13
2012.02.06 17:19:31.534,0.91801,0.91815,1.50,1.13
2012.02.06 17:19:32.114,0.91801,0.91815,1.50,1.88
2012.02.06 17:19:32.631,0.91801,0.91808,1.50,1.50
2012.02.06 17:19:33.184,0.918,0.91809,2.25,1.50
2012.02.06 17:19:33.481,0.91801,0.91809,1.50,1.50
2012.02.06 17:19:33.777,0.91796,0.91807,1.50,2.25
2012.02.06 17:19:33.858,0.91795,0.91806,1.50,1.50
2012.02.06 17:19:34.460,0.91795,0.91806,1.50,1.50
2012.02.06 17:19:34.557,0.9179,0.91801,1.50,1.50
2012.02.06 17:19:34.918,0.9179,0.91798,1.50,1.50
2012.02.06 17:19:35.266,0.9179,0.918,1.50,1.50
2012.02.06 17:19:35.336,0.9179,0.91799,1.50,1.50
2012.02.06 17:19:35.617,0.9179,0.918,1.50,1.50
2012.02.06 17:19:36.154,0.9179,0.918,1.50,1.50
2012.02.06 17:19:36.788,0.91788,0.91796,3.00,1.50
2012.02.06 17:19:37.135,0.91789,0.91797,2.25,1.50
2012.02.06 17:19:37.276,0.91789,0.91799,2.25,1.50
2012.02.06 17:19:37.983,0.91789,0.91799,2.25,1.50
2012.02.06 17:19:38.804,0.91789,0.91796,1.50,1.50
2012.02.06 17:19:39.768,0.91789,0.91797,1.50,1.50
2012.02.06 17:19:40.343,0.91789,0.91799,2.25,1.50
2012.02.06 17:19:40.487,0.91789,0.91799,2.25,1.50
2012.02.06 17:19:40.836,0.9179,0.91799,2.25,1.50
2012.02.06 17:19:41.373,0.9179,0.91798,2.25,1.50
2012.02.06 17:19:41.945,0.9179,0.91799,3.00,1.50
2012.02.06 17:19:42.156,0.9179,0.91798,2.25,1.50
2012.02.06 17:19:42.824,0.9179,0.91799,3.00,1.50
2012.02.06 17:19:43.549,0.9179,0.91799,1.50,1.50
2012.02.06 17:19:43.768,0.91791,0.91802,1.50,1.50
2012.02.06 17:19:43.978,0.91793,0.91804,2.25,2.25
2012.02.06 17:19:44.048,0.91793,0.91804,3.00,1.50
2012.02.06 17:19:44.117,0.91793,0.91806,3.00,1.50
2012.02.06 17:19:44.258,0.91793,0.91806,3.00,1.50
2012.02.06 17:19:44.414,0.91793,0.91806,3.00,3.00
2012.02.06 17:19:44.489,0.91791,0.91804,1.50,1.50
2012.02.06 17:19:45.332,0.91792,0.91804,1.50,3.00
2012.02.06 17:19:46.028,0.91792,0.91804,1.50,2.25
2012.02.06 17:19:46.172,0.91794,0.91808,2.25,1.58
2012.02.06 17:19:46.246,0.91794,0.91806,2.25,1.50
2012.02.06 17:19:46.456,0.91792,0.91806,1.50,1.50
2012.02.06 17:19:46.669,0.91793,0.91809,2.25,4.88
2012.02.06 17:19:48.506,0.91794,0.91805,2.25,1.50
2012.02.06 17:19:49.220,0.91792,0.91803,1.50,1.50
2012.02.06 17:19:49.587,0.9179,0.91801,3.00,1.50
2012.02.06 17:19:50.363,0.9179,0.91798,3.00,1.50
2012.02.06 17:19:51.428,0.91791,0.91804,2.25,1.50
2012.02.06 17:19:51.637,0.91791,0.91799,2.25,1.50
2012.02.06 17:19:52.117,0.9179,0.91798,1.50,1.50
2012.02.06 17:19:52.192,0.91789,0.91798,2.25,1.50
2012.02.06 17:19:52.700,0.91789,0.91798,2.25,1.50
2012.02.06 17:19:53.245,0.91789,0.91797,2.25,1.50
2012.02.06 17:19:53.805,0.91789,0.91796,2.25,1.50
2012.02.06 17:19:56.318,0.9179,0.91797,1.50,1.50
2012.02.06 17:19:57.316,0.9179,0.91797,1.50,1.50
2012.02.06 17:19:57.678,0.9179,0.91797,1.50,1.50
2012.02.06 17:19:57.753,0.91791,0.91801,2.25,1.50
2012.02.06 17:19:57.834,0.91791,0.91802,1.50,1.50
2012.02.06 17:19:58.539,0.9179,0.91797,2.25,1.50
2012.02.06 17:19:59.108,0.9179,0.91797,3.00,1.50
2012.02.06 17:19:59.658,0.9179,0.91797,3.00,1.50
2012.02.06 17:20:00.212,0.9179,0.91797,2.25,1.50
2012.02.06 17:20:01.098,0.9179,0.91801,1.50,1.50
2012.02.06 17:20:01.323,0.9179,0.91798,1.50,1.50
2012.02.06 17:20:01.540,0.91793,0.91804,2.25,1.50
2012.02.06 17:20:02.095,0.91792,0.91805,2.25,1.50
2012.02.06 17:20:02.368,0.91792,0.91805,2.25,1.50
2012.02.06 17:20:02.440,0.91791,0.91804,1.88,2.25
2012.02.06 17:20:03.417,0.91791,0.91801,3.75,1.50
2012.02.06 17:20:03.498,0.91793,0.91801,1.50,1.50
2012.02.06 17:20:04.764,0.91796,0.91807,1.50,4.50
2012.02.06 17:20:04.909,0.91796,0.91807,1.50,3.00
2012.02.06 17:20:05.343,0.91798,0.91809,1.50,1.05
2012.02.06 17:20:06.021,0.91801,0.9181,2.25,1.50
2012.02.06 17:20:06.103,0.918,0.91813,3.38,1.50
2012.02.06 17:20:06.252,0.91802,0.91814,1.50,3.00
2012.02.06 17:20:06.747,0.91804,0.91815,1.50,1.50
2012.02.06 17:20:07.306,0.91805,0.91816,1.50,1.50
2012.02.06 17:20:07.974,0.91805,0.91816,1.50,1.50
2012.02.06 17:20:08.128,0.91805,0.91816,2.25,1.50
2012.02.06 17:20:08.406,0.91805,0.91819,2.25,1.50
2012.02.06 17:20:09.175,0.91805,0.91819,2.84,1.50
2012.02.06 17:20:09.855,0.91805,0.91819,2.84,1.50
2012.02.06 17:20:09.924,0.91805,0.91819,2.84,1.50
2012.02.06 17:20:11.332,0.91805,0.9182,2.84,1.50
2012.02.06 17:20:12.245,0.91806,0.9182,1.34,1.50
2012.02.06 17:20:12.598,0.91811,0.91821,1.50,6.00
2012.02.06 17:20:16.314,0.91809,0.91816,1.50,2.63
2012.02.06 17:20:16.397,0.91803,0.91815,1.50,1.50
2012.02.06 17:20:16.887,0.918,0.91814,3.00,2.25
2012.02.06 17:20:17.311,0.91801,0.91816,2.25,2.63
2012.02.06 17:20:17.533,0.91803,0.91817,1.50,3.75
2012.02.06 17:20:19.605,0.91804,0.91818,2.25,4.88
2012.02.06 17:20:20.153,0.91803,0.91817,1.50,2.25
2012.02.06 17:20:20.715,0.91802,0.91816,2.25,1.13
2012.02.06 17:20:20.786,0.91802,0.91816,2.25,1.13
2012.02.06 17:20:21.375,0.91803,0.91816,2.25,1.13
2012.02.06 17:20:22.103,0.91803,0.91816,1.50,1.13
2012.02.06 17:20:22.183,0.91797,0.9181,2.63,1.50
2012.02.06 17:20:22.838,0.91797,0.91812,3.00,1.50
2012.02.06 17:20:23.486,0.91797,0.91813,3.00,1.50
2012.02.06 17:20:23.684,0.91797,0.91813,3.00,1.50
2012.02.06 17:20:24.214,0.91797,0.91813,3.00,1.50
2012.02.06 17:20:24.744,0.91797,0.91813,3.00,1.50
2012.02.06 17:20:25.300,0.91797,0.91813,3.96,1.50
2012.02.06 17:20:26.216,0.91803,0.91816,2.25,2.25
2012.02.06 17:20:26.583,0.91796,0.9181,6.21,1.50
2012.02.06 17:20:26.716,0.91796,0.91813,4.71,2.25
2012.02.06 17:20:27.267,0.91799,0.91813,2.25,3.00
2012.02.06 17:20:27.407,0.91799,0.91812,2.25,1.50
2012.02.06 17:20:27.477,0.91799,0.91812,2.25,1.50
2012.02.06 17:20:28.897,0.91797,0.91811,3.00,1.13
2012.02.06 17:20:29.325,0.91801,0.91811,1.50,2.25
2012.02.06 17:20:29.404,0.91801,0.91814,1.50,1.88
2012.02.06 17:20:29.761,0.91801,0.91815,2.25,2.63
2012.02.06 17:20:30.122,0.91803,0.91815,2.25,3.00
2012.02.06 17:20:31.276,0.91803,0.91815,1.50,1.13
2012.02.06 17:20:37.421,0.91803,0.91816,1.50,2.63
2012.02.06 17:20:37.499,0.91801,0.91816,2.25,1.88
2012.02.06 17:20:38.210,0.918,0.91816,2.46,4.05
2012.02.06 17:20:38.301,0.918,0.91813,2.46,1.50
2012.02.06 17:20:39.006,0.918,0.91812,2.25,1.50
2012.02.06 17:20:39.573,0.91798,0.91812,3.00,3.00
2012.02.06 17:20:39.650,0.91798,0.91812,3.00,2.25
2012.02.06 17:20:40.244,0.91798,0.91813,3.00,1.88
2012.02.06 17:20:40.826,0.91799,0.91814,1.50,2.25
2012.02.06 17:20:41.357,0.91799,0.91814,1.50,3.00
2012.02.06 17:20:41.911,0.91799,0.91812,1.50,1.50
2012.02.06 17:20:43.336,0.91798,0.91807,1.50,1.50
2012.02.06 17:20:43.563,0.91791,0.91804,1.50,1.88
2012.02.06 17:20:43.716,0.9179,0.91804,1.50,2.25
2012.02.06 17:20:43.931,0.9179,0.91803,1.50,1.50
2012.02.06 17:20:44.582,0.91789,0.91803,2.25,3.00
2012.02.06 17:20:45.087,0.91789,0.91802,3.00,1.88
2012.02.06 17:20:45.301,0.91788,0.91801,1.50,1.50
2012.02.06 17:20:45.871,0.91788,0.91803,1.13,3.38
2012.02.06 17:20:46.553,0.91787,0.91803,6.00,3.38
2012.02.06 17:20:47.118,0.91788,0.91803,2.25,3.00
2012.02.06 17:20:51.481,0.91791,0.91804,2.25,1.50
2012.02.06 17:20:54.615,0.9179,0.91804,2.25,2.25
2012.02.06 17:20:55.174,0.9179,0.91804,2.25,3.00
2012.02.06 17:20:55.693,0.9179,0.91804,2.25,2.25
2012.02.06 17:20:57.186,0.91793,0.91809,3.00,3.38
2012.02.06 17:20:57.470,0.91795,0.91809,1.50,4.50
2012.02.06 17:20:58.323,0.91795,0.9181,3.75,4.13
2012.02.06 17:20:59.379,0.91795,0.91807,2.25,2.25
2012.02.06 17:20:59.531,0.91796,0.91809,1.50,2.25
2012.02.06 17:21:00.376,0.91798,0.91812,2.25,8.33
2012.02.06 17:21:00.524,0.91795,0.91811,3.00,5.25
2012.02.06 17:21:01.049,0.91795,0.91811,3.00,6.00
2012.02.06 17:21:01.284,0.91795,0.91808,1.50,2.25
2012.02.06 17:21:01.845,0.91794,0.91808,1.50,2.25
2012.02.06 17:21:02.699,0.91793,0.91805,1.13,2.25
2012.02.06 17:21:03.305,0.91794,0.91802,1.50,2.25
2012.02.06 17:21:03.404,0.91785,0.91797,2.09,1.50
2012.02.06 17:21:03.897,0.91786,0.918,3.00,3.00
2012.02.06 17:21:04.096,0.91786,0.918,3.00,2.25
2012.02.06 17:21:05.137,0.91784,0.91797,2.25,1.50
2012.02.06 17:21:05.667,0.91784,0.91798,2.25,3.00
2012.02.06 17:21:05.740,0.91784,0.91798,2.25,3.00
2012.02.06 17:21:09.574,0.91785,0.91799,2.25,1.50
2012.02.06 17:21:10.203,0.91785,0.918,2.25,3.57
2012.02.06 17:21:11.647,0.91785,0.91799,2.25,1.50
2012.02.06 17:21:12.152,0.91785,0.918,2.25,2.63
2012.02.06 17:21:12.921,0.91785,0.918,2.25,2.63
2012.02.06 17:21:13.453,0.91785,0.91799,2.25,1.50
2012.02.06 17:21:16.169,0.91785,0.91801,2.25,3.38
2012.02.06 17:21:16.606,0.91783,0.91799,4.50,3.00
2012.02.06 17:21:17.164,0.91782,0.91796,1.13,2.25
2012.02.06 17:21:18.794,0.91786,0.91798,1.50,2.63
2012.02.06 17:21:18.876,0.91786,0.91798,1.50,1.88
2012.02.06 17:21:19.378,0.91789,0.91803,1.50,2.25
2012.02.06 17:21:20.199,0.91797,0.91811,1.88,4.13
2012.02.06 17:21:20.355,0.91803,0.91813,1.50,1.50
2012.02.06 17:21:20.782,0.91803,0.91816,1.50,3.38
2012.02.06 17:21:21.353,0.91804,0.91816,1.50,1.50
2012.02.06 17:21:21.425,0.91804,0.91816,1.50,1.50
2012.02.06 17:21:22.053,0.91803,0.91816,1.50,1.05
2012.02.06 17:21:22.560,0.91802,0.91817,1.50,1.05
2012.02.06 17:21:23.129,0.91801,0.91817,4.50,2.55
2012.02.06 17:21:23.268,0.91803,0.91817,1.50,3.00
2012.02.06 17:21:23.997,0.91803,0.91815,1.50,1.88
2012.02.06 17:21:24.218,0.91801,0.91815,1.50,3.75
2012.02.06 17:21:24.294,0.91801,0.91815,1.50,3.75
2012.02.06 17:21:24.857,0.918,0.91814,2.25,3.00
2012.02.06 17:21:25.147,0.91801,0.91815,1.50,3.38
2012.02.06 17:21:25.917,0.91801,0.91815,1.50,4.13
2012.02.06 17:21:26.000,0.91799,0.91815,1.50,4.13
2012.02.06 17:21:26.499,0.91799,0.91815,1.50,4.13
2012.02.06 17:21:27.649,0.91798,0.91812,6.00,2.25
2012.02.06 17:21:27.799,0.91798,0.91813,4.50,1.50
2012.02.06 17:21:28.354,0.91798,0.91812,1.50,2.25
2012.02.06 17:21:29.254,0.91799,0.91812,1.50,1.88
2012.02.06 17:21:29.769,0.91798,0.91812,1.50,3.38
2012.02.06 17:21:30.767,0.91798,0.91812,1.50,1.88
2012.02.06 17:21:32.514,0.91799,0.91812,1.50,1.88
2012.02.06 17:21:33.439,0.91798,0.91812,1.50,3.38
2012.02.06 17:21:34.803,0.91796,0.91806,1.50,1.13
2012.02.06 17:21:34.886,0.91791,0.91806,3.96,1.13
2012.02.06 17:21:34.970,0.91791,0.91804,2.25,1.13
2012.02.06 17:21:35.328,0.91791,0.91802,2.25,1.50
2012.02.06 17:21:36.456,0.91789,0.91801,2.25,1.13
2012.02.06 17:21:36.678,0.91787,0.918,1.13,2.25
2012.02.06 17:21:37.656,0.91787,0.918,1.13,1.50
2012.02.06 17:21:38.154,0.91788,0.91802,1.13,2.25
2012.02.06 17:21:38.722,0.91788,0.91802,1.13,2.25
2012.02.06 17:21:40.419,0.9179,0.91804,4.50,2.25
2012.02.06 17:21:40.640,0.91791,0.91804,4.88,2.25
2012.02.06 17:21:40.999,0.91794,0.91808,1.50,2.25
2012.02.06 17:21:41.914,0.91791,0.91807,3.75,2.25
2012.02.06 17:21:42.480,0.91791,0.91807,2.25,2.25
2012.02.06 17:21:43.116,0.91792,0.91807,2.25,1.50
2012.02.06 17:21:43.464,0.91794,0.91807,1.50,4.50
2012.02.06 17:21:44.104,0.91789,0.91805,2.63,2.25
2012.02.06 17:21:44.726,0.91792,0.91806,2.25,2.25
2012.02.06 17:21:45.141,0.91794,0.91807,1.50,1.50
2012.02.06 17:21:45.222,0.91791,0.91807,2.25,3.00
2012.02.06 17:21:45.298,0.91791,0.91807,2.25,3.75
2012.02.06 17:21:45.780,0.91794,0.91808,2.25,2.55
2012.02.06 17:21:46.533,0.91793,0.91809,4.50,2.25
2012.02.06 17:21:47.040,0.91794,0.9181,2.25,2.25
2012.02.06 17:21:47.905,0.91794,0.9181,2.25,2.25
2012.02.06 17:21:49.494,0.91797,0.91811,1.13,2.25
2012.02.06 17:21:49.918,0.91799,0.91813,1.50,2.25
2012.02.06 17:21:50.411,0.91798,0.91812,1.50,2.25
2012.02.06 17:21:51.423,0.91803,0.91817,1.50,2.55
2012.02.06 17:21:51.970,0.91803,0.91817,1.50,2.55
2012.02.06 17:21:53.702,0.91802,0.91817,1.50,1.05
2012.02.06 17:21:55.384,0.91802,0.91817,1.50,3.00
2012.02.06 17:21:56.092,0.91804,0.91814,1.50,2.25
2012.02.06 17:21:56.182,0.91798,0.91812,1.50,2.25
2012.02.06 17:21:56.743,0.91799,0.91813,1.50,2.25
2012.02.06 17:21:57.767,0.91797,0.91813,1.50,2.25
2012.02.06 17:21:58.656,0.91798,0.91812,1.50,2.25
2012.02.06 17:21:59.339,0.91798,0.91812,2.25,2.25
2012.02.06 17:21:59.499,0.91801,0.91814,1.50,1.88
2012.02.06 17:21:59.573,0.91802,0.91817,1.50,1.69
2012.02.06 17:21:59.722,0.91804,0.91818,1.50,4.69
2012.02.06 17:22:00.275,0.91803,0.91818,1.50,1.50
2012.02.06 17:22:00.836,0.91802,0.91818,2.25,3.00
2012.02.06 17:22:01.553,0.91803,0.91817,1.50,1.50
2012.02.06 17:22:01.907,0.91801,0.91817,2.25,3.00
2012.02.06 17:22:02.426,0.91801,0.91815,2.25,1.50
2012.02.06 17:22:04.285,0.91804,0.91815,1.50,1.50
2012.02.06 17:22:05.075,0.91803,0.91817,1.50,2.25
2012.02.06 17:22:05.895,0.91803,0.91816,1.50,1.50
2012.02.06 17:22:06.447,0.91803,0.91816,1.50,1.50
2012.02.06 17:22:06.585,0.91801,0.91815,3.00,2.25
2012.02.06 17:22:07.147,0.918,0.91814,1.50,2.25
2012.02.06 17:22:07.699,0.918,0.91814,1.50,2.25
2012.02.06 17:22:08.958,0.918,0.91813,1.50,1.13
2012.02.06 17:22:09.479,0.91799,0.91813,1.50,2.25
2012.02.06 17:22:09.907,0.918,0.91816,1.50,3.38
2012.02.06 17:22:10.860,0.91799,0.91813,1.50,1.50
2012.02.06 17:22:11.218,0.91801,0.91813,1.50,1.50
2012.02.06 17:22:11.809,0.91801,0.91812,1.50,1.13
2012.02.06 17:22:11.891,0.91799,0.91809,1.50,1.05
2012.02.06 17:22:11.973,0.91797,0.91809,1.50,1.05
2012.02.06 17:22:12.116,0.91797,0.91809,1.50,1.05
2012.02.06 17:22:12.326,0.91797,0.9181,2.25,1.42
2012.02.06 17:22:12.403,0.91799,0.9181,1.50,1.42
2012.02.06 17:22:12.686,0.918,0.91812,1.50,1.57
2012.02.06 17:22:12.894,0.918,0.91813,2.25,1.50
2012.02.06 17:22:14.960,0.91801,0.91815,2.25,1.50
2012.02.06 17:22:15.040,0.91803,0.91816,1.50,2.85
2012.02.06 17:22:15.190,0.91804,0.91817,2.25,1.05
2012.02.06 17:22:15.490,0.91806,0.91818,1.50,1.35
2012.02.06 17:22:16.034,0.91808,0.91819,1.50,1.76
2012.02.06 17:22:17.827,0.91808,0.91819,2.25,1.76
2012.02.06 17:22:19.108,0.91814,0.91824,1.50,3.75
2012.02.06 17:22:19.194,0.91812,0.91824,1.50,1.05
2012.02.06 17:22:19.410,0.91812,0.91825,1.50,1.05
2012.02.06 17:22:19.980,0.91812,0.91825,1.50,1.05
2012.02.06 17:22:22.405,0.91812,0.91826,1.50,4.80
2012.02.06 17:22:22.686,0.91815,0.91825,1.50,1.05
2012.02.06 17:22:23.097,0.91813,0.91826,1.50,3.60
2012.02.06 17:22:23.661,0.91813,0.91825,1.50,1.05
2012.02.06 17:22:24.279,0.91812,0.91825,1.50,1.05
2012.02.06 17:22:24.830,0.91812,0.91824,1.50,1.05
2012.02.06 17:22:26.807,0.91811,0.91825,3.00,1.05
2012.02.06 17:22:27.366,0.91812,0.91825,1.50,2.25
2012.02.06 17:22:27.784,0.9181,0.91823,1.50,1.50
2012.02.06 17:22:27.929,0.9181,0.91823,1.50,1.88
2012.02.06 17:22:28.387,0.9181,0.91822,1.50,1.50
2012.02.06 17:22:29.165,0.9181,0.91823,1.50,1.13
2012.02.06 17:22:29.522,0.91807,0.91819,3.00,1.36
2012.02.06 17:22:29.875,0.91805,0.91818,3.00,1.35
2012.02.06 17:22:30.545,0.91805,0.91818,3.00,1.05
2012.02.06 17:22:30.759,0.91808,0.91824,1.50,3.00
2012.02.06 17:22:30.831,0.91808,0.91824,2.25,3.00
2012.02.06 17:22:33.357,0.91808,0.91824,2.25,2.25
2012.02.06 17:22:33.779,0.91808,0.9182,2.25,1.76
2012.02.06 17:22:34.139,0.91805,0.91816,2.25,1.05
2012.02.06 17:22:34.364,0.91807,0.91819,1.50,1.50
2012.02.06 17:22:34.576,0.91808,0.91823,2.25,2.63
2012.02.06 17:22:35.301,0.91809,0.91823,1.50,4.13
2012.02.06 17:22:35.848,0.91808,0.91823,2.25,2.63
2012.02.06 17:22:36.397,0.91808,0.91822,2.25,1.50
2012.02.06 17:22:37.296,0.91808,0.91823,2.25,1.88
2012.02.06 17:22:38.279,0.91808,0.91822,2.25,1.50
2012.02.06 17:22:39.154,0.91809,0.91823,1.50,3.00
2012.02.06 17:22:39.674,0.91808,0.91823,2.25,1.50
2012.02.06 17:22:40.191,0.91808,0.91823,2.25,1.50
2012.02.06 17:22:43.570,0.91808,0.91823,2.25,1.88
2012.02.06 17:22:45.858,0.91808,0.91819,1.50,1.35
2012.02.06 17:22:46.208,0.91809,0.91822,1.50,1.50
2012.02.06 17:22:46.733,0.91808,0.91822,2.25,2.25
2012.02.06 17:22:48.137,0.91808,0.91819,1.50,1.36
2012.02.06 17:22:48.207,0.91806,0.91818,1.50,1.50
2012.02.06 17:22:48.418,0.91806,0.91819,3.00,1.50
2012.02.06 17:22:48.558,0.91807,0.91821,2.25,1.50
2012.02.06 17:22:49.094,0.91808,0.91822,2.25,2.25
2012.02.06 17:22:49.675,0.91808,0.91822,2.25,2.25
2012.02.06 17:22:49.886,0.91808,0.91822,2.25,2.25
2012.02.06 17:22:50.224,0.91808,0.91822,2.25,2.25
2012.02.06 17:22:50.751,0.91808,0.91822,2.25,2.25
2012.02.06 17:22:51.674,0.91808,0.91823,2.25,2.63
2012.02.06 17:22:52.735,0.91809,0.91822,2.25,1.13
2012.02.06 17:22:52.809,0.91808,0.9182,2.25,3.16
2012.02.06 17:22:53.323,0.91804,0.91817,2.25,1.05
2012.02.06 17:22:53.879,0.91804,0.91818,2.25,1.43
2012.02.06 17:22:54.026,0.91804,0.91816,1.50,1.88
2012.02.06 17:22:54.796,0.91804,0.91817,1.50,2.25
2012.02.06 17:22:55.347,0.91804,0.91817,1.50,1.50
2012.02.06 17:22:56.594,0.91804,0.91816,1.50,1.50
2012.02.06 17:22:57.572,0.91803,0.91816,1.50,1.50
2012.02.06 17:22:58.480,0.91804,0.91816,1.50,1.50
2012.02.06 17:22:59.123,0.91803,0.91815,1.50,1.50
2012.02.06 17:23:00.438,0.91802,0.91815,1.50,2.25
2012.02.06 17:23:00.968,0.91801,0.91815,2.25,3.38
2012.02.06 17:23:03.358,0.91801,0.91814,3.00,1.50
2012.02.06 17:23:04.313,0.91801,0.91814,3.00,1.50
2012.02.06 17:23:07.005,0.91801,0.91814,2.25,1.50
2012.02.06 17:23:09.010,0.91801,0.91814,2.25,1.13
2012.02.06 17:23:09.316,0.91801,0.91807,1.50,3.00
2012.02.06 17:23:09.530,0.91798,0.91805,1.50,1.88
2012.02.06 17:23:09.682,0.9179,0.91804,3.00,2.25
2012.02.06 17:23:09.764,0.9179,0.91802,2.25,1.50
2012.02.06 17:23:10.455,0.9179,0.91798,1.50,1.13
2012.02.06 17:23:10.541,0.91784,0.91799,1.50,3.00
2012.02.06 17:23:11.377,0.91785,0.91799,1.50,2.25
2012.02.06 17:23:12.488,0.91786,0.91799,1.50,1.88
2012.02.06 17:23:14.816,0.91786,0.91799,2.25,1.88
2012.02.06 17:23:15.365,0.91786,0.918,2.25,1.50
2012.02.06 17:23:15.936,0.91786,0.91801,2.25,1.88
2012.02.06 17:23:16.655,0.91786,0.91801,5.63,1.88
2012.02.06 17:23:17.152,0.91788,0.91803,4.50,1.88
2012.02.06 17:23:18.737,0.91788,0.91804,4.50,2.25
2012.02.06 17:23:19.369,0.91791,0.91805,1.50,2.25
2012.02.06 17:23:20.000,0.9179,0.91804,2.25,2.25
2012.02.06 17:23:20.605,0.91791,0.91805,1.50,2.25
2012.02.06 17:23:25.548,0.91791,0.91805,2.25,2.25
2012.02.06 17:23:26.090,0.91793,0.91807,2.25,2.33
2012.02.06 17:23:26.320,0.91793,0.91807,1.50,2.33
2012.02.06 17:23:26.853,0.91792,0.91808,1.50,6.08
2012.02.06 17:23:29.797,0.91796,0.91808,1.50,3.83
2012.02.06 17:23:30.508,0.91796,0.91812,2.25,2.25
2012.02.06 17:23:30.680,0.91801,0.91814,1.50,2.25
2012.02.06 17:23:31.178,0.91802,0.91816,1.50,2.25
2012.02.06 17:23:31.318,0.918,0.91815,3.00,2.25
2012.02.06 17:23:31.867,0.918,0.91812,3.00,1.50
2012.02.06 17:23:32.730,0.918,0.91816,4.50,2.25
2012.02.06 17:23:33.634,0.91802,0.91816,1.50,2.25
2012.02.06 17:23:33.780,0.91804,0.91818,1.50,4.13
2012.02.06 17:23:33.858,0.91801,0.91817,1.50,2.25
2012.02.06 17:23:34.001,0.91805,0.91818,1.50,1.88
2012.02.06 17:23:34.568,0.91806,0.9182,1.50,2.25
2012.02.06 17:23:35.567,0.91806,0.9182,1.50,2.25
2012.02.06 17:23:38.435,0.91806,0.9182,1.50,2.25
2012.02.06 17:23:42.636,0.91806,0.9182,2.25,3.00
2012.02.06 17:23:45.938,0.91806,0.9182,1.50,2.25
2012.02.06 17:23:46.680,0.91809,0.9182,1.13,2.25
2012.02.06 17:23:46.980,0.91813,0.91823,3.59,2.25
2012.02.06 17:23:47.481,0.91817,0.91832,1.50,3.00
2012.02.06 17:23:47.558,0.91816,0.91832,3.00,5.25
2012.02.06 17:23:47.699,0.91816,0.91832,1.50,4.50
2012.02.06 17:23:49.172,0.91816,0.91832,1.50,4.50
2012.02.06 17:23:49.446,0.91816,0.91832,1.50,4.50
2012.02.06 17:23:50.293,0.91816,0.91832,1.50,5.33
2012.02.06 17:23:50.375,0.91818,0.91832,1.50,2.25
2012.02.06 17:23:50.455,0.91819,0.91834,1.50,1.43
2012.02.06 17:23:50.671,0.91817,0.91833,2.25,1.50
2012.02.06 17:23:52.519,0.91817,0.91833,2.25,1.80
2012.02.06 17:23:52.744,0.91819,0.91834,2.25,1.05
2012.02.06 17:23:53.104,0.91825,0.91835,2.46,1.50
2012.02.06 17:23:53.763,0.91826,0.91835,1.50,1.50
2012.02.06 17:23:53.866,0.91833,0.91848,1.50,3.00
2012.02.06 17:23:53.950,0.91832,0.91848,3.00,2.25
2012.02.06 17:23:54.453,0.91833,0.91849,2.25,1.13
2012.02.06 17:23:54.618,0.91834,0.9185,2.25,1.88
2012.02.06 17:23:55.487,0.91827,0.91841,1.71,1.88
2012.02.06 17:23:55.622,0.91815,0.91831,2.25,2.25
2012.02.06 17:23:55.995,0.91815,0.91829,3.00,1.50
2012.02.06 17:23:56.142,0.91818,0.91831,2.25,2.25
2012.02.06 17:23:57.183,0.91818,0.91832,2.25,1.50
2012.02.06 17:23:58.797,0.91818,0.91832,2.25,1.88
2012.02.06 17:23:58.871,0.91818,0.9183,2.25,1.13
2012.02.06 17:23:59.184,0.91815,0.91823,2.25,1.88
2012.02.06 17:23:59.968,0.91815,0.91819,2.25,1.50
2012.02.06 17:24:00.052,0.91808,0.91822,2.84,1.13
2012.02.06 17:24:00.134,0.9181,0.91824,1.13,1.50
2012.02.06 17:24:00.276,0.91808,0.91824,5.84,1.50
2012.02.06 17:24:00.816,0.91811,0.91827,2.25,5.10
2012.02.06 17:24:01.338,0.9181,0.91824,2.25,1.50
2012.02.06 17:24:01.906,0.9181,0.91826,2.25,1.80
2012.02.06 17:24:02.566,0.91814,0.91827,2.25,4.66
2012.02.06 17:24:03.118,0.91814,0.91826,2.25,2.85
2012.02.06 17:24:04.045,0.91814,0.91826,2.25,2.85
2012.02.06 17:24:05.553,0.91812,0.91827,2.25,3.16
2012.02.06 17:24:06.108,0.91812,0.91827,2.25,2.85
2012.02.06 17:24:06.614,0.91812,0.91827,2.25,3.91
2012.02.06 17:24:07.186,0.91812,0.91827,2.25,3.16
2012.02.06 17:24:07.724,0.91812,0.91827,2.25,3.60
2012.02.06 17:24:08.201,0.91813,0.91827,2.25,4.35
2012.02.06 17:24:08.968,0.91814,0.91828,4.50,1.50
2012.02.06 17:24:09.051,0.91816,0.91832,2.25,1.50
2012.02.06 17:24:09.497,0.91815,0.9183,2.25,1.88
2012.02.06 17:24:10.074,0.91814,0.91829,2.25,1.13
2012.02.06 17:24:10.660,0.91813,0.91827,2.25,1.50
2012.02.06 17:24:11.105,0.91813,0.91827,2.25,1.50
2012.02.06 17:24:13.474,0.91813,0.91827,2.25,1.50
2012.02.06 17:24:13.746,0.91812,0.91828,2.25,3.00
2012.02.06 17:24:15.472,0.91813,0.91828,2.09,2.25
2012.02.06 17:24:15.838,0.91815,0.91829,4.13,1.50
2012.02.06 17:24:15.908,0.91818,0.91831,2.25,1.50
2012.02.06 17:24:16.326,0.91819,0.91833,2.25,1.05
2012.02.06 17:24:17.650,0.91817,0.91831,2.25,1.50
2012.02.06 17:24:18.158,0.91817,0.91831,2.25,1.50
2012.02.06 17:24:18.660,0.91818,0.91832,2.25,1.50
2012.02.06 17:24:19.228,0.91817,0.91831,2.25,1.50
2012.02.06 17:24:19.792,0.91817,0.91831,2.25,3.83
2012.02.06 17:24:19.875,0.91817,0.91828,2.25,1.88
2012.02.06 17:24:20.509,0.91816,0.91825,1.50,1.50
2012.02.06 17:24:20.610,0.91812,0.91828,4.50,1.50
2012.02.06 17:24:20.901,0.91813,0.91827,2.25,1.50
2012.02.06 17:24:21.259,0.91815,0.91831,2.25,5.63
2012.02.06 17:24:21.757,0.91815,0.91831,2.25,4.88
2012.02.06 17:24:22.316,0.91815,0.91831,2.25,5.63
2012.02.06 17:24:23.125,0.91815,0.91831,2.25,5.63
2012.02.06 17:24:23.645,0.91815,0.91831,2.25,5.63
2012.02.06 17:24:23.999,0.91815,0.91828,2.25,1.13
2012.02.06 17:24:24.146,0.91811,0.91825,2.25,1.50
2012.02.06 17:24:27.220,0.91811,0.91825,2.25,2.25
2012.02.06 17:24:27.754,0.91811,0.91825,2.25,2.25
2012.02.06 17:24:28.293,0.91811,0.91825,2.25,1.50
2012.02.06 17:24:28.887,0.91811,0.91825,2.25,2.25
2012.02.06 17:24:29.536,0.91813,0.91827,2.25,1.50
2012.02.06 17:24:29.806,0.91818,0.91831,2.25,2.25
2012.02.06 17:24:30.576,0.91821,0.91831,1.50,2.25
2012.02.06 17:24:32.200,0.91821,0.91832,1.50,2.25
2012.02.06 17:24:32.563,0.91821,0.91833,1.50,3.00
2012.02.06 17:24:33.344,0.91821,0.91832,1.50,1.50
2012.02.06 17:24:33.644,0.9182,0.91828,1.50,1.96
2012.02.06 17:24:33.808,0.91813,0.91822,3.00,1.50
2012.02.06 17:24:33.888,0.91807,0.91819,2.25,1.13
2012.02.06 17:24:34.194,0.91802,0.91813,3.00,2.25
2012.02.06 17:24:34.276,0.91802,0.91811,3.00,1.13
2012.02.06 17:24:34.356,0.918,0.91811,3.00,1.13
2012.02.06 17:24:34.936,0.918,0.91809,2.25,1.13
2012.02.06 17:24:35.079,0.91796,0.91809,1.50,2.25
2012.02.06 17:24:35.222,0.91795,0.91809,2.25,2.25
2012.02.06 17:24:35.790,0.91793,0.91808,1.50,2.25
2012.02.06 17:24:36.361,0.91793,0.91807,1.50,1.50
2012.02.06 17:24:36.436,0.91793,0.91805,1.50,1.50
2012.02.06 17:24:37.152,0.91793,0.91808,1.50,1.50
2012.02.06 17:24:41.248,0.91793,0.91808,1.50,1.50
2012.02.06 17:24:41.662,0.91795,0.91811,2.25,1.69
2012.02.06 17:24:41.745,0.91796,0.91811,2.25,1.69
2012.02.06 17:24:41.970,0.91796,0.91811,2.25,1.69
2012.02.06 17:24:42.328,0.91798,0.91812,2.25,1.50
2012.02.06 17:24:43.309,0.91796,0.91811,2.25,1.50
2012.02.06 17:24:43.836,0.91796,0.91811,2.25,1.50
2012.02.06 17:24:44.347,0.91796,0.91811,1.50,1.50
2012.02.06 17:24:47.496,0.91797,0.91813,2.25,3.00
2012.02.06 17:24:48.250,0.91797,0.91813,3.00,1.50
2012.02.06 17:24:48.366,0.91805,0.91819,3.21,1.50
2012.02.06 17:24:48.445,0.91806,0.91819,3.00,1.50
2012.02.06 17:24:48.663,0.91809,0.91821,2.25,1.50
2012.02.06 17:24:48.740,0.91809,0.91825,2.25,5.07
2012.02.06 17:24:50.080,0.91809,0.91824,2.25,1.43
2012.02.06 17:24:50.899,0.91808,0.9182,2.25,2.89
2012.02.06 17:24:50.974,0.91805,0.91819,2.84,3.16
2012.02.06 17:24:51.519,0.91805,0.91819,2.84,2.85
2012.02.06 17:24:52.224,0.91807,0.9182,1.13,4.35
2012.02.06 17:24:52.329,0.91808,0.9182,1.50,1.50
2012.02.06 17:24:52.484,0.91809,0.91825,1.71,4.80
2012.02.06 17:24:52.573,0.91812,0.91825,3.00,3.30
2012.02.06 17:24:53.208,0.91812,0.91826,2.25,2.85
2012.02.06 17:24:56.482,0.91812,0.91826,2.25,2.55
2012.02.06 17:24:57.306,0.91812,0.91826,2.25,4.50
2012.02.06 17:24:57.844,0.91813,0.91827,3.00,5.89
2012.02.06 17:25:00.887,0.91813,0.91827,2.25,7.54
2012.02.06 17:25:01.181,0.91811,0.91816,1.50,1.50
2012.02.06 17:25:01.407,0.9181,0.91817,1.50,1.13
2012.02.06 17:25:01.563,0.91802,0.91816,1.88,1.88
2012.02.06 17:25:01.662,0.91802,0.91814,1.88,1.88
2012.02.06 17:25:01.963,0.91802,0.91815,1.88,1.50
2012.02.06 17:25:02.765,0.91802,0.91815,1.50,2.25
2012.02.06 17:25:04.116,0.91803,0.91815,1.50,1.50
2012.02.06 17:25:04.192,0.91804,0.91818,2.25,2.25
2012.02.06 17:25:06.802,0.91803,0.91817,1.50,1.50
2012.02.06 17:25:06.953,0.91803,0.91815,2.25,1.50
2012.02.06 17:25:07.035,0.91803,0.91815,2.25,1.50
2012.02.06 17:25:08.336,0.91803,0.91814,1.50,1.50
2012.02.06 17:25:09.004,0.91803,0.91814,1.50,1.50
2012.02.06 17:25:09.504,0.91802,0.91814,2.25,1.50
2012.02.06 17:25:10.094,0.91803,0.91814,1.50,1.50
2012.02.06 17:25:11.013,0.91803,0.91814,1.50,1.50
2012.02.06 17:25:11.664,0.91803,0.91815,1.50,1.50
2012.02.06 17:25:11.809,0.91804,0.91817,1.50,1.50
2012.02.06 17:25:12.326,0.91804,0.91818,3.00,2.25
2012.02.06 17:25:16.736,0.91806,0.91818,1.50,1.50
2012.02.06 17:25:17.269,0.91806,0.91819,2.25,1.50
2012.02.06 17:25:17.827,0.91809,0.91819,1.50,1.50
2012.02.06 17:25:18.346,0.91807,0.91819,2.25,1.58
2012.02.06 17:25:19.266,0.91805,0.91817,3.00,1.50
2012.02.06 17:25:19.596,0.91804,0.91817,1.50,1.58
2012.02.06 17:25:19.919,0.91804,0.91817,1.50,1.50
2012.02.06 17:25:20.207,0.91805,0.91818,1.50,2.25
2012.02.06 17:25:20.775,0.91806,0.91818,1.50,1.58
2012.02.06 17:25:22.348,0.91805,0.91818,1.50,2.63
2012.02.06 17:25:22.697,0.91805,0.91816,1.50,1.50
2012.02.06 17:25:23.329,0.91805,0.91816,1.50,1.58
2012.02.06 17:25:24.657,0.91805,0.91816,1.50,1.50
2012.02.06 17:25:24.942,0.91808,0.91821,1.50,1.50
2012.02.06 17:25:25.505,0.91809,0.91821,1.50,1.50
2012.02.06 17:25:25.575,0.91809,0.91821,1.50,1.50
2012.02.06 17:25:25.835,0.91809,0.91821,1.50,1.50
2012.02.06 17:25:27.072,0.91809,0.91821,2.25,1.50
2012.02.06 17:25:27.583,0.91809,0.91821,2.25,1.50
2012.02.06 17:25:28.132,0.91809,0.91821,1.50,1.50
2012.02.06 17:25:28.637,0.91815,0.91824,1.50,2.25
2012.02.06 17:25:31.142,0.91812,0.9182,1.50,1.81
2012.02.06 17:25:31.303,0.91808,0.91819,2.25,1.50
2012.02.06 17:25:31.385,0.91801,0.91815,3.00,2.25
2012.02.06 17:25:32.022,0.91803,0.91817,2.25,1.05
2012.02.06 17:25:32.972,0.91803,0.91816,2.25,1.05
2012.02.06 17:25:34.001,0.91803,0.91816,1.50,1.05
2012.02.06 17:25:34.536,0.91803,0.91817,1.50,1.50
2012.02.06 17:25:35.086,0.91803,0.91816,1.50,2.55
2012.02.06 17:25:36.295,0.91803,0.91816,1.50,2.25
2012.02.06 17:25:36.950,0.91803,0.91814,1.50,1.50
2012.02.06 17:25:37.485,0.91802,0.91814,1.50,1.50
2012.02.06 17:25:38.419,0.91802,0.91815,1.50,2.25
2012.02.06 17:25:43.245,0.91802,0.91815,2.25,1.50
2012.02.06 17:25:43.835,0.91802,0.91815,2.25,1.50
2012.02.06 17:25:46.657,0.91802,0.91814,2.25,1.50
2012.02.06 17:25:47.468,0.91802,0.91812,2.25,1.44
2012.02.06 17:25:48.053,0.91802,0.91809,2.25,1.50
2012.02.06 17:25:48.138,0.91797,0.91809,1.50,1.80
2012.02.06 17:25:49.096,0.91797,0.91811,1.50,2.48
2012.02.06 17:25:49.435,0.918,0.91811,1.50,3.54
2012.02.06 17:25:50.866,0.918,0.91811,1.50,2.48
2012.02.06 17:25:51.717,0.91802,0.91812,1.50,1.50
2012.02.06 17:25:52.073,0.91802,0.91815,1.50,2.63
2012.02.06 17:25:52.149,0.91803,0.91815,1.50,3.38
2012.02.06 17:25:54.760,0.91803,0.91814,1.50,1.23
2012.02.06 17:25:55.046,0.91799,0.91811,1.50,3.33
2012.02.06 17:25:55.607,0.91798,0.9181,1.50,1.80
2012.02.06 17:25:59.639,0.91798,0.9181,1.50,1.80
2012.02.06 17:26:00.194,0.91798,0.9181,2.25,2.10
2012.02.06 17:26:01.355,0.91798,0.9181,2.25,2.10
2012.02.06 17:26:03.058,0.91798,0.9181,1.50,2.85
2012.02.06 17:26:03.205,0.91803,0.91817,1.50,3.30
2012.02.06 17:26:03.694,0.91803,0.91817,3.00,3.68
2012.02.06 17:26:05.282,0.91803,0.91815,1.50,3.75
2012.02.06 17:26:05.429,0.91803,0.91815,1.50,1.13
2012.02.06 17:26:05.806,0.91803,0.91816,1.50,5.63
2012.02.06 17:26:06.007,0.91802,0.91816,1.50,6.38
2012.02.06 17:26:06.326,0.91802,0.91816,1.50,6.38
2012.02.06 17:26:07.075,0.91801,0.91816,1.50,5.93
2012.02.06 17:26:07.962,0.91801,0.91815,1.50,1.88
2012.02.06 17:26:09.065,0.91801,0.91815,1.50,1.13
2012.02.06 17:26:11.778,0.918,0.91815,3.75,1.13
2012.02.06 17:26:12.326,0.91801,0.91816,1.50,2.25
2012.02.06 17:26:14.922,0.91801,0.91816,1.50,2.55
2012.02.06 17:26:16.817,0.91803,0.91817,1.50,4.80
2012.02.06 17:26:17.557,0.91803,0.91817,1.50,4.80
2012.02.06 17:26:20.975,0.91801,0.91816,1.50,2.55
2012.02.06 17:26:21.495,0.91801,0.91815,1.50,2.63
2012.02.06 17:26:22.182,0.91801,0.91815,1.50,1.13
2012.02.06 17:26:23.087,0.91801,0.91815,1.50,3.00
2012.02.06 17:26:23.506,0.91801,0.91814,1.50,1.13
2012.02.06 17:26:24.080,0.91801,0.91814,1.50,1.13
2012.02.06 17:26:24.727,0.91801,0.91814,1.50,1.88
2012.02.06 17:26:26.081,0.91801,0.91814,1.50,1.13
2012.02.06 17:26:26.156,0.91801,0.91815,1.50,4.88
2012.02.06 17:26:26.655,0.91802,0.91815,1.50,2.25
2012.02.06 17:26:28.557,0.91806,0.91818,1.34,3.00
2012.02.06 17:26:28.733,0.91807,0.91818,2.25,3.00
2012.02.06 17:26:29.351,0.91808,0.91823,3.59,2.25
2012.02.06 17:26:29.458,0.91816,0.91825,1.50,1.05
2012.02.06 17:26:30.005,0.91816,0.91824,1.50,1.05
2012.02.06 17:26:33.242,0.91815,0.91825,1.50,1.05
2012.02.06 17:26:34.750,0.91816,0.91824,1.50,1.05
2012.02.06 17:26:35.723,0.91819,0.91833,2.25,3.38
2012.02.06 17:26:35.804,0.91822,0.91833,1.50,2.25
2012.02.06 17:26:37.497,0.91823,0.91833,1.50,2.25
2012.02.06 17:26:37.573,0.91823,0.91833,1.50,2.25
2012.02.06 17:26:37.650,0.91824,0.91834,1.50,2.55
2012.02.06 17:26:37.868,0.9182,0.91834,3.00,2.55
2012.02.06 17:26:38.081,0.91821,0.91834,1.50,2.55
2012.02.06 17:26:38.229,0.91822,0.91834,1.50,1.05
2012.02.06 17:26:38.917,0.91827,0.91836,2.46,2.66
2012.02.06 17:26:39.007,0.9183,0.91842,1.50,1.05
2012.02.06 17:26:39.436,0.91831,0.91843,3.00,1.35
2012.02.06 17:26:39.934,0.91832,0.91844,1.50,1.66
2012.02.06 17:26:40.764,0.91837,0.9185,1.50,2.25
2012.02.06 17:26:41.312,0.91835,0.91849,3.00,1.50
2012.02.06 17:26:41.393,0.91835,0.91849,3.00,1.50
2012.02.06 17:26:42.232,0.91838,0.91849,1.50,3.38
2012.02.06 17:26:42.311,0.91842,0.91849,1.50,1.13
2012.02.06 17:26:42.949,0.91837,0.9185,1.50,2.63
2012.02.06 17:26:44.154,0.91839,0.9185,1.50,2.63
2012.02.06 17:26:44.502,0.91841,0.9185,1.50,3.38
2012.02.06 17:26:45.457,0.91838,0.9185,1.50,3.00
2012.02.06 17:26:46.049,0.91838,0.91849,1.50,2.25
2012.02.06 17:26:46.707,0.91839,0.91849,1.50,3.00
2012.02.06 17:26:46.927,0.91841,0.91851,1.50,2.78
2012.02.06 17:26:47.075,0.91847,0.91856,1.50,4.05
2012.02.06 17:26:47.226,0.91836,0.9185,3.75,1.13
2012.02.06 17:26:47.302,0.91837,0.91849,1.50,1.62
2012.02.06 17:26:47.591,0.91833,0.91845,2.63,1.50
2012.02.06 17:26:48.220,0.91831,0.91844,2.25,1.50
2012.02.06 17:26:48.300,0.9183,0.91845,2.25,2.25
2012.02.06 17:26:49.091,0.9183,0.91844,2.25,2.25
2012.02.06 17:26:49.464,0.91841,0.91852,2.25,1.69
2012.02.06 17:26:49.749,0.91845,0.91854,1.50,4.50
2012.02.06 17:26:49.956,0.91842,0.91853,1.50,1.50
2012.02.06 17:26:50.716,0.91842,0.91854,1.50,5.63
2012.02.06 17:26:51.215,0.91842,0.91853,1.50,3.00
2012.02.06 17:26:54.838,0.91842,0.91847,1.50,3.00
2012.02.06 17:26:55.119,0.91832,0.91845,1.50,1.50
2012.02.06 17:26:55.537,0.91832,0.91844,3.00,1.50
2012.02.06 17:26:56.099,0.91833,0.91844,1.50,1.50
2012.02.06 17:26:58.742,0.91832,0.91846,3.08,4.50
2012.02.06 17:26:59.113,0.91839,0.91849,1.50,1.50
2012.02.06 17:26:59.326,0.91838,0.91851,1.50,2.25
2012.02.06 17:27:01.887,0.91836,0.9185,3.00,1.50
2012.02.06 17:27:02.540,0.91835,0.91848,3.75,1.65
2012.02.06 17:27:03.038,0.91835,0.91847,1.50,1.50
2012.02.06 17:27:03.876,0.91835,0.91848,1.50,2.67
2012.02.06 17:27:06.242,0.91838,0.91849,1.50,2.25
2012.02.06 17:27:06.847,0.91838,0.91851,1.50,3.38
2012.02.06 17:27:06.942,0.9184,0.91851,1.50,3.00
2012.02.06 17:27:08.459,0.91838,0.91851,2.25,1.50
2012.02.06 17:27:08.996,0.91838,0.91852,2.25,2.25
2012.02.06 17:27:10.045,0.91838,0.91848,1.50,1.50
2012.02.06 17:27:10.166,0.9183,0.91843,1.34,1.50
2012.02.06 17:27:10.249,0.91828,0.91842,4.17,1.50
2012.02.06 17:27:10.460,0.91828,0.91842,3.00,1.50
2012.02.06 17:27:10.886,0.9183,0.91845,3.00,2.25
2012.02.06 17:27:11.048,0.91832,0.91845,2.25,2.25
2012.02.06 17:27:11.838,0.91833,0.91845,3.21,1.50
2012.02.06 17:27:11.949,0.91835,0.91851,2.25,4.13
2012.02.06 17:27:12.293,0.91835,0.91851,2.25,3.38
2012.02.06 17:27:14.838,0.91835,0.91851,4.50,2.25
2012.02.06 17:27:15.371,0.91835,0.91851,4.50,2.25
2012.02.06 17:27:15.936,0.91838,0.91852,2.25,3.75
2012.02.06 17:27:16.435,0.91838,0.91847,1.50,1.13
2012.02.06 17:27:16.538,0.91833,0.91845,1.50,1.50
2012.02.06 17:27:16.680,0.91833,0.91841,1.50,1.50
2012.02.06 17:27:17.244,0.91832,0.9184,1.50,1.50
2012.02.06 17:27:17.825,0.91829,0.9184,2.25,1.50
2012.02.06 17:27:17.959,0.91833,0.91845,1.50,2.25
2012.02.06 17:27:18.311,0.91836,0.91845,1.50,1.50
2012.02.06 17:27:18.392,0.91836,0.91849,1.50,3.00
2012.02.06 17:27:19.153,0.91836,0.91849,1.50,5.63
2012.02.06 17:27:19.315,0.91834,0.91846,1.50,1.88
2012.02.06 17:27:19.903,0.91833,0.91846,1.50,4.13
2012.02.06 17:27:20.425,0.91834,0.91846,1.50,1.50
2012.02.06 17:27:20.992,0.91834,0.91848,1.50,4.50
2012.02.06 17:27:21.879,0.91834,0.91846,1.50,1.50
2012.02.06 17:27:23.088,0.91838,0.91847,1.50,2.25
2012.02.06 17:27:23.229,0.91835,0.91847,1.50,2.25
2012.02.06 17:27:23.299,0.91834,0.91847,3.00,2.25
2012.02.06 17:27:23.790,0.91834,0.91848,3.00,2.25
2012.02.06 17:27:24.338,0.91835,0.91849,1.50,3.75
2012.02.06 17:27:25.570,0.91836,0.9185,1.50,5.25
2012.02.06 17:27:26.079,0.91835,0.91849,1.50,3.00
2012.02.06 17:27:29.357,0.91835,0.91849,1.50,2.25
2012.02.06 17:27:29.882,0.91837,0.91849,1.50,3.00
2012.02.06 17:27:30.446,0.91838,0.91849,1.50,1.50
2012.02.06 17:27:31.246,0.91838,0.9185,1.50,3.75
2012.02.06 17:27:32.558,0.91838,0.9185,1.50,1.50
2012.02.06 17:27:32.991,0.9184,0.91852,3.00,1.50
2012.02.06 17:27:33.790,0.9184,0.91852,2.25,1.80
2012.02.06 17:27:34.467,0.9184,0.91851,1.50,1.88
2012.02.06 17:27:35.917,0.9184,0.91852,2.25,1.50
2012.02.06 17:27:36.849,0.9184,0.91851,1.50,1.50
2012.02.06 17:27:37.062,0.91839,0.91852,1.50,4.50
2012.02.06 17:27:38.681,0.91838,0.91852,1.50,3.00
2012.02.06 17:27:39.251,0.91838,0.9185,1.50,2.25
2012.02.06 17:27:40.038,0.91838,0.9185,1.50,2.25
2012.02.06 17:27:50.665,0.91838,0.91849,2.25,1.50
2012.02.06 17:27:51.319,0.91834,0.91848,3.00,2.63
2012.02.06 17:27:52.108,0.91834,0.91848,2.25,3.38
2012.02.06 17:27:52.856,0.91834,0.91848,2.25,1.50
2012.02.06 17:27:53.412,0.91834,0.91848,2.25,1.50
2012.02.06 17:27:55.095,0.91834,0.91848,3.00,2.25
2012.02.06 17:27:56.571,0.91836,0.91849,2.25,1.50
2012.02.06 17:27:56.920,0.91838,0.9185,1.50,1.50
2012.02.06 17:27:58.006,0.91837,0.91849,1.50,1.50
2012.02.06 17:28:00.231,0.91841,0.91849,2.25,1.50
2012.02.06 17:28:00.522,0.91845,0.91855,1.50,1.50
2012.02.06 17:28:00.738,0.91844,0.91855,1.50,1.50
2012.02.06 17:28:00.807,0.91844,0.91855,1.50,1.50
2012.02.06 17:28:02.390,0.91845,0.91855,1.50,1.50
2012.02.06 17:28:03.368,0.91841,0.91855,2.25,2.25
2012.02.06 17:28:03.581,0.9184,0.91851,1.50,1.50
2012.02.06 17:28:03.797,0.91836,0.91852,4.09,1.88
2012.02.06 17:28:03.866,0.91836,0.91852,2.59,1.88
2012.02.06 17:28:05.776,0.91838,0.91852,3.00,2.25
2012.02.06 17:28:05.990,0.91841,0.91853,1.71,1.50
2012.02.06 17:28:06.072,0.91841,0.91853,1.50,2.25
2012.02.06 17:28:06.637,0.9184,0.91854,2.25,3.00
2012.02.06 17:28:07.514,0.91841,0.91854,1.88,2.25
2012.02.06 17:28:07.666,0.91842,0.91854,2.78,1.50
2012.02.06 17:28:08.023,0.9185,0.91861,1.50,3.94
2012.02.06 17:28:08.246,0.9185,0.91861,1.50,3.94
2012.02.06 17:28:10.296,0.91851,0.91861,1.50,4.50
2012.02.06 17:28:11.110,0.91851,0.91861,1.50,2.25
2012.02.06 17:28:11.461,0.91851,0.91858,1.50,1.50
2012.02.06 17:28:11.997,0.91851,0.91859,1.50,1.50
2012.02.06 17:28:13.209,0.91852,0.91863,1.50,4.13
2012.02.06 17:28:13.279,0.91852,0.91863,1.50,1.88
2012.02.06 17:28:13.837,0.91852,0.91863,1.50,2.25
2012.02.06 17:28:15.876,0.9185,0.91863,1.50,2.25
2012.02.06 17:28:18.355,0.91851,0.91863,1.50,3.75
2012.02.06 17:28:19.324,0.91851,0.91863,1.50,3.75
2012.02.06 17:28:21.045,0.91851,0.91863,1.50,3.75
2012.02.06 17:28:22.141,0.91851,0.91863,1.50,3.75
2012.02.06 17:28:23.719,0.9185,0.91863,1.50,3.00
2012.02.06 17:28:24.908,0.91851,0.91863,1.50,3.00
2012.02.06 17:28:25.050,0.91851,0.91863,2.25,2.25
2012.02.06 17:28:37.787,0.91854,0.91862,1.50,2.25
2012.02.06 17:28:39.126,0.91852,0.91862,1.50,2.25
2012.02.06 17:28:39.732,0.91852,0.91864,1.50,1.13
2012.02.06 17:28:41.017,0.91851,0.91864,2.25,2.63
2012.02.06 17:28:41.368,0.9185,0.91859,1.50,1.50
2012.02.06 17:28:41.962,0.91852,0.91864,1.50,2.25
2012.02.06 17:28:44.728,0.91852,0.91865,1.50,1.88
2012.02.06 17:28:44.857,0.91852,0.91865,2.25,1.50
2012.02.06 17:28:45.638,0.91852,0.91865,1.50,2.63
2012.02.06 17:28:46.638,0.91852,0.91865,1.50,3.00
2012.02.06 17:28:46.843,0.91852,0.91862,1.50,1.50
2012.02.06 17:28:47.431,0.9185,0.91862,2.25,1.50
2012.02.06 17:28:47.787,0.91854,0.91864,1.50,4.30
2012.02.06 17:28:47.997,0.91853,0.91864,1.50,3.00
2012.02.06 17:28:48.208,0.91852,0.91863,1.50,2.25
2012.02.06 17:28:48.728,0.91852,0.91864,1.50,2.25
2012.02.06 17:28:48.799,0.91852,0.91864,1.50,3.00
2012.02.06 17:28:49.651,0.91852,0.91864,1.50,2.63
2012.02.06 17:28:50.205,0.91852,0.91864,1.50,2.63
2012.02.06 17:28:50.726,0.91852,0.91864,2.25,2.63
2012.02.06 17:28:51.252,0.91852,0.91864,2.25,2.63
2012.02.06 17:28:52.236,0.91852,0.91864,2.25,1.50
2012.02.06 17:28:52.864,0.91854,0.91864,1.50,1.50
2012.02.06 17:29:00.419,0.91853,0.91864,1.50,1.50
2012.02.06 17:29:00.775,0.9185,0.91862,3.00,1.29
2012.02.06 17:29:00.870,0.9185,0.91859,1.50,1.80
2012.02.06 17:29:01.027,0.91848,0.91858,1.50,2.18
2012.02.06 17:29:01.175,0.91844,0.91858,2.25,2.93
2012.02.06 17:29:01.798,0.91843,0.91856,2.64,3.75
2012.02.06 17:29:01.889,0.91835,0.9185,1.04,1.50
2012.02.06 17:29:02.441,0.91835,0.91849,1.04,2.25
2012.02.06 17:29:02.677,0.91835,0.91847,1.04,1.50
2012.02.06 17:29:04.432,0.91835,0.91847,1.04,1.50
2012.02.06 17:29:04.638,0.91835,0.91849,2.54,1.50
2012.02.06 17:29:05.167,0.91835,0.91848,1.04,1.50
2012.02.06 17:29:05.384,0.91833,0.91847,1.90,1.50
2012.02.06 17:29:05.675,0.91836,0.91845,2.25,1.50
2012.02.06 17:29:05.961,0.91832,0.91846,2.25,1.50
2012.02.06 17:29:06.608,0.91833,0.91844,1.50,1.50
2012.02.06 17:29:07.142,0.91833,0.91845,2.25,1.50
2012.02.06 17:29:09.635,0.91829,0.91845,4.71,1.88
2012.02.06 17:29:09.731,0.91827,0.91842,1.54,1.50
2012.02.06 17:29:20.375,0.91828,0.91842,1.50,1.50
2012.02.06 17:29:21.898,0.9183,0.9184,1.50,1.50
2012.02.06 17:29:26.756,0.91829,0.9184,1.50,1.50
2012.02.06 17:29:30.463,0.91829,0.91843,1.50,3.75
2012.02.06 17:29:31.470,0.91829,0.91841,1.50,1.50
2012.02.06 17:29:32.386,0.91829,0.91841,1.50,1.50
2012.02.06 17:29:32.527,0.91831,0.91845,1.50,2.25
2012.02.06 17:29:32.666,0.91832,0.91846,1.50,2.25
2012.02.06 17:29:32.796,0.91832,0.91846,1.50,1.50
2012.02.06 17:29:33.356,0.91832,0.91845,1.50,1.50
2012.02.06 17:29:33.746,0.91833,0.91847,2.25,3.75
2012.02.06 17:29:33.852,0.91836,0.91848,1.50,1.50
2012.02.06 17:29:34.647,0.91847,0.91854,1.50,1.50
2012.02.06 17:29:34.747,0.91848,0.91859,1.50,1.80
2012.02.06 17:29:34.829,0.91849,0.91859,1.50,1.50
2012.02.06 17:29:35.387,0.91849,0.9186,1.50,2.25
2012.02.06 17:29:36.559,0.9185,0.91859,1.50,1.50
2012.02.06 17:29:36.639,0.91843,0.91859,3.21,2.25
2012.02.06 17:29:36.964,0.91843,0.91859,3.00,1.50
2012.02.06 17:29:37.707,0.91843,0.91859,3.00,1.50
2012.02.06 17:29:38.237,0.91843,0.91859,3.21,3.00
2012.02.06 17:29:38.763,0.91843,0.91859,3.21,2.25
2012.02.06 17:29:39.099,0.91845,0.91859,2.63,2.25
2012.02.06 17:29:39.447,0.91849,0.91859,1.50,1.50
2012.02.06 17:29:40.566,0.91849,0.91861,1.50,1.50
2012.02.06 17:29:42.916,0.91847,0.91861,3.75,1.50
2012.02.06 17:29:43.125,0.91847,0.91859,1.50,1.50
2012.02.06 17:29:44.058,0.91847,0.91859,1.50,1.50
2012.02.06 17:29:44.696,0.91846,0.91859,1.50,2.25
2012.02.06 17:29:45.315,0.91844,0.91859,1.71,2.25
2012.02.06 17:29:45.600,0.91847,0.91861,2.25,1.50
2012.02.06 17:29:47.258,0.91847,0.91861,2.25,2.25
2012.02.06 17:29:47.806,0.91847,0.91861,2.25,1.50
2012.02.06 17:29:47.947,0.91847,0.91861,2.25,1.50
2012.02.06 17:29:48.898,0.91847,0.91861,2.25,1.50
2012.02.06 17:29:50.845,0.91847,0.91861,2.25,1.50
2012.02.06 17:29:53.617,0.91849,0.91861,1.50,1.50
2012.02.06 17:29:53.962,0.91853,0.91861,1.50,1.50
2012.02.06 17:29:54.688,0.91854,0.91867,1.50,3.38
2012.02.06 17:29:55.366,0.91858,0.91866,1.50,1.50
2012.02.06 17:29:55.741,0.91858,0.91866,1.50,2.25
2012.02.06 17:29:55.956,0.91857,0.91867,1.50,3.38
2012.02.06 17:29:57.450,0.91857,0.91866,1.50,1.50
2012.02.06 17:29:57.554,0.9186,0.91868,1.50,2.25
2012.02.06 17:29:58.003,0.9186,0.91868,1.50,1.50
2012.02.06 17:29:58.228,0.91862,0.91874,1.50,1.50
2012.02.06 17:29:58.305,0.91862,0.91874,2.25,1.50
2012.02.06 17:29:58.662,0.9186,0.91874,1.50,3.00
2012.02.06 17:29:59.636,0.9186,0.91874,1.50,3.00
2012.02.06 17:29:59.987,0.9186,0.91874,1.50,3.00
2012.02.06 17:30:00.282,0.9186,0.91874,1.50,1.50
2012.02.06 17:30:00.435,0.91862,0.91874,2.25,1.50
2012.02.06 17:30:01.500,0.91862,0.91875,1.58,3.00
2012.02.06 17:30:01.621,0.9187,0.91877,1.50,2.25
2012.02.06 17:30:01.847,0.91861,0.91873,1.50,3.38
2012.02.06 17:30:01.922,0.91858,0.9187,1.50,1.88
2012.02.06 17:30:02.006,0.91858,0.9187,1.50,1.13
2012.02.06 17:30:03.408,0.91859,0.91871,2.25,1.50
2012.02.06 17:30:04.759,0.9186,0.91871,2.25,1.50
2012.02.06 17:30:05.179,0.91861,0.91874,1.50,3.00
2012.02.06 17:30:05.598,0.9186,0.91874,3.00,1.50
2012.02.06 17:30:06.278,0.9186,0.91876,2.25,3.75
2012.02.06 17:30:06.420,0.91861,0.91876,3.00,1.88
2012.02.06 17:30:06.901,0.91864,0.91876,1.50,2.63
2012.02.06 17:30:07.438,0.91865,0.91876,1.50,2.63
2012.02.06 17:30:08.268,0.91863,0.91876,1.50,2.63
2012.02.06 17:30:09.193,0.91863,0.91875,1.50,2.25
2012.02.06 17:30:09.597,0.91863,0.91875,1.50,1.50
2012.02.06 17:30:10.200,0.91863,0.91876,1.50,1.88
2012.02.06 17:30:11.435,0.91865,0.91876,1.50,1.80
2012.02.06 17:30:11.567,0.91865,0.91876,1.50,1.80
2012.02.06 17:30:12.230,0.91865,0.9188,1.50,5.33
2012.02.06 17:30:12.594,0.91871,0.91881,1.50,1.88
2012.02.06 17:30:12.676,0.91867,0.91881,1.50,1.50
2012.02.06 17:30:13.240,0.91867,0.91881,2.25,2.93
2012.02.06 17:30:13.926,0.91867,0.91881,3.00,2.93
2012.02.06 17:30:14.578,0.91867,0.91881,3.00,2.93
2012.02.06 17:30:14.858,0.91866,0.91881,1.50,2.93
2012.02.06 17:30:15.564,0.91866,0.9188,3.00,2.25
2012.02.06 17:30:15.919,0.91872,0.91883,1.50,1.80
2012.02.06 17:30:16.619,0.91872,0.91882,1.50,2.25
2012.02.06 17:30:22.098,0.91872,0.9188,1.50,2.25
2012.02.06 17:30:23.450,0.91872,0.91882,1.50,2.25
2012.02.06 17:30:23.992,0.91869,0.9188,1.50,1.50
2012.02.06 17:30:24.539,0.91868,0.9188,1.50,1.50
2012.02.06 17:30:25.112,0.91867,0.91881,1.50,1.13
2012.02.06 17:30:25.321,0.91867,0.91881,1.50,1.88
2012.02.06 17:30:25.772,0.91865,0.91878,2.25,1.50
2012.02.06 17:30:26.305,0.91865,0.91878,1.50,2.25
2012.02.06 17:30:26.847,0.91865,0.91879,1.50,3.38
2012.02.06 17:30:28.011,0.91864,0.91879,2.09,3.38
2012.02.06 17:30:28.556,0.91865,0.91879,1.50,3.38
2012.02.06 17:30:29.380,0.91864,0.91879,1.88,2.63
2012.02.06 17:30:30.216,0.91865,0.91877,1.50,1.88
2012.02.06 17:30:31.656,0.91864,0.91877,4.13,1.88
2012.02.06 17:30:33.055,0.91864,0.91876,2.63,1.50
2012.02.06 17:30:36.469,0.91864,0.91875,1.13,1.50
2012.02.06 17:30:38.277,0.91861,0.91873,1.50,1.50
2012.02.06 17:30:38.418,0.91859,0.91873,2.76,2.25
2012.02.06 17:30:38.487,0.9186,0.91874,3.00,3.00
2012.02.06 17:30:38.701,0.91858,0.91872,3.89,1.50
2012.02.06 17:30:39.293,0.91857,0.91871,2.93,2.25
2012.02.06 17:30:39.838,0.91857,0.91871,3.14,2.25
2012.02.06 17:30:39.910,0.91858,0.9187,1.05,1.50
2012.02.06 17:30:40.260,0.91853,0.91867,4.26,1.50
2012.02.06 17:30:40.817,0.91854,0.91869,2.25,1.88
2012.02.06 17:30:42.458,0.91854,0.91868,3.30,2.25
2012.02.06 17:30:43.535,0.91855,0.91869,1.50,3.38
2012.02.06 17:30:44.111,0.91854,0.91867,2.01,1.88
2012.02.06 17:30:44.636,0.91855,0.91867,1.50,1.88
2012.02.06 17:30:45.276,0.91856,0.91869,1.50,2.25
2012.02.06 17:30:45.629,0.91861,0.91869,1.50,1.50
2012.02.06 17:30:45.698,0.9186,0.91871,1.50,1.50
2012.02.06 17:30:45.837,0.9186,0.91873,1.50,3.00
2012.02.06 17:30:46.346,0.9186,0.91872,1.50,1.50
2012.02.06 17:30:48.288,0.91862,0.91872,1.50,1.50
2012.02.06 17:30:48.843,0.91861,0.91872,1.50,1.50
2012.02.06 17:30:49.119,0.91859,0.9187,1.50,1.50
2012.02.06 17:30:49.667,0.9186,0.91871,1.50,2.63
2012.02.06 17:30:49.807,0.91859,0.91871,1.50,2.63
2012.02.06 17:30:50.399,0.91858,0.91871,1.50,2.63
2012.02.06 17:30:51.218,0.91858,0.91871,1.50,1.88
2012.02.06 17:30:51.746,0.91858,0.91871,1.50,3.38
2012.02.06 17:30:52.248,0.91856,0.91867,2.25,1.50
2012.02.06 17:30:52.388,0.91854,0.91867,1.26,1.50
2012.02.06 17:30:52.743,0.91857,0.91868,1.50,1.88
2012.02.06 17:30:53.099,0.91855,0.91865,2.25,1.50
2012.02.06 17:30:54.085,0.91849,0.91861,1.50,1.13
2012.02.06 17:30:54.193,0.91847,0.91857,1.88,1.50
2012.02.06 17:30:54.561,0.91851,0.91861,1.34,3.00
2012.02.06 17:30:54.923,0.9185,0.91864,4.28,1.50
2012.02.06 17:30:55.002,0.9185,0.91866,5.78,4.35
2012.02.06 17:30:55.607,0.91854,0.91868,2.25,1.50
2012.02.06 17:30:55.971,0.91856,0.91867,1.50,1.50
2012.02.06 17:30:56.329,0.91854,0.91869,1.65,3.00
2012.02.06 17:30:56.848,0.91858,0.91869,1.50,2.25
2012.02.06 17:31:00.279,0.91858,0.9187,1.50,2.63
2012.02.06 17:31:00.561,0.91855,0.91868,1.50,2.25
2012.02.06 17:31:00.629,0.91855,0.91868,1.50,2.25
2012.02.06 17:31:00.768,0.91855,0.91868,1.50,2.25
2012.02.06 17:31:01.305,0.91855,0.91868,1.50,2.25
2012.02.06 17:31:03.701,0.91855,0.91868,1.50,2.25
2012.02.06 17:31:04.298,0.91855,0.91868,1.50,2.25
2012.02.06 17:31:04.806,0.91855,0.91868,1.50,2.25
2012.02.06 17:31:05.346,0.91856,0.91868,1.50,2.25
2012.02.06 17:31:05.487,0.91856,0.91868,1.50,2.25
2012.02.06 17:31:05.817,0.91856,0.91868,1.50,2.25
2012.02.06 17:31:06.278,0.91856,0.91868,1.50,2.25
2012.02.06 17:31:06.919,0.91856,0.91868,1.50,2.25
2012.02.06 17:31:07.040,0.91861,0.9187,2.25,1.50
2012.02.06 17:31:07.266,0.91859,0.91871,1.50,2.25
2012.02.06 17:31:07.350,0.91859,0.91868,1.50,1.50
2012.02.06 17:31:07.426,0.91856,0.91867,1.50,1.50
2012.02.06 17:31:07.641,0.91856,0.91869,1.50,3.00
2012.02.06 17:31:08.174,0.91855,0.91869,1.50,2.25
2012.02.06 17:31:08.920,0.91859,0.91869,1.50,1.50
2012.02.06 17:31:08.997,0.91862,0.91873,1.50,1.50
2012.02.06 17:31:09.550,0.91862,0.91873,1.50,1.50
2012.02.06 17:31:09.621,0.91862,0.91873,1.50,1.50
2012.02.06 17:31:10.571,0.91863,0.91873,1.50,1.50
2012.02.06 17:31:13.769,0.91863,0.91875,1.50,2.63
2012.02.06 17:31:14.111,0.91865,0.91875,1.50,1.50
2012.02.06 17:31:14.874,0.91864,0.91873,1.50,2.25
2012.02.06 17:31:15.381,0.91864,0.91875,1.50,3.00
2012.02.06 17:31:15.898,0.91866,0.91875,1.50,1.50
2012.02.06 17:31:16.260,0.91864,0.91875,1.50,4.13
2012.02.06 17:31:17.336,0.91863,0.91874,1.50,1.50
2012.02.06 17:31:18.028,0.91864,0.91876,1.50,2.63
2012.02.06 17:31:21.139,0.91864,0.91874,1.50,1.13
2012.02.06 17:31:21.320,0.91859,0.91874,1.50,2.78
2012.02.06 17:31:21.621,0.91857,0.9187,1.50,2.25
2012.02.06 17:31:21.703,0.91856,0.9187,3.00,2.25
2012.02.06 17:31:22.564,0.91857,0.91868,1.50,1.50
2012.02.06 17:31:22.653,0.91857,0.9187,1.50,3.00
2012.02.06 17:31:22.803,0.91855,0.91869,2.25,2.25
2012.02.06 17:31:23.335,0.91856,0.91869,1.50,2.25
2012.02.06 17:31:24.018,0.91856,0.91868,1.50,1.50
2012.02.06 17:31:24.397,0.91855,0.91866,1.50,1.50
2012.02.06 17:31:28.258,0.91856,0.91869,1.88,2.25
2012.02.06 17:31:28.477,0.91863,0.91873,1.50,1.50
2012.02.06 17:31:28.691,0.91859,0.91873,4.50,3.00
2012.02.06 17:31:29.252,0.9186,0.91873,1.50,2.25
2012.02.06 17:31:29.771,0.91862,0.91873,1.50,2.25
2012.02.06 17:31:30.340,0.91861,0.91874,1.50,3.00
2012.02.06 17:31:30.547,0.91861,0.91874,1.50,3.00
2012.02.06 17:31:32.788,0.91861,0.91873,1.50,2.25
2012.02.06 17:31:32.986,0.91859,0.91871,1.50,1.50
2012.02.06 17:31:34.371,0.91858,0.91871,3.00,1.50
2012.02.06 17:31:34.519,0.91857,0.91871,2.25,2.25
2012.02.06 17:31:35.067,0.91856,0.91871,3.00,2.25
2012.02.06 17:31:35.609,0.91858,0.91871,2.63,1.50
2012.02.06 17:31:36.150,0.91859,0.91873,1.50,2.25
2012.02.06 17:31:40.224,0.91858,0.91872,5.25,1.50
2012.02.06 17:31:40.534,0.91862,0.91872,1.50,1.50
2012.02.06 17:31:41.088,0.91861,0.91874,1.50,2.25
2012.02.06 17:31:41.851,0.9186,0.91874,1.50,2.25
2012.02.06 17:31:42.354,0.91861,0.91874,2.63,1.50
2012.02.06 17:31:42.572,0.91864,0.91877,1.50,2.25
2012.02.06 17:31:42.657,0.91867,0.91877,1.50,2.25
2012.02.06 17:31:43.181,0.91867,0.91876,1.50,1.50
2012.02.06 17:31:43.913,0.91864,0.91876,1.13,1.50
2012.02.06 17:31:44.066,0.91865,0.91877,1.50,1.50
2012.02.06 17:31:44.210,0.91869,0.91877,1.50,1.50
2012.02.06 17:31:44.560,0.91867,0.91878,1.50,1.50
2012.02.06 17:31:45.109,0.91867,0.91878,1.50,1.50
2012.02.06 17:31:46.091,0.91866,0.91878,1.50,1.50
2012.02.06 17:31:46.161,0.91866,0.91877,1.50,1.50
2012.02.06 17:31:46.516,0.91866,0.91875,1.50,1.50
2012.02.06 17:31:51.211,0.91866,0.91876,1.50,1.50
2012.02.06 17:31:53.073,0.91869,0.91878,1.50,1.50
2012.02.06 17:31:53.161,0.91872,0.91882,1.50,1.50
2012.02.06 17:31:53.522,0.91872,0.91884,1.50,1.50
2012.02.06 17:31:54.272,0.9187,0.91884,1.50,1.50
2012.02.06 17:31:55.099,0.9187,0.91884,1.50,2.25
2012.02.06 17:31:55.167,0.91872,0.91884,1.50,2.25
2012.02.06 17:31:55.697,0.91872,0.91883,1.50,1.05
2012.02.06 17:31:56.434,0.91872,0.91884,1.50,1.05
2012.02.06 17:31:57.046,0.91869,0.91881,1.50,2.33
2012.02.06 17:31:57.156,0.91865,0.91878,2.25,1.88
2012.02.06 17:31:57.468,0.91862,0.91873,2.25,1.50
2012.02.06 17:31:57.891,0.91862,0.91871,2.25,1.50
2012.02.06 17:31:58.707,0.91862,0.9187,2.25,1.50
2012.02.06 17:31:58.789,0.91862,0.9187,2.25,1.50
2012.02.06 17:32:01.158,0.91864,0.91869,1.50,1.50
2012.02.06 17:32:01.868,0.91862,0.9187,3.75,1.50
2012.02.06 17:32:01.944,0.91864,0.9187,1.50,1.50
2012.02.06 17:32:02.651,0.91865,0.9187,1.50,1.50
2012.02.06 17:32:02.859,0.91863,0.91871,1.50,1.50
2012.02.06 17:32:03.137,0.91864,0.91874,1.50,1.50
2012.02.06 17:32:04.298,0.91866,0.91876,1.50,1.50
2012.02.06 17:32:08.407,0.91867,0.91876,1.50,1.50
2012.02.06 17:32:08.737,0.91867,0.91876,1.50,1.50
2012.02.06 17:32:10.993,0.91861,0.91875,5.25,3.75
2012.02.06 17:32:11.139,0.91861,0.91872,2.25,1.50
2012.02.06 17:32:11.563,0.91861,0.91872,2.25,1.50
2012.02.06 17:32:11.711,0.91861,0.91873,1.50,1.50
2012.02.06 17:32:11.924,0.91859,0.9187,1.50,1.50
2012.02.06 17:32:13.450,0.91856,0.91869,3.00,2.25
2012.02.06 17:32:13.805,0.9185,0.91861,2.44,1.50
2012.02.06 17:32:13.959,0.91852,0.91861,2.25,1.50
2012.02.06 17:32:14.188,0.91852,0.91861,2.25,1.50
2012.02.06 17:32:14.832,0.91854,0.91865,1.50,1.50
2012.02.06 17:32:15.330,0.91854,0.91865,1.50,2.25
2012.02.06 17:32:16.086,0.91854,0.91865,1.50,1.50
2012.02.06 17:32:17.467,0.91855,0.91865,1.50,1.50
2012.02.06 17:32:18.355,0.91854,0.91865,1.50,1.50
2012.02.06 17:32:18.927,0.91853,0.91865,1.50,2.25
2012.02.06 17:32:19.579,0.91853,0.91865,2.25,2.25
2012.02.06 17:32:19.791,0.91851,0.91863,2.25,1.50
2012.02.06 17:32:20.329,0.91851,0.91864,1.50,1.50
2012.02.06 17:32:21.293,0.9185,0.91863,4.50,1.50
2012.02.06 17:32:21.918,0.91852,0.91862,1.50,1.50
2012.02.06 17:32:21.994,0.9185,0.91862,4.50,1.50
2012.02.06 17:32:22.067,0.91852,0.91862,1.50,1.50
2012.02.06 17:32:23.845,0.91852,0.91864,1.50,1.50
2012.02.06 17:32:23.934,0.9185,0.9186,3.00,1.50
2012.02.06 17:32:24.047,0.9185,0.91855,2.25,1.50
2012.02.06 17:32:24.141,0.91846,0.91858,3.00,3.00
2012.02.06 17:32:24.226,0.91846,0.91858,3.00,3.00
2012.02.06 17:32:24.369,0.91844,0.91858,5.03,3.00
2012.02.06 17:32:25.231,0.91846,0.91857,1.50,1.50
2012.02.06 17:32:25.709,0.91848,0.91854,1.50,1.50
2012.02.06 17:32:25.848,0.91848,0.91856,1.50,1.50
2012.02.06 17:32:27.347,0.91846,0.91856,1.50,1.50
2012.02.06 17:32:27.598,0.91848,0.91856,1.50,1.50
2012.02.06 17:32:31.873,0.91846,0.91856,3.00,1.50
2012.02.06 17:32:32.087,0.91848,0.91855,1.50,1.50
2012.02.06 17:32:32.863,0.91847,0.91855,1.50,1.50
2012.02.06 17:32:38.426,0.91847,0.91861,1.50,2.25
2012.02.06 17:32:40.917,0.91847,0.91861,1.50,2.25
2012.02.06 17:32:41.797,0.91847,0.91861,1.50,2.25
2012.02.06 17:32:42.341,0.91847,0.91861,1.50,2.25
2012.02.06 17:32:42.557,0.91843,0.91857,1.13,2.25
2012.02.06 17:32:43.505,0.91841,0.91856,3.00,2.25
2012.02.06 17:32:43.885,0.9184,0.91853,1.50,2.63
2012.02.06 17:32:44.240,0.91838,0.91851,4.50,1.50
2012.02.06 17:32:44.312,0.9184,0.91851,1.50,1.50
2012.02.06 17:32:44.395,0.91843,0.91851,1.50,1.50
2012.02.06 17:32:44.908,0.91842,0.91852,1.50,1.50
2012.02.06 17:32:46.121,0.91842,0.91851,1.50,1.50
2012.02.06 17:32:46.480,0.91839,0.91851,2.25,1.50
2012.02.06 17:32:46.993,0.91839,0.91851,1.50,1.50
2012.02.06 17:32:47.341,0.91839,0.9185,1.50,1.50
2012.02.06 17:32:47.852,0.91839,0.91851,1.50,1.50
2012.02.06 17:32:48.870,0.91839,0.91852,1.50,1.50
2012.02.06 17:32:49.232,0.91846,0.91855,1.50,1.50
2012.02.06 17:32:49.527,0.91843,0.91856,1.50,3.75
2012.02.06 17:32:49.608,0.91842,0.91854,1.50,1.50
2012.02.06 17:32:49.698,0.91838,0.91853,1.11,2.25
2012.02.06 17:32:50.403,0.91836,0.91849,2.24,1.50
2012.02.06 17:32:50.535,0.91834,0.91847,2.84,3.00
2012.02.06 17:32:51.132,0.91834,0.91847,2.46,1.50
2012.02.06 17:32:51.348,0.91833,0.91845,1.26,1.50
2012.02.06 17:32:51.492,0.91833,0.91846,2.01,1.50
2012.02.06 17:32:52.056,0.91832,0.91846,2.01,2.25
2012.02.06 17:32:53.122,0.91836,0.91849,2.25,1.50
2012.02.06 17:32:54.408,0.91836,0.91849,2.25,2.25
2012.02.06 17:32:54.618,0.91836,0.9185,2.25,2.63
2012.02.06 17:32:55.380,0.91837,0.9185,3.75,3.38
2012.02.06 17:32:56.192,0.91836,0.91849,5.25,1.50
2012.02.06 17:32:58.340,0.91835,0.91848,3.00,1.50
2012.02.06 17:32:58.678,0.91837,0.91848,3.75,1.50
2012.02.06 17:32:59.658,0.91837,0.9185,3.75,1.50
2012.02.06 17:33:00.606,0.91837,0.91849,4.50,1.50
2012.02.06 17:33:01.160,0.91837,0.9185,2.25,2.25
2012.02.06 17:33:01.718,0.91837,0.91849,2.25,1.50
2012.02.06 17:33:02.940,0.91837,0.91849,1.50,2.25
2012.02.06 17:33:04.612,0.91837,0.91847,1.50,1.50
2012.02.06 17:33:05.159,0.91837,0.91846,1.50,1.50
2012.02.06 17:33:06.314,0.91837,0.91847,1.50,1.50
2012.02.06 17:33:06.859,0.91837,0.91847,1.50,1.50
2012.02.06 17:33:06.928,0.91834,0.91847,5.01,1.50
2012.02.06 17:33:07.402,0.91836,0.91847,2.25,1.50
2012.02.06 17:33:07.549,0.91837,0.91849,3.00,1.50
2012.02.06 17:33:08.208,0.91837,0.91849,3.00,1.50
2012.02.06 17:33:10.416,0.91837,0.91849,1.50,1.50
2012.02.06 17:33:10.697,0.91835,0.91848,1.50,2.25
2012.02.06 17:33:11.228,0.91836,0.91849,2.25,3.00
2012.02.06 17:33:12.430,0.91835,0.91849,3.96,3.75
2012.02.06 17:33:15.406,0.91835,0.91849,4.50,3.75
2012.02.06 17:33:15.550,0.91835,0.91848,3.00,4.50
2012.02.06 17:33:15.897,0.91833,0.91842,3.75,1.50
2012.02.06 17:33:16.410,0.91833,0.9184,4.50,1.50
2012.02.06 17:33:16.489,0.91833,0.91844,4.50,1.50
2012.02.06 17:33:17.633,0.91833,0.91844,4.71,1.50
2012.02.06 17:33:17.778,0.91833,0.91847,4.71,2.25
2012.02.06 17:33:18.522,0.91834,0.91847,2.25,1.50
2012.02.06 17:33:18.719,0.91833,0.91847,4.50,1.50
2012.02.06 17:33:19.246,0.91833,0.91844,4.50,1.50
2012.02.06 17:33:19.567,0.91833,0.91844,4.71,1.50
2012.02.06 17:33:19.927,0.91833,0.91847,4.71,1.50
2012.02.06 17:33:20.565,0.91838,0.91852,1.50,4.13
2012.02.06 17:33:20.988,0.91836,0.91849,1.50,1.50
2012.02.06 17:33:21.317,0.91836,0.91849,1.50,1.50
2012.02.06 17:33:21.837,0.91837,0.91849,1.50,1.50
2012.02.06 17:33:22.420,0.91837,0.91851,3.00,2.25
2012.02.06 17:33:23.098,0.91836,0.91852,3.75,3.00
2012.02.06 17:33:23.734,0.91838,0.91852,1.50,2.25
2012.02.06 17:33:24.256,0.91837,0.91852,1.50,3.00
2012.02.06 17:33:25.996,0.91837,0.91852,1.50,2.25
2012.02.06 17:33:27.345,0.91837,0.91851,1.50,1.50
2012.02.06 17:33:28.536,0.91836,0.91849,2.25,1.50
2012.02.06 17:33:28.613,0.91836,0.91849,2.25,1.50
2012.02.06 17:33:29.170,0.91837,0.91849,1.50,2.25
2012.02.06 17:33:35.105,0.91837,0.91849,1.50,2.25
2012.02.06 17:33:35.587,0.91836,0.91849,1.50,2.25
2012.02.06 17:33:35.992,0.91834,0.91846,1.50,1.50
2012.02.06 17:33:36.638,0.91833,0.91847,2.25,2.25
2012.02.06 17:33:39.500,0.91833,0.91847,2.25,3.00
2012.02.06 17:33:40.057,0.91832,0.91846,3.75,1.50
2012.02.06 17:33:42.039,0.91833,0.91847,1.50,2.25
2012.02.06 17:33:42.110,0.91833,0.91847,3.00,2.25
2012.02.06 17:33:46.057,0.91835,0.91847,1.50,1.50
2012.02.06 17:33:47.118,0.91834,0.91846,2.25,1.50
2012.02.06 17:33:47.629,0.91834,0.91848,1.50,4.13
2012.02.06 17:33:49.149,0.91832,0.91847,3.00,1.50
2012.02.06 17:33:49.291,0.91832,0.91846,1.50,2.25
2012.02.06 17:33:50.273,0.91832,0.91846,2.25,3.00
2012.02.06 17:33:50.778,0.91832,0.91846,2.25,3.00
2012.02.06 17:33:51.400,0.91832,0.91846,2.25,3.00
2012.02.06 17:33:53.702,0.91832,0.91846,2.25,3.00
2012.02.06 17:33:54.068,0.9183,0.91839,3.75,1.50
2012.02.06 17:33:54.432,0.9183,0.91839,1.50,1.50
2012.02.06 17:33:54.980,0.91827,0.9184,3.38,2.25
2012.02.06 17:33:55.541,0.91826,0.91838,2.25,1.50
2012.02.06 17:33:56.082,0.91826,0.91839,2.25,3.00
2012.02.06 17:33:56.686,0.91826,0.91839,1.50,3.00
2012.02.06 17:33:59.536,0.91826,0.91839,1.50,2.25
2012.02.06 17:34:00.058,0.91826,0.9184,3.00,2.25
2012.02.06 17:34:00.592,0.91826,0.9184,3.00,2.25
2012.02.06 17:34:01.297,0.91826,0.9184,3.00,2.25
2012.02.06 17:34:01.847,0.91826,0.91838,1.50,1.50
2012.02.06 17:34:02.181,0.91824,0.91839,2.76,2.25
2012.02.06 17:34:02.323,0.91824,0.91837,2.25,1.50
2012.02.06 17:34:02.693,0.91827,0.91839,1.50,2.25
2012.02.06 17:34:02.774,0.91825,0.91836,1.50,2.25
2012.02.06 17:34:04.010,0.91825,0.91837,2.25,1.50
2012.02.06 17:34:04.151,0.91825,0.91837,3.75,2.25
2012.02.06 17:34:04.861,0.91826,0.91839,1.50,2.25
2012.02.06 17:34:05.417,0.91825,0.91839,2.25,2.25
2012.02.06 17:34:05.957,0.91825,0.91839,2.25,2.25
2012.02.06 17:34:06.496,0.91825,0.91839,2.25,2.25
2012.02.06 17:34:09.069,0.91825,0.91834,1.50,1.50
2012.02.06 17:34:09.277,0.91823,0.91833,1.50,1.50
2012.02.06 17:34:09.489,0.91821,0.91833,1.50,1.50
2012.02.06 17:34:09.631,0.91821,0.91836,1.71,2.25
2012.02.06 17:34:09.708,0.91821,0.91833,1.71,1.50
2012.02.06 17:34:10.063,0.91822,0.91835,1.50,1.50
2012.02.06 17:34:10.879,0.91822,0.91835,1.50,1.50
2012.02.06 17:34:10.951,0.91824,0.91837,1.50,1.88
2012.02.06 17:34:11.486,0.91823,0.91837,2.25,1.50
2012.02.06 17:34:12.016,0.91823,0.91838,2.25,2.25
2012.02.06 17:34:12.842,0.91823,0.91838,2.25,3.00
2012.02.06 17:34:14.699,0.91824,0.91838,2.25,3.00
2012.02.06 17:34:16.287,0.91823,0.91836,1.50,1.50
2012.02.06 17:34:16.507,0.91824,0.91838,2.25,3.00
2012.02.06 17:34:19.405,0.91824,0.91838,2.25,3.00
2012.02.06 17:34:19.946,0.91824,0.91838,2.25,3.00
2012.02.06 17:34:20.486,0.91824,0.91838,2.25,3.00
2012.02.06 17:34:20.988,0.91824,0.91837,3.00,1.13
2012.02.06 17:34:21.930,0.91818,0.91831,2.25,1.50
2012.02.06 17:34:22.470,0.91819,0.91832,1.50,1.50
2012.02.06 17:34:23.043,0.91819,0.91833,3.00,2.25
2012.02.06 17:34:24.134,0.9182,0.91835,2.25,2.25
2012.02.06 17:34:24.212,0.91824,0.91836,1.50,3.00
2012.02.06 17:34:24.297,0.91824,0.91838,2.25,3.00
2012.02.06 17:34:24.912,0.91825,0.91838,1.50,2.25
2012.02.06 17:34:25.568,0.91825,0.91838,1.50,2.63
2012.02.06 17:34:26.070,0.91824,0.91837,3.00,1.88
2012.02.06 17:34:26.418,0.91821,0.91837,2.25,3.38
2012.02.06 17:34:27.151,0.91821,0.91837,2.25,2.25
2012.02.06 17:34:30.981,0.91822,0.91838,1.50,3.00
2012.02.06 17:34:31.222,0.9182,0.91834,2.03,2.25
2012.02.06 17:34:31.313,0.91819,0.91831,1.26,1.50
2012.02.06 17:34:31.534,0.91817,0.91831,4.32,3.00
2012.02.06 17:34:31.612,0.91817,0.91829,4.32,1.50
2012.02.06 17:34:32.183,0.91817,0.91829,1.88,1.50
2012.02.06 17:34:32.742,0.91817,0.91831,3.75,1.50
2012.02.06 17:34:32.849,0.91819,0.91831,2.25,1.50
2012.02.06 17:34:32.993,0.9182,0.91836,2.25,3.00
2012.02.06 17:34:33.212,0.9182,0.91834,2.25,1.50
2012.02.06 17:34:33.575,0.91816,0.9183,3.21,1.50
2012.02.06 17:34:34.091,0.91817,0.91832,2.25,1.50
2012.02.06 17:34:35.586,0.91817,0.91832,2.46,1.50
2012.02.06 17:34:36.177,0.91816,0.91832,4.71,3.00
2012.02.06 17:34:36.703,0.91816,0.91828,3.21,1.50
2012.02.06 17:34:37.263,0.91815,0.9183,3.40,2.25
2012.02.06 17:34:38.198,0.91815,0.91829,1.71,2.25
2012.02.06 17:34:38.276,0.91815,0.91829,2.25,1.50
2012.02.06 17:34:38.828,0.91815,0.91829,1.50,1.50
2012.02.06 17:34:39.334,0.91816,0.9183,1.50,3.00
2012.02.06 17:34:39.527,0.91814,0.9183,4.50,3.00
2012.02.06 17:34:39.668,0.91816,0.91829,1.50,1.50
2012.02.06 17:34:41.221,0.91809,0.91825,3.00,1.50
2012.02.06 17:34:41.646,0.91813,0.91827,1.50,3.81
2012.02.06 17:34:42.149,0.91811,0.91827,4.50,3.06
2012.02.06 17:34:45.121,0.91811,0.91824,3.00,1.50
2012.02.06 17:34:45.646,0.91811,0.91826,3.00,2.25
2012.02.06 17:34:46.789,0.91811,0.91824,3.00,1.13
2012.02.06 17:34:46.874,0.91802,0.91817,2.07,1.50
2012.02.06 17:34:47.378,0.91801,0.91816,2.25,1.50
2012.02.06 17:34:48.094,0.91801,0.91817,4.13,3.00
2012.02.06 17:34:48.810,0.91808,0.91818,1.13,1.50
2012.02.06 17:34:49.109,0.91815,0.91827,1.50,1.50
2012.02.06 17:34:49.325,0.91814,0.91828,2.25,2.63
2012.02.06 17:34:49.469,0.91814,0.91828,2.25,3.75
2012.02.06 17:34:50.029,0.91812,0.91826,3.00,1.50
2012.02.06 17:34:52.148,0.91814,0.91826,1.50,2.25
2012.02.06 17:34:52.699,0.91812,0.91828,3.00,3.38
2012.02.06 17:34:52.921,0.91814,0.91828,2.25,2.63
2012.02.06 17:34:53.824,0.91815,0.91829,2.25,1.50
2012.02.06 17:34:54.345,0.91816,0.91828,1.50,1.50
2012.02.06 17:34:55.549,0.91815,0.91828,1.50,1.50
2012.02.06 17:34:55.977,0.91817,0.9183,1.50,1.50
2012.02.06 17:34:56.195,0.91815,0.9183,3.08,1.50
2012.02.06 17:34:56.272,0.91817,0.9183,1.50,1.50
2012.02.06 17:34:56.932,0.91818,0.91832,1.50,2.25
2012.02.06 17:34:57.985,0.91818,0.91832,1.50,2.25
2012.02.06 17:34:58.397,0.91818,0.91832,1.50,2.25
2012.02.06 17:34:58.930,0.91818,0.91832,1.50,2.25
2012.02.06 17:34:59.478,0.91817,0.91831,3.75,3.00
2012.02.06 17:35:00.030,0.91817,0.9183,3.75,1.50
2012.02.06 17:35:00.337,0.9182,0.91831,1.50,1.50
2012.02.06 17:35:03.330,0.91816,0.91832,5.63,3.00
2012.02.06 17:35:03.537,0.91816,0.9183,5.63,1.50
2012.02.06 17:35:04.943,0.91816,0.91832,5.78,3.00
2012.02.06 17:35:05.162,0.9182,0.91832,1.50,1.50
2012.02.06 17:35:06.237,0.91817,0.91832,4.13,2.25
2012.02.06 17:35:06.446,0.91816,0.91832,6.38,3.75
2012.02.06 17:35:07.436,0.91817,0.91832,1.13,3.00
2012.02.06 17:35:07.507,0.91816,0.91829,4.71,1.50
2012.02.06 17:35:08.009,0.91816,0.91829,4.71,1.50
2012.02.06 17:35:08.770,0.91817,0.91829,2.25,1.50
2012.02.06 17:35:08.897,0.91817,0.91829,2.25,1.50
2012.02.06 17:35:09.880,0.91817,0.9183,2.25,1.50
2012.02.06 17:35:10.300,0.91817,0.9183,1.50,2.25
2012.02.06 17:35:10.836,0.91816,0.91829,2.25,1.50
2012.02.06 17:35:12.157,0.91816,0.91829,3.21,1.50
2012.02.06 17:35:15.896,0.91816,0.9183,3.00,1.50
2012.02.06 17:35:18.529,0.91817,0.9183,1.50,1.50
2012.02.06 17:35:18.968,0.91817,0.91832,2.25,2.25
2012.02.06 17:35:19.503,0.91817,0.91832,2.25,2.25
2012.02.06 17:35:20.117,0.91817,0.9183,2.25,1.50
2012.02.06 17:35:20.187,0.91817,0.9183,2.25,1.50
2012.02.06 17:35:20.836,0.91818,0.9183,1.50,1.50
2012.02.06 17:35:21.378,0.91818,0.91831,2.25,1.50
2012.02.06 17:35:21.881,0.91818,0.91831,2.25,1.50
2012.02.06 17:35:22.484,0.91818,0.91831,1.50,1.50
2012.02.06 17:35:24.397,0.91818,0.91831,2.25,1.50
2012.02.06 17:35:24.949,0.91818,0.91832,2.25,3.75
2012.02.06 17:35:25.160,0.91816,0.9183,4.71,1.50
2012.02.06 17:35:25.608,0.91816,0.91829,4.71,1.50
2012.02.06 17:35:26.125,0.91817,0.91829,1.50,1.50
2012.02.06 17:35:29.766,0.91817,0.91829,2.25,1.50
2012.02.06 17:35:29.838,0.91817,0.91829,2.25,1.50
2012.02.06 17:35:29.966,0.91817,0.91831,2.25,1.50
2012.02.06 17:35:30.497,0.9182,0.91831,1.50,1.50
2012.02.06 17:35:30.567,0.91818,0.91831,2.25,1.50
2012.02.06 17:35:31.104,0.91819,0.91831,1.50,1.50
2012.02.06 17:35:31.647,0.91819,0.91831,1.50,1.50
2012.02.06 17:35:32.176,0.91819,0.91831,1.50,1.50
2012.02.06 17:35:36.897,0.91819,0.91831,1.50,1.50
2012.02.06 17:35:39.487,0.91817,0.9183,3.00,1.50
2012.02.06 17:35:39.643,0.91816,0.91829,6.21,1.50
2012.02.06 17:35:40.177,0.91818,0.91829,1.50,1.50
2012.02.06 17:35:41.210,0.9182,0.91829,1.50,1.50
2012.02.06 17:35:41.794,0.9182,0.91829,1.50,1.50
2012.02.06 17:35:42.626,0.91818,0.91829,2.33,1.50
2012.02.06 17:35:47.372,0.91817,0.91829,1.50,1.50
2012.02.06 17:35:47.906,0.91816,0.91829,3.21,1.50
2012.02.06 17:35:48.586,0.91818,0.91829,1.50,1.50
2012.02.06 17:35:50.014,0.91816,0.91829,3.96,1.50
2012.02.06 17:35:50.534,0.91816,0.91829,4.13,1.50
2012.02.06 17:35:50.758,0.91819,0.91829,1.50,1.50
2012.02.06 17:35:51.419,0.9182,0.91831,2.25,1.50
2012.02.06 17:35:55.771,0.9182,0.91831,1.50,1.50
2012.02.06 17:35:57.878,0.91821,0.91832,1.50,2.25
2012.02.06 17:36:03.745,0.91821,0.91834,1.50,2.18
2012.02.06 17:36:06.097,0.9182,0.91834,2.25,3.68
2012.02.06 17:36:07.017,0.9182,0.91834,2.25,3.68
2012.02.06 17:36:09.947,0.91821,0.91834,1.50,2.18
2012.02.06 17:36:11.761,0.91819,0.91834,2.25,2.18
2012.02.06 17:36:12.809,0.91821,0.91834,1.50,2.18
2012.02.06 17:36:15.115,0.91819,0.91834,2.25,2.18
2012.02.06 17:36:15.771,0.91821,0.91834,1.50,2.18
2012.02.06 17:36:18.127,0.91821,0.91834,1.50,2.18
2012.02.06 17:36:24.344,0.91819,0.91833,2.25,1.05
2012.02.06 17:36:24.628,0.91817,0.91832,1.88,1.88
2012.02.06 17:36:25.159,0.91818,0.91832,1.50,3.38
2012.02.06 17:36:26.386,0.91817,0.91831,1.50,2.25
2012.02.06 17:36:27.348,0.91817,0.91829,1.50,1.50
2012.02.06 17:36:28.048,0.91819,0.91829,1.50,1.50
2012.02.06 17:36:28.998,0.91817,0.91829,1.50,1.50
2012.02.06 17:36:34.453,0.91818,0.91829,2.25,1.50
2012.02.06 17:36:34.689,0.9182,0.9183,2.25,1.50
2012.02.06 17:36:34.764,0.91821,0.91833,2.25,2.25
2012.02.06 17:36:35.337,0.9182,0.91832,1.50,1.50
2012.02.06 17:36:35.888,0.91819,0.91832,1.50,1.50
2012.02.06 17:36:38.841,0.91819,0.91832,2.25,1.50
2012.02.06 17:36:39.617,0.91818,0.91832,3.75,3.00
2012.02.06 17:36:40.117,0.91818,0.91832,3.75,3.00
2012.02.06 17:36:40.191,0.9182,0.91832,1.50,1.50
2012.02.06 17:36:41.377,0.91821,0.91832,1.50,1.50
2012.02.06 17:36:41.450,0.91819,0.91832,2.25,1.50
2012.02.06 17:36:42.399,0.91819,0.91832,2.25,1.50
2012.02.06 17:36:42.897,0.91819,0.91832,3.00,1.50
2012.02.06 17:36:43.038,0.91819,0.91833,3.00,1.88
2012.02.06 17:36:44.306,0.9182,0.91831,2.25,1.50
2012.02.06 17:36:44.718,0.9182,0.91831,3.00,1.50
2012.02.06 17:36:47.997,0.9182,0.91832,1.50,2.63
2012.02.06 17:36:48.560,0.91821,0.91832,1.50,2.63
2012.02.06 17:36:49.093,0.91819,0.91832,3.00,2.63
2012.02.06 17:36:49.552,0.91818,0.9183,1.50,3.00
2012.02.06 17:36:49.621,0.91818,0.9183,1.50,3.00
2012.02.06 17:36:50.577,0.91818,0.91829,1.50,1.50
2012.02.06 17:36:50.919,0.91821,0.91831,1.13,3.00
2012.02.06 17:36:51.058,0.9182,0.91833,1.88,4.50
2012.02.06 17:36:52.186,0.91821,0.91835,3.00,4.88
2012.02.06 17:36:52.283,0.9182,0.91835,3.00,4.13
2012.02.06 17:36:53.756,0.91821,0.91835,1.50,4.13
2012.02.06 17:36:54.041,0.91819,0.91832,1.50,2.25
2012.02.06 17:36:57.918,0.91819,0.91833,2.25,4.13
2012.02.06 17:36:58.428,0.9182,0.91833,1.50,4.13
2012.02.06 17:36:59.027,0.91821,0.91833,1.50,4.13
2012.02.06 17:37:00.594,0.91821,0.91833,1.50,1.88
2012.02.06 17:37:01.765,0.91821,0.91833,1.50,1.88
2012.02.06 17:37:02.745,0.91821,0.91833,1.50,1.88
2012.02.06 17:37:03.066,0.91821,0.91833,1.50,1.88
2012.02.06 17:37:03.572,0.91821,0.91833,1.50,1.88
2012.02.06 17:37:05.199,0.9182,0.91833,1.50,1.88
2012.02.06 17:37:06.288,0.91822,0.91833,1.50,2.25
2012.02.06 17:37:06.642,0.91822,0.91836,1.88,1.50
2012.02.06 17:37:07.202,0.91822,0.91835,4.34,1.50
2012.02.06 17:37:07.355,0.91823,0.91839,2.84,1.50
2012.02.06 17:37:08.087,0.91823,0.91839,2.84,1.50
2012.02.06 17:37:08.884,0.91823,0.91839,3.53,1.50
2012.02.06 17:37:09.217,0.91826,0.9184,2.25,1.50
2012.02.06 17:37:10.147,0.91826,0.9184,2.25,1.50
2012.02.06 17:37:10.368,0.91826,0.9184,2.25,2.25
2012.02.06 17:37:10.648,0.91824,0.9184,2.46,3.00
2012.02.06 17:37:11.387,0.91823,0.91838,2.03,2.25
2012.02.06 17:37:11.951,0.91823,0.91838,1.26,3.00
2012.02.06 17:37:16.176,0.91824,0.9184,2.40,3.75
2012.02.06 17:37:17.139,0.91824,0.9184,2.76,3.00
2012.02.06 17:37:17.606,0.91829,0.91841,3.00,2.25
2012.02.06 17:37:18.021,0.91827,0.91843,2.25,3.98
2012.02.06 17:37:18.159,0.9183,0.91843,1.50,1.73
2012.02.06 17:37:18.717,0.9183,0.91843,1.50,1.73
2012.02.06 17:37:22.246,0.91828,0.91842,4.50,1.80
2012.02.06 17:37:27.637,0.91827,0.91841,3.75,1.05
2012.02.06 17:37:34.338,0.91828,0.91841,1.50,1.05
2012.02.06 17:37:34.942,0.91827,0.91842,5.25,1.05
2012.02.06 17:37:35.937,0.91829,0.91841,1.50,2.25
2012.02.06 17:37:36.234,0.91833,0.91845,1.50,1.88
2012.02.06 17:37:36.311,0.91831,0.91845,2.25,1.88
2012.02.06 17:37:36.457,0.91834,0.91845,1.50,1.88
2012.02.06 17:37:37.084,0.91834,0.91846,1.50,2.25
2012.02.06 17:37:37.998,0.91834,0.91846,1.50,2.25
2012.02.06 17:37:39.358,0.91836,0.91846,1.50,2.25
2012.02.06 17:37:39.937,0.91834,0.91847,1.50,3.00
2012.02.06 17:37:40.601,0.91833,0.91844,3.00,2.25
2012.02.06 17:37:41.401,0.91831,0.91842,1.50,2.25
2012.02.06 17:37:42.211,0.91831,0.91843,1.50,2.25
2012.02.06 17:37:43.406,0.91831,0.91844,1.50,2.25
2012.02.06 17:37:44.272,0.91831,0.91844,1.50,2.25
2012.02.06 17:37:44.825,0.9183,0.91842,1.50,2.25
2012.02.06 17:37:45.135,0.9183,0.9184,1.50,2.25
2012.02.06 17:37:45.698,0.91829,0.9184,1.65,2.25
2012.02.06 17:37:47.081,0.91828,0.9184,1.71,2.25
2012.02.06 17:37:47.650,0.91827,0.91838,1.50,2.25
2012.02.06 17:37:48.200,0.91828,0.9184,1.50,2.25
2012.02.06 17:37:48.729,0.91828,0.9184,1.50,2.25
2012.02.06 17:37:49.627,0.91828,0.9184,1.50,2.25
2012.02.06 17:37:49.951,0.91828,0.91839,1.50,2.25
2012.02.06 17:37:50.137,0.91828,0.91839,1.50,2.25
2012.02.06 17:37:50.956,0.91828,0.9184,1.50,2.25
2012.02.06 17:37:51.488,0.91828,0.9184,1.50,2.25
2012.02.06 17:37:56.781,0.91828,0.91841,1.50,2.25
2012.02.06 17:37:59.022,0.91828,0.9184,1.50,2.25
2012.02.06 17:37:59.358,0.91826,0.9184,1.50,2.25
2012.02.06 17:38:00.609,0.91826,0.91841,1.50,2.25
2012.02.06 17:38:02.980,0.91827,0.91841,1.50,2.25
2012.02.06 17:38:05.127,0.91827,0.91842,1.50,2.25
2012.02.06 17:38:11.384,0.91827,0.91841,2.25,2.25
2012.02.06 17:38:13.287,0.91827,0.91841,3.00,2.25
2012.02.06 17:38:13.809,0.91827,0.91841,3.00,2.25
2012.02.06 17:38:14.258,0.91829,0.91841,1.45,2.25
2012.02.06 17:38:15.122,0.91836,0.91847,1.50,1.50
2012.02.06 17:38:15.767,0.91831,0.91847,3.00,5.25
2012.02.06 17:38:15.979,0.91833,0.91847,1.50,4.50
2012.02.06 17:38:16.540,0.91834,0.91847,1.50,4.88
2012.02.06 17:38:17.422,0.91832,0.91847,1.50,4.88
2012.02.06 17:38:18.602,0.91832,0.91846,1.50,1.13
2012.02.06 17:38:18.964,0.91831,0.91843,1.50,2.25
2012.02.06 17:38:19.991,0.91829,0.91843,1.50,2.25
2012.02.06 17:38:20.062,0.91829,0.91843,1.50,2.25
2012.02.06 17:38:22.741,0.91829,0.91844,3.15,1.13
2012.02.06 17:38:22.816,0.91829,0.91842,1.65,2.25
2012.02.06 17:38:23.243,0.9183,0.91844,2.25,3.00
2012.02.06 17:38:25.461,0.91829,0.91844,2.40,1.50
2012.02.06 17:38:25.671,0.91828,0.91842,2.61,2.25
2012.02.06 17:38:25.813,0.91829,0.91844,2.40,3.75
2012.02.06 17:38:25.894,0.91829,0.91844,3.49,1.50
2012.02.06 17:38:26.448,0.91831,0.91844,1.50,1.50
2012.02.06 17:38:26.971,0.9183,0.91843,1.50,1.50
2012.02.06 17:38:27.918,0.9183,0.91843,3.00,1.50
2012.02.06 17:38:28.354,0.9183,0.91843,2.25,1.50
2012.02.06 17:38:28.429,0.9183,0.91843,2.25,1.50
2012.02.06 17:38:28.648,0.91831,0.91844,1.50,2.25
2012.02.06 17:38:28.941,0.91831,0.91843,1.50,1.50
2012.02.06 17:38:29.482,0.91831,0.91844,1.50,1.50
2012.02.06 17:38:30.018,0.91831,0.91843,2.25,1.50
2012.02.06 17:38:31.337,0.9183,0.91844,2.25,1.50
2012.02.06 17:38:32.405,0.9183,0.91844,2.25,3.00
2012.02.06 17:38:32.971,0.91828,0.91843,1.80,2.25
2012.02.06 17:38:33.530,0.91828,0.91843,1.80,2.25
2012.02.06 17:38:34.124,0.91828,0.91843,1.80,2.25
2012.02.06 17:38:35.094,0.91828,0.91843,1.80,2.25
2012.02.06 17:38:38.303,0.91828,0.91842,1.80,2.25
2012.02.06 17:38:38.858,0.91829,0.91843,1.50,2.25
2012.02.06 17:38:40.707,0.91828,0.91841,2.61,2.25
2012.02.06 17:38:41.126,0.91828,0.91843,3.30,2.25
2012.02.06 17:38:41.529,0.9183,0.91843,1.50,3.00
2012.02.06 17:38:43.451,0.9183,0.91842,1.50,2.25
2012.02.06 17:38:45.433,0.91829,0.91842,1.80,2.25
2012.02.06 17:38:45.846,0.91828,0.91842,3.30,2.25
2012.02.06 17:38:46.568,0.91828,0.91842,3.36,2.25
2012.02.06 17:38:47.089,0.91828,0.91842,3.30,2.25
2012.02.06 17:38:47.645,0.91828,0.91842,3.30,2.25
2012.02.06 17:38:47.922,0.91828,0.91842,3.30,2.25
2012.02.06 17:38:48.186,0.91829,0.91843,1.80,1.50
2012.02.06 17:38:50.426,0.91829,0.91843,1.80,1.50
2012.02.06 17:38:51.114,0.91829,0.91843,1.80,1.50
2012.02.06 17:38:51.646,0.91828,0.91844,5.55,3.38
2012.02.06 17:38:54.789,0.91828,0.91842,3.15,2.25
2012.02.06 17:38:55.556,0.91827,0.91841,2.46,2.25
2012.02.06 17:38:56.295,0.91828,0.91841,2.25,2.25
2012.02.06 17:39:04.889,0.91828,0.91841,3.00,2.25
2012.02.06 17:39:07.990,0.9183,0.91844,1.50,2.63
2012.02.06 17:39:08.060,0.9183,0.91844,1.50,2.63
2012.02.06 17:39:08.135,0.91834,0.91844,1.50,1.13
2012.02.06 17:39:08.418,0.91832,0.91848,1.50,2.40
2012.02.06 17:39:09.015,0.91831,0.91847,2.40,2.40
2012.02.06 17:39:14.903,0.91832,0.91848,1.50,4.88
2012.02.06 17:39:17.969,0.91833,0.91847,1.50,2.25
2012.02.06 17:39:18.529,0.91832,0.91846,1.50,2.25
2012.02.06 17:39:20.542,0.91831,0.91847,3.75,2.25
2012.02.06 17:39:20.967,0.91833,0.91847,1.50,3.00
2012.02.06 17:39:23.890,0.91831,0.91846,2.25,1.50
2012.02.06 17:39:24.447,0.91832,0.91846,1.50,1.50
2012.02.06 17:39:24.949,0.91832,0.91846,1.50,1.50
2012.02.06 17:39:33.088,0.91834,0.91845,1.50,1.50
2012.02.06 17:39:36.238,0.91834,0.91845,1.50,1.50
2012.02.06 17:39:36.979,0.91831,0.91845,2.40,3.00
2012.02.06 17:39:38.306,0.91831,0.91845,2.25,3.00
2012.02.06 17:39:43.028,0.91832,0.91845,1.50,1.50
2012.02.06 17:39:44.965,0.91832,0.91845,1.50,1.50
2012.02.06 17:39:45.038,0.91836,0.91845,1.50,1.50
2012.02.06 17:39:45.619,0.91835,0.91845,1.50,1.50
2012.02.06 17:39:48.289,0.91833,0.91845,1.50,1.50
2012.02.06 17:39:48.965,0.91835,0.91845,1.50,1.50
2012.02.06 17:39:49.348,0.91837,0.91845,1.50,1.50
2012.02.06 17:39:50.099,0.91843,0.91857,1.50,3.38
2012.02.06 17:39:50.538,0.91841,0.91856,1.65,1.50
2012.02.06 17:39:50.952,0.91843,0.91856,1.50,1.50
2012.02.06 17:39:51.029,0.9184,0.91856,2.40,2.25
2012.02.06 17:39:51.311,0.9184,0.91856,1.65,2.25
2012.02.06 17:39:51.937,0.9184,0.91856,1.71,3.38
2012.02.06 17:39:52.467,0.9184,0.91856,1.65,2.25
2012.02.06 17:39:53.072,0.9184,0.91856,1.71,3.00
2012.02.06 17:39:54.235,0.9184,0.91856,1.65,2.25
2012.02.06 17:39:55.088,0.9184,0.91856,1.71,3.38
2012.02.06 17:39:55.656,0.9184,0.91856,1.65,2.25
2012.02.06 17:39:56.639,0.9184,0.91856,1.71,3.00
2012.02.06 17:39:57.368,0.9184,0.91856,1.50,2.25
2012.02.06 17:39:57.724,0.91837,0.9185,1.50,1.13
2012.02.06 17:39:58.220,0.91837,0.9185,1.50,2.18
2012.02.06 17:39:58.366,0.91834,0.9185,1.50,3.68
2012.02.06 17:40:00.126,0.91834,0.9185,1.50,3.68
2012.02.06 17:40:00.271,0.91836,0.9185,1.50,2.55
2012.02.06 17:40:02.458,0.91836,0.91849,1.50,3.57
2012.02.06 17:40:02.544,0.91831,0.91845,2.25,2.25
2012.02.06 17:40:03.089,0.91832,0.91848,2.25,2.25
2012.02.06 17:40:03.640,0.91832,0.91848,2.25,2.25
2012.02.06 17:40:05.774,0.91833,0.91847,1.50,2.25
2012.02.06 17:40:07.334,0.91833,0.91847,2.63,2.25
2012.02.06 17:40:07.425,0.91836,0.91848,1.50,1.50
2012.02.06 17:40:07.581,0.91836,0.91848,2.25,1.50
2012.02.06 17:40:07.871,0.91836,0.9185,1.50,2.25
2012.02.06 17:40:08.777,0.91837,0.91851,1.50,2.63
2012.02.06 17:40:10.157,0.91838,0.91852,1.50,4.13
2012.02.06 17:40:10.726,0.91836,0.91852,2.25,3.38
2012.02.06 17:40:11.826,0.91837,0.91852,1.13,2.25
2012.02.06 17:40:11.900,0.91837,0.91853,2.63,1.50
2012.02.06 17:40:12.448,0.91837,0.91852,1.13,1.50
2012.02.06 17:40:13.001,0.91838,0.91852,2.25,1.50
2012.02.06 17:40:15.477,0.91835,0.91851,1.50,2.55
2012.02.06 17:40:15.765,0.91833,0.91849,3.00,3.38
2012.02.06 17:40:15.912,0.91831,0.91847,1.50,2.25
2012.02.06 17:40:16.207,0.91831,0.91847,2.25,2.25
2012.02.06 17:40:16.634,0.91831,0.91846,1.50,2.03
2012.02.06 17:40:17.681,0.9183,0.91844,1.50,2.63
2012.02.06 17:40:17.984,0.91827,0.91841,1.50,3.38
2012.02.06 17:40:18.553,0.91828,0.91841,1.50,1.88
2012.02.06 17:40:18.704,0.91826,0.91841,2.25,1.88
2012.02.06 17:40:19.511,0.91828,0.91842,1.50,3.38
2012.02.06 17:40:19.588,0.91826,0.91842,2.25,3.38
2012.02.06 17:40:20.067,0.91829,0.91842,1.50,1.88
2012.02.06 17:40:20.928,0.91829,0.91842,1.50,1.13
2012.02.06 17:40:24.007,0.91829,0.91842,1.50,2.18
2012.02.06 17:40:24.221,0.91825,0.91837,2.25,2.25
2012.02.06 17:40:24.724,0.91824,0.91837,3.00,1.50
2012.02.06 17:40:24.917,0.91824,0.91837,3.00,1.50
2012.02.06 17:40:25.191,0.91825,0.91839,2.25,1.50
2012.02.06 17:40:25.698,0.91824,0.91838,3.00,2.25
2012.02.06 17:40:26.659,0.91825,0.91839,2.25,2.25
2012.02.06 17:40:27.188,0.91824,0.91838,4.50,1.50
2012.02.06 17:40:27.747,0.91824,0.91838,5.25,1.50
2012.02.06 17:40:29.226,0.91827,0.91838,1.50,1.50
2012.02.06 17:40:29.921,0.91829,0.91843,3.00,2.93
2012.02.06 17:40:30.608,0.91831,0.91846,1.50,4.50
2012.02.06 17:40:30.788,0.91831,0.91846,1.50,3.75
2012.02.06 17:40:31.276,0.91833,0.91846,1.50,2.25
2012.02.06 17:40:31.827,0.91832,0.91846,1.50,1.50
2012.02.06 17:40:32.319,0.91829,0.91845,2.84,1.50
2012.02.06 17:40:32.959,0.91831,0.91845,1.50,1.50
2012.02.06 17:40:33.534,0.91831,0.91845,2.25,1.50
2012.02.06 17:40:34.931,0.91831,0.91845,2.25,2.25
2012.02.06 17:40:53.022,0.9183,0.91844,2.25,1.50
2012.02.06 17:40:53.557,0.91831,0.91845,2.25,2.25
2012.02.06 17:41:10.097,0.91831,0.91845,2.25,1.50
2012.02.06 17:41:10.602,0.9183,0.91844,2.25,1.50
2012.02.06 17:41:15.978,0.91831,0.91845,2.25,2.25
2012.02.06 17:41:19.239,0.91832,0.91847,2.25,1.50
2012.02.06 17:41:19.319,0.91835,0.91848,1.50,1.88
2012.02.06 17:41:20.730,0.91835,0.91851,4.34,2.55
2012.02.06 17:41:21.414,0.91837,0.9185,2.25,1.05
2012.02.06 17:41:26.869,0.91837,0.9185,2.25,1.05
2012.02.06 17:41:28.210,0.91843,0.91857,5.25,2.25
2012.02.06 17:41:28.773,0.91843,0.91857,6.00,2.25
2012.02.06 17:41:29.339,0.91843,0.91856,3.15,2.25
2012.02.06 17:41:29.897,0.91843,0.91857,2.25,2.25
2012.02.06 17:41:30.234,0.91843,0.91857,4.65,2.55
2012.02.06 17:41:30.869,0.91837,0.91851,1.50,1.05
2012.02.06 17:41:31.427,0.91837,0.9185,1.50,1.88
2012.02.06 17:41:34.759,0.91837,0.91851,1.50,3.68
2012.02.06 17:41:35.322,0.91838,0.9185,1.50,1.05
2012.02.06 17:41:38.970,0.91838,0.91851,1.50,1.05
2012.02.06 17:41:43.010,0.91838,0.91851,2.25,1.05
2012.02.06 17:41:45.841,0.91838,0.91852,1.50,2.55
2012.02.06 17:41:46.357,0.91838,0.91852,2.25,2.85
2012.02.06 17:41:51.119,0.91838,0.91852,2.25,1.80
2012.02.06 17:41:51.638,0.91838,0.91851,3.00,1.05
2012.02.06 17:41:52.167,0.91838,0.91851,2.25,1.05
2012.02.06 17:41:56.698,0.91838,0.91851,3.00,1.05
2012.02.06 17:42:01.388,0.91837,0.91851,4.50,2.55
2012.02.06 17:42:02.338,0.91838,0.91851,3.00,1.05
2012.02.06 17:42:03.047,0.91837,0.91851,4.50,3.75
2012.02.06 17:42:05.277,0.91837,0.91851,5.25,3.30
2012.02.06 17:42:06.840,0.91838,0.91851,1.50,2.55
2012.02.06 17:42:06.983,0.91838,0.91852,3.00,1.80
2012.02.06 17:42:07.308,0.91838,0.91852,3.00,1.80
2012.02.06 17:42:07.658,0.91838,0.91852,3.00,1.80
2012.02.06 17:42:08.057,0.91839,0.91852,1.50,1.50
2012.02.06 17:42:15.350,0.91839,0.91852,1.50,1.50
2012.02.06 17:42:16.369,0.9184,0.91854,2.25,1.50
2012.02.06 17:42:16.906,0.9184,0.91853,1.50,1.50
2012.02.06 17:42:17.411,0.91839,0.91854,1.71,1.50
2012.02.06 17:42:17.478,0.9184,0.91854,5.09,1.50
2012.02.06 17:42:18.772,0.91839,0.91853,3.59,1.50
2012.02.06 17:42:19.309,0.9184,0.91853,1.34,1.50
2012.02.06 17:42:20.578,0.9184,0.91855,1.34,1.50
2012.02.06 17:42:21.526,0.9184,0.91854,1.34,1.50
2012.02.06 17:42:27.355,0.91839,0.91855,5.67,1.50
2012.02.06 17:42:27.429,0.91839,0.91855,5.67,1.50
2012.02.06 17:42:27.980,0.9184,0.91856,1.50,2.63
2012.02.06 17:42:32.596,0.91842,0.91856,4.50,2.63
2012.02.06 17:42:33.148,0.91842,0.91856,4.50,2.63
2012.02.06 17:42:33.729,0.91842,0.91856,4.50,2.63
2012.02.06 17:42:33.795,0.91842,0.91856,4.50,2.63
2012.02.06 17:42:34.019,0.91842,0.91856,4.50,2.63
2012.02.06 17:42:36.398,0.91842,0.91856,5.25,2.63
2012.02.06 17:42:36.537,0.91842,0.91856,5.25,2.63
2012.02.06 17:42:37.044,0.91843,0.91855,1.50,1.50
2012.02.06 17:42:37.587,0.91843,0.91856,1.50,2.63
2012.02.06 17:42:38.123,0.91843,0.91857,3.00,2.63
2012.02.06 17:42:38.458,0.91844,0.91857,1.50,1.13
2012.02.06 17:42:39.011,0.91846,0.9186,1.50,2.10
2012.02.06 17:42:39.834,0.91845,0.9186,1.71,1.80
2012.02.06 17:42:39.939,0.91855,0.91871,1.34,1.50
2012.02.06 17:42:40.224,0.91855,0.91871,3.96,1.50
2012.02.06 17:42:42.161,0.91856,0.91872,1.50,1.50
2012.02.06 17:42:43.292,0.91855,0.91871,2.03,1.43
2012.02.06 17:42:45.004,0.91858,0.91871,1.50,1.43
2012.02.06 17:42:45.559,0.91857,0.91871,3.00,1.43
2012.02.06 17:42:47.944,0.91857,0.91871,3.00,1.43
2012.02.06 17:42:48.094,0.91859,0.91875,3.00,4.05
2012.02.06 17:42:48.593,0.91861,0.91876,3.53,1.05
2012.02.06 17:42:48.670,0.91863,0.91875,1.50,1.80
2012.02.06 17:42:48.880,0.91863,0.91875,1.50,1.80
2012.02.06 17:42:49.290,0.91863,0.91876,1.50,1.80
2012.02.06 17:42:49.945,0.91862,0.91872,1.50,1.50
2012.02.06 17:42:50.028,0.91858,0.91872,1.71,3.00
2012.02.06 17:42:50.589,0.91859,0.91873,2.25,1.50
2012.02.06 17:42:53.152,0.91859,0.91871,2.25,1.08
2012.02.06 17:42:53.428,0.91853,0.91869,3.38,2.85
2012.02.06 17:42:53.995,0.91855,0.91869,1.50,2.10
2012.02.06 17:42:55.411,0.91855,0.91869,1.13,2.10
2012.02.06 17:42:55.484,0.91855,0.91869,1.34,2.10
2012.02.06 17:42:55.769,0.91857,0.91873,3.00,3.75
2012.02.06 17:42:55.912,0.91857,0.91872,3.15,1.23
2012.02.06 17:42:56.202,0.91854,0.91868,2.55,1.80
2012.02.06 17:42:57.027,0.91854,0.91868,2.25,2.55
2012.02.06 17:42:58.178,0.91855,0.9187,1.50,2.86
2012.02.06 17:42:58.325,0.91856,0.91868,1.71,1.50
2012.02.06 17:42:58.403,0.91858,0.91872,2.25,2.25
2012.02.06 17:42:58.554,0.91858,0.91872,3.38,1.50
2012.02.06 17:42:58.888,0.91859,0.91872,1.65,1.50
2012.02.06 17:42:59.428,0.9186,0.91873,1.65,1.50
2012.02.06 17:43:00.012,0.91861,0.91875,1.50,1.50
2012.02.06 17:43:00.739,0.91861,0.91873,1.50,1.50
2012.02.06 17:43:03.099,0.91861,0.91874,1.50,1.50
2012.02.06 17:43:03.621,0.91862,0.91874,1.50,1.50
2012.02.06 17:43:05.306,0.91864,0.91874,1.50,1.50
2012.02.06 17:43:05.517,0.91864,0.91874,1.50,1.50
2012.02.06 17:43:06.091,0.91864,0.91874,1.50,1.50
2012.02.06 17:43:07.486,0.91862,0.91874,1.50,1.50
2012.02.06 17:43:07.999,0.91862,0.91877,1.50,4.50
2012.02.06 17:43:08.560,0.91862,0.91874,1.50,1.50
2012.02.06 17:43:11.088,0.91861,0.91874,1.50,1.50
2012.02.06 17:43:11.601,0.9186,0.91874,2.03,1.50
2012.02.06 17:43:11.858,0.9186,0.91874,3.21,1.50
2012.02.06 17:43:12.425,0.9186,0.91874,3.21,1.50
2012.02.06 17:43:13.393,0.91859,0.91871,4.34,1.50
2012.02.06 17:43:13.614,0.91859,0.91871,1.80,1.50
2012.02.06 17:43:14.218,0.91857,0.91871,1.50,3.75
2012.02.06 17:43:14.311,0.91855,0.9187,2.46,3.00
2012.02.06 17:43:14.870,0.91854,0.9187,5.09,2.25
2012.02.06 17:43:15.160,0.91854,0.91868,3.96,1.50
2012.02.06 17:43:15.977,0.91854,0.91868,3.96,1.50
2012.02.06 17:43:16.624,0.91854,0.91868,3.96,1.50
2012.02.06 17:43:17.518,0.91854,0.91868,3.96,1.50
2012.02.06 17:43:18.066,0.91854,0.9187,3.96,2.25
2012.02.06 17:43:18.619,0.91854,0.9187,3.66,2.25
2012.02.06 17:43:19.129,0.91854,0.9187,2.25,2.25
2012.02.06 17:43:19.666,0.91853,0.91869,5.18,1.50
2012.02.06 17:43:20.376,0.91853,0.91869,5.18,1.50
2012.02.06 17:43:21.302,0.91855,0.91869,3.29,1.50
2012.02.06 17:43:22.254,0.91855,0.91869,3.29,1.50
2012.02.06 17:43:24.310,0.91855,0.91869,2.91,2.25
2012.02.06 17:43:24.591,0.91855,0.91869,2.91,1.50
2012.02.06 17:43:26.152,0.91856,0.91869,1.50,3.00
2012.02.06 17:43:29.218,0.91855,0.91869,3.29,3.00
2012.02.06 17:43:29.287,0.91855,0.91869,3.29,2.25
2012.02.06 17:43:30.530,0.91856,0.91869,4.35,2.25
2012.02.06 17:43:30.617,0.91859,0.91874,1.38,1.50
2012.02.06 17:43:31.180,0.91861,0.91875,2.25,2.25
2012.02.06 17:43:32.162,0.91861,0.91875,2.25,1.50
2012.02.06 17:43:35.037,0.91863,0.91875,1.50,1.50
2012.02.06 17:43:36.076,0.91863,0.91875,1.50,1.50
2012.02.06 17:43:36.610,0.91862,0.91876,1.50,1.50
2012.02.06 17:43:36.750,0.91862,0.91876,1.50,1.50
2012.02.06 17:43:38.130,0.91863,0.91876,1.50,1.50
2012.02.06 17:43:38.476,0.91866,0.91876,1.50,1.50
2012.02.06 17:43:38.833,0.91865,0.91878,2.25,3.00
2012.02.06 17:43:39.111,0.91866,0.91878,1.50,1.50
2012.02.06 17:43:39.319,0.91866,0.91878,1.50,1.50
2012.02.06 17:43:40.294,0.91866,0.91878,1.50,1.50
2012.02.06 17:43:43.071,0.91866,0.91879,1.50,2.25
2012.02.06 17:43:43.418,0.9187,0.91879,1.50,1.50
2012.02.06 17:43:46.357,0.91867,0.91879,2.25,1.50
2012.02.06 17:43:47.529,0.91869,0.91879,1.50,1.50
2012.02.06 17:43:48.643,0.91869,0.91881,1.50,3.00
2012.02.06 17:43:48.722,0.91868,0.91881,2.25,3.00
2012.02.06 17:43:48.871,0.91868,0.91881,1.50,3.00
2012.02.06 17:43:49.432,0.91869,0.91881,1.50,2.25
2012.02.06 17:43:49.767,0.9187,0.91883,2.25,4.05
2012.02.06 17:43:51.100,0.9187,0.91882,2.25,1.50
2012.02.06 17:43:51.461,0.91869,0.91878,1.50,1.50
2012.02.06 17:43:51.672,0.91866,0.91878,1.50,1.50
2012.02.06 17:43:52.582,0.91868,0.91879,1.50,1.50
2012.02.06 17:43:54.211,0.91866,0.91878,1.50,1.50
2012.02.06 17:43:54.457,0.91866,0.9188,1.50,1.50
2012.02.06 17:43:58.502,0.91866,0.91878,1.50,1.50
2012.02.06 17:44:02.096,0.91866,0.9188,1.50,1.50
2012.02.06 17:44:02.203,0.91866,0.91879,1.50,1.50
2012.02.06 17:44:07.947,0.91866,0.91878,1.50,1.50
2012.02.06 17:44:08.023,0.91867,0.9188,1.50,1.50
2012.02.06 17:44:08.230,0.91869,0.9188,1.50,1.50
2012.02.06 17:44:10.311,0.91869,0.9188,2.25,1.50
2012.02.06 17:44:10.721,0.91873,0.91881,2.09,2.25
2012.02.06 17:44:10.882,0.91874,0.91886,1.28,2.25
2012.02.06 17:44:11.043,0.91876,0.91888,1.50,1.50
2012.02.06 17:44:11.645,0.91875,0.91888,2.25,2.25
2012.02.06 17:44:11.741,0.91875,0.9189,2.25,3.38
2012.02.06 17:44:11.816,0.91878,0.9189,1.50,3.38
2012.02.06 17:44:12.185,0.91874,0.91888,3.75,1.50
2012.02.06 17:44:12.684,0.91874,0.91888,3.00,1.50
2012.02.06 17:44:13.178,0.91876,0.9189,1.50,1.50
2012.02.06 17:44:13.714,0.91878,0.91892,1.50,3.30
2012.02.06 17:44:14.910,0.91878,0.91892,2.25,3.30
2012.02.06 17:44:14.993,0.91878,0.91892,3.00,2.55
2012.02.06 17:44:15.141,0.91878,0.9189,1.50,1.50
2012.02.06 17:44:15.631,0.91878,0.91892,1.50,4.43
2012.02.06 17:44:16.138,0.91877,0.9189,2.25,1.50
2012.02.06 17:44:16.706,0.91877,0.91891,2.25,1.50
2012.02.06 17:44:17.341,0.91878,0.91891,1.50,1.50
2012.02.06 17:44:18.269,0.91877,0.91891,2.25,1.50
2012.02.06 17:44:18.804,0.91877,0.91892,2.25,3.30
2012.02.06 17:44:19.533,0.91878,0.9189,1.50,1.50
2012.02.06 17:44:20.020,0.91878,0.91891,1.50,1.50
2012.02.06 17:44:20.159,0.91878,0.91891,1.50,1.50
2012.02.06 17:44:21.278,0.91877,0.91892,1.50,3.30
2012.02.06 17:44:24.317,0.91877,0.91891,1.50,1.50
2012.02.06 17:44:25.039,0.91877,0.91892,1.50,3.30
2012.02.06 17:44:26.439,0.91877,0.9189,1.50,1.50
2012.02.06 17:44:27.732,0.91877,0.91891,3.00,1.50
2012.02.06 17:44:28.088,0.9188,0.91892,1.50,1.05
2012.02.06 17:44:28.810,0.91877,0.91892,2.25,2.25
2012.02.06 17:44:29.972,0.91877,0.91891,2.25,1.50
2012.02.06 17:44:30.684,0.91877,0.91892,2.25,2.25
2012.02.06 17:44:31.237,0.91877,0.91891,2.25,1.50
2012.02.06 17:44:31.777,0.91877,0.91892,2.25,2.25
2012.02.06 17:44:33.010,0.91879,0.91892,1.50,1.05
2012.02.06 17:44:36.017,0.91879,0.91893,1.50,3.30
2012.02.06 17:44:36.747,0.9188,0.91893,1.50,2.18
2012.02.06 17:44:37.816,0.9188,0.91893,1.50,2.18
2012.02.06 17:44:38.526,0.9188,0.91893,1.50,2.18
2012.02.06 17:44:38.891,0.91882,0.91892,1.50,1.05
2012.02.06 17:44:39.170,0.91881,0.91892,1.50,2.55
2012.02.06 17:44:39.940,0.91879,0.91892,2.40,1.05
2012.02.06 17:44:43.711,0.91879,0.9189,1.50,1.50
2012.02.06 17:44:44.287,0.91879,0.91891,1.50,1.50
2012.02.06 17:44:46.455,0.91879,0.9189,1.50,1.50
2012.02.06 17:44:47.394,0.91879,0.91891,1.50,1.50
2012.02.06 17:44:51.610,0.91879,0.91891,1.50,1.50
2012.02.06 17:44:52.260,0.91881,0.91891,1.50,1.50
2012.02.06 17:45:02.102,0.91879,0.91891,1.50,1.50
2012.02.06 17:45:02.465,0.91878,0.91891,1.50,5.25
2012.02.06 17:45:02.966,0.91878,0.91892,1.50,2.55
2012.02.06 17:45:03.999,0.91878,0.9189,1.50,1.13
2012.02.06 17:45:04.407,0.91878,0.91891,1.50,1.88
2012.02.06 17:45:05.309,0.91878,0.91891,1.50,1.50
2012.02.06 17:45:11.300,0.91878,0.91892,2.25,1.05
2012.02.06 17:45:12.620,0.91878,0.91893,1.50,3.68
2012.02.06 17:45:15.670,0.91878,0.91892,3.00,2.55
2012.02.06 17:45:16.283,0.91878,0.91892,3.75,3.30
2012.02.06 17:45:17.511,0.91878,0.91892,3.00,3.30
2012.02.06 17:45:17.658,0.91878,0.91889,2.25,2.03
2012.02.06 17:45:17.880,0.91874,0.91887,1.26,2.03
2012.02.06 17:45:18.832,0.91871,0.91885,3.00,1.50
2012.02.06 17:45:18.924,0.91871,0.91887,3.75,6.45
2012.02.06 17:45:19.281,0.91873,0.91886,2.25,1.05
2012.02.06 17:45:19.829,0.91874,0.91886,2.25,1.05
2012.02.06 17:45:20.983,0.91872,0.91886,2.25,1.05
2012.02.06 17:45:22.428,0.91871,0.91886,3.75,1.05
2012.02.06 17:45:24.781,0.91873,0.91886,3.00,1.05
2012.02.06 17:45:26.158,0.91873,0.91886,2.25,1.05
2012.02.06 17:45:29.017,0.91873,0.91887,3.00,4.50
2012.02.06 17:45:32.607,0.91873,0.91887,3.75,1.95
2012.02.06 17:45:33.257,0.91873,0.91886,1.50,1.50
2012.02.06 17:45:33.328,0.91873,0.91886,1.50,1.50
2012.02.06 17:45:33.527,0.91873,0.91886,1.50,1.50
2012.02.06 17:45:34.067,0.91873,0.91886,1.50,1.50
2012.02.06 17:45:35.042,0.91873,0.91886,1.50,2.63
2012.02.06 17:45:35.885,0.91872,0.91885,2.25,2.25
2012.02.06 17:45:36.578,0.91871,0.91886,1.50,2.25
2012.02.06 17:45:37.217,0.91871,0.91886,2.25,2.25
2012.02.06 17:45:37.758,0.91871,0.91885,3.00,1.88
2012.02.06 17:45:38.279,0.91871,0.91885,3.00,2.63
2012.02.06 17:45:41.917,0.91871,0.91885,3.00,1.50
2012.02.06 17:45:41.989,0.91872,0.91886,3.00,2.25
2012.02.06 17:45:42.525,0.91873,0.91885,1.50,1.50
2012.02.06 17:45:45.759,0.91872,0.91885,2.25,1.13
2012.02.06 17:45:49.456,0.91872,0.91885,2.25,1.50
2012.02.06 17:45:49.669,0.91873,0.91885,1.50,1.50
2012.02.06 17:45:49.886,0.91871,0.91885,3.00,1.50
2012.02.06 17:45:50.584,0.91872,0.91886,2.25,4.35
2012.02.06 17:45:51.284,0.91871,0.91884,2.25,1.05
2012.02.06 17:45:51.437,0.91869,0.91883,2.25,1.80
2012.02.06 17:45:51.584,0.9187,0.91883,2.25,1.43
2012.02.06 17:45:51.940,0.91871,0.91883,1.50,2.18
2012.02.06 17:45:52.430,0.91869,0.91883,1.50,1.13
2012.02.06 17:45:52.959,0.91868,0.91883,3.75,1.13
2012.02.06 17:45:53.039,0.91868,0.91881,2.25,1.50
2012.02.06 17:45:55.317,0.91867,0.91881,3.00,1.50
2012.02.06 17:45:55.837,0.91867,0.9188,1.71,1.50
2012.02.06 17:45:56.388,0.91867,0.9188,1.50,1.50
2012.02.06 17:45:57.601,0.91867,0.91878,1.50,1.50
2012.02.06 17:45:58.160,0.91867,0.91879,1.50,1.50
2012.02.06 17:45:58.714,0.91868,0.91881,1.50,1.50
2012.02.06 17:45:58.857,0.91867,0.91881,3.75,1.50
2012.02.06 17:45:59.370,0.91867,0.91881,1.50,1.50
2012.02.06 17:46:00.331,0.91868,0.91882,2.25,3.75
2012.02.06 17:46:00.907,0.91866,0.91882,3.00,3.00
2012.02.06 17:46:00.985,0.91865,0.9188,1.79,1.50
2012.02.06 17:46:01.530,0.91867,0.9188,1.50,1.50
2012.02.06 17:46:01.857,0.91867,0.9188,1.50,1.50
2012.02.06 17:46:02.419,0.91867,0.9188,1.50,1.50
2012.02.06 17:46:02.489,0.91867,0.91878,1.50,1.50
2012.02.06 17:46:02.923,0.91868,0.91878,1.50,1.50
2012.02.06 17:46:04.985,0.91868,0.91878,2.25,1.50
2012.02.06 17:46:05.467,0.91865,0.91879,3.75,1.50
2012.02.06 17:46:05.807,0.91867,0.91879,1.50,1.50
2012.02.06 17:46:06.739,0.91868,0.91879,1.50,1.50
2012.02.06 17:46:07.019,0.91866,0.91879,1.50,1.50
2012.02.06 17:46:07.232,0.91867,0.91879,1.50,1.50
2012.02.06 17:46:07.757,0.91868,0.9188,1.50,3.00
2012.02.06 17:46:08.104,0.91868,0.91878,1.50,1.50
2012.02.06 17:46:09.099,0.91867,0.91878,2.25,1.50
2012.02.06 17:46:09.659,0.91867,0.91878,2.25,1.50
2012.02.06 17:46:09.989,0.91867,0.91878,2.25,1.50
2012.02.06 17:46:10.399,0.91867,0.91878,1.50,1.50
2012.02.06 17:46:10.926,0.91868,0.91878,1.50,1.50
2012.02.06 17:46:11.954,0.91867,0.91878,1.50,1.50
2012.02.06 17:46:16.899,0.91866,0.91879,1.50,1.50
2012.02.06 17:46:17.626,0.91867,0.91879,1.50,1.50
2012.02.06 17:46:17.704,0.91869,0.91881,1.50,2.25
2012.02.06 17:46:17.778,0.91869,0.91881,1.50,2.25
2012.02.06 17:46:18.121,0.91868,0.91882,1.50,3.38
2012.02.06 17:46:19.169,0.91866,0.9188,3.00,1.50
2012.02.06 17:46:19.743,0.91866,0.91882,2.25,3.38
2012.02.06 17:46:21.058,0.91866,0.9188,2.25,1.50
2012.02.06 17:46:26.581,0.9187,0.91882,1.50,1.50
2012.02.06 17:46:27.153,0.91873,0.91882,1.50,1.50
2012.02.06 17:46:27.447,0.91872,0.91883,1.50,1.05
2012.02.06 17:46:30.609,0.91872,0.91884,1.50,1.05
2012.02.06 17:46:31.544,0.91871,0.91883,1.50,3.30
2012.02.06 17:46:31.899,0.91871,0.91883,1.50,1.43
2012.02.06 17:46:32.428,0.91871,0.91883,1.50,2.18
2012.02.06 17:46:32.847,0.91869,0.91883,3.00,3.00
2012.02.06 17:46:34.841,0.91868,0.91881,1.50,2.25
2012.02.06 17:46:35.342,0.91868,0.9188,1.50,2.25
2012.02.06 17:46:35.589,0.91873,0.91882,3.00,1.50
2012.02.06 17:46:35.665,0.91874,0.91886,1.50,2.63
2012.02.06 17:46:35.813,0.91876,0.91886,1.50,1.65
2012.02.06 17:46:35.959,0.91876,0.91886,1.50,3.53
2012.02.06 17:46:36.170,0.91871,0.91885,3.00,2.10
2012.02.06 17:46:36.242,0.9187,0.9188,1.50,2.25
2012.02.06 17:46:36.630,0.91869,0.91883,1.50,1.05
2012.02.06 17:46:39.545,0.9187,0.91878,1.50,1.50
2012.02.06 17:46:39.923,0.91864,0.91877,3.98,2.25
2012.02.06 17:46:40.276,0.91864,0.91875,3.23,1.80
2012.02.06 17:46:40.748,0.91864,0.91876,1.80,1.05
2012.02.06 17:46:41.551,0.91862,0.91876,3.75,1.05
2012.02.06 17:46:42.981,0.91862,0.91876,4.50,1.05
2012.02.06 17:46:43.528,0.91862,0.91876,3.75,1.05
2012.02.06 17:46:44.056,0.91862,0.91876,3.75,1.05
2012.02.06 17:46:44.616,0.91862,0.91877,3.75,2.85
2012.02.06 17:46:45.118,0.91864,0.91877,1.50,1.35
2012.02.06 17:46:45.835,0.91864,0.91878,3.00,2.19
2012.02.06 17:46:46.380,0.91865,0.91879,2.25,3.38
2012.02.06 17:46:46.589,0.91865,0.91879,1.50,1.13
2012.02.06 17:46:47.258,0.91865,0.91879,1.50,2.63
2012.02.06 17:46:49.431,0.91865,0.91878,1.50,1.50
2012.02.06 17:46:51.660,0.91865,0.91879,1.50,1.13
2012.02.06 17:46:53.213,0.91865,0.91879,1.50,1.13
2012.02.06 17:46:53.939,0.91865,0.91878,1.50,1.50
2012.02.06 17:47:01.167,0.91865,0.9188,1.50,2.25
2012.02.06 17:47:04.237,0.91865,0.91878,1.50,1.50
2012.02.06 17:47:05.219,0.91865,0.91879,3.00,1.50
2012.02.06 17:47:06.237,0.91865,0.91879,3.75,1.50
2012.02.06 17:47:09.855,0.91867,0.91879,2.25,1.50
2012.02.06 17:47:10.363,0.91867,0.91878,1.50,1.50
2012.02.06 17:47:10.437,0.91867,0.9188,1.50,2.25
2012.02.06 17:47:12.235,0.91867,0.9188,1.50,2.25
2012.02.06 17:47:14.231,0.91867,0.91878,1.50,1.13
2012.02.06 17:47:14.767,0.91866,0.91878,1.50,2.63
2012.02.06 17:47:15.743,0.91865,0.91878,1.88,2.63
2012.02.06 17:47:16.601,0.9187,0.91883,1.13,4.80
2012.02.06 17:47:16.702,0.91878,0.91888,1.50,2.29
2012.02.06 17:47:17.253,0.91876,0.91884,1.50,1.05
2012.02.06 17:47:17.397,0.91874,0.91884,1.50,1.05
2012.02.06 17:47:17.798,0.91876,0.91884,1.50,1.05
2012.02.06 17:47:18.385,0.91872,0.91884,1.50,1.05
2012.02.06 17:47:18.995,0.91869,0.91884,5.46,2.55
2012.02.06 17:47:19.491,0.91869,0.91882,3.75,2.25
2012.02.06 17:47:20.120,0.91869,0.91882,3.75,2.25
2012.02.06 17:47:23.317,0.91869,0.91883,4.50,2.25
2012.02.06 17:47:23.822,0.91869,0.91883,5.25,2.55
2012.02.06 17:47:24.789,0.91869,0.91883,5.25,2.25
2012.02.06 17:47:25.004,0.9187,0.91883,1.50,2.55
2012.02.06 17:47:27.108,0.91879,0.91886,1.50,2.63
2012.02.06 17:47:27.586,0.91873,0.91885,1.50,1.88
2012.02.06 17:47:27.733,0.91873,0.91885,1.50,3.38
2012.02.06 17:47:28.235,0.9187,0.91885,1.50,3.38
2012.02.06 17:47:28.846,0.91871,0.91885,1.50,3.38
2012.02.06 17:47:29.723,0.91871,0.91885,1.50,3.38
2012.02.06 17:47:30.710,0.91868,0.91881,3.75,2.25
2012.02.06 17:47:31.307,0.9187,0.91884,1.50,2.25
2012.02.06 17:47:31.525,0.91868,0.91884,5.63,2.25
2012.02.06 17:47:34.529,0.91869,0.91884,1.50,2.25
2012.02.06 17:47:35.702,0.91868,0.91882,2.25,2.25
2012.02.06 17:47:36.230,0.91869,0.91883,2.25,1.88
2012.02.06 17:47:36.584,0.91868,0.91882,2.25,2.25
2012.02.06 17:47:37.149,0.91868,0.91882,2.25,2.25
2012.02.06 17:47:37.774,0.9187,0.91883,1.50,1.88
2012.02.06 17:47:38.474,0.91869,0.91883,1.50,2.25
2012.02.06 17:47:39.091,0.91869,0.91884,1.50,3.75
2012.02.06 17:47:39.650,0.91868,0.91884,2.25,5.25
2012.02.06 17:47:39.719,0.91868,0.91884,2.25,5.25
2012.02.06 17:47:39.917,0.91868,0.91884,2.25,4.50
2012.02.06 17:47:40.441,0.91868,0.91883,2.25,1.13
2012.02.06 17:47:41.108,0.91869,0.91883,1.50,2.25
2012.02.06 17:47:41.640,0.91868,0.91883,2.25,2.25
2012.02.06 17:47:42.167,0.91868,0.91883,2.25,2.25
2012.02.06 17:47:43.053,0.91868,0.91883,2.25,2.25
2012.02.06 17:47:43.589,0.91869,0.91883,1.50,2.25
2012.02.06 17:47:44.107,0.91868,0.91884,2.25,3.00
2012.02.06 17:47:44.694,0.91868,0.91884,2.25,3.00
2012.02.06 17:47:45.247,0.91868,0.91884,2.25,3.00
2012.02.06 17:47:45.790,0.91868,0.91884,2.25,4.13
2012.02.06 17:47:47.336,0.91866,0.91881,2.46,2.25
2012.02.06 17:47:49.008,0.91866,0.91882,3.96,2.25
2012.02.06 17:47:49.200,0.91866,0.9188,3.96,1.50
2012.02.06 17:47:49.757,0.91867,0.9188,1.50,1.50
2012.02.06 17:47:52.398,0.91867,0.91882,1.71,2.25
2012.02.06 17:47:52.923,0.91866,0.91882,4.34,2.25
2012.02.06 17:47:53.005,0.91868,0.91884,2.25,4.50
2012.02.06 17:47:53.451,0.91874,0.91885,1.50,1.50
2012.02.06 17:47:53.604,0.91872,0.91886,3.75,1.43
2012.02.06 17:47:53.693,0.91873,0.91886,1.50,1.43
2012.02.06 17:47:54.407,0.91878,0.91889,1.50,3.38
2012.02.06 17:47:54.758,0.91878,0.91889,1.50,3.38
2012.02.06 17:47:56.310,0.91878,0.91889,1.50,2.25
2012.02.06 17:47:56.812,0.91878,0.91889,1.50,2.25
2012.02.06 17:48:01.247,0.91877,0.91889,1.50,3.75
2012.02.06 17:48:02.195,0.91874,0.91888,2.25,2.25
2012.02.06 17:48:04.058,0.91874,0.91888,2.25,1.50
2012.02.06 17:48:04.201,0.91876,0.9189,1.50,5.25
2012.02.06 17:48:04.480,0.91875,0.91889,2.25,2.25
2012.02.06 17:48:05.500,0.91875,0.91889,3.00,2.25
2012.02.06 17:48:06.175,0.91876,0.91889,1.50,2.25
2012.02.06 17:48:06.738,0.91876,0.91889,2.25,1.50
2012.02.06 17:48:09.132,0.91875,0.91889,3.75,1.50
2012.02.06 17:48:09.667,0.91875,0.91889,3.75,1.50
2012.02.06 17:48:12.510,0.91876,0.91889,1.50,1.50
2012.02.06 17:48:16.209,0.91876,0.91889,1.50,1.50
2012.02.06 17:48:31.155,0.91875,0.91889,4.71,1.50
2012.02.06 17:48:31.254,0.91875,0.91889,3.75,1.50
2012.02.06 17:48:56.918,0.91875,0.91889,4.34,1.50
2012.02.06 17:48:57.557,0.91877,0.9189,1.50,4.13
2012.02.06 17:49:03.873,0.91877,0.9189,1.50,3.00
2012.02.06 17:49:05.489,0.91876,0.9189,1.50,3.00
2012.02.06 17:49:05.562,0.91875,0.9189,4.50,3.00
2012.02.06 17:49:16.946,0.91876,0.91891,3.00,1.50
2012.02.06 17:49:17.287,0.91877,0.9189,2.63,1.50
2012.02.06 17:49:18.053,0.91877,0.91892,4.50,1.88
2012.02.06 17:49:19.197,0.91877,0.91891,2.25,1.50
2012.02.06 17:49:19.326,0.91877,0.91891,1.50,2.25
2012.02.06 17:49:22.789,0.91878,0.91891,1.50,3.38
2012.02.06 17:49:23.007,0.91877,0.91891,1.50,3.38
2012.02.06 17:49:23.200,0.91877,0.91891,3.00,3.38
2012.02.06 17:49:25.282,0.91878,0.91891,1.50,3.38
2012.02.06 17:49:29.835,0.91877,0.91891,3.38,3.38
2012.02.06 17:49:36.728,0.91877,0.91891,3.00,3.38
2012.02.06 17:49:37.242,0.91877,0.91891,2.25,3.38
2012.02.06 17:49:39.138,0.91877,0.91891,2.25,3.38
2012.02.06 17:49:39.339,0.91876,0.9189,1.50,3.38
2012.02.06 17:49:39.878,0.91877,0.9189,3.00,1.88
2012.02.06 17:49:45.618,0.91877,0.9189,2.25,1.88
2012.02.06 17:49:47.293,0.91877,0.9189,2.25,1.88
2012.02.06 17:49:51.057,0.91876,0.9189,3.96,1.88
2012.02.06 17:49:56.228,0.91876,0.9189,3.00,3.38
2012.02.06 17:49:56.747,0.91876,0.91889,2.25,1.88
2012.02.06 17:49:57.356,0.91876,0.91889,1.50,1.88
2012.02.06 17:49:59.029,0.91876,0.9189,1.50,6.38
2012.02.06 17:49:59.230,0.91873,0.91889,3.00,2.25
2012.02.06 17:49:59.648,0.91874,0.9189,2.25,6.38
2012.02.06 17:50:01.160,0.91873,0.91889,2.25,2.63
2012.02.06 17:50:01.788,0.91873,0.91889,2.25,2.25
2012.02.06 17:50:02.397,0.91873,0.91887,1.50,2.25
2012.02.06 17:50:03.077,0.91874,0.91888,1.50,2.25
2012.02.06 17:50:03.859,0.91872,0.91888,3.00,2.25
2012.02.06 17:50:07.788,0.91872,0.91888,2.25,3.15
2012.02.06 17:50:10.828,0.91872,0.91888,2.25,3.15
2012.02.06 17:50:11.910,0.91874,0.91888,1.50,3.15
2012.02.06 17:50:12.048,0.91874,0.91888,1.50,3.15
2012.02.06 17:50:12.550,0.91873,0.91887,1.50,2.63
2012.02.06 17:50:16.849,0.91873,0.91887,1.50,2.63
2012.02.06 17:50:20.187,0.91873,0.91887,2.25,2.63
2012.02.06 17:50:21.099,0.91873,0.91887,2.25,2.63
2012.02.06 17:50:22.101,0.91873,0.91888,1.50,1.50
2012.02.06 17:50:22.169,0.91876,0.91888,1.50,1.50
2012.02.06 17:50:23.809,0.91874,0.91888,1.50,1.50
2012.02.06 17:50:24.872,0.91873,0.91888,2.25,1.50
2012.02.06 17:50:26.259,0.91873,0.91888,2.25,1.65
2012.02.06 17:50:28.234,0.91873,0.91887,1.50,3.00
2012.02.06 17:50:28.609,0.91873,0.91883,1.50,2.25
2012.02.06 17:50:28.687,0.91868,0.9188,1.65,1.50
2012.02.06 17:50:29.513,0.91869,0.9188,2.25,1.50
2012.02.06 17:50:33.095,0.91869,0.91883,3.00,3.30
2012.02.06 17:50:34.286,0.91869,0.91883,2.25,3.00
2012.02.06 17:50:49.982,0.91869,0.91881,3.75,1.50
2012.02.06 17:50:50.510,0.91869,0.91881,4.71,1.50
2012.02.06 17:50:50.588,0.91871,0.91884,2.25,1.50
2012.02.06 17:50:50.728,0.91871,0.91884,2.25,1.50
2012.02.06 17:50:53.465,0.91871,0.91883,3.21,1.50
2012.02.06 17:50:55.043,0.91876,0.91883,2.25,1.50
2012.02.06 17:50:55.128,0.91877,0.91889,1.50,1.88
2012.02.06 17:50:55.848,0.91877,0.91888,1.50,1.50
2012.02.06 17:50:55.999,0.91878,0.91889,1.34,2.63
2012.02.06 17:50:56.149,0.91877,0.91889,1.34,1.88
2012.02.06 17:50:56.879,0.9188,0.91891,3.59,1.50
2012.02.06 17:50:56.965,0.91881,0.91893,3.59,1.50
2012.02.06 17:50:57.044,0.91883,0.91898,1.50,3.75
2012.02.06 17:50:57.399,0.91884,0.91896,1.50,1.50
2012.02.06 17:50:57.908,0.91884,0.91897,2.25,1.50
2012.02.06 17:50:58.479,0.91882,0.91897,3.21,1.50
2012.02.06 17:51:08.269,0.91883,0.91896,3.00,1.50
2012.02.06 17:51:08.794,0.91883,0.91896,3.00,1.50
2012.02.06 17:51:10.638,0.91883,0.91896,3.00,1.50
2012.02.06 17:51:11.317,0.91883,0.91896,3.00,1.50
2012.02.06 17:51:11.819,0.91883,0.91896,2.25,1.50
2012.02.06 17:51:12.378,0.91883,0.91896,3.00,1.50
2012.02.06 17:51:13.118,0.91883,0.91897,3.00,3.00
2012.02.06 17:51:17.202,0.91884,0.91897,1.50,2.63
2012.02.06 17:51:17.430,0.91886,0.91899,2.25,2.63
2012.02.06 17:51:17.573,0.91886,0.919,2.25,2.55
2012.02.06 17:51:17.864,0.91889,0.91901,1.50,2.55
2012.02.06 17:51:18.494,0.91887,0.919,2.25,1.13
2012.02.06 17:51:19.000,0.91887,0.91901,2.25,4.80
2012.02.06 17:51:19.549,0.91887,0.919,2.25,1.13
2012.02.06 17:51:19.903,0.91887,0.919,2.25,1.13
2012.02.06 17:51:20.828,0.91884,0.91898,3.00,4.50
2012.02.06 17:51:21.351,0.91884,0.91896,1.50,1.50
2012.02.06 17:51:22.241,0.91882,0.91894,3.21,1.13
2012.02.06 17:51:22.881,0.91879,0.9189,1.50,1.50
2012.02.06 17:51:23.515,0.91878,0.91891,1.50,2.25
2012.02.06 17:51:23.893,0.91881,0.91892,1.50,1.50
2012.02.06 17:51:24.527,0.91883,0.91897,2.25,2.25
2012.02.06 17:51:25.098,0.91883,0.91898,3.21,1.13
2012.02.06 17:51:25.242,0.91887,0.91898,1.50,1.13
2012.02.06 17:51:26.038,0.91885,0.91898,2.25,1.13
2012.02.06 17:51:26.118,0.91885,0.91899,3.00,1.50
2012.02.06 17:51:26.193,0.91885,0.91899,3.00,1.50
2012.02.06 17:51:26.269,0.91885,0.91899,2.25,1.50
2012.02.06 17:51:27.117,0.91883,0.91898,1.71,2.25
2012.02.06 17:51:27.662,0.91882,0.91898,4.13,2.25
2012.02.06 17:51:28.455,0.91883,0.91898,1.50,2.25
2012.02.06 17:51:28.669,0.91884,0.91898,3.00,2.25
2012.02.06 17:51:28.882,0.91884,0.91898,2.25,2.25
2012.02.06 17:51:30.278,0.91883,0.91898,2.25,2.25
2012.02.06 17:51:31.582,0.91886,0.91899,2.25,1.50
2012.02.06 17:51:36.615,0.91884,0.91898,2.25,2.25
2012.02.06 17:51:38.608,0.91883,0.91897,3.00,2.25
2012.02.06 17:51:39.987,0.91883,0.91897,2.25,3.75
2012.02.06 17:51:40.529,0.91882,0.91896,3.00,2.25
2012.02.06 17:51:41.768,0.91882,0.91896,3.75,2.25
2012.02.06 17:51:43.616,0.91883,0.91896,1.50,2.25
2012.02.06 17:51:44.150,0.91883,0.91896,1.50,2.25
2012.02.06 17:51:49.613,0.91882,0.91896,5.25,2.25
2012.02.06 17:51:50.596,0.91883,0.91896,1.50,1.50
2012.02.06 17:51:51.423,0.91884,0.91898,2.25,3.00
2012.02.06 17:51:52.480,0.91884,0.91898,2.25,3.00
2012.02.06 17:51:52.999,0.91884,0.91898,1.92,1.50
2012.02.06 17:51:53.778,0.91884,0.91898,1.92,1.50
2012.02.06 17:51:54.949,0.91883,0.91898,1.17,3.00
2012.02.06 17:51:55.155,0.91884,0.91898,1.50,2.63
2012.02.06 17:51:55.978,0.91884,0.91897,1.71,1.50
2012.02.06 17:51:56.512,0.91885,0.91898,2.63,2.25
2012.02.06 17:51:58.648,0.91885,0.91898,4.13,1.50
2012.02.06 17:51:59.431,0.91885,0.91898,3.00,1.50
2012.02.06 17:52:02.571,0.91886,0.919,1.50,2.93
2012.02.06 17:52:07.716,0.91886,0.919,3.75,4.43
2012.02.06 17:52:10.147,0.91886,0.919,3.00,4.13
2012.02.06 17:52:13.149,0.91886,0.919,2.25,4.13
2012.02.06 17:52:13.221,0.91886,0.919,2.25,4.13
2012.02.06 17:52:13.810,0.91886,0.919,2.25,4.13
2012.02.06 17:52:14.000,0.91886,0.919,2.25,4.13
2012.02.06 17:52:14.549,0.91886,0.919,2.25,4.13
2012.02.06 17:52:15.190,0.91886,0.919,2.25,4.13
2012.02.06 17:52:15.316,0.91886,0.919,2.25,4.13
2012.02.06 17:52:22.828,0.91886,0.919,2.25,4.13
2012.02.06 17:52:31.441,0.91886,0.919,2.25,2.18
2012.02.06 17:52:31.961,0.91886,0.919,3.00,2.18
2012.02.06 17:52:32.520,0.91886,0.919,1.50,1.88
2012.02.06 17:52:33.856,0.91885,0.919,3.75,1.88
2012.02.06 17:52:34.407,0.91886,0.919,1.50,1.88
2012.02.06 17:52:36.139,0.91886,0.919,2.25,2.18
2012.02.06 17:52:36.946,0.91886,0.919,1.50,2.18
2012.02.06 17:52:37.563,0.91886,0.919,1.50,2.18
2012.02.06 17:52:37.956,0.91885,0.919,3.21,1.88
2012.02.06 17:52:44.962,0.91885,0.919,2.25,1.88
2012.02.06 17:52:45.877,0.91885,0.919,3.00,2.93
2012.02.06 17:52:48.471,0.91885,0.919,2.25,2.63
2012.02.06 17:52:58.516,0.91885,0.919,3.00,1.80
2012.02.06 17:53:02.508,0.91885,0.919,2.25,1.80
2012.02.06 17:53:03.060,0.91885,0.919,2.25,1.80
2012.02.06 17:53:03.576,0.91885,0.919,2.25,1.80
2012.02.06 17:53:04.264,0.91885,0.919,2.25,1.80
2012.02.06 17:53:04.373,0.91885,0.919,2.25,1.80
2012.02.06 17:53:04.591,0.91887,0.919,1.50,1.80
2012.02.06 17:53:05.555,0.91886,0.91901,2.25,2.25
2012.02.06 17:53:06.819,0.91888,0.91902,3.00,1.50
2012.02.06 17:53:07.194,0.91896,0.91908,1.50,3.75
2012.02.06 17:53:07.286,0.91896,0.9191,1.50,2.55
2012.02.06 17:53:08.070,0.91899,0.91909,1.13,2.25
2012.02.06 17:53:08.309,0.91902,0.91912,1.88,1.80
2012.02.06 17:53:08.679,0.91903,0.91914,5.25,1.50
2012.02.06 17:53:08.767,0.91903,0.91917,5.03,2.25
2012.02.06 17:53:08.985,0.91906,0.91917,1.50,1.50
2012.02.06 17:53:09.586,0.91908,0.91918,1.50,1.05
2012.02.06 17:53:09.684,0.91904,0.91918,2.25,1.05
2012.02.06 17:53:09.766,0.91906,0.91918,1.50,1.05
2012.02.06 17:53:10.329,0.91906,0.91918,1.50,1.05
2012.02.06 17:53:11.242,0.91906,0.91918,1.50,1.05
2012.02.06 17:53:12.049,0.91906,0.91918,1.50,1.05
2012.02.06 17:53:12.543,0.91904,0.91917,1.50,1.05
2012.02.06 17:53:12.632,0.91902,0.91917,1.50,1.80
2012.02.06 17:53:13.112,0.91904,0.91918,1.50,3.30
2012.02.06 17:53:13.669,0.91903,0.91917,1.50,2.25
2012.02.06 17:53:15.659,0.91903,0.91917,1.50,2.25
2012.02.06 17:53:16.630,0.919,0.91916,6.00,2.25
2012.02.06 17:53:17.228,0.919,0.91914,3.96,2.25
2012.02.06 17:53:17.779,0.919,0.91916,5.25,2.25
2012.02.06 17:53:17.971,0.919,0.91913,4.50,1.13
2012.02.06 17:53:18.352,0.919,0.91909,1.50,1.88
2012.02.06 17:53:18.706,0.91898,0.91905,1.50,2.25
2012.02.06 17:53:19.550,0.91891,0.91904,1.34,1.13
2012.02.06 17:53:19.637,0.9189,0.91904,1.88,1.88
2012.02.06 17:53:19.940,0.9189,0.91904,1.88,1.88
2012.02.06 17:53:20.552,0.9189,0.91904,1.50,1.88
2012.02.06 17:53:21.362,0.91892,0.91904,1.50,1.88
2012.02.06 17:53:21.503,0.91894,0.91908,2.63,2.25
2012.02.06 17:53:22.477,0.91894,0.91908,3.14,2.25
2012.02.06 17:53:22.640,0.91891,0.91906,1.71,2.25
2012.02.06 17:53:22.715,0.9189,0.91904,2.46,1.50
2012.02.06 17:53:23.282,0.91891,0.91905,1.71,2.25
2012.02.06 17:53:23.845,0.91891,0.91905,1.50,2.25
2012.02.06 17:53:28.031,0.91889,0.91905,2.46,2.25
2012.02.06 17:53:30.888,0.9189,0.91906,2.25,2.25
2012.02.06 17:53:31.415,0.9189,0.91906,1.50,2.25
2012.02.06 17:53:34.283,0.9189,0.91904,1.88,2.63
2012.02.06 17:53:34.631,0.91889,0.91902,2.25,2.25
2012.02.06 17:53:35.111,0.91887,0.91901,4.53,2.25
2012.02.06 17:53:36.039,0.91886,0.91902,4.88,2.25
2012.02.06 17:53:36.581,0.91887,0.91903,1.50,5.63
2012.02.06 17:53:37.153,0.91887,0.91901,1.50,1.50
2012.02.06 17:53:37.708,0.91887,0.91901,1.50,1.50
2012.02.06 17:53:38.927,0.91887,0.91901,1.50,3.38
2012.02.06 17:53:42.050,0.91887,0.91901,1.50,2.63
2012.02.06 17:53:47.847,0.91887,0.91901,1.50,2.63
2012.02.06 17:53:52.493,0.91885,0.91899,3.00,3.15
2012.02.06 17:53:52.567,0.91881,0.91897,1.69,2.25
2012.02.06 17:53:52.980,0.91884,0.91898,1.50,3.75
2012.02.06 17:53:53.540,0.91882,0.91898,3.19,2.63
2012.02.06 17:53:54.102,0.91882,0.91897,1.69,2.25
2012.02.06 17:53:56.271,0.91884,0.91898,1.50,5.25
2012.02.06 17:53:58.422,0.91882,0.91898,2.44,3.38
2012.02.06 17:53:58.710,0.91877,0.91892,2.44,2.25
2012.02.06 17:53:59.136,0.91878,0.91893,1.50,1.88
2012.02.06 17:53:59.428,0.9188,0.91896,1.50,4.88
2012.02.06 17:53:59.839,0.91882,0.91896,1.50,2.63
2012.02.06 17:54:00.446,0.91882,0.91896,1.69,2.25
2012.02.06 17:54:00.679,0.91882,0.91896,1.53,2.25
2012.02.06 17:54:01.032,0.91886,0.91899,1.50,2.25
2012.02.06 17:54:01.172,0.91886,0.919,1.50,2.25
2012.02.06 17:54:01.733,0.91884,0.91898,3.59,1.50
2012.02.06 17:54:02.541,0.91884,0.91897,2.39,1.50
2012.02.06 17:54:02.632,0.91881,0.91897,2.63,3.75
2012.02.06 17:54:02.850,0.91881,0.91895,2.44,1.50
2012.02.06 17:54:03.380,0.91882,0.91896,1.50,2.63
2012.02.06 17:54:04.131,0.9188,0.91896,2.44,2.25
2012.02.06 17:54:04.728,0.91882,0.91896,1.50,2.25
2012.02.06 17:54:11.106,0.91881,0.91895,2.44,1.50
2012.02.06 17:54:11.823,0.91881,0.91895,2.44,1.50
2012.02.06 17:54:12.115,0.91879,0.91892,2.65,1.50
2012.02.06 17:54:12.478,0.91878,0.91892,3.38,2.25
2012.02.06 17:54:12.766,0.91876,0.91892,3.94,2.25
2012.02.06 17:54:13.916,0.91876,0.91892,3.40,2.40
2012.02.06 17:54:14.525,0.91873,0.91884,1.13,2.25
2012.02.06 17:54:14.615,0.9187,0.91884,2.44,2.25
2012.02.06 17:54:14.698,0.91869,0.91882,3.89,2.25
2012.02.06 17:54:15.191,0.91868,0.91882,2.80,2.25
2012.02.06 17:54:15.820,0.91871,0.91884,1.50,2.25
2012.02.06 17:54:16.362,0.9187,0.91886,1.50,3.75
2012.02.06 17:54:16.899,0.91868,0.91884,4.69,2.25
2012.02.06 17:54:17.717,0.91869,0.91881,2.44,1.28
2012.02.06 17:54:18.527,0.91862,0.91876,1.50,3.68
2012.02.06 17:54:19.041,0.91861,0.91875,1.50,4.05
2012.02.06 17:54:19.380,0.91859,0.91873,3.38,2.25
2012.02.06 17:54:19.597,0.91859,0.91875,3.38,2.55
2012.02.06 17:54:19.745,0.91859,0.91875,5.63,2.55
2012.02.06 17:54:20.520,0.91859,0.91873,2.25,2.25
2012.02.06 17:54:23.735,0.91858,0.91871,1.15,1.50
2012.02.06 17:54:24.287,0.91857,0.91871,1.90,1.50
2012.02.06 17:54:25.522,0.91857,0.91868,1.15,1.50
2012.02.06 17:54:26.167,0.91855,0.91864,1.13,1.50
2012.02.06 17:54:26.279,0.9185,0.91864,1.84,1.50
2012.02.06 17:54:26.771,0.9185,0.91864,3.34,1.50
2012.02.06 17:54:28.530,0.9185,0.91863,3.19,1.50
2012.02.06 17:54:29.123,0.91851,0.91865,1.50,2.25
2012.02.06 17:54:31.563,0.91851,0.91863,1.71,1.50
2012.02.06 17:54:32.328,0.91854,0.91863,1.50,1.50
2012.02.06 17:54:32.405,0.91854,0.91865,1.50,1.50
2012.02.06 17:54:33.201,0.91854,0.91864,1.50,1.50
2012.02.06 17:54:33.591,0.91854,0.91864,1.88,1.50
2012.02.06 17:54:33.805,0.91855,0.91866,1.71,1.50
2012.02.06 17:54:33.880,0.91857,0.91866,1.50,1.50
2012.02.06 17:54:34.444,0.91859,0.91867,1.50,1.50
2012.02.06 17:54:34.523,0.9186,0.91869,1.50,1.50
2012.02.06 17:54:35.226,0.91859,0.91868,1.50,1.50
2012.02.06 17:54:35.833,0.91858,0.91869,1.50,1.50
2012.02.06 17:54:36.425,0.91858,0.91869,1.50,1.88
2012.02.06 17:54:36.507,0.91856,0.91869,1.69,4.13
2012.02.06 17:54:36.725,0.91855,0.91866,2.25,1.50
2012.02.06 17:54:36.945,0.91855,0.91866,2.25,1.50
2012.02.06 17:54:37.762,0.91853,0.91865,1.50,1.50
2012.02.06 17:54:37.850,0.91852,0.91866,3.00,1.50
2012.02.06 17:54:37.926,0.91852,0.91865,1.50,1.50
2012.02.06 17:54:38.210,0.91852,0.91867,1.50,1.50
2012.02.06 17:54:38.763,0.91852,0.91867,1.50,1.50
2012.02.06 17:54:38.900,0.91852,0.91865,1.50,1.50
2012.02.06 17:54:39.671,0.91852,0.91865,1.50,1.50
2012.02.06 17:54:42.259,0.91851,0.91865,3.00,1.50
2012.02.06 17:54:42.994,0.91853,0.91866,1.50,1.50
2012.02.06 17:54:43.778,0.91854,0.91869,1.50,4.50
2012.02.06 17:54:44.149,0.91855,0.91867,1.50,2.25
2012.02.06 17:54:44.223,0.9185,0.91864,2.59,1.50
2012.02.06 17:54:44.728,0.9185,0.91862,1.09,1.50
2012.02.06 17:54:45.661,0.91851,0.91864,1.13,1.50
2012.02.06 17:54:46.212,0.91852,0.91866,3.19,2.25
2012.02.06 17:54:46.718,0.91851,0.91867,2.78,2.25
2012.02.06 17:54:47.381,0.91851,0.91865,1.09,2.25
2012.02.06 17:54:48.450,0.91851,0.91867,3.00,2.25
2012.02.06 17:54:48.988,0.91854,0.91865,1.56,1.50
2012.02.06 17:54:49.074,0.91856,0.9187,1.50,2.25
2012.02.06 17:54:49.156,0.91856,0.91867,1.50,1.50
2012.02.06 17:54:49.371,0.91855,0.91867,1.50,1.50
2012.02.06 17:54:49.581,0.91854,0.9187,2.44,3.75
2012.02.06 17:54:51.601,0.91855,0.91868,1.69,1.50
2012.02.06 17:54:52.535,0.91855,0.9187,1.69,2.25
2012.02.06 17:54:52.703,0.91852,0.91867,2.44,2.25
2012.02.06 17:54:52.922,0.91854,0.91868,3.00,1.50
2012.02.06 17:54:53.625,0.91854,0.9187,3.00,3.00
2012.02.06 17:54:54.161,0.91856,0.9187,1.69,3.00
2012.02.06 17:54:55.751,0.91856,0.9187,3.19,2.25
2012.02.06 17:54:56.270,0.91856,0.9187,3.00,2.25
2012.02.06 17:54:56.419,0.91858,0.91871,1.50,3.38
2012.02.06 17:54:56.797,0.91862,0.91876,2.44,2.25
2012.02.06 17:54:57.711,0.91864,0.91877,1.50,2.25
2012.02.06 17:54:58.222,0.91864,0.91878,3.84,3.38
2012.02.06 17:54:58.573,0.91864,0.91876,1.55,1.80
2012.02.06 17:54:58.931,0.91862,0.91875,1.03,2.55
2012.02.06 17:54:59.569,0.91862,0.91876,1.03,1.05
2012.02.06 17:55:01.053,0.91862,0.91876,2.53,2.55
2012.02.06 17:55:01.601,0.91861,0.91875,1.69,3.68
2012.02.06 17:55:02.512,0.91861,0.91875,1.50,2.25
2012.02.06 17:55:02.581,0.91861,0.91875,2.25,2.25
2012.02.06 17:55:03.908,0.91861,0.91875,3.00,2.55
2012.02.06 17:55:04.414,0.91862,0.91876,3.00,1.80
2012.02.06 17:55:06.466,0.91861,0.91875,3.75,1.50
2012.02.06 17:55:08.950,0.91861,0.91875,2.25,2.55
2012.02.06 17:55:13.146,0.91858,0.91874,3.00,3.75
2012.02.06 17:55:13.707,0.91858,0.91874,3.00,4.50
2012.02.06 17:55:23.811,0.9186,0.91874,1.50,2.25
2012.02.06 17:55:24.654,0.91859,0.91873,2.25,1.50
2012.02.06 17:55:24.804,0.91861,0.91874,1.50,2.25
2012.02.06 17:55:25.160,0.91864,0.91875,1.50,1.43
2012.02.06 17:55:25.299,0.91862,0.91875,2.25,1.43
2012.02.06 17:55:28.661,0.91862,0.91875,2.25,1.05
2012.02.06 17:55:30.922,0.91863,0.91875,1.50,1.50
2012.02.06 17:55:31.429,0.91863,0.91876,1.50,1.05
2012.02.06 17:55:32.396,0.91864,0.91876,2.09,1.05
2012.02.06 17:55:32.485,0.91867,0.91878,2.25,1.88
2012.02.06 17:55:32.779,0.91872,0.91882,1.50,3.75
2012.02.06 17:55:32.923,0.91872,0.91881,1.50,1.50
2012.02.06 17:55:33.144,0.91874,0.91883,1.50,3.00
2012.02.06 17:55:33.502,0.91871,0.91882,1.50,2.25
2012.02.06 17:55:34.165,0.91871,0.91884,1.13,4.88
2012.02.06 17:55:34.747,0.91872,0.91884,1.50,1.50
2012.02.06 17:55:35.299,0.91872,0.91884,2.25,1.50
2012.02.06 17:55:38.260,0.91873,0.91885,1.50,3.75
2012.02.06 17:55:38.959,0.91872,0.91883,2.25,1.50
2012.02.06 17:55:40.058,0.91872,0.91883,2.25,1.50
2012.02.06 17:55:42.484,0.91868,0.91881,1.50,1.50
2012.02.06 17:55:42.564,0.91868,0.91881,1.50,1.50
2012.02.06 17:55:44.250,0.91867,0.91881,3.94,1.50
2012.02.06 17:55:44.449,0.91867,0.91881,3.94,1.50
2012.02.06 17:55:44.981,0.9187,0.91881,1.50,1.50
2012.02.06 17:55:45.684,0.9187,0.91881,1.50,1.50
2012.02.06 17:55:46.822,0.91867,0.91881,1.50,1.50
2012.02.06 17:55:47.247,0.91868,0.91881,1.50,3.38
2012.02.06 17:55:47.465,0.91865,0.91879,1.69,1.13
2012.02.06 17:55:48.161,0.91864,0.91876,1.69,1.50
2012.02.06 17:55:48.720,0.91864,0.91876,1.50,1.50
2012.02.06 17:55:49.318,0.91864,0.91876,1.50,1.50
2012.02.06 17:55:49.589,0.91865,0.91878,1.69,3.00
2012.02.06 17:55:54.139,0.91863,0.91876,2.09,1.50
2012.02.06 17:55:55.049,0.91864,0.91878,1.69,1.50
2012.02.06 17:55:55.499,0.91864,0.91879,1.69,2.25
2012.02.06 17:55:56.078,0.91862,0.91875,3.40,1.50
2012.02.06 17:55:59.513,0.91862,0.91875,1.71,3.00
2012.02.06 17:55:59.799,0.91859,0.91871,1.80,1.13
2012.02.06 17:56:00.016,0.91858,0.9187,1.50,1.13
2012.02.06 17:56:00.728,0.91854,0.91864,2.25,1.50
2012.02.06 17:56:00.812,0.91854,0.91866,2.25,1.50
2012.02.06 17:56:00.954,0.91854,0.91866,2.25,1.50
2012.02.06 17:56:01.312,0.91855,0.91866,2.25,1.50
2012.02.06 17:56:01.859,0.91854,0.91865,2.25,1.50
2012.02.06 17:56:02.000,0.91854,0.91865,2.25,1.50
2012.02.06 17:56:02.618,0.91854,0.91866,2.25,1.50
2012.02.06 17:56:03.406,0.91854,0.91867,2.25,1.50
2012.02.06 17:56:03.552,0.91854,0.91867,3.00,1.50
2012.02.06 17:56:06.788,0.91854,0.91866,2.44,1.50
2012.02.06 17:56:07.331,0.91854,0.91866,1.50,1.50
2012.02.06 17:56:07.985,0.91854,0.91867,3.00,1.50
2012.02.06 17:56:10.311,0.91854,0.91866,1.50,1.50
2012.02.06 17:56:12.492,0.91854,0.91866,3.19,1.50
2012.02.06 17:56:12.759,0.91854,0.91866,3.19,1.50
2012.02.06 17:56:14.432,0.91854,0.91866,3.00,1.50
2012.02.06 17:56:14.992,0.91854,0.91866,3.00,1.50
2012.02.06 17:56:15.943,0.91854,0.91866,2.25,1.50
2012.02.06 17:56:16.911,0.91854,0.91866,2.25,1.50
2012.02.06 17:56:17.337,0.91854,0.91864,2.25,1.50
2012.02.06 17:56:18.132,0.91854,0.91865,2.25,1.50
2012.02.06 17:56:22.020,0.91853,0.91864,1.50,1.50
2012.02.06 17:56:25.706,0.91851,0.91866,3.94,1.50
2012.02.06 17:56:26.260,0.91851,0.91865,2.44,3.00
2012.02.06 17:56:28.348,0.91851,0.91866,2.44,2.25
2012.02.06 17:56:29.727,0.91851,0.91863,2.44,1.50
2012.02.06 17:56:31.919,0.91851,0.91863,2.25,1.50
2012.02.06 17:56:34.021,0.91851,0.91864,2.44,1.50
2012.02.06 17:56:35.811,0.91851,0.91864,3.25,1.50
2012.02.06 17:56:35.902,0.91854,0.91869,1.75,6.00
2012.02.06 17:56:36.060,0.91858,0.9187,1.50,3.00
2012.02.06 17:56:36.277,0.91858,0.91871,3.00,1.13
2012.02.06 17:56:36.712,0.9186,0.91873,1.50,1.88
2012.02.06 17:56:37.261,0.9186,0.91873,1.50,1.50
2012.02.06 17:56:38.103,0.91856,0.91872,2.25,3.00
2012.02.06 17:56:38.188,0.91856,0.91872,2.25,2.25
2012.02.06 17:56:38.260,0.91859,0.91873,1.50,3.38
2012.02.06 17:56:41.187,0.91858,0.91872,1.50,1.50
2012.02.06 17:56:42.258,0.91859,0.91872,1.50,1.50
2012.02.06 17:56:42.619,0.91859,0.91872,1.50,2.25
2012.02.06 17:56:47.029,0.91859,0.91872,1.50,2.25
2012.02.06 17:56:47.913,0.9186,0.91872,1.50,2.25
2012.02.06 17:56:48.469,0.9186,0.91872,1.50,1.50
2012.02.06 17:56:49.023,0.91859,0.91872,2.25,1.50
2012.02.06 17:56:52.590,0.9186,0.91873,1.88,1.50
2012.02.06 17:56:52.955,0.91867,0.91878,2.25,2.25
2012.02.06 17:56:53.040,0.91867,0.9188,2.25,5.25
2012.02.06 17:56:53.120,0.91867,0.91878,2.25,1.50
2012.02.06 17:56:53.732,0.91871,0.91878,1.50,1.50
2012.02.06 17:56:53.837,0.91871,0.91883,1.50,1.43
2012.02.06 17:56:54.102,0.91868,0.91883,3.00,1.43
2012.02.06 17:56:54.169,0.9187,0.91883,1.50,1.43
2012.02.06 17:56:54.738,0.9187,0.91884,1.50,2.55
2012.02.06 17:56:55.302,0.91871,0.91884,2.25,1.05
2012.02.06 17:56:59.723,0.91871,0.91884,2.25,1.05
2012.02.06 17:57:00.399,0.91871,0.91884,2.25,1.05
2012.02.06 17:57:00.951,0.9187,0.91884,2.63,2.25
2012.02.06 17:57:01.303,0.91868,0.91881,2.25,1.50
2012.02.06 17:57:01.870,0.91867,0.91881,3.00,1.50
2012.02.06 17:57:04.320,0.91867,0.9188,3.19,1.50
2012.02.06 17:57:13.241,0.91866,0.9188,1.13,1.50
2012.02.06 17:57:14.678,0.91866,0.9188,2.25,1.50
2012.02.06 17:57:23.079,0.91866,0.91882,2.25,1.88
2012.02.06 17:57:25.076,0.91866,0.91882,2.44,2.63
2012.02.06 17:57:25.680,0.91866,0.91878,1.69,1.50
2012.02.06 17:57:26.219,0.91865,0.91879,3.00,1.50
2012.02.06 17:57:34.217,0.91869,0.91879,1.50,1.50
2012.02.06 17:57:38.320,0.9187,0.91879,1.50,1.50
2012.02.06 17:57:39.919,0.9187,0.9188,1.50,1.50
2012.02.06 17:57:40.450,0.9187,0.91881,1.50,1.50
2012.02.06 17:57:47.902,0.91871,0.91882,1.50,1.50
2012.02.06 17:57:48.602,0.91871,0.9188,1.50,1.50
2012.02.06 17:57:53.141,0.91869,0.91882,1.50,3.00
2012.02.06 17:57:57.308,0.91869,0.91881,1.50,1.50
2012.02.06 17:58:00.198,0.91869,0.91881,1.50,1.50
2012.02.06 17:58:00.837,0.91863,0.91875,3.59,1.88
2012.02.06 17:58:01.342,0.91863,0.91875,2.25,1.50
2012.02.06 17:58:02.333,0.91863,0.91876,1.50,2.25
2012.02.06 17:58:02.811,0.91868,0.91878,1.50,1.50
2012.02.06 17:58:03.860,0.91867,0.91878,1.50,1.50
2012.02.06 17:58:04.210,0.91867,0.91877,2.25,2.18
2012.02.06 17:58:04.564,0.91859,0.91872,2.25,2.25
2012.02.06 17:58:04.862,0.91857,0.9187,1.50,1.50
2012.02.06 17:58:04.934,0.91857,0.91872,1.50,1.50
2012.02.06 17:58:07.691,0.91856,0.91871,1.50,1.50
2012.02.06 17:58:08.253,0.91857,0.91871,3.00,1.50
2012.02.06 17:58:08.762,0.91857,0.91871,3.00,1.50
2012.02.06 17:58:09.544,0.91857,0.9187,1.50,1.50
2012.02.06 17:58:12.279,0.91857,0.9187,2.25,1.50
2012.02.06 17:58:12.539,0.91859,0.91872,1.50,5.25
2012.02.06 17:58:13.079,0.91859,0.91871,1.50,1.50
2012.02.06 17:58:14.735,0.91858,0.91871,1.50,1.50
2012.02.06 17:58:15.328,0.91858,0.91871,1.50,1.50
2012.02.06 17:58:15.859,0.91859,0.91871,1.50,1.50
2012.02.06 17:58:20.650,0.91859,0.91871,1.50,1.50
2012.02.06 17:58:23.320,0.91858,0.91871,1.50,1.50
2012.02.06 17:58:23.886,0.91858,0.91871,1.50,1.50
2012.02.06 17:58:26.723,0.91857,0.91867,2.63,2.25
2012.02.06 17:58:26.862,0.91855,0.91871,2.25,2.25
2012.02.06 17:58:27.140,0.91858,0.91871,1.50,1.50
2012.02.06 17:58:27.679,0.91858,0.91873,1.50,2.25
2012.02.06 17:58:29.094,0.91859,0.91873,1.50,2.25
2012.02.06 17:58:29.657,0.91858,0.91873,1.50,2.25
2012.02.06 17:58:34.058,0.91857,0.91873,3.00,2.25
2012.02.06 17:58:34.251,0.91861,0.91874,1.50,2.25
2012.02.06 17:58:34.859,0.91862,0.91875,2.25,1.13
2012.02.06 17:58:35.622,0.91862,0.91875,2.25,1.13
2012.02.06 17:58:36.189,0.91862,0.91876,2.25,3.30
2012.02.06 17:58:36.941,0.91862,0.91876,2.25,2.93
2012.02.06 17:58:37.621,0.91863,0.91878,2.25,1.08
2012.02.06 17:58:39.045,0.91863,0.91876,1.50,1.80
2012.02.06 17:58:39.600,0.91862,0.91876,2.25,1.80
2012.02.06 17:58:41.451,0.9186,0.91876,3.00,1.80
2012.02.06 17:58:41.990,0.9186,0.91876,3.00,1.80
2012.02.06 17:58:44.922,0.91861,0.91877,2.25,2.10
2012.02.06 17:58:45.856,0.91861,0.91877,2.25,2.10
2012.02.06 17:58:46.668,0.91861,0.91877,2.25,2.10
2012.02.06 17:58:47.218,0.91861,0.91877,2.25,2.10
2012.02.06 17:58:51.120,0.91863,0.91877,1.50,3.00
2012.02.06 17:58:51.638,0.91863,0.91877,1.50,3.00
2012.02.06 17:58:52.041,0.91868,0.91879,1.50,2.63
2012.02.06 17:58:52.605,0.91868,0.9188,3.00,2.63
2012.02.06 17:58:55.099,0.91868,0.9188,3.00,2.63
2012.02.06 17:58:57.410,0.91871,0.9188,1.50,2.63
2012.02.06 17:58:57.555,0.9187,0.9188,1.50,5.63
2012.02.06 17:58:57.912,0.91865,0.91877,1.50,1.50
2012.02.06 17:58:58.580,0.91865,0.91877,1.50,2.25
2012.02.06 17:58:58.658,0.91863,0.91877,3.00,1.50
2012.02.06 17:58:59.224,0.91866,0.91877,1.50,1.50
2012.02.06 17:58:59.511,0.91863,0.91875,2.25,2.25
2012.02.06 17:58:59.581,0.91863,0.91877,2.25,3.75
2012.02.06 17:58:59.651,0.91863,0.91877,2.25,4.13
2012.02.06 17:59:03.841,0.91863,0.91877,2.25,4.13
2012.02.06 17:59:06.360,0.91862,0.91876,3.75,1.50
2012.02.06 17:59:06.899,0.91863,0.91875,1.50,1.50
2012.02.06 17:59:08.192,0.91863,0.91877,1.50,3.00
2012.02.06 17:59:09.130,0.91863,0.91877,1.50,2.25
2012.02.06 17:59:09.491,0.91862,0.91872,2.25,1.50
2012.02.06 17:59:10.202,0.91862,0.91872,2.25,1.50
2012.02.06 17:59:10.275,0.91862,0.91877,2.25,2.10
2012.02.06 17:59:10.884,0.91865,0.91877,1.50,1.80
2012.02.06 17:59:12.252,0.91865,0.91877,1.50,1.80
2012.02.06 17:59:12.810,0.91866,0.91877,1.50,1.80
2012.02.06 17:59:13.369,0.91867,0.91877,2.25,1.80
2012.02.06 17:59:15.242,0.91867,0.91877,1.50,2.10
2012.02.06 17:59:17.402,0.91867,0.91877,2.25,1.80
2012.02.06 17:59:17.620,0.91869,0.91879,1.88,2.18
2012.02.06 17:59:17.777,0.91872,0.91882,1.50,1.13
2012.02.06 17:59:17.930,0.91871,0.91882,1.50,1.13
2012.02.06 17:59:19.030,0.9187,0.91883,1.50,1.88
2012.02.06 17:59:19.360,0.91872,0.91883,1.50,2.93
2012.02.06 17:59:21.318,0.91875,0.91883,1.50,2.25
2012.02.06 17:59:21.540,0.91877,0.91887,1.50,1.13
2012.02.06 17:59:22.165,0.9188,0.91891,1.50,1.88
2012.02.06 17:59:22.883,0.91879,0.91892,1.50,4.43
2012.02.06 17:59:24.144,0.91878,0.91892,3.00,4.43
2012.02.06 17:59:24.221,0.91878,0.91892,3.00,1.80
2012.02.06 17:59:25.032,0.91878,0.91891,1.50,1.50
2012.02.06 17:59:26.081,0.91878,0.91892,1.50,1.88
2012.02.06 17:59:26.710,0.91879,0.91891,1.50,1.50
2012.02.06 17:59:27.409,0.91878,0.91892,1.50,1.50
2012.02.06 17:59:29.482,0.91878,0.91891,1.50,1.50
2012.02.06 17:59:31.910,0.91877,0.9189,2.25,3.38
2012.02.06 17:59:31.984,0.91876,0.91887,1.50,1.50
2012.02.06 17:59:32.347,0.91878,0.9189,1.50,2.63
2012.02.06 17:59:32.637,0.91879,0.9189,2.25,1.13
2012.02.06 17:59:33.397,0.91878,0.91892,1.50,1.88
2012.02.06 17:59:33.820,0.91878,0.91888,1.50,1.50
2012.02.06 17:59:34.170,0.91879,0.91888,1.50,1.50
2012.02.06 17:59:34.429,0.91879,0.9189,1.50,1.88
2012.02.06 17:59:36.046,0.91879,0.91892,1.50,1.05
2012.02.06 17:59:37.181,0.91879,0.91892,1.50,2.18
2012.02.06 17:59:37.799,0.91879,0.9189,1.50,1.13
2012.02.06 17:59:37.873,0.91878,0.91887,2.25,1.13
2012.02.06 17:59:38.080,0.91873,0.91886,1.50,1.50
2012.02.06 17:59:38.362,0.91873,0.91881,1.50,1.13
2012.02.06 17:59:38.912,0.91871,0.91881,1.50,1.13
2012.02.06 17:59:39.055,0.91876,0.91886,1.50,2.25
2012.02.06 17:59:39.659,0.91876,0.91887,1.50,3.38
2012.02.06 17:59:39.899,0.91877,0.9189,3.00,2.25
2012.02.06 17:59:39.975,0.91879,0.9189,1.50,1.50
2012.02.06 17:59:40.541,0.91879,0.9189,1.50,1.50
2012.02.06 17:59:41.727,0.91879,0.91892,1.50,4.05
2012.02.06 17:59:42.080,0.91879,0.91892,1.50,1.50
2012.02.06 17:59:43.275,0.91882,0.9189,1.50,1.13
2012.02.06 17:59:43.810,0.91878,0.9189,2.25,1.13
2012.02.06 17:59:44.853,0.91878,0.9189,2.25,1.13
2012.02.06 17:59:45.129,0.91878,0.91891,2.25,1.13
2012.02.06 17:59:45.814,0.91882,0.91892,2.33,2.25
2012.02.06 17:59:45.906,0.91886,0.91896,1.50,1.28
2012.02.06 17:59:45.993,0.91886,0.919,1.50,1.50
2012.02.06 17:59:46.075,0.9189,0.919,1.50,1.05
2012.02.06 17:59:46.160,0.91889,0.91903,3.75,5.79
2012.02.06 17:59:47.140,0.91889,0.91896,1.50,1.68
2012.02.06 17:59:47.352,0.91888,0.91897,1.50,1.89
2012.02.06 17:59:47.560,0.9189,0.91899,1.50,1.13
2012.02.06 17:59:47.902,0.91888,0.91897,1.50,1.50
2012.02.06 17:59:47.972,0.91888,0.91899,3.00,1.13
2012.02.06 17:59:48.561,0.91888,0.91899,1.50,3.00
2012.02.06 17:59:48.842,0.91885,0.91896,2.25,1.50
2012.02.06 17:59:50.292,0.91885,0.91896,1.50,1.50
2012.02.06 17:59:50.371,0.91886,0.91898,2.25,2.25
2012.02.06 17:59:50.446,0.91889,0.919,1.50,1.05
2012.02.06 17:59:51.018,0.91889,0.91902,1.50,1.80
2012.02.06 17:59:51.706,0.91888,0.91901,2.25,1.05
2012.02.06 17:59:52.566,0.91891,0.91901,1.50,1.80
2012.02.06 17:59:53.081,0.91893,0.91903,1.50,2.58
2012.02.06 17:59:53.545,0.91893,0.91898,1.50,1.50
2012.02.06 17:59:53.630,0.91892,0.91898,1.50,1.50
2012.02.06 17:59:53.710,0.91892,0.919,1.50,1.50
2012.02.06 17:59:53.856,0.91894,0.91907,1.50,1.88
2012.02.06 17:59:54.422,0.91895,0.91908,1.50,2.63
2012.02.06 17:59:55.220,0.91895,0.91909,1.50,3.68
2012.02.06 17:59:55.575,0.91895,0.91909,1.50,2.93
2012.02.06 17:59:56.280,0.91896,0.91909,1.50,1.88
2012.02.06 17:59:56.843,0.91896,0.91909,1.50,1.88
2012.02.06 17:59:57.593,0.91895,0.91909,2.25,2.18
2012.02.06 17:59:57.942,0.91893,0.91907,2.25,1.50
2012.02.06 17:59:58.227,0.91899,0.91909,1.50,2.55
2012.02.06 17:59:58.527,0.91907,0.91916,1.50,2.03
2012.02.06 17:59:58.606,0.91907,0.91916,1.50,2.31
2012.02.06 17:59:58.755,0.91902,0.91916,3.00,2.31
2012.02.06 17:59:58.902,0.91902,0.91916,2.25,3.36
2012.02.06 17:59:59.671,0.91902,0.91915,2.25,2.25
2012.02.06 17:59:59.830,0.919,0.91911,1.50,2.63
