2010.09.23 17:00:00.199,0.9837,0.9839,3.40,20.60
2010.09.23 17:00:00.557,0.9837,0.98385,4.80,1.40
2010.09.23 17:00:01.395,0.9837,0.98385,5.60,1.40
2010.09.23 17:00:01.727,0.9838,0.9839,1.60,8.80
2010.09.23 17:00:02.548,0.9838,0.9839,1.60,4.00
2010.09.23 17:00:02.910,0.9838,0.98395,1.60,3.00
2010.09.23 17:00:04.721,0.9838,0.98395,1.60,1.40
2010.09.23 17:00:05.563,0.98375,0.9839,4.00,1.40
2010.09.23 17:00:05.739,0.98375,0.9839,3.20,1.40
2010.09.23 17:00:06.066,0.9838,0.9839,3.20,1.00
2010.09.23 17:00:07.053,0.9838,0.98395,3.20,3.80
2010.09.23 17:00:08.527,0.98375,0.98385,4.00,1.00
2010.09.23 17:00:08.852,0.98375,0.98385,2.40,1.00
2010.09.23 17:00:09.588,0.98375,0.98385,1.60,1.40
2010.09.23 17:00:09.931,0.9837,0.98385,3.20,1.00
2010.09.23 17:00:11.641,0.9837,0.9838,3.20,1.00
2010.09.23 17:00:11.949,0.9837,0.98375,1.00,1.00
2010.09.23 17:00:12.507,0.98365,0.98375,3.20,1.00
2010.09.23 17:00:12.828,0.98365,0.98375,1.60,1.00
2010.09.23 17:00:16.232,0.98365,0.9837,1.00,1.00
2010.09.23 17:00:16.824,0.9836,0.9837,2.40,1.00
2010.09.23 17:00:16.914,0.9836,0.9837,1.00,1.00
2010.09.23 17:00:19.214,0.9836,0.9837,1.00,1.40
2010.09.23 17:00:19.497,0.98345,0.9836,3.40,8.00
2010.09.23 17:00:19.781,0.9835,0.9836,1.60,8.00
2010.09.23 17:00:20.328,0.98345,0.9836,4.20,8.00
2010.09.23 17:00:21.076,0.98345,0.9836,3.20,17.40
2010.09.23 17:00:21.430,0.98345,0.98355,3.20,1.00
2010.09.23 17:00:21.588,0.98345,0.9836,3.20,4.60
2010.09.23 17:00:21.749,0.98345,0.9836,3.40,3.20
2010.09.23 17:00:21.909,0.98345,0.9836,3.40,1.00
2010.09.23 17:00:22.509,0.9835,0.98365,1.60,12.60
2010.09.23 17:00:22.741,0.98345,0.98365,5.00,8.60
2010.09.23 17:00:24.196,0.98345,0.98365,5.00,8.00
2010.09.23 17:00:24.909,0.98345,0.98365,4.20,8.00
2010.09.23 17:00:25.095,0.98345,0.98365,3.40,8.00
2010.09.23 17:00:26.854,0.98345,0.9836,3.40,1.00
2010.09.23 17:00:27.053,0.98345,0.9836,3.20,2.40
2010.09.23 17:00:28.061,0.9835,0.98365,1.60,8.40
2010.09.23 17:00:28.372,0.9835,0.98365,1.60,9.60
2010.09.23 17:00:30.078,0.9835,0.9836,1.60,10.20
2010.09.23 17:00:30.377,0.98345,0.9836,3.20,1.00
2010.09.23 17:00:32.719,0.98345,0.98365,3.20,21.40
2010.09.23 17:00:32.927,0.98345,0.98365,3.20,23.80
2010.09.23 17:00:33.850,0.98345,0.98365,3.20,23.00
2010.09.23 17:00:34.089,0.98345,0.9836,3.20,1.00
2010.09.23 17:00:38.987,0.9835,0.98365,1.60,23.00
2010.09.23 17:00:42.248,0.9835,0.9836,1.60,1.00
2010.09.23 17:00:44.918,0.9835,0.98365,1.60,23.00
2010.09.23 17:00:47.640,0.9835,0.98365,2.40,18.20
2010.09.23 17:00:47.791,0.98355,0.98365,1.60,10.20
2010.09.23 17:00:48.141,0.98355,0.98365,1.60,11.80
2010.09.23 17:00:50.509,0.98355,0.9837,2.40,10.00
2010.09.23 17:00:51.183,0.98355,0.9837,2.40,4.00
2010.09.23 17:00:51.356,0.98355,0.9837,2.40,3.20
2010.09.23 17:00:51.836,0.98355,0.9837,2.40,4.00
2010.09.23 17:00:53.834,0.98355,0.9837,2.40,4.80
2010.09.23 17:00:54.533,0.98355,0.98365,2.40,1.00
2010.09.23 17:00:54.817,0.98355,0.98365,1.60,1.00
2010.09.23 17:00:59.771,0.98355,0.98365,2.40,1.00
2010.09.23 17:01:00.010,0.98355,0.9837,2.40,21.00
2010.09.23 17:01:00.893,0.98355,0.98365,1.60,1.00
2010.09.23 17:01:06.372,0.98355,0.9837,1.00,20.20
2010.09.23 17:01:06.757,0.98355,0.9837,1.00,21.00
2010.09.23 17:01:10.656,0.9835,0.9837,4.80,22.60
2010.09.23 17:01:10.926,0.9835,0.9837,4.80,23.40
2010.09.23 17:01:11.713,0.98355,0.9837,1.60,19.40
2010.09.23 17:01:12.306,0.98355,0.98365,1.60,1.00
2010.09.23 17:01:17.956,0.98355,0.98365,1.60,1.60
2010.09.23 17:01:17.997,0.9835,0.98365,4.00,2.40
2010.09.23 17:01:20.169,0.9835,0.98365,2.40,2.40
2010.09.23 17:01:21.286,0.98355,0.98365,1.60,2.40
2010.09.23 17:01:25.626,0.9835,0.98365,2.40,2.40
2010.09.23 17:01:26.095,0.9835,0.98365,2.40,3.20
2010.09.23 17:01:26.982,0.9835,0.98365,2.40,2.40
2010.09.23 17:01:27.804,0.98355,0.98365,1.60,2.40
2010.09.23 17:01:28.441,0.9835,0.98365,2.40,2.40
2010.09.23 17:01:28.941,0.9835,0.98365,2.40,4.00
2010.09.23 17:01:29.290,0.98355,0.98365,1.60,4.00
2010.09.23 17:01:30.149,0.9835,0.98365,2.40,4.00
2010.09.23 17:01:31.496,0.98355,0.98365,1.60,4.00
2010.09.23 17:01:32.435,0.98355,0.98365,1.60,2.40
2010.09.23 17:01:33.334,0.9835,0.98365,2.40,2.40
2010.09.23 17:01:47.356,0.9835,0.98365,2.40,1.60
2010.09.23 17:01:48.005,0.98355,0.9837,1.60,17.00
2010.09.23 17:01:48.363,0.98355,0.9837,1.60,15.40
2010.09.23 17:01:50.856,0.98355,0.9837,1.60,17.00
2010.09.23 17:01:52.242,0.9835,0.9837,3.20,19.40
2010.09.23 17:01:52.420,0.9835,0.9837,3.20,17.00
2010.09.23 17:01:53.090,0.98355,0.9837,1.60,17.00
2010.09.23 17:01:54.384,0.98355,0.9837,1.60,13.00
2010.09.23 17:01:54.663,0.98355,0.9837,1.60,11.40
2010.09.23 17:01:55.474,0.98355,0.9837,2.40,10.60
2010.09.23 17:01:55.823,0.98355,0.9837,4.80,10.60
2010.09.23 17:01:58.834,0.98355,0.9837,4.80,9.00
2010.09.23 17:02:00.284,0.98355,0.9837,4.80,1.00
2010.09.23 17:02:00.541,0.9836,0.98375,2.40,1.00
2010.09.23 17:02:00.795,0.9837,0.98385,2.40,3.20
2010.09.23 17:02:01.377,0.9837,0.98385,2.40,2.40
2010.09.23 17:02:01.727,0.98375,0.9839,1.60,13.00
2010.09.23 17:02:03.269,0.98375,0.9839,1.60,4.00
2010.09.23 17:02:03.623,0.98375,0.9839,3.20,4.00
2010.09.23 17:02:03.821,0.98375,0.9839,1.60,4.00
2010.09.23 17:02:05.422,0.9837,0.98385,2.40,1.00
2010.09.23 17:02:06.256,0.98375,0.9839,1.60,13.80
2010.09.23 17:02:06.493,0.98375,0.9839,3.20,12.20
2010.09.23 17:02:06.731,0.98375,0.9839,3.20,11.40
2010.09.23 17:02:06.918,0.98375,0.9839,3.20,9.80
2010.09.23 17:02:07.783,0.98375,0.9839,3.20,8.80
2010.09.23 17:02:07.973,0.98375,0.98395,1.60,21.10
2010.09.23 17:02:08.336,0.98375,0.98395,1.60,17.10
2010.09.23 17:02:10.240,0.98375,0.98395,2.40,17.10
2010.09.23 17:02:10.391,0.98375,0.98395,4.00,17.10
2010.09.23 17:02:10.540,0.98375,0.98395,3.20,17.10
2010.09.23 17:02:11.149,0.98375,0.98395,4.80,17.10
2010.09.23 17:02:15.393,0.98375,0.98395,4.80,17.00
2010.09.23 17:02:16.595,0.98375,0.98385,4.80,1.00
2010.09.23 17:02:16.758,0.9838,0.98385,1.60,1.00
2010.09.23 17:02:16.837,0.9838,0.9839,1.60,10.00
2010.09.23 17:02:16.917,0.9838,0.9839,1.60,10.20
2010.09.23 17:02:16.995,0.9838,0.9839,1.60,9.40
2010.09.23 17:02:17.543,0.9838,0.9839,1.60,9.80
2010.09.23 17:02:17.701,0.98375,0.9839,3.20,10.60
2010.09.23 17:02:20.796,0.98375,0.9839,3.20,9.00
2010.09.23 17:02:20.947,0.98375,0.9839,3.20,9.80
2010.09.23 17:02:24.907,0.98375,0.9839,3.20,10.60
2010.09.23 17:02:28.459,0.98375,0.98385,3.20,1.00
2010.09.23 17:02:28.557,0.98375,0.98385,3.20,8.20
2010.09.23 17:02:28.659,0.98375,0.98385,1.60,8.20
2010.09.23 17:02:28.758,0.98375,0.98385,1.00,8.20
2010.09.23 17:02:31.067,0.98375,0.9838,1.00,1.00
2010.09.23 17:02:33.155,0.98375,0.9838,8.80,1.00
2010.09.23 17:02:36.850,0.98375,0.9838,4.00,1.00
2010.09.23 17:02:38.450,0.9837,0.9838,10.40,1.00
2010.09.23 17:02:38.639,0.9837,0.9838,8.80,1.00
2010.09.23 17:02:39.007,0.9837,0.9838,4.80,1.00
2010.09.23 17:02:42.127,0.9837,0.9838,1.00,1.00
2010.09.23 17:02:43.765,0.9837,0.9838,1.00,1.00
2010.09.23 17:02:45.539,0.98365,0.9838,3.20,1.00
2010.09.23 17:02:46.265,0.9837,0.9838,1.00,1.00
2010.09.23 17:02:51.752,0.9837,0.9838,1.00,1.00
2010.09.23 17:03:11.399,0.98365,0.9838,1.60,1.00
2010.09.23 17:03:13.269,0.9837,0.9838,1.00,1.00
2010.09.23 17:03:14.149,0.9837,0.9838,1.00,1.00
2010.09.23 17:03:14.998,0.9837,0.9838,1.60,1.00
2010.09.23 17:03:19.650,0.9837,0.98385,1.60,6.40
2010.09.23 17:03:19.766,0.9837,0.98385,1.60,1.60
2010.09.23 17:03:19.879,0.9837,0.98385,1.60,1.00
2010.09.23 17:03:19.995,0.9837,0.9839,3.20,23.00
2010.09.23 17:03:20.107,0.98375,0.9839,1.00,19.00
2010.09.23 17:03:20.217,0.98375,0.9839,1.60,15.00
2010.09.23 17:03:20.326,0.98375,0.9839,1.60,12.60
2010.09.23 17:03:21.096,0.9838,0.9839,1.00,9.40
2010.09.23 17:03:23.230,0.9838,0.9839,1.00,1.40
2010.09.23 17:03:23.351,0.9838,0.98395,1.00,13.00
2010.09.23 17:03:23.469,0.9838,0.98395,1.00,3.40
2010.09.23 17:03:23.588,0.9838,0.98395,1.00,2.60
2010.09.23 17:03:23.698,0.9838,0.98395,1.00,3.40
2010.09.23 17:03:25.667,0.9838,0.98395,1.00,4.20
2010.09.23 17:03:25.837,0.9838,0.98395,1.00,3.40
2010.09.23 17:03:26.446,0.9838,0.9839,1.00,1.60
2010.09.23 17:03:26.622,0.9838,0.9839,1.00,1.00
2010.09.23 17:03:28.377,0.9838,0.9839,1.00,11.20
2010.09.23 17:03:28.458,0.9838,0.98385,1.00,1.00
2010.09.23 17:03:28.617,0.9838,0.9839,1.00,1.80
2010.09.23 17:03:28.746,0.98375,0.9839,1.60,1.00
2010.09.23 17:03:29.395,0.98375,0.9839,1.60,2.60
2010.09.23 17:03:33.969,0.98375,0.9839,3.20,2.60
2010.09.23 17:03:35.065,0.98375,0.9839,3.20,1.00
2010.09.23 17:03:37.443,0.98385,0.98395,1.00,2.60
2010.09.23 17:03:37.610,0.98385,0.98395,1.00,1.80
2010.09.23 17:03:38.400,0.98385,0.98395,1.60,1.80
2010.09.23 17:03:38.755,0.98385,0.984,3.20,2.60
2010.09.23 17:03:42.350,0.98385,0.984,1.60,2.60
2010.09.23 17:03:42.580,0.98385,0.984,3.20,2.60
2010.09.23 17:03:43.919,0.98385,0.984,3.20,1.80
2010.09.23 17:03:44.521,0.98385,0.984,3.20,8.20
2010.09.23 17:03:44.645,0.98385,0.98395,1.60,1.00
2010.09.23 17:03:44.940,0.98385,0.98395,1.60,1.00
2010.09.23 17:03:45.229,0.98385,0.98395,1.60,4.20
2010.09.23 17:03:49.727,0.98385,0.98395,1.60,3.20
2010.09.23 17:03:50.010,0.98385,0.984,1.60,2.60
2010.09.23 17:03:50.563,0.98385,0.984,3.20,2.60
2010.09.23 17:03:54.587,0.9839,0.984,1.00,2.60
2010.09.23 17:03:57.829,0.98385,0.984,11.20,2.60
2010.09.23 17:04:12.214,0.98385,0.984,11.20,1.00
2010.09.23 17:04:13.145,0.98385,0.984,11.20,1.00
2010.09.23 17:04:18.836,0.98385,0.984,9.60,1.00
2010.09.23 17:04:21.596,0.98385,0.984,9.60,2.60
2010.09.23 17:04:22.670,0.98385,0.98395,1.60,3.00
2010.09.23 17:04:28.964,0.98385,0.98395,1.60,1.60
2010.09.23 17:04:29.757,0.98385,0.984,11.20,1.40
2010.09.23 17:04:33.254,0.98385,0.984,11.20,1.00
2010.09.23 17:04:33.666,0.9839,0.984,1.00,1.00
2010.09.23 17:04:35.309,0.9839,0.984,4.80,1.00
2010.09.23 17:04:38.837,0.9839,0.98405,11.20,2.20
2010.09.23 17:04:39.005,0.9839,0.98405,11.20,1.00
2010.09.23 17:04:39.646,0.98395,0.98405,1.60,1.00
2010.09.23 17:04:39.808,0.98395,0.9841,1.80,6.40
2010.09.23 17:04:39.970,0.98395,0.9841,8.60,1.60
2010.09.23 17:04:40.740,0.98405,0.98415,5.60,3.20
2010.09.23 17:04:41.089,0.98405,0.9842,11.20,2.20
2010.09.23 17:04:41.851,0.98405,0.9842,9.60,3.00
2010.09.23 17:04:42.109,0.98405,0.9842,11.20,3.80
2010.09.23 17:04:43.323,0.9841,0.9842,1.00,2.20
2010.09.23 17:04:44.772,0.9841,0.9842,1.00,3.00
2010.09.23 17:04:49.883,0.98405,0.9842,9.60,3.00
2010.09.23 17:04:50.466,0.98405,0.9842,9.60,3.80
2010.09.23 17:04:53.585,0.98405,0.9842,9.60,5.40
2010.09.23 17:04:54.889,0.98405,0.9842,9.60,4.60
2010.09.23 17:04:55.203,0.98405,0.9842,11.20,4.60
2010.09.23 17:04:56.795,0.98405,0.9842,11.20,3.80
2010.09.23 17:04:57.733,0.98405,0.9842,11.20,2.20
2010.09.23 17:04:59.236,0.98405,0.9842,9.60,3.00
2010.09.23 17:04:59.909,0.98405,0.9842,9.60,4.60
2010.09.23 17:05:04.114,0.98405,0.9842,5.60,4.60
2010.09.23 17:05:04.721,0.98405,0.9842,5.60,5.40
2010.09.23 17:05:05.437,0.98405,0.9842,7.20,4.60
2010.09.23 17:05:06.646,0.98405,0.9842,5.60,4.60
2010.09.23 17:05:10.498,0.98405,0.9842,9.60,4.60
2010.09.23 17:05:11.206,0.98405,0.9842,9.60,3.00
2010.09.23 17:05:19.017,0.98405,0.9842,11.20,3.00
2010.09.23 17:05:20.217,0.98405,0.9842,11.20,3.80
2010.09.23 17:05:22.394,0.98405,0.9842,11.20,3.00
2010.09.23 17:05:25.337,0.98405,0.9842,11.20,2.20
2010.09.23 17:05:27.374,0.98405,0.9842,11.20,1.00
2010.09.23 17:05:28.720,0.98405,0.9842,11.30,2.20
2010.09.23 17:05:35.333,0.9841,0.9842,8.20,1.60
2010.09.23 17:05:35.481,0.98415,0.9842,4.00,1.60
2010.09.23 17:05:35.629,0.98415,0.9842,8.00,1.60
2010.09.23 17:05:35.920,0.98415,0.9843,9.60,4.60
2010.09.23 17:05:36.678,0.98415,0.9843,11.20,4.60
2010.09.23 17:05:49.570,0.98415,0.9843,11.20,3.00
2010.09.23 17:05:49.980,0.98415,0.9843,11.20,1.40
2010.09.23 17:05:51.064,0.98415,0.9843,11.20,2.20
2010.09.23 17:05:52.272,0.98415,0.9843,10.40,3.00
2010.09.23 17:05:52.629,0.98415,0.9843,11.20,3.00
2010.09.23 17:05:53.475,0.98415,0.9843,9.60,4.60
2010.09.23 17:05:59.063,0.98415,0.98425,9.60,1.00
2010.09.23 17:05:59.258,0.98415,0.9843,8.80,4.60
2010.09.23 17:05:59.445,0.98415,0.9843,10.40,4.60
2010.09.23 17:06:15.339,0.98415,0.9843,8.80,4.60
2010.09.23 17:06:24.178,0.98415,0.9843,10.40,4.60
2010.09.23 17:06:25.058,0.98415,0.9843,8.80,4.60
2010.09.23 17:06:28.804,0.98415,0.9843,8.80,5.40
2010.09.23 17:06:30.156,0.98415,0.9843,8.80,7.00
2010.09.23 17:06:38.297,0.98415,0.9843,8.80,6.20
2010.09.23 17:06:38.626,0.98415,0.9843,8.80,4.60
2010.09.23 17:06:40.207,0.98415,0.9843,8.80,6.20
2010.09.23 17:06:40.460,0.98415,0.9843,8.80,8.60
2010.09.23 17:06:40.723,0.98415,0.98425,1.00,1.40
2010.09.23 17:06:42.746,0.98415,0.9842,1.00,2.40
2010.09.23 17:06:42.889,0.98405,0.98415,9.20,1.00
2010.09.23 17:06:43.050,0.98405,0.98415,9.60,1.40
2010.09.23 17:06:43.208,0.98405,0.98415,8.00,3.00
2010.09.23 17:06:43.869,0.98405,0.98415,4.00,3.80
2010.09.23 17:06:44.053,0.98405,0.98415,4.00,2.20
2010.09.23 17:06:46.307,0.98405,0.98415,4.00,1.60
2010.09.23 17:06:46.568,0.984,0.98415,11.20,1.60
2010.09.23 17:06:52.979,0.984,0.98415,1.60,14.40
2010.09.23 17:06:53.064,0.98395,0.98415,11.20,15.00
2010.09.23 17:06:53.346,0.98395,0.9841,11.20,1.00
2010.09.23 17:06:57.048,0.98395,0.9841,11.20,1.00
2010.09.23 17:07:07.700,0.98395,0.98415,12.60,8.20
2010.09.23 17:07:07.851,0.984,0.98415,5.80,2.40
2010.09.23 17:07:07.998,0.984,0.98415,6.60,2.40
2010.09.23 17:07:08.621,0.984,0.98415,10.60,1.60
2010.09.23 17:07:08.868,0.984,0.98415,10.40,2.60
2010.09.23 17:07:09.228,0.984,0.98415,10.40,10.60
2010.09.23 17:07:09.349,0.984,0.9841,8.80,1.00
2010.09.23 17:07:09.466,0.984,0.9841,1.00,1.00
2010.09.23 17:07:09.587,0.98395,0.9841,11.20,1.00
2010.09.23 17:07:09.838,0.98395,0.9841,11.20,1.00
2010.09.23 17:07:13.054,0.98395,0.9841,12.00,1.00
2010.09.23 17:07:13.096,0.98395,0.98415,12.60,12.60
2010.09.23 17:07:13.286,0.98395,0.98415,12.60,11.80
2010.09.23 17:07:13.328,0.98395,0.98415,12.60,8.60
2010.09.23 17:07:13.450,0.984,0.98415,1.00,5.60
2010.09.23 17:07:14.783,0.984,0.98415,1.00,4.00
2010.09.23 17:07:14.837,0.984,0.9841,4.80,1.00
2010.09.23 17:07:15.155,0.984,0.9841,4.80,1.40
2010.09.23 17:07:16.101,0.984,0.9841,4.00,1.40
2010.09.23 17:07:26.016,0.984,0.9841,4.00,2.20
2010.09.23 17:07:26.095,0.98395,0.9841,7.20,2.20
2010.09.23 17:07:26.935,0.98395,0.9841,6.40,3.00
2010.09.23 17:07:27.322,0.98395,0.9841,2.40,3.00
2010.09.23 17:07:28.571,0.98385,0.98395,10.40,1.40
2010.09.23 17:07:28.913,0.9838,0.9839,6.40,1.00
2010.09.23 17:07:29.665,0.98385,0.984,4.00,3.00
2010.09.23 17:07:29.899,0.98385,0.98405,12.20,5.40
2010.09.23 17:07:30.123,0.9839,0.98405,8.00,4.60
2010.09.23 17:07:30.342,0.9839,0.98405,4.00,4.70
2010.09.23 17:07:31.274,0.9839,0.98405,5.60,5.50
2010.09.23 17:07:31.622,0.9839,0.98405,11.20,3.80
2010.09.23 17:07:32.833,0.9839,0.98405,4.00,3.80
2010.09.23 17:07:33.139,0.98385,0.984,9.60,3.00
2010.09.23 17:07:33.910,0.9839,0.984,8.00,3.00
2010.09.23 17:07:34.187,0.98385,0.984,9.60,2.20
2010.09.23 17:07:35.063,0.98385,0.984,9.60,10.20
2010.09.23 17:07:35.432,0.98385,0.984,9.60,3.00
2010.09.23 17:07:35.781,0.98385,0.984,9.60,4.60
2010.09.23 17:07:40.815,0.98385,0.984,9.60,3.00
2010.09.23 17:07:41.642,0.9839,0.98405,4.00,5.40
2010.09.23 17:07:41.762,0.9839,0.98405,4.80,5.40
2010.09.23 17:07:44.647,0.9839,0.98405,4.00,6.20
2010.09.23 17:07:45.288,0.9839,0.98405,4.00,5.40
2010.09.23 17:07:47.972,0.9839,0.98405,4.80,5.40
2010.09.23 17:07:49.665,0.9839,0.98405,4.80,6.20
2010.09.23 17:07:51.376,0.9839,0.98405,4.80,5.40
2010.09.23 17:08:00.124,0.9839,0.98405,4.80,5.60
2010.09.23 17:08:00.191,0.9839,0.98405,4.80,6.40
2010.09.23 17:08:00.249,0.9839,0.98405,4.80,6.50
2010.09.23 17:08:00.310,0.9839,0.98405,4.00,6.50
2010.09.23 17:08:00.367,0.98385,0.98405,12.20,6.50
2010.09.23 17:08:01.372,0.98385,0.984,9.60,4.00
2010.09.23 17:08:01.627,0.98385,0.984,9.80,4.00
2010.09.23 17:08:02.705,0.98385,0.984,9.80,3.20
2010.09.23 17:08:03.896,0.98385,0.984,9.80,1.60
2010.09.23 17:08:04.159,0.98385,0.984,10.60,1.00
2010.09.23 17:08:04.413,0.98385,0.984,10.60,2.40
2010.09.23 17:08:05.144,0.98385,0.984,9.80,2.40
2010.09.23 17:08:07.040,0.98385,0.984,9.80,4.00
2010.09.23 17:08:08.861,0.98385,0.984,10.60,4.00
2010.09.23 17:08:09.054,0.9839,0.98405,4.00,3.30
2010.09.23 17:08:14.232,0.9839,0.98405,4.00,3.20
2010.09.23 17:08:15.916,0.9839,0.98405,4.00,4.00
2010.09.23 17:08:16.607,0.9839,0.98405,4.00,3.20
2010.09.23 17:08:19.288,0.9839,0.98405,4.80,3.20
2010.09.23 17:08:19.464,0.98405,0.98415,4.00,4.80
2010.09.23 17:08:20.091,0.984,0.98415,8.80,1.60
2010.09.23 17:08:20.278,0.984,0.98415,11.20,1.00
2010.09.23 17:08:23.187,0.984,0.98415,12.00,1.00
2010.09.23 17:08:24.324,0.984,0.98415,9.60,1.00
2010.09.23 17:08:24.748,0.984,0.98415,9.60,2.40
2010.09.23 17:08:25.649,0.984,0.98415,4.80,2.40
2010.09.23 17:08:26.514,0.984,0.98415,4.00,1.60
2010.09.23 17:08:26.871,0.984,0.98415,10.40,1.00
2010.09.23 17:08:27.220,0.984,0.98415,11.20,1.00
2010.09.23 17:08:28.713,0.984,0.98415,7.20,1.00
2010.09.23 17:08:28.783,0.984,0.98415,4.80,3.20
2010.09.23 17:08:28.907,0.984,0.98415,1.00,3.20
2010.09.23 17:08:31.159,0.984,0.98415,1.00,4.00
2010.09.23 17:08:31.379,0.984,0.98415,1.00,2.40
2010.09.23 17:08:31.599,0.984,0.98415,4.80,2.40
2010.09.23 17:08:32.612,0.984,0.98415,4.80,1.60
2010.09.23 17:08:36.800,0.984,0.98415,4.80,3.40
2010.09.23 17:08:37.724,0.984,0.98415,4.80,1.80
2010.09.23 17:08:41.116,0.984,0.98415,4.80,1.60
2010.09.23 17:08:49.324,0.984,0.98415,10.40,1.60
2010.09.23 17:08:51.171,0.984,0.98415,11.20,1.00
2010.09.23 17:08:52.613,0.98405,0.9842,8.80,2.40
2010.09.23 17:08:58.934,0.98405,0.9842,8.80,2.60
2010.09.23 17:09:03.470,0.98405,0.9842,9.60,2.60
2010.09.23 17:09:03.570,0.98405,0.9842,9.60,1.80
2010.09.23 17:09:03.661,0.98405,0.9842,8.80,1.80
2010.09.23 17:09:04.369,0.9841,0.98425,1.00,7.40
2010.09.23 17:09:04.548,0.9841,0.98425,11.20,2.60
2010.09.23 17:09:04.720,0.98415,0.98425,1.60,2.60
2010.09.23 17:09:06.288,0.98415,0.9842,1.60,1.00
2010.09.23 17:09:07.377,0.9841,0.9842,5.60,1.00
2010.09.23 17:09:16.096,0.9841,0.9842,11.20,1.00
2010.09.23 17:09:16.292,0.9841,0.9842,12.80,1.00
2010.09.23 17:09:21.807,0.98415,0.9842,1.00,1.00
2010.09.23 17:09:21.981,0.98415,0.9843,1.60,5.00
2010.09.23 17:09:22.160,0.98415,0.9843,11.20,1.80
2010.09.23 17:09:22.337,0.98415,0.9843,12.80,1.80
2010.09.23 17:09:22.808,0.9842,0.9843,5.60,1.00
2010.09.23 17:09:23.577,0.9842,0.9843,9.60,1.00
2010.09.23 17:09:23.699,0.9842,0.9844,11.40,7.80
2010.09.23 17:09:23.811,0.98425,0.9844,8.00,2.60
2010.09.23 17:09:23.920,0.98425,0.9844,8.00,1.80
2010.09.23 17:09:24.027,0.98425,0.9844,9.60,1.80
2010.09.23 17:09:24.623,0.98425,0.9844,11.20,1.80
2010.09.23 17:09:29.772,0.9843,0.9844,4.00,1.80
2010.09.23 17:09:29.906,0.9843,0.9844,4.00,1.00
2010.09.23 17:09:32.283,0.98425,0.98435,11.40,1.00
2010.09.23 17:09:33.507,0.98425,0.98435,12.20,1.00
2010.09.23 17:09:39.110,0.9843,0.98435,1.00,1.00
2010.09.23 17:09:39.363,0.9843,0.98445,1.00,3.20
2010.09.23 17:09:40.117,0.9843,0.98445,9.00,3.20
2010.09.23 17:09:40.702,0.9843,0.98445,8.80,4.00
2010.09.23 17:09:41.280,0.9843,0.98445,4.80,4.00
2010.09.23 17:09:42.428,0.9843,0.98445,4.80,3.20
2010.09.23 17:09:42.989,0.9843,0.98445,4.80,12.00
2010.09.23 17:09:43.129,0.9843,0.9844,4.00,1.40
2010.09.23 17:09:43.719,0.9843,0.9844,4.00,3.00
2010.09.23 17:09:44.063,0.9842,0.9844,6.40,12.80
2010.09.23 17:09:44.406,0.9842,0.98435,6.40,1.60
2010.09.23 17:09:45.434,0.9842,0.9843,6.40,1.00
2010.09.23 17:09:45.662,0.98415,0.9843,11.20,1.00
2010.09.23 17:09:46.109,0.98415,0.9843,11.20,1.40
2010.09.23 17:09:49.997,0.98415,0.9843,11.20,2.20
2010.09.23 17:09:59.290,0.98415,0.98425,3.20,8.00
2010.09.23 17:09:59.409,0.9841,0.9842,4.00,1.40
2010.09.23 17:09:59.622,0.98405,0.9842,11.20,2.20
2010.09.23 17:10:00.476,0.98405,0.9842,11.20,3.00
2010.09.23 17:10:02.543,0.98405,0.98415,8.80,1.00
2010.09.23 17:10:03.114,0.98405,0.9842,8.80,3.00
2010.09.23 17:10:03.695,0.98405,0.9842,10.40,3.00
2010.09.23 17:10:04.314,0.98405,0.9842,11.40,1.00
2010.09.23 17:10:08.267,0.9841,0.98425,12.80,1.00
2010.09.23 17:10:12.485,0.98415,0.9843,2.40,4.00
2010.09.23 17:10:12.828,0.98415,0.9843,6.40,4.00
2010.09.23 17:10:14.533,0.98415,0.9843,6.40,2.40
2010.09.23 17:10:14.687,0.98415,0.98435,12.00,16.60
2010.09.23 17:10:14.828,0.98415,0.98435,13.60,16.60
2010.09.23 17:10:17.553,0.98415,0.98435,13.60,18.20
2010.09.23 17:10:17.881,0.98415,0.98435,13.60,16.60
2010.09.23 17:10:20.387,0.98415,0.9843,13.60,1.00
2010.09.23 17:10:20.606,0.98415,0.9843,12.80,1.00
2010.09.23 17:10:24.388,0.98415,0.9843,12.80,1.00
2010.09.23 17:10:28.038,0.98415,0.9843,11.20,1.00
2010.09.23 17:10:28.200,0.98415,0.9843,11.20,1.80
2010.09.23 17:10:28.791,0.98415,0.9843,11.20,2.60
2010.09.23 17:11:10.468,0.98415,0.9843,9.60,2.60
2010.09.23 17:11:11.365,0.98415,0.9843,5.60,2.60
2010.09.23 17:11:12.617,0.98415,0.9843,4.00,2.60
2010.09.23 17:11:14.821,0.98415,0.9843,4.80,2.60
2010.09.23 17:11:14.949,0.98415,0.9843,7.20,2.60
2010.09.23 17:11:19.416,0.9841,0.9843,13.80,3.40
2010.09.23 17:11:19.675,0.98415,0.9843,5.60,4.20
2010.09.23 17:11:27.047,0.98415,0.9843,7.20,4.20
2010.09.23 17:11:30.482,0.98415,0.9843,7.20,2.60
2010.09.23 17:11:40.907,0.98415,0.9843,5.60,2.60
2010.09.23 17:11:42.858,0.98415,0.9843,1.60,2.60
2010.09.23 17:11:43.775,0.98415,0.9843,1.60,4.20
2010.09.23 17:11:48.116,0.98415,0.9843,1.60,2.60
2010.09.23 17:11:53.509,0.98415,0.9843,5.60,2.60
2010.09.23 17:11:57.411,0.98415,0.9843,11.20,2.60
2010.09.23 17:12:00.577,0.9842,0.9843,1.00,1.00
2010.09.23 17:12:01.271,0.9842,0.98435,1.00,8.20
2010.09.23 17:12:01.484,0.98435,0.9845,1.00,3.20
2010.09.23 17:12:02.184,0.98435,0.9845,9.80,2.40
2010.09.23 17:12:02.387,0.9844,0.98455,1.00,6.60
2010.09.23 17:12:02.730,0.9844,0.9845,1.00,1.60
2010.09.23 17:12:04.583,0.9844,0.98455,1.00,6.60
2010.09.23 17:12:04.684,0.9844,0.98455,1.00,5.00
2010.09.23 17:12:05.761,0.9844,0.98455,1.00,4.80
2010.09.23 17:12:09.957,0.9844,0.9845,1.00,1.60
2010.09.23 17:12:10.557,0.9844,0.9845,1.00,3.20
2010.09.23 17:12:11.598,0.9844,0.9845,1.00,1.60
2010.09.23 17:12:14.661,0.9844,0.98455,1.00,4.80
2010.09.23 17:12:15.674,0.9844,0.98455,1.00,5.00
2010.09.23 17:12:16.561,0.9844,0.98455,1.00,5.80
2010.09.23 17:12:18.000,0.9844,0.98455,1.00,4.20
2010.09.23 17:12:20.546,0.9844,0.98455,2.00,4.20
2010.09.23 17:12:21.837,0.98435,0.9845,9.60,11.80
2010.09.23 17:12:21.952,0.98435,0.9845,4.00,16.60
2010.09.23 17:12:22.561,0.9843,0.98445,6.80,9.40
2010.09.23 17:12:22.924,0.9843,0.98445,1.00,15.00
2010.09.23 17:12:24.126,0.98425,0.9844,9.60,1.00
2010.09.23 17:12:24.323,0.98425,0.9844,5.60,3.20
2010.09.23 17:12:25.909,0.98425,0.9844,7.20,1.60
2010.09.23 17:12:36.270,0.98425,0.9844,4.00,2.40
2010.09.23 17:12:36.426,0.98425,0.9844,5.60,2.80
2010.09.23 17:12:36.582,0.98425,0.98435,4.00,1.00
2010.09.23 17:12:36.732,0.9842,0.98435,12.80,1.00
2010.09.23 17:12:39.829,0.9842,0.98435,13.00,1.00
2010.09.23 17:12:44.817,0.9842,0.98435,12.20,1.60
2010.09.23 17:12:44.916,0.9842,0.98435,8.00,2.60
2010.09.23 17:12:45.441,0.9842,0.98435,6.40,2.60
2010.09.23 17:12:45.518,0.98415,0.9842,1.60,1.00
2010.09.23 17:12:45.865,0.9841,0.9842,2.40,1.00
2010.09.23 17:12:47.415,0.98415,0.9843,1.60,3.40
2010.09.23 17:12:47.769,0.98415,0.9843,1.60,4.20
2010.09.23 17:12:48.512,0.98415,0.9843,2.40,2.60
2010.09.23 17:12:48.784,0.9841,0.9843,13.00,2.60
2010.09.23 17:12:49.601,0.9841,0.9843,13.80,3.40
2010.09.23 17:12:50.328,0.98415,0.9843,5.60,3.40
2010.09.23 17:12:50.554,0.98415,0.9843,1.60,2.60
2010.09.23 17:12:50.768,0.98415,0.9843,5.60,2.60
2010.09.23 17:12:52.969,0.98415,0.9843,5.60,4.20
2010.09.23 17:12:53.997,0.98415,0.9843,4.00,4.20
2010.09.23 17:12:54.557,0.98415,0.98425,4.00,1.00
2010.09.23 17:12:54.693,0.9841,0.98425,13.00,1.60
2010.09.23 17:13:04.109,0.9841,0.98425,11.40,1.60
2010.09.23 17:13:04.833,0.9841,0.98425,9.80,1.60
2010.09.23 17:13:05.190,0.9841,0.98425,4.00,2.70
2010.09.23 17:13:06.066,0.98405,0.9842,7.20,3.40
2010.09.23 17:13:06.415,0.98405,0.9842,3.20,3.40
2010.09.23 17:13:06.763,0.98405,0.9842,7.20,3.40
2010.09.23 17:13:07.565,0.98395,0.98405,6.80,1.00
2010.09.23 17:13:07.917,0.9839,0.98405,12.80,1.00
2010.09.23 17:13:09.134,0.98395,0.98405,4.80,1.00
2010.09.23 17:13:09.452,0.98395,0.98405,4.00,1.00
2010.09.23 17:13:10.588,0.9839,0.98405,11.20,1.00
2010.09.23 17:13:11.883,0.98395,0.98405,4.00,1.00
2010.09.23 17:13:12.163,0.9839,0.98405,11.20,1.00
2010.09.23 17:13:13.749,0.9839,0.98405,9.60,1.60
2010.09.23 17:13:14.619,0.9839,0.98405,5.60,1.60
2010.09.23 17:13:14.758,0.9839,0.98405,8.00,1.60
2010.09.23 17:13:15.765,0.9839,0.98405,9.60,1.60
2010.09.23 17:13:23.381,0.9839,0.98405,4.00,1.60
2010.09.23 17:13:23.702,0.9839,0.98405,4.00,13.80
2010.09.23 17:13:24.014,0.98385,0.984,11.20,1.00
2010.09.23 17:13:24.169,0.98385,0.984,11.20,1.60
2010.09.23 17:13:24.951,0.98385,0.984,11.20,2.40
2010.09.23 17:13:28.752,0.98385,0.984,11.40,1.60
2010.09.23 17:13:28.903,0.9839,0.984,1.00,1.00
2010.09.23 17:13:29.581,0.9839,0.9841,1.80,9.80
2010.09.23 17:13:29.739,0.984,0.9841,1.60,5.60
2010.09.23 17:13:30.576,0.984,0.9841,1.60,1.60
2010.09.23 17:13:30.926,0.984,0.9841,5.60,1.60
2010.09.23 17:13:32.075,0.984,0.9841,4.00,1.60
2010.09.23 17:13:32.290,0.984,0.98415,6.40,4.30
2010.09.23 17:13:33.161,0.984,0.98415,5.60,4.20
2010.09.23 17:13:33.525,0.984,0.98415,5.60,5.10
2010.09.23 17:13:34.510,0.984,0.98415,5.60,4.30
2010.09.23 17:13:35.412,0.984,0.98415,4.00,4.30
2010.09.23 17:13:35.621,0.98395,0.98415,11.40,4.30
2010.09.23 17:13:36.789,0.98395,0.98415,11.40,4.20
2010.09.23 17:13:37.082,0.984,0.98415,10.40,3.40
2010.09.23 17:13:37.856,0.984,0.98415,4.00,4.20
2010.09.23 17:13:38.225,0.98395,0.9841,11.20,3.40
2010.09.23 17:13:38.574,0.98395,0.9841,11.20,4.20
2010.09.23 17:13:42.310,0.98395,0.9841,10.40,4.20
2010.09.23 17:13:42.499,0.98395,0.9841,2.40,4.20
2010.09.23 17:13:44.379,0.98395,0.9841,2.40,5.00
2010.09.23 17:13:53.444,0.98395,0.9841,2.40,4.20
2010.09.23 17:13:55.493,0.98395,0.9841,2.40,5.00
2010.09.23 17:13:56.645,0.98395,0.9841,2.40,4.20
2010.09.23 17:14:00.981,0.98395,0.9841,2.40,5.80
2010.09.23 17:14:04.934,0.98395,0.9841,2.40,4.20
2010.09.23 17:14:06.365,0.98395,0.9841,6.40,4.20
2010.09.23 17:14:19.173,0.98395,0.9841,6.40,5.00
2010.09.23 17:14:20.076,0.98395,0.9841,2.40,5.00
2010.09.23 17:14:20.877,0.98395,0.9841,6.40,5.00
2010.09.23 17:14:31.383,0.98395,0.9841,6.40,7.40
2010.09.23 17:14:32.395,0.98395,0.9841,6.40,6.60
2010.09.23 17:14:33.384,0.98395,0.9841,6.40,5.80
2010.09.23 17:14:35.685,0.98395,0.9841,6.40,4.20
2010.09.23 17:14:37.255,0.98395,0.9841,6.40,5.00
2010.09.23 17:14:37.474,0.98395,0.9841,6.40,4.20
2010.09.23 17:14:38.172,0.98395,0.9841,6.40,4.00
2010.09.23 17:14:38.869,0.98395,0.9841,6.40,4.80
2010.09.23 17:14:40.274,0.98395,0.9841,6.80,4.80
2010.09.23 17:14:41.417,0.98395,0.9841,6.80,4.00
2010.09.23 17:14:45.548,0.98395,0.9841,6.80,4.80
2010.09.23 17:14:47.629,0.98395,0.9841,6.80,4.00
2010.09.23 17:14:48.459,0.98395,0.9841,11.00,1.60
2010.09.23 17:14:48.560,0.98395,0.9841,11.00,2.40
2010.09.23 17:14:48.660,0.984,0.9841,4.00,2.40
2010.09.23 17:14:48.873,0.984,0.98415,9.80,3.20
2010.09.23 17:14:49.438,0.98405,0.98415,1.00,1.60
2010.09.23 17:14:49.654,0.9841,0.98425,1.00,4.20
2010.09.23 17:14:49.994,0.9841,0.98425,4.80,4.20
2010.09.23 17:14:51.287,0.9841,0.98425,4.80,5.80
2010.09.23 17:14:51.918,0.9841,0.98425,4.80,4.20
2010.09.23 17:14:54.679,0.9841,0.98425,4.80,4.00
2010.09.23 17:14:55.507,0.9841,0.98425,4.80,4.80
2010.09.23 17:14:56.722,0.9841,0.98425,4.80,3.20
2010.09.23 17:14:57.036,0.9841,0.98425,4.80,2.40
2010.09.23 17:14:57.278,0.9841,0.98425,8.80,3.20
2010.09.23 17:14:58.045,0.9841,0.9843,9.60,17.40
2010.09.23 17:14:58.341,0.9841,0.9843,9.60,19.00
2010.09.23 17:14:58.639,0.9841,0.9843,11.20,17.40
2010.09.23 17:14:58.930,0.9841,0.9843,11.20,16.60
2010.09.23 17:14:59.731,0.9841,0.98425,8.80,1.60
2010.09.23 17:15:01.490,0.9841,0.98425,4.80,1.60
2010.09.23 17:15:01.843,0.9841,0.98425,8.80,1.60
2010.09.23 17:15:02.394,0.9841,0.98425,4.80,1.60
2010.09.23 17:15:03.251,0.9841,0.98425,4.80,3.20
2010.09.23 17:15:03.606,0.9841,0.98425,4.80,2.40
2010.09.23 17:15:04.427,0.98405,0.9842,11.60,3.20
2010.09.23 17:15:04.695,0.98405,0.9842,7.60,2.40
2010.09.23 17:15:04.972,0.98405,0.9842,7.60,3.20
2010.09.23 17:15:06.021,0.98405,0.9842,11.60,3.20
2010.09.23 17:15:09.391,0.98405,0.9842,7.60,3.20
2010.09.23 17:15:20.420,0.98405,0.9842,11.60,3.20
2010.09.23 17:15:24.380,0.98405,0.9842,11.60,3.40
2010.09.23 17:15:24.810,0.98405,0.9842,3.40,4.20
2010.09.23 17:15:25.458,0.98405,0.9842,2.40,5.00
2010.09.23 17:15:26.337,0.98405,0.9842,2.40,5.80
2010.09.23 17:15:27.696,0.98405,0.9842,2.40,5.00
2010.09.23 17:15:27.837,0.98405,0.9842,1.00,5.00
2010.09.23 17:15:28.116,0.98405,0.9842,2.40,5.00
2010.09.23 17:15:29.012,0.98405,0.9842,1.60,5.00
2010.09.23 17:15:39.027,0.984,0.9842,15.40,5.00
2010.09.23 17:15:40.255,0.98405,0.9842,3.20,4.20
2010.09.23 17:15:40.330,0.98405,0.9842,4.80,4.20
2010.09.23 17:15:40.468,0.98405,0.9842,5.60,4.20
2010.09.23 17:15:40.817,0.98405,0.9842,13.60,4.20
2010.09.23 17:15:42.139,0.98405,0.9842,11.20,5.00
2010.09.23 17:15:42.965,0.98405,0.9842,7.20,5.00
2010.09.23 17:15:44.834,0.98405,0.9842,7.20,4.20
2010.09.23 17:15:46.512,0.98405,0.9842,9.60,4.20
2010.09.23 17:15:46.844,0.98405,0.9842,13.60,4.20
2010.09.23 17:15:48.508,0.9841,0.98425,4.80,2.60
2010.09.23 17:15:48.731,0.9841,0.98425,12.00,1.00
2010.09.23 17:15:48.954,0.9841,0.98425,11.20,1.00
2010.09.23 17:15:51.142,0.9841,0.9843,13.80,6.60
2010.09.23 17:15:51.407,0.98415,0.9843,7.20,6.60
2010.09.23 17:15:51.757,0.98415,0.9843,7.20,5.80
2010.09.23 17:15:55.126,0.98415,0.9843,11.20,5.80
2010.09.23 17:15:56.341,0.9842,0.98435,1.60,10.60
2010.09.23 17:15:56.691,0.9842,0.98435,1.60,9.80
2010.09.23 17:15:58.801,0.9842,0.98435,1.60,9.40
2010.09.23 17:16:00.455,0.9842,0.98435,13.00,1.60
2010.09.23 17:16:02.713,0.9842,0.98435,13.00,1.70
2010.09.23 17:16:08.588,0.98425,0.98435,1.00,1.70
2010.09.23 17:16:09.115,0.98425,0.98435,7.00,1.70
2010.09.23 17:16:09.197,0.9842,0.98435,16.20,1.70
2010.09.23 17:16:09.337,0.9842,0.98435,14.60,1.70
2010.09.23 17:16:12.216,0.9842,0.98435,14.60,1.60
2010.09.23 17:16:15.859,0.98425,0.98435,1.60,1.60
2010.09.23 17:16:19.692,0.9842,0.98435,14.60,1.60
2010.09.23 17:16:21.852,0.9842,0.9843,12.00,1.00
2010.09.23 17:16:22.084,0.9842,0.9843,2.40,3.00
2010.09.23 17:16:31.321,0.98415,0.9843,11.20,3.00
2010.09.23 17:16:31.995,0.98415,0.9843,11.20,3.80
2010.09.23 17:16:32.369,0.98415,0.9843,11.20,3.00
2010.09.23 17:16:32.789,0.9842,0.9843,1.00,3.00
2010.09.23 17:16:33.520,0.9842,0.9843,2.40,3.00
2010.09.23 17:16:35.395,0.9842,0.9843,2.40,1.00
2010.09.23 17:16:36.548,0.9842,0.98435,12.80,3.10
2010.09.23 17:16:37.231,0.9842,0.98435,14.40,3.10
2010.09.23 17:16:46.406,0.9842,0.98435,14.40,3.00
2010.09.23 17:16:48.046,0.9842,0.98435,15.20,3.00
2010.09.23 17:16:48.169,0.9842,0.98435,15.20,2.20
2010.09.23 17:16:48.289,0.9842,0.98435,15.20,1.40
2010.09.23 17:16:48.408,0.98425,0.98435,4.00,1.40
2010.09.23 17:16:49.848,0.98425,0.98435,5.60,1.40
2010.09.23 17:16:49.879,0.98425,0.98435,1.60,1.40
2010.09.23 17:16:51.757,0.98425,0.98435,1.60,1.00
2010.09.23 17:16:52.796,0.98425,0.9844,1.60,15.00
2010.09.23 17:17:01.286,0.98425,0.9844,1.60,15.80
2010.09.23 17:17:02.370,0.98425,0.9844,4.00,12.60
2010.09.23 17:17:02.557,0.98425,0.9844,8.00,11.00
2010.09.23 17:17:03.711,0.98425,0.9844,9.60,2.20
2010.09.23 17:17:04.308,0.98425,0.9844,9.60,1.60
2010.09.23 17:17:04.575,0.98425,0.9844,13.60,1.60
2010.09.23 17:17:04.820,0.98425,0.9844,13.60,1.00
2010.09.23 17:17:09.092,0.98425,0.9844,13.60,8.80
2010.09.23 17:17:09.265,0.98425,0.98435,13.60,1.00
2010.09.23 17:17:12.102,0.98425,0.98435,9.60,1.00
2010.09.23 17:17:14.233,0.98425,0.98435,7.20,1.00
2010.09.23 17:17:14.328,0.98425,0.98435,6.40,1.00
2010.09.23 17:17:15.514,0.98425,0.9843,5.60,1.00
2010.09.23 17:17:15.869,0.9842,0.9843,7.20,1.00
2010.09.23 17:17:16.224,0.98415,0.9843,13.20,2.60
2010.09.23 17:17:16.996,0.98415,0.9843,11.20,4.20
2010.09.23 17:17:17.283,0.98415,0.9843,11.20,5.00
2010.09.23 17:17:19.123,0.98415,0.9843,13.60,1.00
2010.09.23 17:17:19.398,0.98415,0.9843,11.20,3.40
2010.09.23 17:17:19.744,0.98415,0.9843,11.20,4.20
2010.09.23 17:17:20.780,0.98415,0.9843,10.40,5.00
2010.09.23 17:17:38.990,0.98415,0.9843,10.40,13.00
2010.09.23 17:17:39.191,0.98415,0.98425,10.40,1.00
2010.09.23 17:17:40.048,0.98405,0.98415,10.40,1.00
2010.09.23 17:17:40.254,0.98405,0.98415,5.60,1.00
2010.09.23 17:17:40.462,0.98405,0.98415,1.60,1.00
2010.09.23 17:17:40.670,0.98405,0.9842,1.60,7.40
2010.09.23 17:17:41.466,0.98405,0.9842,5.60,5.80
2010.09.23 17:17:41.765,0.98405,0.9842,5.60,5.00
2010.09.23 17:17:43.220,0.98405,0.9842,5.60,5.80
2010.09.23 17:17:44.167,0.98405,0.9842,7.40,5.60
2010.09.23 17:17:44.247,0.98405,0.9842,11.40,4.80
2010.09.23 17:17:44.492,0.98405,0.9842,12.20,1.00
2010.09.23 17:17:44.732,0.9841,0.98425,13.00,1.60
2010.09.23 17:17:45.439,0.98415,0.9843,1.60,7.40
2010.09.23 17:17:45.786,0.98415,0.9843,3.20,6.60
2010.09.23 17:17:46.821,0.98415,0.9843,11.20,3.40
2010.09.23 17:17:47.922,0.9842,0.98435,3.20,3.80
2010.09.23 17:17:48.240,0.9842,0.98435,4.80,10.70
2010.09.23 17:17:48.552,0.98415,0.9843,11.20,2.60
2010.09.23 17:17:49.361,0.98415,0.9843,11.20,3.40
2010.09.23 17:17:49.614,0.98415,0.9843,11.20,4.20
2010.09.23 17:17:50.812,0.98415,0.9843,7.20,4.20
2010.09.23 17:17:51.518,0.98415,0.9843,3.20,4.20
2010.09.23 17:17:51.624,0.98415,0.9843,11.20,4.20
2010.09.23 17:17:53.804,0.9841,0.9842,5.60,3.40
2010.09.23 17:17:53.885,0.9841,0.9842,1.60,4.20
2010.09.23 17:17:53.970,0.9841,0.9842,1.60,5.00
2010.09.23 17:17:54.050,0.98405,0.9842,7.20,5.00
2010.09.23 17:17:58.955,0.98405,0.98415,7.20,1.00
2010.09.23 17:17:59.309,0.98405,0.9841,4.00,1.00
2010.09.23 17:17:59.552,0.98405,0.9841,1.60,1.00
2010.09.23 17:18:00.307,0.98405,0.9841,1.60,1.00
2010.09.23 17:18:02.102,0.98405,0.98415,1.60,4.80
2010.09.23 17:18:02.770,0.98405,0.98415,1.60,1.60
2010.09.23 17:18:02.946,0.98405,0.9842,1.60,7.40
2010.09.23 17:18:03.461,0.98405,0.98415,1.60,1.00
2010.09.23 17:18:03.801,0.98405,0.9842,1.60,7.40
2010.09.23 17:18:04.580,0.9841,0.9842,5.80,3.20
2010.09.23 17:18:04.869,0.98415,0.98425,1.60,1.60
2010.09.23 17:18:04.990,0.98415,0.98425,2.40,1.00
2010.09.23 17:18:05.121,0.98415,0.9843,2.40,7.40
2010.09.23 17:18:26.649,0.98415,0.9843,2.40,6.60
2010.09.23 17:18:27.374,0.98415,0.9843,6.40,6.60
2010.09.23 17:18:29.075,0.98415,0.9843,2.40,6.60
2010.09.23 17:18:31.767,0.98415,0.9843,1.60,8.20
2010.09.23 17:18:36.195,0.98415,0.98425,1.60,1.00
2010.09.23 17:18:36.353,0.98415,0.98425,1.60,1.60
2010.09.23 17:18:37.376,0.9841,0.98425,13.00,1.70
2010.09.23 17:18:38.067,0.9841,0.98425,12.00,1.90
2010.09.23 17:18:38.929,0.9841,0.98415,4.00,1.00
2010.09.23 17:18:39.285,0.984,0.98405,1.60,1.00
2010.09.23 17:18:40.065,0.98395,0.98405,2.40,1.00
2010.09.23 17:18:41.477,0.98395,0.98405,1.60,1.00
2010.09.23 17:18:43.629,0.984,0.9841,1.60,5.80
2010.09.23 17:18:44.965,0.984,0.9841,1.60,5.00
2010.09.23 17:18:46.653,0.984,0.9841,1.60,13.00
2010.09.23 17:18:46.860,0.98395,0.98405,11.20,1.00
2010.09.23 17:18:47.055,0.98395,0.9841,11.20,5.00
2010.09.23 17:18:47.248,0.984,0.9841,1.60,5.00
2010.09.23 17:18:48.352,0.984,0.9841,1.60,4.20
2010.09.23 17:18:48.678,0.984,0.9841,5.60,1.60
2010.09.23 17:18:48.996,0.98405,0.98415,1.60,1.00
2010.09.23 17:18:49.826,0.9841,0.9842,2.40,3.20
2010.09.23 17:18:50.112,0.9841,0.98425,13.00,1.60
2010.09.23 17:18:50.362,0.98415,0.9843,1.80,3.20
2010.09.23 17:18:51.081,0.98415,0.9843,2.60,3.20
2010.09.23 17:18:51.419,0.9842,0.9843,4.00,1.60
2010.09.23 17:18:55.316,0.98415,0.9843,12.20,1.60
2010.09.23 17:18:55.539,0.98415,0.9843,11.20,13.00
2010.09.23 17:18:56.222,0.9841,0.98425,11.20,1.00
2010.09.23 17:18:56.586,0.98415,0.9843,3.20,6.60
2010.09.23 17:18:56.773,0.98415,0.9843,3.20,5.00
2010.09.23 17:18:57.449,0.98415,0.9843,7.20,5.00
2010.09.23 17:18:59.189,0.98415,0.9843,7.20,4.20
2010.09.23 17:18:59.775,0.98415,0.9843,7.20,2.60
2010.09.23 17:18:59.983,0.9842,0.98435,4.00,3.40
2010.09.23 17:19:00.173,0.9842,0.98435,8.80,3.40
2010.09.23 17:19:00.838,0.9842,0.98435,8.80,4.20
2010.09.23 17:19:01.192,0.9842,0.98435,10.40,4.20
2010.09.23 17:19:03.284,0.9842,0.98435,8.80,3.40
2010.09.23 17:19:04.573,0.9842,0.98435,10.40,3.40
2010.09.23 17:19:06.590,0.9842,0.9843,2.40,2.60
2010.09.23 17:19:06.763,0.98415,0.98425,11.20,1.00
2010.09.23 17:19:07.375,0.98415,0.9843,10.40,12.20
2010.09.23 17:19:07.732,0.98415,0.9843,2.40,5.00
2010.09.23 17:19:08.694,0.98415,0.98425,2.40,1.00
2010.09.23 17:19:09.397,0.98415,0.9843,2.40,5.80
2010.09.23 17:19:09.611,0.98415,0.9843,2.40,5.00
2010.09.23 17:19:11.441,0.98415,0.9843,2.40,5.80
2010.09.23 17:19:13.055,0.98415,0.9843,2.40,5.00
2010.09.23 17:19:14.198,0.98415,0.9843,2.40,5.80
2010.09.23 17:19:20.689,0.98415,0.9843,2.40,5.00
2010.09.23 17:19:27.151,0.9842,0.98435,5.60,4.20
2010.09.23 17:19:28.831,0.9842,0.98435,4.00,4.20
2010.09.23 17:19:29.239,0.9842,0.98435,5.60,4.20
2010.09.23 17:19:29.815,0.9842,0.98435,6.40,4.20
2010.09.23 17:19:30.178,0.9842,0.9843,1.60,2.60
2010.09.23 17:19:35.089,0.9842,0.9843,1.60,3.40
2010.09.23 17:19:39.014,0.9842,0.9843,1.60,1.00
2010.09.23 17:19:48.778,0.9842,0.9843,1.60,1.00
2010.09.23 17:19:50.041,0.9842,0.9843,1.60,1.00
2010.09.23 17:19:53.237,0.98415,0.9843,10.40,2.60
2010.09.23 17:19:55.018,0.9842,0.9843,1.60,1.00
2010.09.23 17:19:56.623,0.9842,0.9843,1.60,1.80
2010.09.23 17:20:13.976,0.98415,0.9843,11.20,1.80
2010.09.23 17:20:14.963,0.98415,0.9843,11.20,1.00
2010.09.23 17:20:15.313,0.9842,0.9843,1.00,1.00
2010.09.23 17:20:18.370,0.9842,0.9843,1.00,1.00
2010.09.23 17:20:27.306,0.9842,0.9843,1.00,1.00
2010.09.23 17:20:30.099,0.9842,0.98435,1.00,8.00
2010.09.23 17:20:32.512,0.9842,0.9843,1.00,1.00
2010.09.23 17:20:32.698,0.98415,0.9843,10.40,4.00
2010.09.23 17:20:32.872,0.98415,0.98425,2.40,1.00
2010.09.23 17:20:33.572,0.98405,0.9842,2.40,5.00
2010.09.23 17:20:33.927,0.98405,0.9842,2.40,5.80
2010.09.23 17:20:34.273,0.9841,0.9842,1.60,4.20
2010.09.23 17:20:36.787,0.9841,0.9842,1.60,4.00
2010.09.23 17:20:36.871,0.9841,0.9842,1.60,1.60
2010.09.23 17:20:37.668,0.98415,0.98425,3.20,1.60
2010.09.23 17:20:37.835,0.98415,0.9843,11.20,1.00
2010.09.23 17:20:37.990,0.98415,0.9843,7.20,1.00
2010.09.23 17:20:39.170,0.98415,0.9843,3.20,2.60
2010.09.23 17:20:44.630,0.98415,0.9843,3.20,1.80
2010.09.23 17:20:44.800,0.98415,0.9843,7.20,1.80
2010.09.23 17:20:44.890,0.98415,0.9843,7.20,2.60
2010.09.23 17:20:48.627,0.98415,0.9843,7.20,1.80
2010.09.23 17:20:49.766,0.98415,0.9843,11.20,1.80
2010.09.23 17:20:52.365,0.98415,0.9843,11.20,1.00
2010.09.23 17:20:56.296,0.98415,0.9843,7.20,1.00
2010.09.23 17:21:00.857,0.98415,0.9843,11.20,1.00
2010.09.23 17:21:06.806,0.98415,0.9843,11.20,1.80
2010.09.23 17:21:10.530,0.9842,0.9843,1.60,1.00
2010.09.23 17:21:11.659,0.9842,0.9843,1.60,1.80
2010.09.23 17:21:11.959,0.9842,0.9843,1.60,1.60
2010.09.23 17:21:12.570,0.9843,0.98435,1.60,3.20
2010.09.23 17:21:12.729,0.98435,0.9844,1.00,1.60
2010.09.23 17:21:13.009,0.98435,0.9844,1.00,9.60
2010.09.23 17:21:13.156,0.9843,0.98435,8.00,1.00
2010.09.23 17:21:13.306,0.9843,0.98435,4.00,1.00
2010.09.23 17:21:13.819,0.98425,0.98435,1.00,1.00
2010.09.23 17:21:14.169,0.98425,0.98435,1.00,1.00
2010.09.23 17:21:14.511,0.98425,0.9844,1.00,5.00
2010.09.23 17:21:17.008,0.98425,0.9844,1.00,3.40
2010.09.23 17:21:17.057,0.98425,0.9844,2.40,3.40
2010.09.23 17:21:18.959,0.98425,0.9844,1.00,3.40
2010.09.23 17:21:21.952,0.98425,0.9844,2.40,3.40
2010.09.23 17:21:22.112,0.98425,0.9844,1.00,3.40
2010.09.23 17:21:26.298,0.98425,0.9844,2.40,3.40
2010.09.23 17:21:29.443,0.98425,0.9844,2.40,4.20
2010.09.23 17:21:35.547,0.98425,0.9844,2.40,3.40
2010.09.23 17:21:37.959,0.98425,0.98435,2.40,1.00
2010.09.23 17:21:38.072,0.98425,0.98435,1.60,1.00
2010.09.23 17:21:38.182,0.9842,0.98435,11.20,1.00
2010.09.23 17:21:38.293,0.9842,0.98435,10.40,1.00
2010.09.23 17:21:38.400,0.9842,0.98435,10.40,1.10
2010.09.23 17:21:38.511,0.9842,0.98435,1.60,1.90
2010.09.23 17:21:38.618,0.9842,0.98435,1.60,2.70
2010.09.23 17:21:39.222,0.9842,0.9843,1.60,1.00
2010.09.23 17:21:39.891,0.9842,0.9843,3.20,1.00
2010.09.23 17:21:40.682,0.9842,0.9843,1.60,1.00
2010.09.23 17:21:40.849,0.9842,0.9843,3.20,1.00
2010.09.23 17:21:48.076,0.9842,0.9843,7.20,1.00
2010.09.23 17:22:04.339,0.9842,0.98435,7.20,2.40
2010.09.23 17:22:04.750,0.9842,0.98435,7.20,2.50
2010.09.23 17:22:10.609,0.9842,0.98435,8.00,2.50
2010.09.23 17:22:10.757,0.9842,0.98435,8.00,2.40
2010.09.23 17:22:15.757,0.9842,0.98435,8.00,1.60
2010.09.23 17:22:18.618,0.9842,0.98435,8.00,2.40
2010.09.23 17:22:20.797,0.9842,0.98435,8.00,1.60
2010.09.23 17:22:30.819,0.9842,0.9843,3.20,8.60
2010.09.23 17:22:30.929,0.98415,0.9843,8.20,3.20
2010.09.23 17:22:31.485,0.98415,0.9843,9.00,3.20
2010.09.23 17:22:31.646,0.98415,0.9843,13.60,1.60
2010.09.23 17:22:32.098,0.9842,0.9843,1.60,1.60
2010.09.23 17:22:40.852,0.9842,0.9843,3.20,1.60
2010.09.23 17:22:41.150,0.9842,0.98435,3.20,2.80
2010.09.23 17:22:41.441,0.9842,0.98435,3.20,2.60
2010.09.23 17:22:41.739,0.9842,0.98435,7.20,2.60
2010.09.23 17:22:44.848,0.9842,0.98435,7.20,3.40
2010.09.23 17:22:51.066,0.9842,0.98435,7.20,3.20
2010.09.23 17:22:56.317,0.9842,0.98435,7.20,2.50
2010.09.23 17:23:03.745,0.9842,0.98435,5.60,2.50
2010.09.23 17:23:04.150,0.9842,0.98435,1.60,2.50
2010.09.23 17:23:05.700,0.9842,0.98435,1.60,2.80
2010.09.23 17:23:05.838,0.9842,0.98435,1.60,12.40
2010.09.23 17:23:06.388,0.9842,0.9843,1.60,1.00
2010.09.23 17:23:06.739,0.98415,0.9843,8.80,2.40
2010.09.23 17:23:07.083,0.98415,0.9843,12.80,2.40
2010.09.23 17:23:07.984,0.98415,0.9843,8.80,3.20
2010.09.23 17:23:08.338,0.98415,0.9843,8.80,2.40
2010.09.23 17:23:09.176,0.98415,0.9843,12.80,2.40
2010.09.23 17:23:10.377,0.98415,0.9843,12.80,1.00
2010.09.23 17:23:11.885,0.9842,0.9843,4.00,1.00
2010.09.23 17:23:14.847,0.98415,0.9843,13.60,1.00
2010.09.23 17:23:18.059,0.98415,0.9843,12.80,1.00
2010.09.23 17:23:18.788,0.98415,0.9843,12.80,1.60
2010.09.23 17:23:25.956,0.98415,0.9843,12.80,1.00
2010.09.23 17:23:26.170,0.9842,0.9843,4.00,1.00
2010.09.23 17:23:27.044,0.9842,0.98435,4.00,2.40
2010.09.23 17:23:28.290,0.9842,0.98435,4.00,1.60
2010.09.23 17:23:29.188,0.9842,0.98435,4.00,2.40
2010.09.23 17:23:30.067,0.9842,0.98435,4.00,1.60
2010.09.23 17:23:31.015,0.9842,0.98435,5.60,1.60
2010.09.23 17:23:37.318,0.9842,0.98435,5.60,2.40
2010.09.23 17:23:42.457,0.9842,0.98435,5.60,3.20
2010.09.23 17:23:43.176,0.9842,0.98435,5.60,2.40
2010.09.23 17:23:45.600,0.9842,0.9843,5.60,1.00
2010.09.23 17:23:45.772,0.9842,0.9843,5.60,1.00
2010.09.23 17:23:45.940,0.9842,0.9843,4.00,1.00
2010.09.23 17:23:46.586,0.98415,0.9843,12.80,1.00
2010.09.23 17:23:47.659,0.98415,0.9843,13.00,1.60
2010.09.23 17:23:47.903,0.98415,0.9843,5.00,2.40
2010.09.23 17:23:48.149,0.98415,0.9843,6.60,1.60
2010.09.23 17:23:48.829,0.98415,0.9843,10.60,1.60
2010.09.23 17:23:49.419,0.98415,0.9843,10.60,2.40
2010.09.23 17:23:52.475,0.98415,0.9843,8.00,3.40
2010.09.23 17:23:52.816,0.9841,0.9843,13.00,2.60
2010.09.23 17:23:53.149,0.9841,0.9843,13.80,3.40
2010.09.23 17:23:53.937,0.9841,0.98425,12.20,1.60
2010.09.23 17:23:56.446,0.9841,0.98425,10.60,1.60
2010.09.23 17:24:04.708,0.9841,0.98425,12.20,1.60
2010.09.23 17:24:08.668,0.9841,0.98425,12.20,1.70
2010.09.23 17:24:08.799,0.9841,0.9842,11.20,1.00
2010.09.23 17:24:08.990,0.9841,0.9842,8.00,1.00
2010.09.23 17:24:09.181,0.984,0.9842,13.00,2.60
2010.09.23 17:24:12.149,0.98405,0.9842,5.60,2.60
2010.09.23 17:24:13.098,0.98405,0.9842,5.60,1.80
2010.09.23 17:24:13.451,0.984,0.98415,12.80,1.00
2010.09.23 17:24:14.662,0.984,0.98415,12.00,1.80
2010.09.23 17:24:14.985,0.984,0.98415,8.00,1.80
2010.09.23 17:24:15.302,0.984,0.98415,8.00,2.60
2010.09.23 17:24:16.814,0.984,0.98415,8.00,1.80
2010.09.23 17:24:17.178,0.984,0.98415,8.00,2.60
2010.09.23 17:24:19.237,0.984,0.98415,8.00,1.80
2010.09.23 17:24:22.680,0.984,0.98415,8.00,1.60
2010.09.23 17:25:00.271,0.984,0.98415,6.40,2.40
2010.09.23 17:25:00.810,0.984,0.98415,6.40,1.60
2010.09.23 17:25:02.027,0.984,0.98415,6.40,2.40
2010.09.23 17:25:04.747,0.984,0.98415,6.40,1.60
2010.09.23 17:25:09.602,0.984,0.98415,6.40,2.40
2010.09.23 17:25:14.225,0.984,0.98415,6.40,1.60
2010.09.23 17:25:18.459,0.984,0.98415,6.40,2.40
2010.09.23 17:25:19.275,0.984,0.98415,6.40,3.20
2010.09.23 17:25:32.521,0.984,0.98415,10.40,1.60
2010.09.23 17:25:38.308,0.984,0.98415,10.60,1.60
2010.09.23 17:25:53.722,0.984,0.98415,11.40,1.60
2010.09.23 17:25:53.791,0.984,0.98415,11.40,1.00
2010.09.23 17:25:54.487,0.98405,0.98415,1.00,1.00
2010.09.23 17:25:54.838,0.984,0.98415,12.20,1.00
2010.09.23 17:26:00.747,0.984,0.98415,11.40,1.00
2010.09.23 17:26:03.080,0.984,0.98415,11.20,1.00
2010.09.23 17:26:07.157,0.984,0.98415,11.20,1.00
2010.09.23 17:26:12.396,0.984,0.98415,10.40,1.60
2010.09.23 17:26:13.497,0.984,0.98415,10.40,2.40
2010.09.23 17:26:16.268,0.984,0.98415,10.40,1.60
2010.09.23 17:26:17.603,0.984,0.98415,6.40,2.40
2010.09.23 17:26:18.177,0.984,0.98415,6.40,1.60
2010.09.23 17:26:20.159,0.984,0.98415,6.40,2.40
2010.09.23 17:26:20.487,0.984,0.98415,4.80,2.40
2010.09.23 17:26:21.556,0.984,0.98415,4.80,1.60
2010.09.23 17:26:26.436,0.98385,0.9839,8.00,8.60
2010.09.23 17:26:26.558,0.98385,0.98395,8.80,1.00
2010.09.23 17:26:26.679,0.98385,0.9839,8.00,8.00
2010.09.23 17:26:26.793,0.98385,0.9839,8.00,10.20
2010.09.23 17:26:27.429,0.9838,0.98385,9.60,10.60
2010.09.23 17:26:27.781,0.9837,0.98385,1.60,2.80
2010.09.23 17:26:28.135,0.98375,0.9839,2.40,1.60
2010.09.23 17:26:36.882,0.98375,0.9839,2.40,1.80
2010.09.23 17:26:37.049,0.98375,0.9839,2.40,2.60
2010.09.23 17:26:38.582,0.98375,0.9839,2.40,6.60
2010.09.23 17:26:41.169,0.98375,0.98385,2.40,1.00
2010.09.23 17:26:41.258,0.98375,0.98385,2.40,1.00
2010.09.23 17:26:41.349,0.98375,0.98385,1.00,1.00
2010.09.23 17:26:51.367,0.98375,0.98385,1.00,2.60
2010.09.23 17:26:52.524,0.9837,0.98385,1.60,2.60
2010.09.23 17:26:56.163,0.9837,0.9838,1.60,1.00
2010.09.23 17:26:56.385,0.98365,0.9838,4.40,1.40
2010.09.23 17:26:56.600,0.98365,0.9838,1.60,1.40
2010.09.23 17:26:56.811,0.9836,0.9838,6.60,1.40
2010.09.23 17:26:57.082,0.9836,0.9838,5.80,2.20
2010.09.23 17:26:57.350,0.9836,0.9838,5.00,3.00
2010.09.23 17:26:58.448,0.98365,0.9838,1.60,3.00
2010.09.23 17:26:58.588,0.98365,0.9838,3.20,3.00
2010.09.23 17:27:07.437,0.98365,0.98375,3.20,1.00
2010.09.23 17:27:07.508,0.98365,0.9838,3.20,3.80
2010.09.23 17:27:07.579,0.98365,0.9838,2.40,3.00
2010.09.23 17:27:07.647,0.98365,0.9838,1.60,3.00
2010.09.23 17:27:07.777,0.98365,0.9838,1.60,11.00
2010.09.23 17:27:08.686,0.98365,0.9838,1.60,3.80
2010.09.23 17:27:08.890,0.98365,0.9838,2.40,3.80
2010.09.23 17:27:09.089,0.98365,0.9838,3.20,3.80
2010.09.23 17:27:11.760,0.98365,0.9838,3.20,3.00
2010.09.23 17:27:12.248,0.98365,0.9838,4.80,3.00
2010.09.23 17:27:57.149,0.98365,0.9838,4.80,2.20
2010.09.23 17:27:58.677,0.98365,0.9838,3.20,2.20
2010.09.23 17:28:03.564,0.98365,0.9838,3.20,3.00
2010.09.23 17:28:03.922,0.98365,0.9838,2.40,12.60
2010.09.23 17:28:04.443,0.98365,0.98375,1.60,1.00
2010.09.23 17:28:04.814,0.9836,0.98375,4.00,3.00
2010.09.23 17:28:08.610,0.9836,0.98375,4.00,2.40
2010.09.23 17:28:17.109,0.9836,0.9837,1.00,1.00
2010.09.23 17:28:17.153,0.98355,0.9837,4.80,1.00
2010.09.23 17:28:20.627,0.98355,0.9837,4.80,1.00
2010.09.23 17:28:22.547,0.98355,0.9837,4.80,9.00
2010.09.23 17:28:23.355,0.98355,0.9837,4.80,1.80
2010.09.23 17:28:33.241,0.98355,0.9837,4.80,1.00
2010.09.23 17:28:36.622,0.98355,0.9837,4.80,1.00
2010.09.23 17:28:45.617,0.98355,0.9837,4.80,1.00
2010.09.23 17:28:46.177,0.98355,0.9837,3.20,1.00
2010.09.23 17:28:56.711,0.98365,0.98375,1.60,12.80
2010.09.23 17:28:57.380,0.98365,0.9838,2.40,2.60
2010.09.23 17:28:57.528,0.98365,0.9838,2.40,3.40
2010.09.23 17:29:04.187,0.98365,0.9838,2.40,2.60
2010.09.23 17:29:07.171,0.98365,0.9838,1.00,2.60
2010.09.23 17:29:07.429,0.9836,0.98375,2.40,5.80
2010.09.23 17:29:07.711,0.9836,0.98375,2.40,6.60
2010.09.23 17:29:08.460,0.9836,0.98375,1.60,2.60
2010.09.23 17:29:08.725,0.9836,0.98375,1.60,6.60
2010.09.23 17:29:10.371,0.98355,0.9837,4.00,1.80
2010.09.23 17:29:10.703,0.9836,0.9837,1.00,1.00
2010.09.23 17:29:11.490,0.9836,0.98375,1.80,1.60
2010.09.23 17:29:11.765,0.9836,0.98375,5.00,1.60
2010.09.23 17:29:15.305,0.98365,0.98375,1.60,1.60
2010.09.23 17:29:17.469,0.9837,0.98385,1.80,1.60
2010.09.23 17:29:17.640,0.9837,0.98385,4.20,1.60
2010.09.23 17:29:18.780,0.9837,0.9838,3.20,1.00
2010.09.23 17:29:18.995,0.9837,0.9838,1.60,1.00
2010.09.23 17:29:20.392,0.9837,0.9838,3.20,1.00
2010.09.23 17:29:20.584,0.9837,0.98385,5.80,1.00
2010.09.23 17:29:23.037,0.98375,0.9839,1.00,2.60
2010.09.23 17:29:23.346,0.98375,0.9839,2.40,3.40
2010.09.23 17:29:25.152,0.9837,0.98385,4.80,1.00
2010.09.23 17:29:26.866,0.98375,0.9839,3.40,1.00
2010.09.23 17:29:27.171,0.98375,0.9839,4.20,1.00
2010.09.23 17:29:30.686,0.98375,0.9839,5.80,1.00
2010.09.23 17:29:34.767,0.98375,0.9839,7.00,1.00
2010.09.23 17:29:37.328,0.9838,0.9839,8.00,1.00
2010.09.23 17:29:37.380,0.98385,0.9839,2.00,1.00
2010.09.23 17:29:37.434,0.98395,0.984,1.00,13.20
2010.09.23 17:29:37.493,0.98395,0.984,1.00,11.20
2010.09.23 17:29:37.552,0.9839,0.98395,1.80,1.60
2010.09.23 17:29:37.610,0.9839,0.984,1.80,1.60
2010.09.23 17:29:38.162,0.9839,0.98405,4.20,2.00
2010.09.23 17:29:38.229,0.9839,0.98405,3.40,1.60
2010.09.23 17:29:40.437,0.9839,0.98405,2.40,3.40
2010.09.23 17:29:48.439,0.9839,0.98405,2.40,1.80
2010.09.23 17:29:49.000,0.98395,0.98405,1.00,1.80
2010.09.23 17:29:49.709,0.9839,0.98405,3.40,1.60
2010.09.23 17:29:51.673,0.98395,0.9841,1.00,3.20
2010.09.23 17:29:52.497,0.98395,0.9841,2.60,3.20
2010.09.23 17:29:53.777,0.98395,0.9841,2.60,1.60
2010.09.23 17:29:57.801,0.98395,0.9841,4.20,1.60
2010.09.23 17:29:59.147,0.98395,0.9841,5.80,1.60
2010.09.23 17:30:06.487,0.98395,0.9841,6.30,1.60
2010.09.23 17:30:12.867,0.98395,0.9841,5.80,1.60
2010.09.23 17:30:13.472,0.98395,0.9841,6.30,1.60
2010.09.23 17:30:13.660,0.98395,0.98415,6.30,6.20
2010.09.23 17:30:14.165,0.984,0.98415,1.00,6.20
2010.09.23 17:30:18.174,0.984,0.98415,1.00,6.00
2010.09.23 17:30:23.062,0.984,0.98415,1.10,3.20
2010.09.23 17:30:23.754,0.98405,0.9842,1.00,5.40
2010.09.23 17:30:24.668,0.98405,0.9842,1.00,6.20
2010.09.23 17:30:39.552,0.98405,0.9842,1.60,6.20
2010.09.23 17:30:40.716,0.9841,0.9842,1.00,1.60
2010.09.23 17:30:40.898,0.9841,0.98425,1.00,1.60
2010.09.23 17:30:41.074,0.9841,0.98425,1.00,1.00
2010.09.23 17:30:41.243,0.9841,0.98425,3.40,1.00
2010.09.23 17:30:42.158,0.9841,0.98425,3.40,1.00
2010.09.23 17:30:42.477,0.9841,0.98425,3.50,1.00
2010.09.23 17:30:44.757,0.9841,0.98425,4.30,1.00
2010.09.23 17:30:47.284,0.9842,0.98425,1.00,1.00
2010.09.23 17:30:47.453,0.9843,0.98435,1.00,1.00
2010.09.23 17:30:47.622,0.9842,0.9844,5.80,3.80
2010.09.23 17:30:47.824,0.9842,0.98435,2.40,1.40
2010.09.23 17:30:48.346,0.9842,0.98435,2.40,3.00
2010.09.23 17:30:48.561,0.9842,0.98435,2.50,6.20
2010.09.23 17:30:48.885,0.9842,0.98435,2.50,6.30
2010.09.23 17:30:49.202,0.9842,0.98435,2.40,7.80
2010.09.23 17:30:49.526,0.9842,0.98435,3.70,3.80
2010.09.23 17:30:50.677,0.9842,0.98435,3.70,10.20
2010.09.23 17:30:50.782,0.98415,0.9843,2.40,1.00
2010.09.23 17:30:50.880,0.98415,0.9843,1.60,1.00
2010.09.23 17:30:52.081,0.98415,0.98435,2.60,14.40
2010.09.23 17:30:52.299,0.98415,0.9843,2.40,1.00
2010.09.23 17:30:52.816,0.9842,0.9843,1.00,1.00
2010.09.23 17:30:53.234,0.98415,0.98435,4.20,13.40
2010.09.23 17:30:53.533,0.9842,0.98435,1.00,9.40
2010.09.23 17:30:54.382,0.9842,0.98435,1.00,7.80
2010.09.23 17:30:54.854,0.9842,0.98435,2.60,4.80
2010.09.23 17:30:55.093,0.9842,0.98435,3.40,1.00
2010.09.23 17:30:56.678,0.9842,0.98435,4.20,1.00
2010.09.23 17:30:57.805,0.9842,0.98435,3.40,1.00
2010.09.23 17:31:03.475,0.9842,0.9844,5.00,8.60
2010.09.23 17:31:04.352,0.9842,0.98435,3.40,1.00
2010.09.23 17:31:05.038,0.9842,0.98435,4.20,1.00
2010.09.23 17:31:07.557,0.9842,0.98435,3.40,1.00
2010.09.23 17:31:08.768,0.9842,0.98435,4.20,1.00
2010.09.23 17:31:11.807,0.9842,0.98435,5.00,1.00
2010.09.23 17:31:11.858,0.9842,0.98435,5.80,1.00
2010.09.23 17:31:11.958,0.98425,0.98435,1.00,1.00
2010.09.23 17:31:12.059,0.98425,0.9844,1.00,1.60
2010.09.23 17:31:12.208,0.98425,0.9844,1.00,2.40
2010.09.23 17:31:12.856,0.98425,0.9844,2.60,4.00
2010.09.23 17:31:13.983,0.98425,0.9844,3.40,4.00
2010.09.23 17:31:14.798,0.98425,0.9844,4.20,1.60
2010.09.23 17:31:15.437,0.98425,0.9844,4.20,2.40
2010.09.23 17:31:16.142,0.98425,0.9844,3.40,2.40
2010.09.23 17:31:16.351,0.98425,0.9844,3.40,4.00
2010.09.23 17:31:20.031,0.98425,0.9844,6.60,3.20
2010.09.23 17:31:20.548,0.98425,0.9844,7.00,3.20
2010.09.23 17:31:20.676,0.98435,0.98445,1.00,1.60
2010.09.23 17:31:21.148,0.9843,0.98445,4.80,1.60
2010.09.23 17:31:21.268,0.9843,0.98445,4.00,1.60
2010.09.23 17:31:21.391,0.9843,0.98445,2.40,1.80
2010.09.23 17:31:21.630,0.9843,0.98445,2.40,3.40
2010.09.23 17:31:28.316,0.9843,0.98445,1.60,5.20
2010.09.23 17:31:28.408,0.98425,0.9844,3.40,1.00
2010.09.23 17:31:28.919,0.98425,0.9844,4.20,1.00
2010.09.23 17:31:29.158,0.98425,0.9844,5.00,1.00
2010.09.23 17:31:30.463,0.9843,0.9844,1.60,1.00
2010.09.23 17:31:32.322,0.98425,0.9844,3.20,1.00
2010.09.23 17:31:32.526,0.98425,0.9844,3.20,2.60
2010.09.23 17:31:32.771,0.98425,0.98435,1.60,1.00
2010.09.23 17:31:33.506,0.9842,0.98435,3.40,1.00
2010.09.23 17:31:33.692,0.9842,0.98435,4.20,1.60
2010.09.23 17:31:37.538,0.9842,0.98435,5.00,1.00
2010.09.23 17:31:37.704,0.98425,0.98435,1.00,1.00
2010.09.23 17:31:37.871,0.9842,0.9844,4.20,4.50
2010.09.23 17:31:38.036,0.9842,0.9844,3.40,4.50
2010.09.23 17:31:38.750,0.9842,0.98435,2.40,4.20
2010.09.23 17:31:39.024,0.9842,0.98435,3.40,3.20
2010.09.23 17:31:39.301,0.9842,0.98435,3.40,1.60
2010.09.23 17:31:40.942,0.9842,0.98435,4.20,1.60
2010.09.23 17:31:43.369,0.9842,0.98435,4.20,1.00
2010.09.23 17:31:43.499,0.98425,0.9844,1.00,3.50
2010.09.23 17:31:44.096,0.9843,0.9844,1.00,3.50
2010.09.23 17:31:44.452,0.9843,0.9844,1.80,1.60
2010.09.23 17:31:44.952,0.9843,0.9844,1.60,1.60
2010.09.23 17:31:45.201,0.98425,0.9844,3.40,1.60
2010.09.23 17:31:49.098,0.98425,0.9844,3.40,3.20
2010.09.23 17:31:52.934,0.98425,0.9844,3.40,11.20
2010.09.23 17:31:53.156,0.98425,0.98435,1.60,1.80
2010.09.23 17:31:53.294,0.98425,0.98435,1.60,3.40
2010.09.23 17:31:53.429,0.9842,0.98435,2.40,3.40
2010.09.23 17:31:55.122,0.9842,0.98435,4.00,1.00
2010.09.23 17:31:55.444,0.9842,0.9844,4.00,3.40
2010.09.23 17:31:55.552,0.9842,0.9844,3.20,4.20
2010.09.23 17:32:02.624,0.9842,0.9844,4.40,4.20
2010.09.23 17:32:03.541,0.98425,0.9844,1.00,4.00
2010.09.23 17:32:04.283,0.9842,0.9844,4.20,4.20
2010.09.23 17:32:04.693,0.9842,0.9844,3.40,4.20
2010.09.23 17:32:05.406,0.9842,0.9844,4.20,5.00
2010.09.23 17:32:11.778,0.98425,0.9844,1.00,4.80
2010.09.23 17:32:11.861,0.98425,0.9844,1.00,4.00
2010.09.23 17:32:11.939,0.98425,0.9844,1.00,3.20
2010.09.23 17:32:12.100,0.98425,0.9844,1.00,3.20
2010.09.23 17:32:14.312,0.9843,0.9844,1.00,3.20
2010.09.23 17:32:14.511,0.9843,0.9844,1.00,1.60
2010.09.23 17:32:15.412,0.9843,0.9844,1.80,1.60
2010.09.23 17:32:16.836,0.9843,0.9844,2.60,1.00
2010.09.23 17:32:17.369,0.9843,0.98445,2.60,1.60
2010.09.23 17:32:34.988,0.9843,0.98445,3.40,1.60
2010.09.23 17:32:36.680,0.9843,0.98445,2.60,1.60
2010.09.23 17:32:45.250,0.9843,0.98445,3.40,1.60
2010.09.23 17:32:45.458,0.9843,0.98445,3.40,1.70
2010.09.23 17:32:47.967,0.9843,0.98445,3.40,3.30
2010.09.23 17:32:50.159,0.9843,0.98445,3.40,3.20
2010.09.23 17:32:50.777,0.9843,0.98445,3.40,1.60
2010.09.23 17:32:50.906,0.9843,0.9845,3.40,4.20
2010.09.23 17:32:52.383,0.9843,0.9845,4.20,5.00
2010.09.23 17:32:52.704,0.9843,0.98445,4.20,2.40
2010.09.23 17:32:53.352,0.9843,0.98445,3.40,2.40
2010.09.23 17:32:54.963,0.98435,0.98445,1.00,2.40
2010.09.23 17:32:55.332,0.9843,0.98445,5.00,1.00
2010.09.23 17:33:04.847,0.9843,0.98445,3.40,1.00
2010.09.23 17:33:21.527,0.9843,0.98445,4.20,1.00
2010.09.23 17:33:23.770,0.9843,0.98445,4.20,2.40
2010.09.23 17:33:24.758,0.9843,0.98445,4.20,1.00
2010.09.23 17:33:25.098,0.9843,0.98445,4.00,2.60
2010.09.23 17:33:25.161,0.9843,0.98445,1.60,3.40
2010.09.23 17:33:25.748,0.9843,0.98445,1.00,4.20
2010.09.23 17:33:26.003,0.9843,0.98445,1.00,4.20
2010.09.23 17:33:26.451,0.98425,0.98445,5.80,4.20
2010.09.23 17:33:26.650,0.98425,0.98445,6.60,4.30
2010.09.23 17:33:28.558,0.98425,0.98445,5.80,4.30
2010.09.23 17:33:29.165,0.98425,0.98445,6.60,4.30
2010.09.23 17:33:29.339,0.98425,0.98445,8.20,4.30
2010.09.23 17:33:30.362,0.98425,0.98445,7.40,4.30
2010.09.23 17:33:32.919,0.98425,0.98445,8.20,4.30
2010.09.23 17:33:33.534,0.98425,0.98445,8.20,5.90
2010.09.23 17:33:35.106,0.98425,0.98445,5.80,5.90
2010.09.23 17:33:35.378,0.98425,0.9844,5.80,1.60
2010.09.23 17:33:36.484,0.98425,0.98445,6.60,6.30
2010.09.23 17:33:36.820,0.98425,0.98445,5.80,6.30
2010.09.23 17:33:38.731,0.98425,0.98445,6.60,6.30
2010.09.23 17:33:39.188,0.98435,0.98445,1.00,6.00
2010.09.23 17:33:39.250,0.98435,0.98445,1.00,5.20
2010.09.23 17:33:39.312,0.98435,0.98445,1.00,3.60
2010.09.23 17:33:39.440,0.98435,0.98445,1.00,2.00
2010.09.23 17:33:39.695,0.98435,0.9845,3.80,2.40
2010.09.23 17:33:39.952,0.98435,0.9845,4.60,2.40
2010.09.23 17:33:49.902,0.98435,0.9845,6.20,2.40
2010.09.23 17:33:58.467,0.98435,0.9845,5.40,2.40
2010.09.23 17:33:58.551,0.98435,0.9845,4.80,3.00
2010.09.23 17:33:58.622,0.98435,0.9845,3.20,3.00
2010.09.23 17:33:58.693,0.98435,0.9845,1.60,3.00
2010.09.23 17:33:58.819,0.98435,0.9845,1.60,3.80
2010.09.23 17:33:59.671,0.9843,0.98445,3.20,4.60
2010.09.23 17:34:00.022,0.9843,0.9844,1.00,1.60
2010.09.23 17:34:00.206,0.9843,0.98445,1.00,7.00
2010.09.23 17:34:01.018,0.9843,0.98445,1.00,4.60
2010.09.23 17:34:01.278,0.9843,0.98445,1.00,3.20
2010.09.23 17:34:03.492,0.9843,0.98445,2.60,3.20
2010.09.23 17:34:04.605,0.9843,0.98445,2.40,4.60
2010.09.23 17:34:04.892,0.9843,0.98445,1.00,6.20
2010.09.23 17:34:07.210,0.9843,0.98445,1.00,6.30
2010.09.23 17:34:08.778,0.9843,0.9844,1.00,1.60
2010.09.23 17:34:08.959,0.98425,0.9844,6.20,2.40
2010.09.23 17:34:09.521,0.98425,0.9844,7.00,2.40
2010.09.23 17:34:11.577,0.98425,0.9844,7.00,1.00
2010.09.23 17:34:15.117,0.98425,0.9844,6.20,1.00
2010.09.23 17:34:16.670,0.98425,0.9844,6.20,2.40
2010.09.23 17:34:17.356,0.98425,0.9844,5.40,3.20
2010.09.23 17:34:17.708,0.98425,0.9844,1.60,13.40
2010.09.23 17:34:18.443,0.98425,0.98435,1.60,2.40
2010.09.23 17:34:18.800,0.98425,0.98435,1.60,3.20
2010.09.23 17:34:19.482,0.98425,0.98435,1.60,3.40
2010.09.23 17:34:19.731,0.98425,0.98435,1.60,4.30
2010.09.23 17:34:20.449,0.9842,0.98435,1.60,4.30
2010.09.23 17:34:29.518,0.9842,0.98435,1.60,4.20
2010.09.23 17:34:37.331,0.9842,0.98435,1.60,12.20
2010.09.23 17:34:37.934,0.98415,0.9843,7.20,1.60
2010.09.23 17:34:38.090,0.98415,0.9843,2.40,3.20
2010.09.23 17:34:38.434,0.98415,0.9843,1.60,3.20
2010.09.23 17:34:38.790,0.98415,0.9843,1.60,19.00
2010.09.23 17:34:39.132,0.9841,0.9843,2.40,19.00
2010.09.23 17:34:39.887,0.9841,0.98425,2.40,1.60
2010.09.23 17:34:47.370,0.9841,0.98425,1.00,2.40
2010.09.23 17:34:53.007,0.9841,0.98425,1.00,1.60
2010.09.23 17:34:54.072,0.9841,0.98425,1.00,1.60
2010.09.23 17:34:54.200,0.9841,0.98425,5.00,1.60
2010.09.23 17:34:54.318,0.9841,0.98425,6.60,1.60
2010.09.23 17:34:58.743,0.9841,0.9843,9.00,3.20
2010.09.23 17:35:00.068,0.9841,0.9843,9.80,3.20
2010.09.23 17:35:00.322,0.9842,0.9843,1.00,3.20
2010.09.23 17:35:00.586,0.98425,0.98435,1.00,3.20
2010.09.23 17:35:01.872,0.9842,0.98435,5.00,1.60
2010.09.23 17:35:02.632,0.9843,0.98435,1.00,1.00
2010.09.23 17:35:02.926,0.9843,0.9844,1.00,1.60
2010.09.23 17:35:10.568,0.98445,0.98455,1.00,6.00
2010.09.23 17:35:10.672,0.98445,0.9846,1.60,11.00
2010.09.23 17:35:10.760,0.98445,0.9846,1.60,12.60
2010.09.23 17:35:10.851,0.98445,0.98455,1.60,1.60
2010.09.23 17:35:10.943,0.98445,0.98455,1.60,1.80
2010.09.23 17:35:11.556,0.9844,0.98455,2.40,7.40
2010.09.23 17:35:12.256,0.9844,0.98455,2.40,11.40
2010.09.23 17:35:13.656,0.9844,0.98455,2.40,12.20
2010.09.23 17:35:16.798,0.9844,0.98455,2.40,11.40
2010.09.23 17:35:23.027,0.9844,0.98455,2.40,12.20
2010.09.23 17:35:25.894,0.9844,0.98455,2.40,10.60
2010.09.23 17:35:27.408,0.9844,0.98455,2.40,12.20
2010.09.23 17:35:30.319,0.9844,0.98455,1.00,12.20
2010.09.23 17:35:31.505,0.9844,0.98455,1.00,12.00
2010.09.23 17:35:33.078,0.9844,0.98455,1.00,14.40
2010.09.23 17:35:33.661,0.9843,0.9845,9.60,1.60
2010.09.23 17:35:33.749,0.9843,0.9845,9.60,4.80
2010.09.23 17:35:33.884,0.9843,0.9845,4.80,8.00
2010.09.23 17:35:34.141,0.9843,0.9845,4.80,6.40
2010.09.23 17:35:34.532,0.9843,0.9845,4.80,2.40
2010.09.23 17:35:38.097,0.9844,0.9845,2.60,1.60
2010.09.23 17:35:38.235,0.9844,0.98455,2.60,3.20
2010.09.23 17:35:38.538,0.9844,0.98455,2.60,1.60
2010.09.23 17:35:42.343,0.9844,0.98455,2.40,10.70
2010.09.23 17:35:42.533,0.9844,0.9845,1.00,1.00
2010.09.23 17:35:42.723,0.98435,0.98445,4.80,1.00
2010.09.23 17:35:43.035,0.98435,0.9845,2.40,1.80
2010.09.23 17:35:43.853,0.98435,0.9845,2.40,2.60
2010.09.23 17:35:44.286,0.98445,0.9845,1.00,1.00
2010.09.23 17:35:45.026,0.98445,0.9846,1.00,3.20
2010.09.23 17:35:45.358,0.9845,0.98465,3.40,2.40
2010.09.23 17:35:47.440,0.9845,0.98465,3.40,1.00
2010.09.23 17:35:49.241,0.9845,0.98465,4.20,1.00
2010.09.23 17:35:55.199,0.9845,0.98465,4.00,1.00
2010.09.23 17:35:55.743,0.9845,0.98465,4.00,8.80
2010.09.23 17:35:55.939,0.98445,0.9846,3.20,1.60
2010.09.23 17:35:56.010,0.98445,0.9846,3.20,2.40
2010.09.23 17:35:56.081,0.98445,0.9846,3.20,12.00
2010.09.23 17:35:56.150,0.98445,0.9846,2.40,6.40
2010.09.23 17:35:56.289,0.98445,0.9846,2.40,4.00
2010.09.23 17:35:56.499,0.98445,0.9846,1.60,4.00
2010.09.23 17:35:56.639,0.98445,0.9846,1.60,4.80
2010.09.23 17:35:56.829,0.98445,0.9846,1.60,8.80
2010.09.23 17:35:57.663,0.98445,0.98455,1.60,1.00
2010.09.23 17:35:57.730,0.98445,0.98455,1.60,1.60
2010.09.23 17:35:58.369,0.98445,0.98455,1.60,1.80
2010.09.23 17:35:58.520,0.9844,0.98455,2.40,1.80
2010.09.23 17:36:00.311,0.9844,0.98455,2.40,1.90
2010.09.23 17:36:00.472,0.9844,0.9845,2.40,1.00
2010.09.23 17:36:00.644,0.98435,0.9845,4.80,1.00
2010.09.23 17:36:00.814,0.98435,0.98445,4.80,1.00
2010.09.23 17:36:01.142,0.98435,0.98445,4.00,1.00
2010.09.23 17:36:01.727,0.98435,0.98445,2.40,1.00
2010.09.23 17:36:03.883,0.9845,0.98465,1.80,2.80
2010.09.23 17:36:04.042,0.9845,0.98465,3.40,1.60
2010.09.23 17:36:04.202,0.9845,0.98465,7.20,1.80
2010.09.23 17:36:04.494,0.9845,0.9846,3.20,1.60
2010.09.23 17:36:05.961,0.9845,0.98465,3.20,3.40
2010.09.23 17:36:06.062,0.98445,0.9846,3.20,3.40
2010.09.23 17:36:06.670,0.98445,0.9846,3.20,11.40
2010.09.23 17:36:06.759,0.98445,0.98455,3.20,1.00
2010.09.23 17:36:06.852,0.98445,0.9846,3.20,6.60
2010.09.23 17:36:07.406,0.98445,0.9846,1.60,11.40
2010.09.23 17:36:07.668,0.98445,0.98455,1.60,1.70
2010.09.23 17:36:07.913,0.98445,0.98455,1.60,1.60
2010.09.23 17:36:10.373,0.9844,0.98455,3.40,1.60
2010.09.23 17:36:13.029,0.9844,0.98455,4.20,1.60
2010.09.23 17:36:14.124,0.9844,0.98455,3.40,1.60
2010.09.23 17:36:14.747,0.9844,0.98455,2.60,1.00
2010.09.23 17:36:14.823,0.9844,0.98455,3.40,1.00
2010.09.23 17:36:15.232,0.9844,0.98455,4.20,1.00
2010.09.23 17:36:19.371,0.9844,0.9846,6.20,4.20
2010.09.23 17:36:21.220,0.9844,0.9846,5.00,4.20
2010.09.23 17:36:24.899,0.9844,0.9846,6.20,4.20
2010.09.23 17:36:29.138,0.9844,0.9846,5.00,4.20
2010.09.23 17:36:34.047,0.9844,0.9846,5.80,5.00
2010.09.23 17:36:34.528,0.9844,0.9846,4.20,5.00
2010.09.23 17:36:36.140,0.9844,0.9846,3.40,4.20
2010.09.23 17:36:42.419,0.9844,0.9846,3.40,8.20
2010.09.23 17:36:45.803,0.9844,0.9846,5.80,8.20
2010.09.23 17:36:46.118,0.98445,0.9846,1.60,7.40
2010.09.23 17:36:46.499,0.98445,0.9846,1.60,3.40
2010.09.23 17:36:47.920,0.98445,0.9846,2.40,1.00
2010.09.23 17:36:48.118,0.98445,0.98465,5.10,7.40
2010.09.23 17:36:48.808,0.9845,0.98465,1.00,1.60
2010.09.23 17:36:49.025,0.9845,0.98465,2.40,3.40
2010.09.23 17:36:54.398,0.9845,0.98465,2.40,3.20
2010.09.23 17:37:00.351,0.98445,0.9846,3.40,1.60
2010.09.23 17:37:00.565,0.98445,0.98465,4.20,3.20
2010.09.23 17:37:00.783,0.98445,0.98465,5.40,3.20
2010.09.23 17:37:02.191,0.98445,0.98465,11.00,3.20
2010.09.23 17:37:02.536,0.9845,0.98465,1.00,1.60
2010.09.23 17:37:03.091,0.9845,0.98465,3.40,1.60
2010.09.23 17:37:03.904,0.9845,0.9847,3.40,5.80
2010.09.23 17:37:05.133,0.9845,0.9847,4.20,5.80
2010.09.23 17:37:05.775,0.9845,0.9847,4.20,6.60
2010.09.23 17:37:08.889,0.9845,0.9847,3.40,5.80
2010.09.23 17:37:19.850,0.9845,0.98465,3.40,1.60
2010.09.23 17:37:21.398,0.9845,0.98465,4.20,1.60
2010.09.23 17:37:22.746,0.9845,0.98465,3.40,3.20
2010.09.23 17:37:24.622,0.9845,0.98465,3.40,1.60
2010.09.23 17:37:29.892,0.9845,0.98465,3.20,1.80
2010.09.23 17:37:30.101,0.9845,0.9846,2.40,1.60
2010.09.23 17:37:30.745,0.9845,0.9846,1.60,1.60
2010.09.23 17:37:31.860,0.98445,0.9846,1.60,1.60
2010.09.23 17:37:31.939,0.98445,0.9846,1.60,3.20
2010.09.23 17:37:33.017,0.98445,0.9846,1.80,3.20
2010.09.23 17:37:33.170,0.98445,0.9846,2.40,3.20
2010.09.23 17:37:33.320,0.98445,0.9846,1.60,4.00
2010.09.23 17:37:44.427,0.98445,0.9846,1.60,4.20
2010.09.23 17:37:46.622,0.98445,0.9846,1.80,4.00
2010.09.23 17:37:46.689,0.98445,0.9846,2.60,3.20
2010.09.23 17:37:46.751,0.9845,0.9846,1.00,1.60
2010.09.23 17:37:47.117,0.9845,0.98465,1.00,3.20
2010.09.23 17:37:47.883,0.9845,0.98465,2.60,3.20
2010.09.23 17:37:52.340,0.9845,0.98465,3.40,2.40
2010.09.23 17:37:52.529,0.9846,0.9847,1.00,3.20
2010.09.23 17:37:58.833,0.9846,0.9847,1.00,2.40
2010.09.23 17:37:59.359,0.9846,0.9847,1.00,1.60
2010.09.23 17:38:01.291,0.98455,0.9847,6.60,1.60
2010.09.23 17:38:03.009,0.98455,0.9847,5.80,1.60
2010.09.23 17:38:14.345,0.98455,0.9847,4.20,3.20
2010.09.23 17:38:17.611,0.9845,0.9846,1.60,1.60
2010.09.23 17:38:17.704,0.98445,0.9846,3.80,1.60
2010.09.23 17:38:18.567,0.98445,0.9846,6.20,1.00
2010.09.23 17:38:20.388,0.98445,0.9846,5.40,1.60
2010.09.23 17:38:28.698,0.98445,0.9846,7.00,1.60
2010.09.23 17:38:36.231,0.98445,0.9846,6.20,2.40
2010.09.23 17:38:36.438,0.98445,0.98455,3.20,1.00
2010.09.23 17:38:36.540,0.98445,0.98455,1.60,1.00
2010.09.23 17:38:36.640,0.9844,0.98455,6.60,1.00
2010.09.23 17:38:43.464,0.98445,0.9846,1.00,2.20
2010.09.23 17:38:43.677,0.98445,0.98465,12.20,4.60
2010.09.23 17:38:43.873,0.98445,0.98465,13.80,4.60
2010.09.23 17:38:44.705,0.9845,0.98465,1.00,3.20
2010.09.23 17:38:45.020,0.9845,0.98465,5.00,1.60
2010.09.23 17:38:45.317,0.9845,0.98465,2.60,1.60
2010.09.23 17:38:45.611,0.9845,0.98465,4.20,1.60
2010.09.23 17:38:48.118,0.9845,0.98465,5.00,1.60
2010.09.23 17:38:49.562,0.9845,0.98465,4.20,1.60
2010.09.23 17:38:58.410,0.9845,0.98465,5.00,1.00
2010.09.23 17:38:58.589,0.98455,0.9847,1.00,2.20
2010.09.23 17:38:59.145,0.98455,0.9847,1.00,1.40
2010.09.23 17:38:59.333,0.98455,0.98475,9.40,3.00
2010.09.23 17:39:00.207,0.98455,0.9847,10.40,1.40
2010.09.23 17:39:00.560,0.98455,0.9847,2.40,11.00
2010.09.23 17:39:02.078,0.98455,0.98465,1.00,8.80
2010.09.23 17:39:02.328,0.9845,0.98465,2.60,9.60
2010.09.23 17:39:06.181,0.9845,0.98465,2.60,1.60
2010.09.23 17:39:12.311,0.9845,0.98465,5.00,1.00
2010.09.23 17:39:13.848,0.9845,0.98465,4.20,1.00
2010.09.23 17:39:14.696,0.9845,0.98465,1.00,3.00
2010.09.23 17:39:22.527,0.9845,0.98465,1.00,4.60
2010.09.23 17:39:23.899,0.9845,0.98465,1.00,5.40
2010.09.23 17:39:24.031,0.9845,0.98465,1.00,4.60
2010.09.23 17:39:24.974,0.98445,0.9846,16.20,1.00
2010.09.23 17:39:26.858,0.98445,0.9846,13.80,1.00
2010.09.23 17:39:27.298,0.98445,0.9846,15.40,1.00
2010.09.23 17:39:28.970,0.98445,0.9846,16.20,1.00
2010.09.23 17:39:31.468,0.98445,0.9846,15.40,1.00
2010.09.23 17:39:46.049,0.98445,0.9846,16.20,1.00
2010.09.23 17:39:51.776,0.98445,0.98465,16.20,5.40
2010.09.23 17:39:53.590,0.98445,0.98465,16.20,4.60
2010.09.23 17:39:56.309,0.98445,0.98465,16.20,6.20
2010.09.23 17:40:02.804,0.98445,0.98465,16.20,4.60
2010.09.23 17:40:05.165,0.98445,0.98465,16.60,4.60
2010.09.23 17:40:07.554,0.98445,0.98465,15.40,4.60
2010.09.23 17:40:13.971,0.98445,0.9846,6.40,3.00
2010.09.23 17:40:14.083,0.98445,0.9846,4.80,3.00
2010.09.23 17:40:14.202,0.98445,0.98455,3.20,1.00
2010.09.23 17:40:14.312,0.98445,0.98455,3.20,2.20
2010.09.23 17:40:14.894,0.98445,0.98455,1.60,4.60
2010.09.23 17:40:15.145,0.9844,0.98455,2.40,4.60
2010.09.23 17:40:15.391,0.9844,0.98455,2.60,1.60
2010.09.23 17:40:15.631,0.9844,0.98455,3.40,1.60
2010.09.23 17:40:15.870,0.98445,0.98455,1.60,1.60
2010.09.23 17:40:21.391,0.98445,0.9846,4.20,1.60
2010.09.23 17:40:23.484,0.98445,0.9846,5.00,1.60
2010.09.23 17:40:31.368,0.98445,0.9846,6.60,1.60
2010.09.23 17:40:36.730,0.98445,0.9846,9.00,1.60
2010.09.23 17:40:40.646,0.98445,0.9846,8.20,1.60
2010.09.23 17:40:41.660,0.98445,0.98455,1.60,2.40
2010.09.23 17:40:42.176,0.9844,0.98455,1.00,5.40
2010.09.23 17:40:42.523,0.98435,0.98455,10.20,7.00
2010.09.23 17:40:42.701,0.98435,0.98455,11.00,7.80
2010.09.23 17:40:45.141,0.98435,0.98455,10.20,7.00
2010.09.23 17:40:46.066,0.9844,0.98455,2.40,4.60
2010.09.23 17:40:46.423,0.9844,0.98455,4.20,1.60
2010.09.23 17:40:46.772,0.9844,0.98455,5.80,1.60
2010.09.23 17:41:09.331,0.9844,0.98455,6.60,1.60
2010.09.23 17:41:09.539,0.9844,0.9846,6.60,5.40
2010.09.23 17:41:10.091,0.98445,0.9846,1.60,5.40
2010.09.23 17:41:10.441,0.98445,0.9846,4.80,4.60
2010.09.23 17:41:10.779,0.98445,0.9846,4.80,5.40
2010.09.23 17:41:11.830,0.98445,0.9846,5.60,4.60
2010.09.23 17:41:12.097,0.98445,0.9846,8.00,2.20
2010.09.23 17:41:13.560,0.98445,0.9846,7.20,2.20
2010.09.23 17:41:19.584,0.98445,0.9846,8.40,2.20
2010.09.23 17:41:21.888,0.98445,0.9846,9.20,1.40
2010.09.23 17:41:22.061,0.98455,0.98465,2.40,2.20
2010.09.23 17:41:22.343,0.98455,0.9847,4.00,2.20
2010.09.23 17:41:22.960,0.98455,0.9847,5.60,2.20
2010.09.23 17:41:23.240,0.98455,0.9847,7.20,2.20
2010.09.23 17:41:23.582,0.98455,0.9847,7.20,2.30
2010.09.23 17:41:23.921,0.98455,0.9847,7.20,2.40
2010.09.23 17:41:25.026,0.98455,0.9847,7.20,2.20
2010.09.23 17:41:25.531,0.98455,0.9847,7.20,2.30
2010.09.23 17:41:25.680,0.98455,0.9847,7.20,2.40
2010.09.23 17:41:26.580,0.98455,0.9847,7.20,2.30
2010.09.23 17:41:26.670,0.98455,0.9847,7.20,2.20
2010.09.23 17:41:27.680,0.98455,0.9847,7.20,2.30
2010.09.23 17:41:27.920,0.98455,0.9847,7.20,2.50
2010.09.23 17:41:28.631,0.98455,0.9847,7.20,2.20
2010.09.23 17:41:29.552,0.98455,0.98465,5.60,1.00
2010.09.23 17:41:29.652,0.9845,0.98465,8.40,3.00
2010.09.23 17:41:29.702,0.9845,0.98465,11.20,3.00
2010.09.23 17:41:29.752,0.9845,0.98465,11.20,3.80
2010.09.23 17:41:29.802,0.98455,0.98465,2.40,11.80
2010.09.23 17:41:30.629,0.98445,0.9846,12.00,3.00
2010.09.23 17:41:30.981,0.98445,0.9846,5.60,3.00
2010.09.23 17:41:52.578,0.98445,0.98455,3.20,1.00
2010.09.23 17:41:52.802,0.98445,0.98455,1.60,1.60
2010.09.23 17:41:53.836,0.9844,0.98455,2.40,7.40
2010.09.23 17:41:55.643,0.98445,0.98455,1.00,5.60
2010.09.23 17:41:55.794,0.98445,0.9846,6.70,1.60
2010.09.23 17:41:55.947,0.98455,0.9846,1.00,1.00
2010.09.23 17:41:56.586,0.9845,0.98465,5.80,1.60
2010.09.23 17:41:56.746,0.9845,0.98465,8.20,1.60
2010.09.23 17:41:57.098,0.9845,0.98465,7.40,1.60
2010.09.23 17:41:57.943,0.9845,0.9847,7.40,7.00
2010.09.23 17:41:58.256,0.9845,0.9847,8.20,7.80
2010.09.23 17:41:58.561,0.9845,0.9847,8.20,7.90
2010.09.23 17:41:58.864,0.9845,0.9847,8.20,7.10
2010.09.23 17:41:59.691,0.98455,0.9847,5.60,3.00
2010.09.23 17:41:59.974,0.98455,0.9847,4.00,4.60
2010.09.23 17:42:00.260,0.98455,0.9847,4.00,4.70
2010.09.23 17:42:01.134,0.98455,0.9847,4.00,4.80
2010.09.23 17:42:01.486,0.98455,0.9847,4.00,4.60
2010.09.23 17:42:02.340,0.98455,0.9847,4.00,4.60
2010.09.23 17:42:02.952,0.98455,0.9847,4.00,4.80
2010.09.23 17:42:03.270,0.98455,0.9847,4.00,4.70
2010.09.23 17:42:03.429,0.98455,0.9847,4.00,4.60
2010.09.23 17:42:04.441,0.98455,0.9847,4.00,4.70
2010.09.23 17:42:05.325,0.98455,0.9847,4.00,4.60
2010.09.23 17:42:06.586,0.98455,0.9847,4.00,4.70
2010.09.23 17:42:07.647,0.98455,0.9847,4.00,4.60
2010.09.23 17:42:08.489,0.98455,0.9847,4.00,4.60
2010.09.23 17:42:08.649,0.98455,0.9847,4.00,4.70
2010.09.23 17:42:09.891,0.98455,0.9847,4.00,4.60
2010.09.23 17:42:10.529,0.98455,0.9847,4.00,4.60
2010.09.23 17:42:10.711,0.98455,0.9847,4.00,4.70
2010.09.23 17:42:11.669,0.98455,0.9847,4.00,4.60
2010.09.23 17:42:12.010,0.98455,0.9847,4.00,4.60
2010.09.23 17:42:12.648,0.98455,0.9847,4.00,4.60
2010.09.23 17:42:12.809,0.98455,0.9847,4.00,4.80
2010.09.23 17:42:13.488,0.98455,0.9847,4.00,4.70
2010.09.23 17:42:13.719,0.98455,0.9847,4.00,4.60
2010.09.23 17:42:14.723,0.98455,0.9847,4.00,5.40
2010.09.23 17:42:14.788,0.98455,0.9847,1.60,8.00
2010.09.23 17:42:15.439,0.98455,0.9847,1.60,7.90
2010.09.23 17:42:16.233,0.98455,0.9847,1.60,7.80
2010.09.23 17:42:16.650,0.98455,0.9847,1.60,7.90
2010.09.23 17:42:16.758,0.98455,0.9847,1.60,8.00
2010.09.23 17:42:17.952,0.98455,0.9847,1.60,7.90
2010.09.23 17:42:18.207,0.98455,0.9847,1.60,7.00
2010.09.23 17:42:18.630,0.98455,0.9847,1.60,7.10
2010.09.23 17:42:18.800,0.98455,0.9847,1.60,7.20
2010.09.23 17:42:19.611,0.98455,0.9847,1.60,7.10
2010.09.23 17:42:20.177,0.98455,0.9847,1.60,5.40
2010.09.23 17:42:20.303,0.9845,0.9847,8.20,5.40
2010.09.23 17:42:20.550,0.9845,0.9847,8.20,5.40
2010.09.23 17:42:20.729,0.9845,0.9847,8.20,5.50
2010.09.23 17:42:21.714,0.9845,0.9847,8.20,5.40
2010.09.23 17:42:22.658,0.9845,0.9847,8.20,5.50
2010.09.23 17:42:22.940,0.9845,0.9847,8.20,7.20
2010.09.23 17:42:23.318,0.9845,0.9847,7.40,7.20
2010.09.23 17:42:23.895,0.9845,0.98465,4.00,9.80
2010.09.23 17:42:24.053,0.9845,0.98465,5.00,4.40
2010.09.23 17:42:24.749,0.9845,0.9847,5.80,8.70
2010.09.23 17:42:24.952,0.9845,0.9847,8.20,9.60
2010.09.23 17:42:25.659,0.9845,0.9847,8.20,9.40
2010.09.23 17:42:26.029,0.9845,0.9847,8.20,9.40
2010.09.23 17:42:26.939,0.9845,0.9847,8.20,9.50
2010.09.23 17:42:27.561,0.9845,0.9847,8.20,9.60
2010.09.23 17:42:27.779,0.9845,0.9847,8.20,7.80
2010.09.23 17:42:27.892,0.9845,0.9847,8.20,7.80
2010.09.23 17:42:28.950,0.9845,0.9847,8.20,8.00
2010.09.23 17:42:29.551,0.9845,0.9847,7.40,7.20
2010.09.23 17:42:29.962,0.9845,0.9847,7.40,7.00
2010.09.23 17:42:30.979,0.9845,0.9847,7.40,7.00
2010.09.23 17:42:31.603,0.9845,0.9847,7.40,8.70
2010.09.23 17:42:31.772,0.9845,0.9847,7.40,7.10
2010.09.23 17:42:31.941,0.9845,0.9847,7.40,7.00
2010.09.23 17:42:32.111,0.9845,0.9847,7.40,7.00
2010.09.23 17:42:32.850,0.9845,0.9847,7.40,7.00
2010.09.23 17:42:32.999,0.9845,0.9847,7.40,7.10
2010.09.23 17:42:34.101,0.9845,0.9847,8.20,7.80
2010.09.23 17:42:34.988,0.9845,0.9847,8.20,7.90
2010.09.23 17:42:35.159,0.9845,0.9847,8.20,8.00
2010.09.23 17:42:36.258,0.9845,0.9847,8.20,7.80
2010.09.23 17:42:36.829,0.9845,0.9847,8.20,7.90
2010.09.23 17:42:37.117,0.9845,0.9847,8.20,8.00
2010.09.23 17:42:37.429,0.9845,0.9847,8.20,6.40
2010.09.23 17:42:38.405,0.9845,0.9847,8.20,6.20
2010.09.23 17:42:38.557,0.9845,0.9847,7.40,6.20
2010.09.23 17:42:38.765,0.9845,0.9847,7.40,5.40
2010.09.23 17:42:39.070,0.9845,0.9847,7.40,5.60
2010.09.23 17:42:40.175,0.9845,0.9847,8.20,8.00
2010.09.23 17:42:40.453,0.9845,0.9847,8.20,7.80
2010.09.23 17:42:40.998,0.9845,0.9847,8.20,7.80
2010.09.23 17:42:41.180,0.9845,0.9847,8.20,7.90
2010.09.23 17:42:42.446,0.9845,0.9847,8.20,7.80
2010.09.23 17:42:43.089,0.9845,0.9847,8.20,6.20
2010.09.23 17:42:43.269,0.9845,0.9847,8.20,6.40
2010.09.23 17:42:44.111,0.98455,0.9847,1.60,6.40
2010.09.23 17:42:44.381,0.9845,0.9847,7.40,5.40
2010.09.23 17:42:45.120,0.9845,0.9847,7.40,5.60
2010.09.23 17:42:46.111,0.98455,0.9847,1.60,5.60
2010.09.23 17:42:46.280,0.98455,0.9847,1.60,5.40
2010.09.23 17:42:47.099,0.98455,0.9847,1.60,5.50
2010.09.23 17:42:47.270,0.98455,0.9847,1.60,5.60
2010.09.23 17:42:48.089,0.98455,0.9847,1.60,5.50
2010.09.23 17:42:48.258,0.98455,0.9847,1.60,5.40
2010.09.23 17:42:49.188,0.98455,0.9847,1.60,5.40
2010.09.23 17:42:49.409,0.98455,0.9847,1.60,5.60
2010.09.23 17:42:50.573,0.98455,0.9847,1.60,5.40
2010.09.23 17:42:51.311,0.98455,0.9847,1.60,5.40
2010.09.23 17:42:51.559,0.98455,0.9847,1.60,5.60
2010.09.23 17:42:52.158,0.98455,0.9847,1.60,6.40
2010.09.23 17:42:52.792,0.98455,0.9847,1.60,14.30
2010.09.23 17:42:52.855,0.9845,0.98465,7.20,1.40
2010.09.23 17:42:59.777,0.9845,0.9847,7.40,6.40
2010.09.23 17:42:59.857,0.9845,0.98465,5.60,1.80
2010.09.23 17:42:59.929,0.9845,0.98465,3.20,4.20
2010.09.23 17:43:00.210,0.9845,0.98465,5.60,1.80
2010.09.23 17:43:00.280,0.98455,0.98465,1.60,1.80
2010.09.23 17:43:00.351,0.98455,0.98465,1.60,1.20
2010.09.23 17:43:00.419,0.98455,0.98465,1.60,1.00
2010.09.23 17:43:00.561,0.98455,0.9847,2.40,7.00
2010.09.23 17:43:00.630,0.98455,0.9847,3.20,7.00
2010.09.23 17:43:01.228,0.98455,0.9847,1.60,7.00
2010.09.23 17:43:09.893,0.98455,0.9847,1.60,5.40
2010.09.23 17:43:10.040,0.98455,0.9847,3.20,5.40
2010.09.23 17:43:10.914,0.98455,0.9847,3.40,4.80
2010.09.23 17:43:11.045,0.98455,0.98475,3.40,8.60
2010.09.23 17:43:11.172,0.98455,0.98475,3.40,4.60
2010.09.23 17:43:11.302,0.9846,0.98475,3.40,3.20
2010.09.23 17:43:11.432,0.9846,0.98475,3.40,1.60
2010.09.23 17:43:12.693,0.9846,0.98475,4.20,1.60
2010.09.23 17:43:13.240,0.9846,0.98475,4.00,2.30
2010.09.23 17:43:13.891,0.9846,0.98475,4.00,3.90
2010.09.23 17:43:14.194,0.98455,0.9847,2.40,3.80
2010.09.23 17:43:14.498,0.98455,0.9847,2.40,4.60
2010.09.23 17:43:15.255,0.98455,0.9847,1.00,5.40
2010.09.23 17:43:15.604,0.9845,0.9847,8.20,5.80
2010.09.23 17:43:15.949,0.9845,0.9847,8.20,6.60
2010.09.23 17:43:17.670,0.9845,0.9847,7.40,5.80
2010.09.23 17:43:18.473,0.98455,0.9847,2.40,3.40
2010.09.23 17:43:18.811,0.98455,0.9847,4.00,3.40
2010.09.23 17:43:25.823,0.98455,0.9847,4.80,3.40
2010.09.23 17:43:26.418,0.98455,0.9847,8.00,2.20
2010.09.23 17:43:26.689,0.9846,0.9847,1.60,1.40
2010.09.23 17:43:26.967,0.9846,0.9847,1.60,1.00
2010.09.23 17:43:29.807,0.9846,0.9847,2.40,1.00
2010.09.23 17:43:42.321,0.9846,0.9847,1.00,1.00
2010.09.23 17:43:42.678,0.98455,0.9847,4.80,5.40
2010.09.23 17:43:42.902,0.98455,0.9847,4.80,4.60
2010.09.23 17:43:44.268,0.98455,0.9847,4.80,5.40
2010.09.23 17:43:47.601,0.98455,0.9847,1.60,5.40
2010.09.23 17:43:48.215,0.98455,0.9847,1.00,5.40
2010.09.23 17:43:49.001,0.98455,0.9847,1.00,6.20
2010.09.23 17:43:50.532,0.98455,0.9847,3.20,3.80
2010.09.23 17:43:50.920,0.98455,0.9847,1.00,5.40
2010.09.23 17:43:53.169,0.98455,0.9847,1.00,4.60
2010.09.23 17:43:53.459,0.98455,0.9847,1.60,3.80
2010.09.23 17:43:54.211,0.98455,0.9847,1.60,4.60
2010.09.23 17:43:54.831,0.98455,0.9847,1.60,5.40
2010.09.23 17:43:56.291,0.98455,0.9847,1.60,4.60
2010.09.23 17:43:57.626,0.98455,0.9847,1.60,6.20
2010.09.23 17:43:57.886,0.98455,0.9847,1.00,7.00
2010.09.23 17:43:58.648,0.98455,0.9847,1.00,6.20
2010.09.23 17:43:59.196,0.98455,0.9847,1.00,4.60
2010.09.23 17:43:59.552,0.98455,0.9847,2.40,5.40
2010.09.23 17:44:00.796,0.98455,0.9847,1.00,5.40
2010.09.23 17:44:02.707,0.98455,0.9847,1.00,7.00
2010.09.23 17:44:05.946,0.98455,0.9847,2.40,5.40
2010.09.23 17:44:07.848,0.98455,0.9847,4.80,3.00
2010.09.23 17:44:14.121,0.98455,0.9847,4.80,2.40
2010.09.23 17:44:20.936,0.98455,0.98465,4.00,1.40
2010.09.23 17:44:22.839,0.98455,0.98465,4.00,1.00
2010.09.23 17:44:35.234,0.98455,0.9847,6.40,2.40
2010.09.23 17:44:35.541,0.98455,0.9847,7.20,1.60
2010.09.23 17:44:36.760,0.9846,0.9847,1.60,1.60
2010.09.23 17:44:41.640,0.9846,0.9847,1.60,1.00
2010.09.23 17:44:41.991,0.98455,0.9847,7.20,1.00
2010.09.23 17:44:46.890,0.98455,0.9847,7.20,1.00
2010.09.23 17:44:46.961,0.98455,0.9847,8.00,1.00
2010.09.23 17:44:51.502,0.98455,0.9847,7.20,1.80
2010.09.23 17:44:52.245,0.98455,0.9847,7.20,1.00
2010.09.23 17:44:55.025,0.98455,0.9847,5.60,1.00
2010.09.23 17:44:59.799,0.98455,0.9847,1.00,5.00
2010.09.23 17:44:59.949,0.98455,0.9847,1.00,5.80
2010.09.23 17:45:00.103,0.98455,0.9847,1.00,6.60
2010.09.23 17:45:00.653,0.98455,0.9847,1.00,5.00
2010.09.23 17:45:02.619,0.98455,0.9847,2.40,5.00
2010.09.23 17:45:04.709,0.98455,0.9847,6.40,2.60
2010.09.23 17:45:07.942,0.98455,0.9847,6.40,1.80
2010.09.23 17:45:08.247,0.98455,0.9847,6.40,2.60
2010.09.23 17:45:13.090,0.98455,0.9847,6.40,1.80
2010.09.23 17:45:14.785,0.98455,0.9847,7.20,1.00
2010.09.23 17:45:14.853,0.98455,0.9847,7.20,1.80
2010.09.23 17:45:19.801,0.98455,0.9847,7.20,1.00
2010.09.23 17:45:24.041,0.9846,0.98475,7.40,1.00
2010.09.23 17:45:24.272,0.9846,0.98475,8.20,1.00
2010.09.23 17:45:25.420,0.98465,0.9848,1.60,5.00
2010.09.23 17:45:25.676,0.9846,0.9848,9.40,4.20
2010.09.23 17:45:32.173,0.9846,0.9848,9.40,5.00
2010.09.23 17:45:32.281,0.9846,0.9848,8.20,5.00
2010.09.23 17:45:32.380,0.9846,0.9848,8.20,6.60
2010.09.23 17:45:34.708,0.9846,0.9847,8.20,1.00
2010.09.23 17:45:35.691,0.9846,0.98475,8.20,1.00
2010.09.23 17:45:36.439,0.9846,0.9848,8.20,4.20
2010.09.23 17:45:36.508,0.9846,0.9848,9.40,4.20
2010.09.23 17:45:36.572,0.98465,0.9848,1.00,4.20
2010.09.23 17:45:37.101,0.98465,0.9848,1.60,4.20
2010.09.23 17:45:37.450,0.98465,0.9848,3.20,4.20
2010.09.23 17:45:39.160,0.98465,0.9848,3.20,4.30
2010.09.23 17:45:49.310,0.98465,0.9848,1.60,4.30
2010.09.23 17:45:51.300,0.98465,0.9848,3.20,4.30
2010.09.23 17:45:54.557,0.98465,0.9848,3.20,5.10
2010.09.23 17:45:55.747,0.98465,0.9848,3.20,4.30
2010.09.23 17:45:57.110,0.98465,0.9848,4.00,4.30
2010.09.23 17:45:57.262,0.98475,0.9848,2.60,1.60
2010.09.23 17:45:57.412,0.98475,0.98485,2.60,1.70
2010.09.23 17:45:58.159,0.98475,0.9849,9.80,1.60
2010.09.23 17:45:58.544,0.98475,0.9849,5.80,1.60
2010.09.23 17:45:59.707,0.98475,0.9849,6.60,1.60
2010.09.23 17:46:07.062,0.98475,0.9849,10.60,1.60
2010.09.23 17:46:07.755,0.98475,0.9849,14.60,1.00
2010.09.23 17:46:07.898,0.98475,0.98495,16.20,10.40
2010.09.23 17:46:08.701,0.98475,0.98495,15.40,10.40
2010.09.23 17:46:09.514,0.98475,0.98485,1.60,1.60
2010.09.23 17:46:10.077,0.9847,0.9848,2.40,9.80
2010.09.23 17:46:10.354,0.98455,0.9847,9.00,1.00
2010.09.23 17:46:10.597,0.98455,0.9847,5.20,4.20
2010.09.23 17:46:11.184,0.98455,0.9847,7.60,1.80
2010.09.23 17:46:11.451,0.98455,0.9847,1.80,12.80
2010.09.23 17:46:11.734,0.9845,0.98465,6.60,1.60
2010.09.23 17:46:12.254,0.9845,0.98465,5.00,1.60
2010.09.23 17:46:12.541,0.9845,0.98465,5.00,4.00
2010.09.23 17:46:14.347,0.9845,0.98465,4.20,4.00
2010.09.23 17:46:14.664,0.9845,0.98465,5.00,4.00
2010.09.23 17:46:14.785,0.9845,0.98465,6.60,4.00
2010.09.23 17:46:14.905,0.9845,0.98465,6.60,1.60
2010.09.23 17:46:15.987,0.9845,0.98465,7.40,1.60
2010.09.23 17:46:16.329,0.9845,0.98465,6.60,1.60
2010.09.23 17:46:17.162,0.9845,0.98465,5.80,4.00
2010.09.23 17:46:17.540,0.9845,0.98465,4.20,4.00
2010.09.23 17:46:19.174,0.98455,0.98465,3.40,1.60
2010.09.23 17:46:19.434,0.98465,0.9847,1.00,1.00
2010.09.23 17:46:19.563,0.98465,0.98475,3.40,1.60
2010.09.23 17:46:20.406,0.98465,0.9848,5.80,1.00
2010.09.23 17:46:20.726,0.98465,0.9848,7.40,1.00
2010.09.23 17:46:21.043,0.98465,0.9848,6.60,1.00
2010.09.23 17:46:22.024,0.98465,0.9848,9.80,1.00
2010.09.23 17:46:23.304,0.98465,0.9848,7.20,1.80
2010.09.23 17:46:23.436,0.98465,0.9848,3.20,4.20
2010.09.23 17:46:23.568,0.98465,0.9848,1.60,4.20
2010.09.23 17:46:24.529,0.98465,0.9848,1.60,6.60
2010.09.23 17:46:26.209,0.98465,0.98475,1.60,1.60
2010.09.23 17:46:27.018,0.9846,0.98475,2.40,3.40
2010.09.23 17:46:27.683,0.9846,0.98475,1.60,3.40
2010.09.23 17:46:30.552,0.98455,0.98475,15.00,3.40
2010.09.23 17:46:32.271,0.98455,0.98475,14.20,3.40
2010.09.23 17:46:32.806,0.9846,0.98475,2.60,3.20
2010.09.23 17:46:33.539,0.9846,0.98475,5.80,2.40
2010.09.23 17:46:33.744,0.9846,0.98475,6.20,1.60
2010.09.23 17:46:34.606,0.9846,0.98475,5.80,1.60
2010.09.23 17:46:34.957,0.9846,0.98475,8.20,1.00
2010.09.23 17:46:36.101,0.9847,0.98475,2.40,1.00
2010.09.23 17:46:36.213,0.9847,0.98485,5.00,1.60
2010.09.23 17:46:36.884,0.9847,0.98485,4.20,1.60
2010.09.23 17:46:40.809,0.9847,0.98485,5.80,1.60
2010.09.23 17:46:49.790,0.9847,0.9849,5.80,7.40
2010.09.23 17:46:56.759,0.9847,0.9849,6.60,7.40
2010.09.23 17:46:58.073,0.98475,0.9849,2.60,4.80
2010.09.23 17:46:58.286,0.98475,0.9849,4.80,3.40
2010.09.23 17:46:58.499,0.98475,0.9849,2.40,5.80
2010.09.23 17:46:58.714,0.98475,0.9849,1.60,6.60
2010.09.23 17:46:59.701,0.98475,0.98485,1.60,1.00
2010.09.23 17:46:59.835,0.98475,0.98485,1.60,2.40
2010.09.23 17:46:59.964,0.9847,0.98485,1.00,3.40
2010.09.23 17:47:00.221,0.9847,0.98485,1.00,5.00
2010.09.23 17:47:00.352,0.9847,0.98485,1.00,5.80
2010.09.23 17:47:03.647,0.9847,0.98485,1.60,5.80
2010.09.23 17:47:03.702,0.9847,0.98485,1.80,5.60
2010.09.23 17:47:03.761,0.9847,0.98485,1.80,4.80
2010.09.23 17:47:03.821,0.9847,0.98485,1.80,4.00
2010.09.23 17:47:04.403,0.98475,0.98485,1.00,1.60
2010.09.23 17:47:04.472,0.98475,0.9849,1.00,8.20
2010.09.23 17:47:04.962,0.98475,0.9849,1.00,9.00
2010.09.23 17:47:20.800,0.98475,0.9849,1.00,7.40
2010.09.23 17:47:22.606,0.9847,0.98485,6.60,1.60
2010.09.23 17:47:25.452,0.9847,0.98485,5.80,1.60
2010.09.23 17:47:25.611,0.9847,0.9849,6.60,7.40
2010.09.23 17:47:33.974,0.9847,0.9848,1.80,2.40
2010.09.23 17:47:34.119,0.98465,0.9848,3.20,5.00
2010.09.23 17:47:34.255,0.98465,0.98475,3.20,8.20
2010.09.23 17:47:34.877,0.9846,0.9847,4.00,3.40
2010.09.23 17:47:35.020,0.98455,0.9847,4.80,3.40
2010.09.23 17:47:35.362,0.98455,0.9847,4.80,4.20
2010.09.23 17:47:44.396,0.9846,0.9847,1.40,2.40
2010.09.23 17:47:44.963,0.9846,0.9847,3.80,2.40
2010.09.23 17:47:45.234,0.98465,0.9848,12.00,1.00
2010.09.23 17:47:46.244,0.98465,0.9848,5.60,3.40
2010.09.23 17:47:46.923,0.98465,0.98475,2.40,1.00
2010.09.23 17:47:47.139,0.98465,0.98475,1.60,1.00
2010.09.23 17:47:50.477,0.9846,0.98475,8.20,1.00
2010.09.23 17:47:53.993,0.9846,0.98475,7.40,1.00
2010.09.23 17:47:58.827,0.98465,0.9848,1.60,5.80
2010.09.23 17:47:59.442,0.98465,0.9848,1.60,6.60
2010.09.23 17:48:03.104,0.98465,0.98475,1.00,1.00
2010.09.23 17:48:03.273,0.9846,0.98475,4.80,1.00
2010.09.23 17:48:03.615,0.9846,0.9847,4.00,1.00
2010.09.23 17:48:04.277,0.9846,0.9847,2.40,1.00
2010.09.23 17:48:04.537,0.9846,0.9847,1.00,1.00
2010.09.23 17:48:10.999,0.9846,0.98475,1.00,6.60
2010.09.23 17:48:11.172,0.9846,0.98475,1.60,5.00
2010.09.23 17:48:11.833,0.9846,0.98475,2.40,1.80
2010.09.23 17:48:12.005,0.9846,0.98475,4.80,1.80
2010.09.23 17:48:12.352,0.9846,0.98475,4.00,1.80
2010.09.23 17:48:12.695,0.9846,0.98475,7.40,1.60
2010.09.23 17:48:13.407,0.9846,0.98475,4.80,1.80
2010.09.23 17:48:13.764,0.9846,0.98475,7.40,1.60
2010.09.23 17:48:15.213,0.98465,0.98475,1.60,1.60
2010.09.23 17:48:18.707,0.98465,0.98475,1.60,1.80
2010.09.23 17:48:20.393,0.9846,0.98475,2.40,1.80
2010.09.23 17:48:23.989,0.9846,0.98475,4.00,1.80
2010.09.23 17:48:28.570,0.9846,0.98475,4.00,2.60
2010.09.23 17:48:28.756,0.9846,0.9847,1.00,4.80
2010.09.23 17:48:29.344,0.9846,0.9847,1.00,2.40
2010.09.23 17:48:29.481,0.98455,0.9847,7.20,2.60
2010.09.23 17:48:30.000,0.98455,0.9847,7.20,1.80
2010.09.23 17:48:31.611,0.9845,0.98465,7.20,1.00
2010.09.23 17:48:33.794,0.9845,0.98465,8.00,1.00
2010.09.23 17:48:34.587,0.9845,0.98465,7.20,1.00
2010.09.23 17:48:38.702,0.9845,0.98465,7.20,1.80
2010.09.23 17:48:47.126,0.9845,0.98465,8.00,1.80
2010.09.23 17:48:47.810,0.9845,0.98465,7.20,1.80
2010.09.23 17:49:00.701,0.98455,0.98465,1.00,1.80
2010.09.23 17:49:01.300,0.9846,0.9847,1.60,1.60
2010.09.23 17:49:01.384,0.9847,0.9848,2.60,1.00
2010.09.23 17:49:01.734,0.9847,0.98485,4.20,3.20
2010.09.23 17:49:02.620,0.9847,0.98485,5.00,3.20
2010.09.23 17:49:03.261,0.9847,0.98485,2.40,3.20
2010.09.23 17:49:03.431,0.9847,0.98485,2.40,7.20
2010.09.23 17:49:04.088,0.9847,0.98485,1.00,7.20
2010.09.23 17:49:04.290,0.9847,0.98485,1.00,3.20
2010.09.23 17:49:04.671,0.98465,0.98485,4.00,3.20
2010.09.23 17:49:05.240,0.98465,0.9848,4.00,2.40
2010.09.23 17:49:05.988,0.98465,0.9848,3.20,3.80
2010.09.23 17:49:06.320,0.98465,0.9848,2.40,5.40
2010.09.23 17:49:06.642,0.98465,0.9848,1.60,7.00
2010.09.23 17:49:06.799,0.98465,0.9848,1.60,7.80
2010.09.23 17:49:08.499,0.98465,0.98475,1.60,1.00
2010.09.23 17:49:08.624,0.9846,0.98475,4.80,1.00
2010.09.23 17:49:13.109,0.9846,0.98475,3.20,1.00
2010.09.23 17:49:14.019,0.9846,0.98475,3.20,1.00
2010.09.23 17:49:14.360,0.9846,0.98475,3.20,2.60
2010.09.23 17:49:14.696,0.9846,0.9847,1.00,3.40
2010.09.23 17:49:15.033,0.98455,0.9847,4.80,4.20
2010.09.23 17:49:16.335,0.98455,0.9847,4.80,3.40
2010.09.23 17:49:20.300,0.98455,0.9847,3.20,3.40
2010.09.23 17:49:33.148,0.98455,0.9847,3.20,4.20
2010.09.23 17:49:33.313,0.98455,0.9847,5.60,1.80
2010.09.23 17:49:33.789,0.98455,0.9847,7.20,1.80
2010.09.23 17:49:45.912,0.9846,0.98475,2.40,6.60
2010.09.23 17:49:46.158,0.9846,0.98475,4.00,6.60
2010.09.23 17:49:47.250,0.98465,0.9848,7.20,10.60
2010.09.23 17:49:47.595,0.98465,0.9848,4.00,12.20
2010.09.23 17:49:48.140,0.98465,0.9848,4.00,7.40
2010.09.23 17:49:48.438,0.98465,0.9848,4.80,3.40
2010.09.23 17:49:49.508,0.98465,0.9848,4.80,4.20
2010.09.23 17:49:50.921,0.98465,0.9848,3.20,3.40
2010.09.23 17:49:53.651,0.98465,0.9848,4.80,3.40
2010.09.23 17:49:53.771,0.98465,0.9848,4.80,4.20
2010.09.23 17:49:57.906,0.98465,0.9848,4.80,3.40
2010.09.23 17:49:58.818,0.98465,0.9848,4.80,4.20
2010.09.23 17:50:00.294,0.98465,0.9848,4.80,3.40
2010.09.23 17:50:00.599,0.98465,0.9848,4.80,2.60
2010.09.23 17:50:03.980,0.98465,0.9848,4.80,3.40
2010.09.23 17:50:04.819,0.98465,0.9848,4.80,4.20
2010.09.23 17:50:08.453,0.98465,0.9848,7.20,1.80
2010.09.23 17:50:11.429,0.98465,0.9848,7.20,1.00
2010.09.23 17:50:15.290,0.98465,0.9848,7.20,1.80
2010.09.23 17:50:23.600,0.98465,0.9848,4.80,4.20
2010.09.23 17:50:26.226,0.98465,0.9848,7.20,1.00
2010.09.23 17:50:30.173,0.98465,0.9848,8.00,1.00
2010.09.23 17:50:31.113,0.9847,0.98485,3.20,1.80
2010.09.23 17:50:31.426,0.9847,0.98485,4.80,1.80
2010.09.23 17:50:35.413,0.9847,0.98485,4.80,1.60
2010.09.23 17:50:42.063,0.9847,0.98485,7.20,1.60
2010.09.23 17:50:42.422,0.9847,0.98485,6.40,1.60
2010.09.23 17:50:42.785,0.9847,0.98485,7.20,1.60
2010.09.23 17:50:43.463,0.9847,0.9849,7.20,5.00
2010.09.23 17:50:43.706,0.9847,0.9849,8.00,5.80
2010.09.23 17:50:44.056,0.9847,0.9849,7.20,6.60
2010.09.23 17:50:44.745,0.9847,0.9849,7.20,8.20
2010.09.23 17:50:44.965,0.9847,0.9849,7.20,6.60
2010.09.23 17:50:46.123,0.98475,0.9849,2.40,4.20
2010.09.23 17:50:46.454,0.98475,0.9849,1.60,5.00
2010.09.23 17:50:55.756,0.98475,0.9849,5.60,2.60
2010.09.23 17:50:56.113,0.98475,0.9849,3.20,5.00
2010.09.23 17:50:58.353,0.98475,0.9849,5.60,2.60
2010.09.23 17:51:01.720,0.98475,0.9849,7.20,2.60
2010.09.23 17:51:18.168,0.98475,0.9849,5.60,1.80
2010.09.23 17:51:18.357,0.98475,0.9849,1.60,4.20
2010.09.23 17:51:18.490,0.98475,0.9849,1.60,5.00
2010.09.23 17:51:23.919,0.98475,0.9849,1.60,5.80
2010.09.23 17:51:27.521,0.98475,0.9849,1.60,5.00
2010.09.23 17:51:29.451,0.9847,0.9849,7.40,5.00
2010.09.23 17:51:29.610,0.9847,0.9849,7.40,6.60
2010.09.23 17:51:39.968,0.9847,0.98485,7.40,1.00
2010.09.23 17:51:40.635,0.9847,0.9849,7.40,7.00
2010.09.23 17:51:43.602,0.9847,0.9849,7.40,6.60
2010.09.23 17:51:44.451,0.9847,0.9849,7.40,7.00
2010.09.23 17:51:46.660,0.9847,0.9849,7.40,6.60
2010.09.23 17:51:50.989,0.9847,0.9849,5.80,6.60
2010.09.23 17:51:57.135,0.9847,0.9849,8.20,6.60
2010.09.23 17:51:57.327,0.9847,0.9849,8.20,5.00
2010.09.23 17:51:58.374,0.98475,0.9849,1.60,5.00
2010.09.23 17:51:58.501,0.98475,0.9849,1.60,4.20
2010.09.23 17:52:00.500,0.9847,0.9849,9.00,4.20
2010.09.23 17:52:00.741,0.9847,0.9849,8.20,4.20
2010.09.23 17:52:00.981,0.9847,0.9849,9.40,4.20
2010.09.23 17:52:01.340,0.9847,0.9849,8.60,5.00
2010.09.23 17:52:04.880,0.9847,0.9849,7.40,5.00
2010.09.23 17:52:05.218,0.9847,0.9849,8.20,5.00
2010.09.23 17:52:06.389,0.9847,0.9849,8.00,4.80
2010.09.23 17:52:10.733,0.9847,0.9849,8.00,6.40
2010.09.23 17:52:11.091,0.9847,0.9849,8.00,5.60
2010.09.23 17:52:13.141,0.9847,0.9849,8.00,4.80
2010.09.23 17:52:14.583,0.9847,0.9849,7.20,6.40
2010.09.23 17:52:22.062,0.9847,0.9849,8.00,4.80
2010.09.23 17:52:22.175,0.9847,0.9849,8.00,5.60
2010.09.23 17:52:23.389,0.9847,0.9849,8.00,4.80
2010.09.23 17:52:26.332,0.9847,0.9849,8.00,4.00
2010.09.23 17:52:27.119,0.9847,0.9849,9.20,4.00
2010.09.23 17:52:27.443,0.9847,0.9849,8.40,4.80
2010.09.23 17:52:27.663,0.9847,0.9849,8.00,4.80
2010.09.23 17:52:28.103,0.9847,0.9849,7.20,4.80
2010.09.23 17:52:28.330,0.9847,0.9849,8.00,4.80
2010.09.23 17:52:29.136,0.9847,0.9849,8.00,6.40
2010.09.23 17:52:29.400,0.9847,0.98485,7.20,1.00
2010.09.23 17:52:35.171,0.9847,0.98485,8.00,1.00
2010.09.23 17:52:38.849,0.9847,0.98485,7.20,1.00
2010.09.23 17:52:43.681,0.9848,0.98485,1.00,1.00
2010.09.23 17:52:59.981,0.9848,0.98485,1.00,1.00
2010.09.23 17:53:00.590,0.9847,0.9848,4.00,1.60
2010.09.23 17:53:00.722,0.9846,0.98475,6.00,1.00
2010.09.23 17:53:00.844,0.9846,0.98475,4.80,1.00
2010.09.23 17:53:00.963,0.9846,0.98475,3.20,1.80
2010.09.23 17:53:01.426,0.9846,0.98475,2.40,1.80
2010.09.23 17:53:02.328,0.98465,0.98475,1.00,1.80
2010.09.23 17:53:02.537,0.98465,0.98475,3.40,1.60
2010.09.23 17:53:02.738,0.98465,0.9848,5.00,1.60
2010.09.23 17:53:02.935,0.98465,0.9848,5.80,1.60
2010.09.23 17:53:03.473,0.98465,0.9848,5.80,9.60
2010.09.23 17:53:03.771,0.9846,0.98475,5.60,2.60
2010.09.23 17:53:04.537,0.9846,0.98475,1.60,9.00
2010.09.23 17:53:04.889,0.9846,0.98475,1.60,3.40
2010.09.23 17:53:06.765,0.9846,0.9847,1.60,1.00
2010.09.23 17:53:06.931,0.98455,0.9847,5.80,1.00
2010.09.23 17:53:08.232,0.98455,0.9847,5.00,1.00
2010.09.23 17:53:08.760,0.98455,0.9847,5.00,1.60
2010.09.23 17:53:12.279,0.98455,0.9847,5.00,1.00
2010.09.23 17:53:13.472,0.98455,0.9847,5.00,1.60
2010.09.23 17:53:14.879,0.98455,0.9847,4.20,2.40
2010.09.23 17:53:15.682,0.98455,0.9847,4.20,1.60
2010.09.23 17:53:16.199,0.9846,0.9847,2.40,1.60
2010.09.23 17:53:16.482,0.9846,0.98475,3.40,1.60
2010.09.23 17:53:29.530,0.9846,0.98475,3.40,2.40
2010.09.23 17:53:29.642,0.9846,0.98475,3.20,2.60
2010.09.23 17:53:29.752,0.9846,0.98475,1.00,4.20
2010.09.23 17:53:29.862,0.98455,0.98475,5.80,5.80
2010.09.23 17:53:29.971,0.98455,0.98475,5.80,9.80
2010.09.23 17:53:30.082,0.98455,0.9847,3.40,1.00
2010.09.23 17:53:30.191,0.98455,0.9847,5.00,1.00
2010.09.23 17:53:30.779,0.98455,0.9847,5.00,2.40
2010.09.23 17:53:31.202,0.98455,0.9847,5.00,1.60
2010.09.23 17:53:31.621,0.98455,0.98475,5.00,5.80
2010.09.23 17:53:31.761,0.98455,0.98475,5.00,4.20
2010.09.23 17:53:31.902,0.98455,0.98475,5.00,8.20
2010.09.23 17:53:32.142,0.98455,0.98475,5.00,9.80
2010.09.23 17:53:36.250,0.98455,0.98475,5.00,9.60
2010.09.23 17:53:38.103,0.98455,0.98475,5.00,17.60
2010.09.23 17:53:38.175,0.98455,0.9847,4.80,1.00
2010.09.23 17:53:38.241,0.98455,0.9847,3.20,1.00
2010.09.23 17:53:38.316,0.98455,0.9847,1.60,10.60
2010.09.23 17:53:38.906,0.9845,0.9846,8.00,1.00
2010.09.23 17:53:39.270,0.9844,0.9846,7.20,9.00
2010.09.23 17:53:39.898,0.98445,0.9846,1.60,9.00
2010.09.23 17:53:40.257,0.9844,0.9846,7.20,9.80
2010.09.23 17:53:41.684,0.9844,0.9846,7.20,10.60
2010.09.23 17:53:41.942,0.9844,0.98455,7.20,1.60
2010.09.23 17:53:42.105,0.9844,0.98455,5.60,1.60
2010.09.23 17:53:42.841,0.98445,0.98455,2.40,1.60
2010.09.23 17:53:43.012,0.98445,0.9846,4.00,2.60
2010.09.23 17:53:43.354,0.98445,0.9846,5.60,2.60
2010.09.23 17:53:44.941,0.98445,0.9846,3.20,5.00
2010.09.23 17:53:45.630,0.9844,0.9846,7.20,5.00
2010.09.23 17:53:48.911,0.9844,0.9846,7.20,5.40
2010.09.23 17:53:49.250,0.9844,0.9846,7.20,5.00
2010.09.23 17:53:51.760,0.9844,0.9846,7.40,5.00
2010.09.23 17:53:52.076,0.9844,0.98455,7.40,1.00
2010.09.23 17:53:52.749,0.9844,0.98455,5.00,1.60
2010.09.23 17:53:54.843,0.9844,0.98455,6.60,1.60
2010.09.23 17:53:55.964,0.9844,0.9846,7.40,6.60
2010.09.23 17:53:56.315,0.9844,0.9846,7.40,8.20
2010.09.23 17:53:57.466,0.9844,0.9846,7.40,6.60
2010.09.23 17:53:59.408,0.9844,0.9846,7.40,9.80
2010.09.23 17:53:59.628,0.9844,0.98455,6.60,1.60
2010.09.23 17:53:59.820,0.9844,0.98455,7.40,1.60
2010.09.23 17:54:00.219,0.9844,0.98455,7.40,1.00
2010.09.23 17:54:00.425,0.9844,0.9846,7.40,9.80
2010.09.23 17:54:01.712,0.9844,0.9846,7.40,8.20
2010.09.23 17:54:02.040,0.98445,0.9846,1.00,8.20
2010.09.23 17:54:02.083,0.98445,0.9846,1.00,9.00
2010.09.23 17:54:02.310,0.98445,0.9846,1.00,8.20
2010.09.23 17:54:02.440,0.98445,0.9846,1.00,7.40
2010.09.23 17:54:02.984,0.98445,0.9846,1.60,5.80
2010.09.23 17:54:05.313,0.98445,0.9846,1.00,6.60
2010.09.23 17:54:05.463,0.9844,0.98455,5.80,1.00
2010.09.23 17:54:08.454,0.9844,0.9846,5.80,9.80
2010.09.23 17:54:08.752,0.98445,0.9846,1.00,9.80
2010.09.23 17:54:09.815,0.98445,0.9846,1.60,9.00
2010.09.23 17:54:13.651,0.98445,0.9846,1.60,7.40
2010.09.23 17:54:13.785,0.98445,0.9846,3.20,5.00
2010.09.23 17:54:14.136,0.9845,0.9846,1.00,5.00
2010.09.23 17:54:15.039,0.9845,0.98465,1.60,8.60
2010.09.23 17:54:15.347,0.9845,0.98465,1.60,10.20
2010.09.23 17:54:16.872,0.9845,0.98465,1.00,10.20
2010.09.23 17:54:19.078,0.9845,0.98465,1.00,11.00
2010.09.23 17:54:19.428,0.9845,0.98465,1.00,9.40
2010.09.23 17:54:19.775,0.9845,0.98465,1.00,9.80
2010.09.23 17:54:21.326,0.9845,0.98465,1.00,9.40
2010.09.23 17:54:23.702,0.9845,0.98465,1.00,8.60
2010.09.23 17:54:27.423,0.9845,0.98465,1.00,9.00
2010.09.23 17:54:30.834,0.9845,0.98465,1.00,10.60
2010.09.23 17:54:34.531,0.9845,0.98465,1.00,10.20
2010.09.23 17:54:35.572,0.98445,0.9846,1.60,3.80
2010.09.23 17:54:35.915,0.98445,0.9846,1.60,4.60
2010.09.23 17:54:40.985,0.98445,0.9846,1.60,3.80
2010.09.23 17:54:41.801,0.98445,0.9846,1.80,3.20
2010.09.23 17:54:41.872,0.98445,0.98465,5.00,21.80
2010.09.23 17:54:41.940,0.98445,0.98465,5.00,17.50
2010.09.23 17:54:42.202,0.98445,0.98465,6.60,11.80
2010.09.23 17:54:42.759,0.98445,0.98465,6.60,10.60
2010.09.23 17:54:42.974,0.98445,0.98465,8.20,10.60
2010.09.23 17:54:44.466,0.9845,0.98465,1.00,10.60
2010.09.23 17:54:45.732,0.9845,0.98465,1.00,9.00
2010.09.23 17:54:47.495,0.9845,0.98465,1.00,9.80
2010.09.23 17:54:50.923,0.9845,0.98465,1.00,9.00
2010.09.23 17:54:53.025,0.9845,0.98465,1.00,9.80
2010.09.23 17:54:53.721,0.9845,0.98465,1.00,9.00
2010.09.23 17:54:54.660,0.9845,0.98465,1.00,9.80
2010.09.23 17:54:56.925,0.9845,0.98465,1.00,8.40
2010.09.23 17:54:56.979,0.9845,0.98465,1.00,5.60
2010.09.23 17:54:57.034,0.9845,0.98465,3.40,1.60
2010.09.23 17:54:57.616,0.9846,0.98475,1.00,13.20
2010.09.23 17:54:57.671,0.9846,0.98475,3.40,4.80
2010.09.23 17:54:58.019,0.9846,0.98475,4.20,1.60
2010.09.23 17:55:00.623,0.98465,0.9848,1.60,7.80
2010.09.23 17:55:00.887,0.98465,0.9848,1.60,7.00
2010.09.23 17:55:06.360,0.98465,0.9848,1.60,7.80
2010.09.23 17:55:06.681,0.98465,0.98475,1.60,1.60
2010.09.23 17:55:07.683,0.9846,0.98475,6.60,1.60
2010.09.23 17:55:08.010,0.98465,0.98475,1.00,1.60
2010.09.23 17:55:09.719,0.98465,0.9848,1.00,10.20
2010.09.23 17:55:11.145,0.98465,0.9848,1.00,9.40
2010.09.23 17:55:13.841,0.98465,0.98475,1.00,1.60
2010.09.23 17:55:14.478,0.98465,0.9848,1.00,9.40
2010.09.23 17:55:14.639,0.98465,0.9848,1.00,5.40
2010.09.23 17:55:14.790,0.98465,0.9848,1.00,9.40
2010.09.23 17:55:15.380,0.9846,0.9848,6.60,9.40
2010.09.23 17:55:17.250,0.9846,0.9848,6.60,10.20
2010.09.23 17:55:20.980,0.9846,0.9848,5.80,9.40
2010.09.23 17:55:27.075,0.9846,0.9848,6.60,10.20
2010.09.23 17:55:27.651,0.9846,0.98475,6.60,1.60
2010.09.23 17:55:28.964,0.9846,0.9848,6.60,10.20
2010.09.23 17:55:33.883,0.9846,0.98475,6.60,1.60
2010.09.23 17:55:43.471,0.9846,0.9848,6.60,8.60
2010.09.23 17:55:44.119,0.98465,0.9848,1.00,4.60
2010.09.23 17:55:50.841,0.98465,0.9848,1.00,5.40
2010.09.23 17:55:51.884,0.98465,0.9848,1.00,4.60
2010.09.23 17:55:52.563,0.98465,0.98475,1.00,1.60
2010.09.23 17:55:53.285,0.98465,0.9848,1.00,8.60
2010.09.23 17:55:56.935,0.98465,0.9848,1.00,9.40
2010.09.23 17:55:57.572,0.98465,0.9848,1.00,8.80
2010.09.23 17:55:59.331,0.98465,0.9848,1.00,8.00
2010.09.23 17:56:03.544,0.98465,0.9848,1.00,8.80
2010.09.23 17:56:03.803,0.98465,0.9848,1.00,4.80
2010.09.23 17:56:04.071,0.98465,0.98475,1.00,1.60
2010.09.23 17:56:05.559,0.98465,0.9848,1.00,4.80
2010.09.23 17:56:09.529,0.98465,0.9848,1.60,4.80
2010.09.23 17:56:17.111,0.98465,0.9848,1.60,4.00
2010.09.23 17:56:28.684,0.98465,0.9848,1.80,4.00
2010.09.23 17:56:29.417,0.98475,0.9849,2.60,13.60
2010.09.23 17:56:29.594,0.98475,0.9849,5.00,5.60
2010.09.23 17:56:30.311,0.98475,0.9849,5.00,1.60
2010.09.23 17:56:30.662,0.9848,0.98495,1.00,11.10
2010.09.23 17:56:31.086,0.9848,0.98495,1.00,7.10
2010.09.23 17:56:32.119,0.9848,0.98495,1.60,7.10
2010.09.23 17:56:39.161,0.9848,0.98495,1.60,6.30
2010.09.23 17:56:39.250,0.9848,0.98495,4.00,2.30
2010.09.23 17:56:39.342,0.98485,0.98495,1.60,1.60
2010.09.23 17:56:39.523,0.98485,0.985,1.60,15.00
2010.09.23 17:56:40.588,0.98485,0.98495,1.60,1.60
2010.09.23 17:56:48.097,0.98485,0.985,1.60,14.20
2010.09.23 17:56:49.160,0.98485,0.985,1.60,15.00
2010.09.23 17:56:49.858,0.98485,0.985,1.60,4.60
2010.09.23 17:56:50.537,0.9849,0.985,1.00,7.00
2010.09.23 17:56:50.807,0.98485,0.985,1.60,8.60
2010.09.23 17:57:19.769,0.98485,0.985,1.60,9.40
2010.09.23 17:57:21.245,0.98485,0.985,1.60,8.60
2010.09.23 17:57:23.701,0.98485,0.985,1.60,9.40
2010.09.23 17:57:23.992,0.9849,0.985,1.00,9.40
2010.09.23 17:57:25.057,0.98485,0.985,1.60,9.40
2010.09.23 17:57:25.495,0.98485,0.985,1.60,10.20
2010.09.23 17:57:31.741,0.98485,0.985,1.60,9.40
2010.09.23 17:57:39.870,0.98485,0.985,1.60,8.80
2010.09.23 17:57:41.093,0.98485,0.985,5.00,5.60
2010.09.23 17:57:41.206,0.9849,0.985,1.00,1.00
2010.09.23 17:57:41.768,0.9849,0.98505,1.00,12.60
2010.09.23 17:57:41.896,0.98495,0.98505,1.60,1.60
2010.09.23 17:57:42.499,0.98495,0.9851,1.60,15.00
2010.09.23 17:57:42.851,0.98495,0.9851,1.60,7.00
2010.09.23 17:57:45.465,0.98495,0.98505,1.60,1.60
2010.09.23 17:57:46.014,0.98495,0.9851,1.60,15.00
2010.09.23 17:57:46.213,0.98495,0.9851,1.60,11.00
2010.09.23 17:57:46.592,0.98495,0.98505,1.60,1.60
2010.09.23 17:57:51.892,0.98495,0.98505,1.60,3.00
2010.09.23 17:57:52.024,0.98495,0.98505,1.60,5.40
2010.09.23 17:57:52.155,0.9849,0.98505,1.60,6.20
2010.09.23 17:57:52.683,0.9849,0.98505,1.60,5.40
2010.09.23 17:57:52.963,0.9849,0.98505,4.20,1.60
2010.09.23 17:57:53.713,0.9849,0.98505,5.80,1.60
2010.09.23 17:57:57.217,0.9849,0.9851,5.80,15.00
2010.09.23 17:57:57.433,0.9849,0.98505,5.80,1.60
2010.09.23 17:57:57.853,0.9849,0.9851,5.80,16.60
2010.09.23 17:57:59.152,0.9849,0.9851,5.80,15.00
2010.09.23 17:58:01.159,0.9849,0.98505,5.80,1.60
2010.09.23 17:58:02.506,0.9849,0.9851,5.80,16.60
2010.09.23 17:58:02.861,0.9849,0.9851,5.80,15.00
2010.09.23 17:58:05.082,0.9849,0.9851,7.40,15.00
2010.09.23 17:58:05.321,0.98495,0.9851,1.60,15.00
2010.09.23 17:58:06.298,0.98495,0.9851,1.60,7.00
2010.09.23 17:58:06.642,0.98495,0.9851,1.60,7.80
2010.09.23 17:58:06.984,0.98495,0.9851,1.60,7.00
2010.09.23 17:58:08.425,0.98495,0.9851,1.00,7.00
2010.09.23 17:58:09.148,0.98495,0.98505,1.00,1.60
2010.09.23 17:58:10.183,0.98495,0.9851,1.00,11.80
2010.09.23 17:58:10.743,0.98495,0.98505,1.00,1.60
2010.09.23 17:58:12.250,0.98495,0.9851,1.00,11.00
2010.09.23 17:58:12.773,0.98495,0.9851,1.00,12.60
2010.09.23 17:58:13.281,0.98495,0.9851,1.00,16.60
2010.09.23 17:58:15.080,0.98495,0.9851,1.60,16.60
2010.09.23 17:58:15.442,0.98495,0.9851,1.60,12.60
2010.09.23 17:58:17.024,0.98495,0.9851,1.60,11.00
2010.09.23 17:58:17.669,0.98495,0.9851,1.60,12.60
2010.09.23 17:58:17.814,0.98495,0.9851,1.60,11.80
2010.09.23 17:58:20.970,0.98495,0.9851,1.60,11.00
2010.09.23 17:58:23.366,0.98495,0.98505,1.60,1.60
2010.09.23 17:58:23.526,0.98495,0.9851,1.60,11.00
2010.09.23 17:58:24.897,0.98495,0.9851,1.60,11.80
2010.09.23 17:58:25.198,0.98495,0.9851,1.60,11.00
2010.09.23 17:58:29.082,0.98495,0.9851,1.60,11.80
2010.09.23 17:58:29.851,0.98495,0.9851,1.60,11.00
2010.09.23 17:58:35.553,0.98495,0.9851,1.60,11.80
2010.09.23 17:58:36.098,0.98495,0.9851,1.60,11.00
2010.09.23 17:58:38.610,0.98495,0.9851,1.60,11.80
2010.09.23 17:58:42.201,0.98495,0.9851,1.60,8.60
2010.09.23 17:58:42.422,0.98495,0.9851,1.60,9.40
2010.09.23 17:58:43.549,0.98495,0.9851,1.60,5.40
2010.09.23 17:58:43.829,0.98495,0.9851,1.60,9.40
2010.09.23 17:58:48.901,0.98495,0.9851,1.60,10.20
2010.09.23 17:58:50.511,0.98495,0.9851,1.60,9.40
2010.09.23 17:58:51.625,0.98495,0.9851,1.60,5.40
2010.09.23 17:58:52.855,0.98495,0.98505,1.00,1.60
2010.09.23 17:58:56.024,0.98495,0.9851,1.00,14.40
2010.09.23 17:58:56.776,0.98495,0.9851,1.00,13.20
2010.09.23 17:58:57.003,0.98495,0.9851,1.00,14.00
2010.09.23 17:58:59.230,0.98495,0.9851,1.00,13.20
2010.09.23 17:59:00.305,0.98495,0.98505,1.00,1.60
2010.09.23 17:59:00.619,0.9849,0.9851,5.60,13.20
2010.09.23 17:59:02.451,0.9849,0.9851,5.60,14.80
2010.09.23 17:59:03.068,0.9849,0.98505,5.60,1.60
2010.09.23 17:59:04.086,0.9849,0.98505,6.40,1.60
2010.09.23 17:59:04.295,0.98495,0.9851,1.60,13.20
2010.09.23 17:59:07.060,0.98495,0.9851,1.60,14.80
2010.09.23 17:59:08.309,0.98495,0.98505,1.60,1.60
2010.09.23 17:59:08.528,0.9849,0.98505,5.60,1.60
2010.09.23 17:59:11.261,0.98495,0.98505,1.60,1.60
2010.09.23 17:59:18.996,0.98495,0.9851,1.60,14.80
2010.09.23 17:59:19.183,0.98495,0.9851,1.60,13.20
2010.09.23 17:59:25.838,0.98495,0.98505,1.60,1.60
2010.09.23 17:59:28.631,0.98495,0.9851,1.60,14.80
2010.09.23 17:59:30.272,0.98495,0.9851,1.60,13.20
2010.09.23 17:59:32.233,0.98495,0.9851,1.60,14.80
2010.09.23 17:59:35.392,0.98495,0.9851,1.60,13.20
2010.09.23 17:59:36.999,0.98495,0.9851,3.20,13.20
2010.09.23 17:59:37.133,0.98495,0.9851,1.60,13.20
2010.09.23 17:59:37.801,0.9849,0.9851,5.60,14.80
2010.09.23 17:59:40.112,0.9849,0.98505,5.60,1.60
2010.09.23 17:59:41.909,0.9849,0.9851,5.60,14.80
2010.09.23 17:59:42.535,0.9849,0.98505,5.60,1.60
2010.09.23 17:59:45.843,0.9849,0.9851,5.60,14.80
2010.09.23 17:59:49.460,0.9849,0.9851,5.60,13.20
2010.09.23 17:59:53.722,0.9849,0.98505,5.60,2.00
2010.09.23 17:59:54.341,0.9849,0.98505,5.60,4.40
2010.09.23 17:59:54.453,0.9849,0.98505,1.60,15.10
2010.09.23 17:59:54.795,0.9849,0.98505,1.60,16.70
2010.09.23 17:59:55.146,0.9849,0.98505,1.60,17.00
2010.09.23 17:59:55.828,0.9849,0.985,1.60,1.00
2010.09.23 17:59:56.073,0.98485,0.985,1.60,5.00
