2015.02.11 19:00:00.105,0.92873,0.92888,2.92,1.00
2015.02.11 19:00:00.516,0.92873,0.92892,2.32,1.00
2015.02.11 19:00:00.619,0.92873,0.92887,2.32,1.00
2015.02.11 19:00:01.083,0.92873,0.92892,2.32,1.00
2015.02.11 19:00:01.185,0.92873,0.92894,2.32,1.00
2015.02.11 19:00:01.287,0.92873,0.92889,2.32,1.00
2015.02.11 19:00:01.541,0.92873,0.92904,2.32,1.65
2015.02.11 19:00:01.642,0.92875,0.92904,3.67,1.10
2015.02.11 19:00:01.947,0.92891,0.92896,1.50,1.07
2015.02.11 19:00:02.253,0.92876,0.92885,3.74,2.17
2015.02.11 19:00:02.457,0.92875,0.92885,1.00,2.25
2015.02.11 19:00:02.508,0.9287,0.92885,1.00,2.25
2015.02.11 19:00:02.610,0.92865,0.92885,1.00,2.25
2015.02.11 19:00:02.712,0.92867,0.92885,1.00,2.25
2015.02.11 19:00:02.865,0.92864,0.92885,1.50,2.25
2015.02.11 19:00:03.068,0.92866,0.92885,1.00,2.25
2015.02.11 19:00:03.203,0.92864,0.92885,1.00,2.25
2015.02.11 19:00:03.660,0.92864,0.92883,1.00,2.25
2015.02.11 19:00:04.725,0.92865,0.92883,1.00,2.25
2015.02.11 19:00:04.827,0.92859,0.92883,1.72,2.25
2015.02.11 19:00:04.979,0.92859,0.92883,2.10,2.25
2015.02.11 19:00:05.244,0.92859,0.92883,1.00,2.25
2015.02.11 19:00:05.346,0.92857,0.9288,1.35,2.32
2015.02.11 19:00:05.651,0.92857,0.9288,2.10,2.32
2015.02.11 19:00:06.006,0.92856,0.9288,1.00,2.32
2015.02.11 19:00:06.310,0.92854,0.92879,1.00,4.50
2015.02.11 19:00:06.360,0.92854,0.92875,1.00,2.32
2015.02.11 19:00:06.665,0.92864,0.92879,1.00,2.32
2015.02.11 19:00:06.716,0.92861,0.92879,1.20,2.32
2015.02.11 19:00:06.767,0.92854,0.92876,1.12,2.32
2015.02.11 19:00:06.919,0.92846,0.92872,1.05,2.32
2015.02.11 19:00:07.021,0.92842,0.92872,1.57,2.32
2015.02.11 19:00:07.173,0.92842,0.9287,1.42,2.32
2015.02.11 19:00:07.478,0.92842,0.9287,2.10,2.32
2015.02.11 19:00:07.782,0.92848,0.9287,2.10,2.32
2015.02.11 19:00:07.884,0.92848,0.92872,1.00,2.32
2015.02.11 19:00:07.935,0.92842,0.92872,2.55,2.32
2015.02.11 19:00:08.088,0.92858,0.92874,2.10,1.15
2015.02.11 19:00:08.290,0.92856,0.92874,2.17,1.00
2015.02.11 19:00:08.341,0.92856,0.92877,2.10,1.12
2015.02.11 19:00:08.392,0.92862,0.92877,1.00,1.00
2015.02.11 19:00:08.698,0.92864,0.92876,1.00,3.82
2015.02.11 19:00:08.799,0.92855,0.92876,1.00,3.07
2015.02.11 19:00:08.901,0.92847,0.92876,1.10,2.32
2015.02.11 19:00:09.967,0.92842,0.92874,2.32,2.32
2015.02.11 19:00:11.090,0.92842,0.92869,2.32,1.00
2015.02.11 19:00:11.267,0.92836,0.92868,2.70,2.32
2015.02.11 19:00:13.181,0.92835,0.92866,1.27,2.32
2015.02.11 19:00:14.390,0.92838,0.92868,1.65,2.32
2015.02.11 19:00:15.805,0.92839,0.92871,2.32,2.32
2015.02.11 19:00:16.110,0.92842,0.92874,2.32,2.32
2015.02.11 19:00:19.130,0.92854,0.92878,2.32,1.12
2015.02.11 19:00:19.434,0.92851,0.92869,2.32,1.00
2015.02.11 19:00:19.688,0.92851,0.92878,2.32,1.00
2015.02.11 19:00:19.841,0.92855,0.92877,2.25,1.20
2015.02.11 19:00:20.145,0.92857,0.92878,2.32,1.00
2015.02.11 19:00:20.652,0.92857,0.92882,2.32,1.37
2015.02.11 19:00:21.894,0.92857,0.92881,2.25,1.87
2015.02.11 19:00:22.401,0.92857,0.92881,2.25,1.87
2015.02.11 19:00:23.263,0.92853,0.9288,2.32,1.37
2015.02.11 19:00:23.314,0.92853,0.92862,2.32,1.00
2015.02.11 19:00:23.416,0.92853,0.92874,2.32,1.00
2015.02.11 19:00:23.519,0.92853,0.92878,2.32,1.37
2015.02.11 19:00:23.723,0.92848,0.92877,2.32,1.85
2015.02.11 19:00:23.825,0.92846,0.92867,3.07,1.00
2015.02.11 19:00:23.876,0.92846,0.92863,3.07,1.00
2015.02.11 19:00:24.130,0.92846,0.92862,1.00,1.00
2015.02.11 19:00:24.362,0.9284,0.92864,1.10,1.00
2015.02.11 19:00:24.413,0.92839,0.92861,1.65,1.00
2015.02.11 19:00:24.718,0.9284,0.92865,2.32,1.07
2015.02.11 19:00:25.023,0.9284,0.9286,2.32,1.00
2015.02.11 19:00:25.074,0.9284,0.92868,2.32,1.00
2015.02.11 19:00:25.177,0.9284,0.92861,2.32,1.00
2015.02.11 19:00:25.755,0.9284,0.92859,2.32,1.00
2015.02.11 19:00:26.087,0.9284,0.92856,2.32,1.00
2015.02.11 19:00:26.298,0.9284,0.92866,2.32,1.00
2015.02.11 19:00:26.366,0.9284,0.92864,2.32,1.00
2015.02.11 19:00:26.521,0.9284,0.92867,2.32,1.00
2015.02.11 19:00:27.086,0.9284,0.92868,2.32,1.10
2015.02.11 19:00:27.289,0.9284,0.92865,2.32,1.00
2015.02.11 19:00:27.441,0.92837,0.92868,2.32,1.25
2015.02.11 19:00:27.695,0.92841,0.92861,2.25,1.00
2015.02.11 19:00:27.904,0.92841,0.92864,2.32,1.00
2015.02.11 19:00:28.170,0.92841,0.9287,2.32,1.10
2015.02.11 19:00:28.375,0.92841,0.92868,2.32,1.00
2015.02.11 19:00:28.679,0.92841,0.92865,2.32,1.00
2015.02.11 19:00:29.034,0.92841,0.92863,2.32,1.00
2015.02.11 19:00:29.237,0.92841,0.92867,2.32,1.00
2015.02.11 19:00:29.339,0.92841,0.92865,2.32,1.00
2015.02.11 19:00:29.491,0.92841,0.9287,2.32,1.10
2015.02.11 19:00:29.694,0.92841,0.92867,2.32,1.00
2015.02.11 19:00:29.998,0.92841,0.92864,2.32,1.00
2015.02.11 19:00:30.251,0.92837,0.92869,4.42,2.70
2015.02.11 19:00:30.657,0.92837,0.92864,3.07,1.00
2015.02.11 19:00:30.988,0.92837,0.9286,2.92,1.00
2015.02.11 19:00:31.242,0.92837,0.92867,2.32,1.07
2015.02.11 19:00:31.547,0.92839,0.92869,2.32,1.07
2015.02.11 19:00:31.751,0.92836,0.92869,5.47,1.15
2015.02.11 19:00:31.903,0.92839,0.9286,2.32,1.00
2015.02.11 19:00:32.005,0.92839,0.92869,2.92,1.07
2015.02.11 19:00:33.711,0.92839,0.92869,1.52,2.25
2015.02.11 19:00:34.016,0.92839,0.9287,4.80,1.15
2015.02.11 19:00:34.119,0.92841,0.92871,2.70,1.07
2015.02.11 19:00:34.627,0.92839,0.92871,2.70,3.07
2015.02.11 19:00:36.912,0.92839,0.92871,2.70,3.07
2015.02.11 19:00:37.555,0.92839,0.92871,2.70,3.07
2015.02.11 19:00:39.340,0.92839,0.92871,2.70,3.07
2015.02.11 19:00:39.850,0.92839,0.92871,2.70,3.07
2015.02.11 19:00:40.509,0.92839,0.92871,2.70,3.07
2015.02.11 19:00:41.182,0.92841,0.92871,1.55,3.07
2015.02.11 19:00:41.233,0.92838,0.92869,3.45,2.32
2015.02.11 19:00:41.385,0.92837,0.92869,3.07,2.32
2015.02.11 19:00:41.841,0.92837,0.92869,3.07,2.32
2015.02.11 19:00:43.835,0.92837,0.92869,3.07,2.32
2015.02.11 19:00:44.358,0.92837,0.92869,3.07,2.32
2015.02.11 19:00:44.998,0.92837,0.92869,3.07,2.32
2015.02.11 19:00:45.991,0.92839,0.92871,2.70,3.07
2015.02.11 19:00:46.574,0.92839,0.92871,2.70,3.07
2015.02.11 19:00:48.299,0.92836,0.9287,6.00,4.50
2015.02.11 19:00:50.073,0.92836,0.92854,6.00,1.00
2015.02.11 19:00:50.181,0.92836,0.92856,6.00,1.00
2015.02.11 19:00:50.282,0.92836,0.92853,5.85,1.00
2015.02.11 19:00:50.385,0.92836,0.92861,7.35,1.00
2015.02.11 19:00:50.510,0.92839,0.92856,2.70,1.00
2015.02.11 19:00:50.814,0.92839,0.9286,2.70,1.00
2015.02.11 19:00:50.915,0.92839,0.92855,2.70,1.00
2015.02.11 19:00:51.067,0.92839,0.92857,2.70,1.00
2015.02.11 19:00:51.372,0.92839,0.92854,2.70,1.00
2015.02.11 19:00:51.464,0.92839,0.92862,2.70,1.00
2015.02.11 19:00:51.719,0.92843,0.92857,2.47,1.00
2015.02.11 19:00:51.921,0.92845,0.92863,2.47,1.00
2015.02.11 19:00:52.023,0.92845,0.9286,2.47,1.00
2015.02.11 19:00:52.075,0.92846,0.9286,1.30,1.00
2015.02.11 19:00:52.126,0.92846,0.92858,1.30,1.00
2015.02.11 19:00:52.522,0.92846,0.92858,2.47,1.00
2015.02.11 19:00:52.573,0.92846,0.9286,2.55,1.00
2015.02.11 19:00:52.727,0.92846,0.9287,2.55,1.00
2015.02.11 19:00:52.830,0.92848,0.92861,2.47,1.00
2015.02.11 19:00:53.235,0.92848,0.92868,2.47,1.00
2015.02.11 19:00:53.339,0.92848,0.92861,2.47,1.00
2015.02.11 19:00:53.643,0.92849,0.92859,1.30,1.00
2015.02.11 19:00:53.991,0.92849,0.92857,1.30,1.00
2015.02.11 19:00:55.864,0.92849,0.92856,1.30,1.00
2015.02.11 19:00:56.017,0.92844,0.9287,1.05,1.95
2015.02.11 19:00:56.220,0.92844,0.92865,1.05,1.00
2015.02.11 19:00:56.322,0.92844,0.92869,1.05,1.00
2015.02.11 19:00:56.867,0.92844,0.9287,2.07,1.10
2015.02.11 19:00:57.123,0.92845,0.92868,2.47,1.00
2015.02.11 19:00:57.749,0.92845,0.92869,2.47,1.00
2015.02.11 19:00:58.255,0.92845,0.92868,2.47,1.00
2015.02.11 19:00:58.765,0.92845,0.92867,2.47,1.00
2015.02.11 19:00:59.078,0.92845,0.92864,2.47,1.00
2015.02.11 19:01:00.044,0.92845,0.92866,2.47,1.00
2015.02.11 19:01:00.931,0.92845,0.92865,2.47,1.00
2015.02.11 19:01:01.403,0.92846,0.92867,1.05,1.00
2015.02.11 19:01:01.606,0.92845,0.92864,2.47,1.00
2015.02.11 19:01:01.810,0.92845,0.9287,2.47,1.15
2015.02.11 19:01:01.962,0.92848,0.9287,2.47,1.15
2015.02.11 19:01:02.216,0.92849,0.9287,2.47,1.10
2015.02.11 19:01:02.724,0.92851,0.9287,1.30,1.10
2015.02.11 19:01:03.421,0.92851,0.92873,2.47,3.07
2015.02.11 19:01:03.523,0.92853,0.92873,1.30,1.20
2015.02.11 19:01:04.187,0.92853,0.92873,2.47,1.20
2015.02.11 19:01:09.800,0.92855,0.92875,2.10,1.65
2015.02.11 19:01:10.105,0.92855,0.92867,2.10,1.00
2015.02.11 19:01:10.206,0.92855,0.92871,2.10,1.00
2015.02.11 19:01:10.257,0.92855,0.92871,2.10,1.37
2015.02.11 19:01:10.561,0.92855,0.92865,2.10,1.00
2015.02.11 19:01:10.714,0.92855,0.92871,2.10,1.37
2015.02.11 19:01:11.220,0.92853,0.92876,3.22,1.75
2015.02.11 19:01:11.474,0.92853,0.92877,3.22,2.32
2015.02.11 19:01:12.204,0.92856,0.92877,2.10,2.32
2015.02.11 19:01:12.255,0.92856,0.92877,2.10,1.95
2015.02.11 19:01:12.357,0.92857,0.92877,2.10,1.47
2015.02.11 19:01:12.762,0.92856,0.92877,2.10,1.10
2015.02.11 19:01:12.864,0.92855,0.92877,2.10,1.10
2015.02.11 19:01:13.219,0.92852,0.92878,2.47,1.17
2015.02.11 19:01:13.270,0.92852,0.92872,2.47,1.00
2015.02.11 19:01:13.575,0.92852,0.92861,1.30,1.00
2015.02.11 19:01:13.626,0.92848,0.92874,3.22,1.17
2015.02.11 19:01:13.837,0.92848,0.9287,2.47,1.00
2015.02.11 19:01:14.144,0.92848,0.92866,2.47,1.00
2015.02.11 19:01:14.246,0.9285,0.92876,2.47,2.32
2015.02.11 19:01:14.956,0.92852,0.92877,1.30,1.15
2015.02.11 19:01:15.311,0.92852,0.92877,2.47,1.15
2015.02.11 19:01:15.615,0.92852,0.92877,1.30,1.15
2015.02.11 19:01:16.167,0.92852,0.92877,1.30,3.07
2015.02.11 19:01:16.724,0.92853,0.92877,2.47,5.25
2015.02.11 19:01:16.927,0.92853,0.92877,1.30,5.25
2015.02.11 19:01:17.028,0.92849,0.92868,2.47,1.00
2015.02.11 19:01:17.332,0.92851,0.92863,1.30,1.00
2015.02.11 19:01:17.536,0.92851,0.92871,2.47,1.00
2015.02.11 19:01:17.891,0.92851,0.92877,2.47,5.25
2015.02.11 19:01:17.942,0.92852,0.92877,1.30,5.25
2015.02.11 19:01:18.247,0.92852,0.92877,2.47,5.25
2015.02.11 19:01:19.663,0.92852,0.92877,1.30,5.25
2015.02.11 19:01:19.714,0.92852,0.92863,1.30,1.00
2015.02.11 19:01:20.430,0.92852,0.92868,1.30,1.14
2015.02.11 19:01:20.532,0.92851,0.92864,2.10,1.17
2015.02.11 19:01:20.583,0.92845,0.92864,2.47,1.17
2015.02.11 19:01:20.939,0.92845,0.92853,1.30,1.00
2015.02.11 19:01:21.246,0.92845,0.92861,2.47,1.71
2015.02.11 19:01:21.470,0.92845,0.92854,2.47,1.00
2015.02.11 19:01:21.673,0.92845,0.92857,2.47,1.00
2015.02.11 19:01:21.978,0.92849,0.92856,2.10,1.00
2015.02.11 19:01:22.080,0.92849,0.92861,2.10,1.00
2015.02.11 19:01:22.182,0.92849,0.92863,1.30,1.00
2015.02.11 19:01:22.285,0.92849,0.92861,1.30,1.00
2015.02.11 19:01:22.489,0.92847,0.92863,2.47,1.00
2015.02.11 19:01:22.996,0.92849,0.92863,1.30,1.00
2015.02.11 19:01:23.403,0.92849,0.92865,1.30,1.00
2015.02.11 19:01:23.504,0.92849,0.92863,1.30,1.00
2015.02.11 19:01:24.007,0.92849,0.92862,1.30,1.00
2015.02.11 19:01:24.515,0.92845,0.92863,4.05,1.00
2015.02.11 19:01:24.819,0.92848,0.92861,2.47,1.00
2015.02.11 19:01:25.353,0.9285,0.92862,1.30,1.00
2015.02.11 19:01:25.404,0.9285,0.92866,1.30,1.00
2015.02.11 19:01:25.607,0.9285,0.92862,1.30,1.00
2015.02.11 19:01:25.709,0.9285,0.92864,1.30,1.00
2015.02.11 19:01:26.063,0.9285,0.92863,2.47,1.00
2015.02.11 19:01:26.367,0.92852,0.92865,2.10,1.00
2015.02.11 19:01:26.672,0.92859,0.92867,2.10,1.00
2015.02.11 19:01:26.976,0.9286,0.92869,2.10,1.00
2015.02.11 19:01:27.280,0.92863,0.92872,2.10,1.37
2015.02.11 19:01:27.382,0.9286,0.92867,1.30,1.00
2015.02.11 19:01:27.737,0.9286,0.92872,1.30,1.37
2015.02.11 19:01:28.341,0.9286,0.92871,1.30,1.00
2015.02.11 19:01:28.595,0.9286,0.92871,2.47,1.37
2015.02.11 19:01:28.697,0.9286,0.92868,1.30,1.00
2015.02.11 19:01:28.748,0.92858,0.92877,2.47,2.40
2015.02.11 19:01:29.155,0.92859,0.92867,1.30,1.00
2015.02.11 19:01:29.257,0.92855,0.92871,2.47,1.37
2015.02.11 19:01:29.800,0.92857,0.92871,2.47,1.37
2015.02.11 19:01:30.564,0.92856,0.9287,2.47,1.12
2015.02.11 19:01:31.348,0.92856,0.92867,2.47,1.00
2015.02.11 19:01:31.738,0.92856,0.92871,2.47,1.00
2015.02.11 19:01:32.145,0.92856,0.92867,2.47,1.00
2015.02.11 19:01:32.731,0.92856,0.92868,2.47,1.00
2015.02.11 19:01:33.254,0.92856,0.92873,2.47,1.10
2015.02.11 19:01:34.661,0.92858,0.92875,2.47,1.15
2015.02.11 19:01:36.570,0.92858,0.92867,2.47,1.00
2015.02.11 19:01:36.672,0.92858,0.9287,2.47,1.00
2015.02.11 19:01:37.737,0.92858,0.92871,2.47,1.00
2015.02.11 19:01:39.866,0.92858,0.92873,2.47,1.10
2015.02.11 19:01:40.223,0.92858,0.92871,2.47,1.00
2015.02.11 19:01:40.508,0.92858,0.92874,2.47,1.17
2015.02.11 19:01:40.610,0.92858,0.92871,2.47,1.00
2015.02.11 19:01:40.928,0.92859,0.92876,2.47,2.32
2015.02.11 19:01:44.322,0.92859,0.92877,2.47,1.15
2015.02.11 19:01:46.084,0.92859,0.92872,2.47,1.00
2015.02.11 19:01:46.186,0.92859,0.92875,2.47,1.10
2015.02.11 19:01:46.693,0.92859,0.92872,2.47,1.00
2015.02.11 19:01:46.795,0.92859,0.92875,2.47,1.10
2015.02.11 19:01:47.002,0.92859,0.92872,2.47,1.00
2015.02.11 19:01:47.184,0.92859,0.92876,2.47,1.17
2015.02.11 19:01:47.286,0.92859,0.92872,2.47,1.00
2015.02.11 19:01:48.544,0.92859,0.92875,2.47,1.10
2015.02.11 19:01:49.304,0.92859,0.92872,2.47,1.00
2015.02.11 19:01:49.704,0.92858,0.92872,2.47,1.00
2015.02.11 19:01:50.208,0.92858,0.92871,2.47,1.00
2015.02.11 19:01:50.259,0.92858,0.92873,2.47,1.00
2015.02.11 19:01:51.066,0.92858,0.92876,2.47,1.17
2015.02.11 19:01:51.371,0.92858,0.92872,2.47,1.00
2015.02.11 19:01:51.573,0.92858,0.92875,2.47,1.10
2015.02.11 19:01:57.691,0.92858,0.92873,2.47,1.00
2015.02.11 19:01:57.794,0.92858,0.92876,2.47,1.17
2015.02.11 19:01:58.310,0.92858,0.92874,2.47,1.00
2015.02.11 19:01:58.504,0.92861,0.92874,2.10,1.00
2015.02.11 19:01:58.937,0.92863,0.92875,2.10,1.00
2015.02.11 19:01:59.819,0.92863,0.92877,2.10,1.00
2015.02.11 19:02:00.061,0.92861,0.92877,1.60,1.00
2015.02.11 19:02:00.163,0.92865,0.92878,2.10,1.20
2015.02.11 19:02:00.519,0.92867,0.92881,2.10,1.15
2015.02.11 19:02:00.925,0.92863,0.92881,2.85,1.10
2015.02.11 19:02:02.457,0.92863,0.92881,3.60,1.10
2015.02.11 19:02:02.711,0.9286,0.92881,3.97,1.10
2015.02.11 19:02:03.336,0.9286,0.9288,2.47,1.00
2015.02.11 19:02:04.328,0.92863,0.9288,2.10,1.00
2015.02.11 19:02:04.632,0.92864,0.92883,3.22,1.10
2015.02.11 19:02:04.951,0.92864,0.92881,2.10,1.00
2015.02.11 19:02:05.041,0.92864,0.92883,2.10,1.10
2015.02.11 19:02:05.619,0.92864,0.92883,2.10,1.17
2015.02.11 19:02:05.976,0.92864,0.92884,1.60,3.16
2015.02.11 19:02:06.078,0.92863,0.92882,2.10,2.32
2015.02.11 19:02:06.129,0.92861,0.92881,2.47,2.32
2015.02.11 19:02:06.231,0.92858,0.9288,3.97,3.07
2015.02.11 19:02:06.282,0.92859,0.9288,1.97,1.17
2015.02.11 19:02:06.537,0.92861,0.9288,2.47,1.15
2015.02.11 19:02:07.527,0.92862,0.9288,2.47,1.15
2015.02.11 19:02:07.831,0.92864,0.9288,2.10,1.15
2015.02.11 19:02:08.294,0.92862,0.9288,1.72,1.15
2015.02.11 19:02:08.345,0.92862,0.92879,1.72,2.32
2015.02.11 19:02:08.877,0.92862,0.9288,2.47,3.07
2015.02.11 19:02:10.620,0.92857,0.9288,1.97,2.32
2015.02.11 19:02:10.672,0.92857,0.9288,1.97,2.32
2015.02.11 19:02:10.723,0.92859,0.92879,2.47,1.15
2015.02.11 19:02:11.028,0.92859,0.92878,2.47,2.32
2015.02.11 19:02:12.819,0.9286,0.92881,1.72,4.50
2015.02.11 19:02:13.153,0.92862,0.92881,2.10,4.50
2015.02.11 19:02:15.003,0.92862,0.92881,2.47,4.50
2015.02.11 19:02:15.054,0.92862,0.92881,2.47,4.50
2015.02.11 19:02:15.986,0.92862,0.92882,3.97,2.32
2015.02.11 19:02:17.016,0.92862,0.92882,1.50,3.07
2015.02.11 19:02:17.421,0.92863,0.9288,2.85,1.07
2015.02.11 19:02:20.834,0.92862,0.9288,1.72,1.07
2015.02.11 19:02:20.986,0.92862,0.92881,1.72,1.17
2015.02.11 19:02:21.189,0.92862,0.92875,2.10,1.00
2015.02.11 19:02:21.291,0.92862,0.92878,2.10,1.00
2015.02.11 19:02:21.395,0.92862,0.92876,2.10,1.00
2015.02.11 19:02:21.496,0.92862,0.92879,2.47,1.10
2015.02.11 19:02:22.695,0.92862,0.92882,1.60,2.32
2015.02.11 19:02:27.421,0.92862,0.92882,1.50,3.07
2015.02.11 19:02:28.882,0.92862,0.92883,1.50,1.65
2015.02.11 19:02:30.590,0.92862,0.92882,1.00,2.32
2015.02.11 19:02:31.154,0.9286,0.92882,1.60,3.07
2015.02.11 19:02:32.716,0.92863,0.92882,2.10,2.32
2015.02.11 19:02:35.444,0.92863,0.92882,2.10,2.70
2015.02.11 19:02:35.956,0.92863,0.92882,2.10,3.07
2015.02.11 19:02:37.463,0.92861,0.92882,2.10,2.32
2015.02.11 19:02:37.998,0.92861,0.92882,2.85,3.45
2015.02.11 19:02:38.709,0.92862,0.92882,1.60,2.70
2015.02.11 19:02:39.216,0.92862,0.92882,1.60,3.07
2015.02.11 19:02:39.319,0.92862,0.92882,1.60,2.32
2015.02.11 19:02:39.420,0.92863,0.92882,2.10,2.32
2015.02.11 19:02:39.574,0.92862,0.92882,1.35,2.32
2015.02.11 19:02:39.625,0.92862,0.92883,1.35,1.15
2015.02.11 19:02:42.094,0.92863,0.92883,2.10,2.02
2015.02.11 19:02:46.394,0.92863,0.92881,2.85,1.20
2015.02.11 19:02:47.943,0.92863,0.92879,2.10,1.15
2015.02.11 19:02:48.248,0.92863,0.9288,2.10,1.17
2015.02.11 19:03:00.007,0.9286,0.92882,2.10,3.82
2015.02.11 19:03:00.058,0.9286,0.9288,2.10,2.32
2015.02.11 19:03:00.261,0.92862,0.92882,1.60,4.20
2015.02.11 19:03:00.567,0.92864,0.92882,2.10,2.32
2015.02.11 19:03:03.478,0.92864,0.92878,2.10,1.00
2015.02.11 19:03:03.986,0.92864,0.9288,2.10,1.17
2015.02.11 19:03:04.290,0.92864,0.92877,2.10,1.00
2015.02.11 19:03:04.595,0.92864,0.92879,2.10,1.10
2015.02.11 19:03:05.052,0.92863,0.92879,1.60,1.10
2015.02.11 19:03:05.154,0.92862,0.92879,1.00,1.27
2015.02.11 19:03:05.205,0.92859,0.92879,1.60,1.52
2015.02.11 19:03:05.256,0.92857,0.92877,2.10,2.32
2015.02.11 19:03:05.562,0.9286,0.92879,2.10,3.07
2015.02.11 19:03:05.957,0.92862,0.92879,2.10,2.32
2015.02.11 19:03:09.596,0.92859,0.92879,2.10,2.32
2015.02.11 19:03:09.799,0.92861,0.92878,2.10,1.10
2015.02.11 19:03:14.735,0.92863,0.9288,2.10,1.15
2015.02.11 19:03:14.786,0.92863,0.9288,2.10,1.00
2015.02.11 19:03:14.989,0.92861,0.92883,2.85,1.65
2015.02.11 19:03:15.395,0.92861,0.92881,2.10,2.32
2015.02.11 19:03:15.603,0.92861,0.9288,3.60,1.10
2015.02.11 19:03:19.499,0.92863,0.92881,2.10,1.17
2015.02.11 19:03:20.008,0.92862,0.92882,1.60,1.52
2015.02.11 19:03:20.111,0.9286,0.92881,2.10,2.70
2015.02.11 19:03:20.416,0.92861,0.92881,2.10,1.27
2015.02.11 19:03:20.467,0.92861,0.92882,2.10,3.07
2015.02.11 19:03:20.975,0.92861,0.92881,2.10,2.32
2015.02.11 19:03:24.486,0.92862,0.92883,2.85,4.20
2015.02.11 19:03:25.005,0.9286,0.92883,3.60,3.45
2015.02.11 19:03:25.311,0.92866,0.92886,3.60,1.17
2015.02.11 19:03:25.564,0.92867,0.92888,3.60,1.17
2015.02.11 19:03:25.767,0.92869,0.92888,2.10,1.17
2015.02.11 19:03:26.329,0.92872,0.92891,2.17,1.52
2015.02.11 19:03:26.431,0.92874,0.92893,2.10,1.15
2015.02.11 19:03:26.958,0.92874,0.92892,2.10,3.07
2015.02.11 19:03:29.072,0.92875,0.92892,2.10,3.07
2015.02.11 19:03:29.580,0.92872,0.92892,1.60,2.32
2015.02.11 19:03:29.682,0.92872,0.92894,1.60,3.45
2015.02.11 19:03:38.632,0.92876,0.92893,2.85,1.15
2015.02.11 19:03:38.734,0.92877,0.92893,1.67,1.00
2015.02.11 19:03:39.847,0.92877,0.92895,2.10,1.15
2015.02.11 19:03:44.539,0.92871,0.92894,2.47,1.17
2015.02.11 19:03:50.388,0.92877,0.92894,2.10,1.17
2015.02.11 19:03:50.695,0.92891,0.92905,2.10,3.45
2015.02.11 19:03:50.848,0.9289,0.92901,2.10,1.00
2015.02.11 19:03:51.134,0.92891,0.9291,2.10,1.65
2015.02.11 19:03:54.994,0.92892,0.92911,2.10,1.15
2015.02.11 19:04:00.291,0.92889,0.9291,3.60,1.17
2015.02.11 19:04:00.623,0.92887,0.9291,2.10,1.17
2015.02.11 19:04:00.725,0.92887,0.9291,2.10,3.07
2015.02.11 19:04:00.928,0.92885,0.9291,2.10,3.07
2015.02.11 19:04:01.080,0.9289,0.9291,2.10,3.07
2015.02.11 19:04:09.170,0.92891,0.9291,2.10,2.32
2015.02.11 19:04:11.407,0.92893,0.92912,2.10,3.82
2015.02.11 19:04:13.569,0.9289,0.92912,2.10,3.82
2015.02.11 19:04:15.032,0.92886,0.9291,2.47,2.32
2015.02.11 19:04:24.508,0.92887,0.9291,2.10,2.32
2015.02.11 19:04:24.610,0.92885,0.9291,3.60,2.32
2015.02.11 19:04:24.661,0.92885,0.92908,3.60,2.32
2015.02.11 19:04:27.620,0.92885,0.92893,2.10,1.00
2015.02.11 19:04:27.671,0.92876,0.92892,2.47,2.32
2015.02.11 19:04:27.774,0.92887,0.92894,2.10,2.32
2015.02.11 19:04:27.927,0.92884,0.92902,1.60,3.07
2015.02.11 19:04:28.029,0.92885,0.92902,2.10,3.00
2015.02.11 19:04:28.436,0.92884,0.92905,2.10,1.15
2015.02.11 19:04:28.639,0.92887,0.92907,2.10,5.25
2015.02.11 19:04:30.756,0.92884,0.92907,2.85,6.00
2015.02.11 19:04:35.823,0.92884,0.92907,2.85,6.00
2015.02.11 19:04:36.105,0.92884,0.92904,2.10,2.32
2015.02.11 19:04:36.409,0.92884,0.92906,2.10,2.32
2015.02.11 19:04:36.715,0.92886,0.92906,2.10,2.32
2015.02.11 19:04:37.908,0.92886,0.92907,2.10,1.15
2015.02.11 19:04:41.439,0.92884,0.92907,2.10,1.15
2015.02.11 19:04:45.182,0.92885,0.92906,2.10,1.17
2015.02.11 19:04:52.449,0.92888,0.92908,2.10,3.07
2015.02.11 19:04:52.652,0.92888,0.92908,2.10,1.17
2015.02.11 19:04:53.158,0.92889,0.92909,2.10,1.15
2015.02.11 19:04:58.249,0.92887,0.9291,2.10,2.32
2015.02.11 19:05:13.590,0.92887,0.92911,2.10,3.07
2015.02.11 19:05:26.298,0.92889,0.92911,2.10,2.32
2015.02.11 19:05:26.868,0.9289,0.92911,2.10,3.07
2015.02.11 19:05:26.970,0.9289,0.92911,2.10,1.17
2015.02.11 19:05:29.827,0.92888,0.92911,2.85,1.17
2015.02.11 19:05:31.696,0.92888,0.92909,2.85,1.00
2015.02.11 19:05:33.227,0.92888,0.9291,2.10,1.10
2015.02.11 19:05:37.077,0.92889,0.92912,2.10,1.15
2015.02.11 19:05:38.198,0.92891,0.92912,2.10,1.07
2015.02.11 19:05:38.503,0.92906,0.92912,2.10,1.00
2015.02.11 19:05:38.604,0.92906,0.92915,2.10,1.00
2015.02.11 19:05:38.706,0.92906,0.92921,2.10,1.00
2015.02.11 19:05:39.217,0.92905,0.92921,2.10,1.00
2015.02.11 19:05:40.841,0.92906,0.92922,2.10,1.20
2015.02.11 19:05:42.163,0.92909,0.92922,2.10,1.10
2015.02.11 19:05:42.417,0.92909,0.92925,2.10,1.57
2015.02.11 19:05:45.770,0.92908,0.92925,2.10,1.57
2015.02.11 19:05:47.420,0.92909,0.92927,1.00,1.55
2015.02.11 19:05:48.592,0.92908,0.92925,2.10,1.37
2015.02.11 19:05:49.162,0.92909,0.92925,2.10,1.37
2015.02.11 19:05:50.191,0.92909,0.92925,2.10,1.37
2015.02.11 19:05:52.794,0.92908,0.92928,2.10,1.52
2015.02.11 19:05:53.411,0.92908,0.92928,2.10,2.02
2015.02.11 19:05:53.869,0.92909,0.92928,2.10,1.00
2015.02.11 19:05:53.920,0.92912,0.92928,2.10,1.00
2015.02.11 19:05:54.731,0.92912,0.92929,2.10,1.10
2015.02.11 19:05:55.038,0.92912,0.92926,2.10,1.00
2015.02.11 19:05:55.647,0.92912,0.92928,1.60,1.00
2015.02.11 19:05:55.900,0.92913,0.92931,1.03,1.00
2015.02.11 19:05:56.002,0.9291,0.92933,2.28,1.20
2015.02.11 19:05:59.470,0.92913,0.9293,1.03,1.00
2015.02.11 19:05:59.775,0.92913,0.92927,1.03,1.00
2015.02.11 19:06:00.079,0.92913,0.92925,1.03,1.00
2015.02.11 19:06:00.192,0.92913,0.92928,1.03,1.00
2015.02.11 19:06:00.599,0.92913,0.9293,1.03,1.00
2015.02.11 19:06:01.107,0.92907,0.92931,2.28,1.10
2015.02.11 19:06:01.159,0.92907,0.92931,2.28,1.15
2015.02.11 19:06:01.566,0.92907,0.9293,2.28,2.32
2015.02.11 19:06:01.668,0.92908,0.92931,1.78,1.15
2015.02.11 19:06:02.073,0.92909,0.92927,2.85,1.00
2015.02.11 19:06:02.378,0.92909,0.92924,2.10,1.00
2015.02.11 19:06:02.857,0.9291,0.92926,1.60,1.00
2015.02.11 19:06:03.366,0.92909,0.92924,2.10,1.00
2015.02.11 19:06:03.873,0.92909,0.92925,2.10,1.00
2015.02.11 19:06:04.177,0.92911,0.92925,2.10,1.00
2015.02.11 19:06:04.381,0.92911,0.92928,2.10,1.00
2015.02.11 19:06:05.101,0.92911,0.92926,2.10,1.00
2015.02.11 19:06:05.617,0.92911,0.92927,2.10,1.00
2015.02.11 19:06:05.922,0.92911,0.92929,2.10,1.10
2015.02.11 19:06:07.684,0.92911,0.92932,2.10,1.17
2015.02.11 19:06:08.204,0.92911,0.9293,2.10,1.00
2015.02.11 19:06:08.740,0.92911,0.92931,2.10,1.10
2015.02.11 19:06:09.301,0.92911,0.9293,2.10,1.00
2015.02.11 19:06:09.807,0.92911,0.92931,2.10,1.10
2015.02.11 19:06:10.345,0.92911,0.9293,2.10,1.00
2015.02.11 19:06:10.851,0.92911,0.92932,2.10,1.17
2015.02.11 19:06:11.540,0.92911,0.9293,2.10,1.00
2015.02.11 19:06:12.265,0.92911,0.92929,2.10,1.00
2015.02.11 19:06:12.852,0.92911,0.92928,2.10,1.00
2015.02.11 19:06:13.258,0.92911,0.92932,2.10,1.17
2015.02.11 19:06:16.988,0.92911,0.92928,2.10,1.00
2015.02.11 19:06:17.089,0.92911,0.92931,2.10,1.10
2015.02.11 19:06:17.591,0.92911,0.9293,2.10,1.00
2015.02.11 19:06:18.115,0.92911,0.92931,2.10,1.10
2015.02.11 19:06:19.674,0.92911,0.9293,2.10,1.00
2015.02.11 19:06:20.186,0.92911,0.92931,2.10,1.10
2015.02.11 19:06:24.585,0.92911,0.9293,2.10,1.00
2015.02.11 19:06:25.115,0.92911,0.92931,2.10,1.10
2015.02.11 19:06:26.603,0.92911,0.9293,2.10,1.00
2015.02.11 19:06:27.136,0.92911,0.92932,2.10,1.17
2015.02.11 19:06:27.238,0.92911,0.92929,2.10,1.00
2015.02.11 19:06:28.051,0.92911,0.92928,2.10,1.00
2015.02.11 19:06:29.074,0.92911,0.92929,2.10,1.00
2015.02.11 19:06:31.207,0.92911,0.92928,2.10,1.00
2015.02.11 19:06:33.074,0.92911,0.92929,2.10,1.00
2015.02.11 19:06:33.378,0.92911,0.92928,2.10,1.37
2015.02.11 19:06:34.101,0.92911,0.92928,2.10,1.10
2015.02.11 19:06:34.611,0.9291,0.92927,2.10,1.00
2015.02.11 19:06:35.255,0.9291,0.92929,2.10,1.17
2015.02.11 19:06:35.611,0.9291,0.92927,2.10,1.37
2015.02.11 19:06:36.352,0.9291,0.92927,2.10,1.00
2015.02.11 19:06:36.908,0.9291,0.92928,2.10,1.12
2015.02.11 19:06:38.583,0.9291,0.92926,2.10,1.00
2015.02.11 19:06:39.815,0.9291,0.92925,2.10,1.00
2015.02.11 19:06:41.597,0.9291,0.92928,2.10,1.00
2015.02.11 19:06:43.014,0.9291,0.92925,2.10,1.00
2015.02.11 19:06:43.325,0.9291,0.92923,2.10,1.00
2015.02.11 19:06:46.020,0.9291,0.92926,2.10,1.00
2015.02.11 19:06:46.531,0.9291,0.92926,2.10,1.00
2015.02.11 19:06:48.161,0.9291,0.92927,2.10,1.00
2015.02.11 19:06:48.808,0.9291,0.92926,2.10,1.00
2015.02.11 19:06:49.469,0.9291,0.92927,2.10,1.00
2015.02.11 19:06:50.377,0.9291,0.92928,2.10,1.00
2015.02.11 19:06:51.680,0.92912,0.92928,1.60,1.00
2015.02.11 19:06:51.732,0.92912,0.9293,1.60,1.00
2015.02.11 19:06:52.036,0.92912,0.92932,1.60,1.00
2015.02.11 19:06:55.399,0.92911,0.92931,2.10,1.00
2015.02.11 19:06:55.907,0.92911,0.9293,2.10,1.00
2015.02.11 19:06:56.416,0.92911,0.92929,2.10,1.00
2015.02.11 19:07:01.960,0.92911,0.92929,2.10,1.37
2015.02.11 19:07:02.467,0.92911,0.92928,2.10,1.00
2015.02.11 19:07:02.619,0.92911,0.9293,2.10,1.00
2015.02.11 19:07:04.693,0.92911,0.92929,2.10,1.00
2015.02.11 19:07:04.794,0.92911,0.92929,2.10,1.37
2015.02.11 19:07:04.997,0.92911,0.9293,2.10,1.10
2015.02.11 19:07:05.331,0.92911,0.92928,2.10,1.37
2015.02.11 19:07:06.207,0.92911,0.92929,2.10,1.00
2015.02.11 19:07:07.160,0.92911,0.92931,2.10,1.17
2015.02.11 19:07:25.631,0.92911,0.92932,2.10,1.17
2015.02.11 19:07:39.373,0.92909,0.92934,2.10,3.07
2015.02.11 19:07:39.424,0.92909,0.92929,1.60,1.17
2015.02.11 19:07:39.931,0.92909,0.92929,1.60,3.07
2015.02.11 19:07:47.350,0.92908,0.92924,2.10,1.00
2015.02.11 19:07:47.553,0.92908,0.92926,2.10,1.10
2015.02.11 19:07:50.558,0.92908,0.92925,2.10,1.00
2015.02.11 19:07:51.068,0.92908,0.92926,2.10,1.10
2015.02.11 19:07:56.402,0.92908,0.92925,2.10,1.00
2015.02.11 19:07:57.226,0.92908,0.92926,2.10,1.10
2015.02.11 19:08:01.018,0.92908,0.92924,2.10,1.00
2015.02.11 19:08:01.323,0.92908,0.92922,2.10,1.37
2015.02.11 19:08:01.374,0.92906,0.92921,1.35,1.37
2015.02.11 19:08:03.987,0.92904,0.9292,2.10,1.12
2015.02.11 19:08:08.813,0.92906,0.9292,2.10,1.12
2015.02.11 19:08:15.365,0.92906,0.92919,2.10,1.00
2015.02.11 19:08:15.732,0.92905,0.92923,2.10,1.55
2015.02.11 19:08:16.246,0.92904,0.92923,2.10,1.55
2015.02.11 19:08:16.659,0.92904,0.92922,2.10,1.10
2015.02.11 19:08:18.623,0.92903,0.92925,2.10,2.40
2015.02.11 19:08:20.151,0.92906,0.92924,2.10,1.25
2015.02.11 19:08:21.533,0.92906,0.92924,2.10,3.52
2015.02.11 19:08:24.911,0.92904,0.92923,2.10,1.52
2015.02.11 19:08:25.124,0.92904,0.92921,2.10,1.47
2015.02.11 19:08:25.328,0.92904,0.92919,2.10,1.00
2015.02.11 19:08:29.103,0.92904,0.92922,2.10,1.55
2015.02.11 19:08:30.408,0.92904,0.92919,2.10,1.00
2015.02.11 19:08:32.601,0.92907,0.92919,2.10,1.00
2015.02.11 19:08:34.323,0.92907,0.92917,2.10,1.00
2015.02.11 19:08:34.374,0.92905,0.92917,2.10,1.00
2015.02.11 19:08:34.881,0.92905,0.92916,2.10,1.00
2015.02.11 19:08:34.932,0.92905,0.92918,2.10,1.00
2015.02.11 19:08:35.442,0.92905,0.92919,2.10,1.20
2015.02.11 19:08:52.175,0.929,0.9292,1.50,1.27
2015.02.11 19:08:52.276,0.92892,0.92921,1.50,1.52
2015.02.11 19:08:52.378,0.92892,0.92921,1.20,3.45
2015.02.11 19:08:56.344,0.92892,0.9292,1.70,3.07
2015.02.11 19:08:56.851,0.92892,0.92917,1.60,2.70
2015.02.11 19:08:59.372,0.92895,0.92917,1.00,3.45
2015.02.11 19:09:00.008,0.92895,0.92917,1.60,3.45
2015.02.11 19:09:01.058,0.92895,0.92917,1.60,3.45
2015.02.11 19:09:01.657,0.92896,0.92917,1.60,1.55
2015.02.11 19:09:07.958,0.92903,0.92917,1.00,1.55
2015.02.11 19:09:08.285,0.92905,0.92918,2.10,1.37
2015.02.11 19:09:15.569,0.92905,0.92919,2.10,1.00
2015.02.11 19:09:15.722,0.92906,0.92922,2.10,1.55
2015.02.11 19:09:16.407,0.92905,0.92922,2.10,1.47
2015.02.11 19:09:17.252,0.92902,0.92922,1.00,1.45
2015.02.11 19:09:17.404,0.92895,0.92921,1.50,1.55
2015.02.11 19:09:19.673,0.92895,0.9292,1.50,1.47
2015.02.11 19:09:20.301,0.92895,0.9292,1.50,1.47
2015.02.11 19:09:21.275,0.92895,0.92919,1.50,1.55
2015.02.11 19:09:21.840,0.92893,0.92919,1.00,1.55
2015.02.11 19:09:22.401,0.92893,0.92919,1.00,1.55
2015.02.11 19:09:25.441,0.92892,0.92919,1.00,2.70
2015.02.11 19:09:26.819,0.92895,0.92919,1.50,2.70
2015.02.11 19:09:26.921,0.92896,0.92922,1.87,3.45
2015.02.11 19:09:29.030,0.92895,0.92921,2.25,1.52
2015.02.11 19:09:41.525,0.92895,0.92921,2.25,1.65
2015.02.11 19:09:41.830,0.92895,0.9292,2.25,3.07
2015.02.11 19:09:41.983,0.92892,0.92914,1.50,1.12
2015.02.11 19:09:42.450,0.92892,0.92916,1.50,1.20
2015.02.11 19:09:42.653,0.92892,0.92917,1.50,1.52
2015.02.11 19:09:45.592,0.92892,0.92916,1.50,1.95
2015.02.11 19:09:45.694,0.92892,0.92913,1.00,1.37
2015.02.11 19:09:45.999,0.92892,0.92913,1.00,1.87
2015.02.11 19:09:46.305,0.92892,0.92908,1.00,2.32
2015.02.11 19:09:46.610,0.9288,0.92907,1.50,2.32
2015.02.11 19:09:46.712,0.9288,0.92902,1.00,1.00
2015.02.11 19:09:47.220,0.92877,0.92901,1.71,1.00
2015.02.11 19:09:47.727,0.92874,0.92901,1.67,2.32
2015.02.11 19:09:48.533,0.92871,0.92897,1.85,1.00
2015.02.11 19:09:48.861,0.92871,0.92894,1.85,1.00
2015.02.11 19:09:50.068,0.92871,0.92896,1.85,1.00
2015.02.11 19:09:50.678,0.92871,0.92895,1.85,1.00
2015.02.11 19:09:51.684,0.92871,0.92897,1.85,1.12
2015.02.11 19:09:53.492,0.9287,0.92894,1.00,2.25
2015.02.11 19:09:53.543,0.92866,0.92891,1.00,1.10
2015.02.11 19:09:58.336,0.92866,0.92892,1.00,3.07
2015.02.11 19:09:58.387,0.92864,0.92891,1.00,2.32
2015.02.11 19:09:59.978,0.92863,0.92891,1.00,2.32
2015.02.11 19:10:00.499,0.92862,0.92891,1.10,2.32
2015.02.11 19:10:00.755,0.9286,0.9288,1.45,1.00
2015.02.11 19:10:00.858,0.92856,0.9288,3.22,1.00
2015.02.11 19:10:00.909,0.92856,0.9288,1.30,1.10
2015.02.11 19:10:01.011,0.92854,0.92879,1.20,1.00
2015.02.11 19:10:01.063,0.92854,0.92877,1.10,1.00
2015.02.11 19:10:01.216,0.92851,0.92877,1.17,1.00
2015.02.11 19:10:01.318,0.92848,0.92875,1.20,1.00
2015.02.11 19:10:01.831,0.92848,0.92877,1.20,1.15
2015.02.11 19:10:03.438,0.92848,0.92877,1.10,3.07
2015.02.11 19:10:03.959,0.92848,0.92876,1.00,2.32
2015.02.11 19:10:04.486,0.92847,0.92874,1.20,1.17
2015.02.11 19:10:09.131,0.92847,0.92872,1.10,1.00
2015.02.11 19:10:09.638,0.92847,0.92874,1.10,1.17
2015.02.11 19:10:29.043,0.92847,0.92875,1.10,2.32
2015.02.11 19:10:29.335,0.92841,0.9287,1.27,1.15
2015.02.11 19:10:36.190,0.9284,0.92869,1.10,2.32
2015.02.11 19:10:45.611,0.9284,0.92868,1.00,2.32
2015.02.11 19:10:48.253,0.92839,0.92868,1.50,5.25
2015.02.11 19:10:54.102,0.92838,0.92867,1.12,1.15
2015.02.11 19:10:54.434,0.92838,0.92863,1.12,1.00
2015.02.11 19:10:54.536,0.92838,0.92866,1.12,1.15
2015.02.11 19:10:56.939,0.92837,0.92865,1.20,1.20
2015.02.11 19:10:56.990,0.92833,0.92865,4.57,3.07
2015.02.11 19:10:57.294,0.92833,0.9286,1.10,1.17
2015.02.11 19:11:00.493,0.92833,0.92864,1.15,2.32
2015.02.11 19:11:03.510,0.92833,0.92862,1.10,2.32
2015.02.11 19:11:06.650,0.92833,0.92861,1.10,2.32
2015.02.11 19:11:07.358,0.92833,0.9286,1.00,2.32
2015.02.11 19:11:18.354,0.92832,0.9286,1.00,2.32
2015.02.11 19:11:26.577,0.92832,0.92863,1.00,3.07
2015.02.11 19:11:29.665,0.92832,0.92864,1.00,1.15
2015.02.11 19:11:36.089,0.92834,0.92863,1.00,1.17
2015.02.11 19:11:37.413,0.92835,0.92864,1.00,1.15
2015.02.11 19:11:40.140,0.92834,0.9286,1.00,1.00
2015.02.11 19:11:40.675,0.92834,0.92859,1.00,1.00
2015.02.11 19:11:42.204,0.92833,0.92859,1.00,1.00
2015.02.11 19:11:42.682,0.92834,0.92857,1.00,1.00
2015.02.11 19:11:43.574,0.92835,0.92857,1.00,1.00
2015.02.11 19:11:45.114,0.92833,0.92857,1.00,1.00
2015.02.11 19:11:45.317,0.92833,0.92863,1.00,1.17
2015.02.11 19:11:47.100,0.92835,0.92863,1.00,1.17
2015.02.11 19:11:47.407,0.92835,0.9286,1.00,1.00
2015.02.11 19:11:48.349,0.92833,0.9286,1.00,1.00
2015.02.11 19:11:48.450,0.92833,0.92864,1.50,1.15
2015.02.11 19:11:49.438,0.92832,0.92862,2.25,1.10
2015.02.11 19:11:50.246,0.92833,0.92862,1.00,1.10
2015.02.11 19:11:50.879,0.92833,0.92862,1.00,1.07
2015.02.11 19:12:00.242,0.92834,0.92863,1.00,1.17
2015.02.11 19:12:00.343,0.92832,0.92864,1.50,2.32
2015.02.11 19:12:00.445,0.92834,0.92864,1.00,2.32
2015.02.11 19:12:00.547,0.92832,0.92865,2.25,1.15
2015.02.11 19:12:00.649,0.92834,0.92863,1.00,1.10
2015.02.11 19:12:01.205,0.92834,0.92862,1.00,1.00
2015.02.11 19:12:01.611,0.92832,0.92864,2.25,1.15
2015.02.11 19:12:02.118,0.92833,0.92862,1.00,1.17
2015.02.11 19:12:03.015,0.92834,0.92862,1.00,1.17
2015.02.11 19:12:03.521,0.92833,0.92862,1.00,1.17
2015.02.11 19:12:06.602,0.92833,0.92863,1.00,3.07
2015.02.11 19:12:06.989,0.92828,0.9286,1.37,1.20
2015.02.11 19:12:07.750,0.92829,0.92863,1.50,5.25
2015.02.11 19:12:08.253,0.92831,0.92862,1.00,1.15
2015.02.11 19:12:10.853,0.9283,0.92862,1.50,1.15
2015.02.11 19:12:13.364,0.92829,0.92863,1.50,4.50
2015.02.11 19:12:13.877,0.9283,0.92861,1.50,1.15
2015.02.11 19:12:15.397,0.92831,0.92863,1.00,5.25
2015.02.11 19:12:15.932,0.9283,0.92862,1.00,1.15
2015.02.11 19:12:17.307,0.92831,0.92862,1.00,1.15
2015.02.11 19:12:20.162,0.9283,0.92862,1.00,1.15
2015.02.11 19:12:27.532,0.92829,0.92863,1.00,4.50
2015.02.11 19:12:28.338,0.9283,0.92863,1.00,5.25
2015.02.11 19:12:31.662,0.92829,0.92863,1.00,4.50
2015.02.11 19:12:34.288,0.92836,0.92864,1.50,1.15
2015.02.11 19:12:35.296,0.92835,0.92865,1.50,2.32
2015.02.11 19:12:35.811,0.92836,0.92865,1.50,3.07
2015.02.11 19:12:38.150,0.92835,0.92865,1.50,2.32
2015.02.11 19:12:38.463,0.92833,0.92865,3.00,3.07
2015.02.11 19:12:44.639,0.92831,0.92865,1.00,2.32
2015.02.11 19:12:44.690,0.9283,0.92863,1.87,2.32
2015.02.11 19:12:45.200,0.92831,0.92863,1.00,3.07
2015.02.11 19:12:49.446,0.9283,0.92863,1.50,2.32
2015.02.11 19:12:50.026,0.92831,0.92862,1.50,1.15
2015.02.11 19:12:50.584,0.92831,0.92863,1.00,3.45
2015.02.11 19:12:50.894,0.92827,0.92856,1.50,1.37
2015.02.11 19:12:51.464,0.92826,0.92855,1.50,1.12
2015.02.11 19:12:51.979,0.92827,0.92855,1.50,1.12
2015.02.11 19:12:52.337,0.92827,0.92853,1.50,1.00
2015.02.11 19:12:52.388,0.92827,0.92855,1.50,1.12
2015.02.11 19:12:52.564,0.92825,0.92854,1.00,1.00
2015.02.11 19:12:52.717,0.92825,0.92852,1.00,1.00
2015.02.11 19:12:52.819,0.92825,0.92854,1.00,1.00
2015.02.11 19:12:52.920,0.92825,0.92852,1.00,1.00
2015.02.11 19:12:53.428,0.92825,0.92853,1.00,1.00
2015.02.11 19:12:53.843,0.92825,0.92855,1.00,1.12
2015.02.11 19:12:54.045,0.92825,0.92853,1.00,1.00
2015.02.11 19:12:54.349,0.92823,0.92852,2.62,1.37
2015.02.11 19:12:54.916,0.92824,0.92852,1.00,1.37
2015.02.11 19:12:56.065,0.92823,0.92855,1.12,1.55
2015.02.11 19:12:56.573,0.92824,0.92853,1.00,1.37
2015.02.11 19:12:57.844,0.92827,0.92856,1.00,1.27
2015.02.11 19:12:57.946,0.92824,0.92856,1.00,1.27
2015.02.11 19:12:58.618,0.92824,0.92856,1.00,1.27
2015.02.11 19:12:59.125,0.92824,0.92847,1.00,1.00
2015.02.11 19:12:59.655,0.92821,0.9285,1.87,1.37
2015.02.11 19:13:00.224,0.92822,0.92847,1.37,1.00
2015.02.11 19:13:00.729,0.92821,0.92854,1.87,1.85
2015.02.11 19:13:02.968,0.92822,0.92845,1.37,1.00
2015.02.11 19:13:03.070,0.92822,0.92852,1.37,1.37
2015.02.11 19:13:04.757,0.92822,0.92846,1.37,1.00
2015.02.11 19:13:05.139,0.92822,0.92852,1.37,1.37
2015.02.11 19:13:06.203,0.92822,0.92847,1.37,1.00
2015.02.11 19:13:06.406,0.92822,0.92851,1.37,1.37
2015.02.11 19:13:11.297,0.92822,0.92847,1.37,1.00
2015.02.11 19:13:11.450,0.92822,0.92853,1.37,1.37
2015.02.11 19:13:15.103,0.92822,0.92848,1.37,1.00
2015.02.11 19:13:15.379,0.92822,0.92846,1.37,1.00
2015.02.11 19:13:15.531,0.92822,0.92853,1.37,1.37
2015.02.11 19:13:15.734,0.92822,0.92847,1.37,1.00
2015.02.11 19:13:15.791,0.92822,0.9285,1.37,1.37
2015.02.11 19:13:16.526,0.92822,0.92847,1.37,1.00
2015.02.11 19:13:17.516,0.92822,0.92854,1.37,1.57
2015.02.11 19:13:18.267,0.92821,0.92848,1.87,1.00
2015.02.11 19:13:18.879,0.92822,0.92851,1.37,1.37
2015.02.11 19:13:19.294,0.92822,0.92847,1.37,1.00
2015.02.11 19:13:19.498,0.92822,0.9285,1.37,1.37
2015.02.11 19:13:20.057,0.92821,0.9285,1.37,1.37
2015.02.11 19:13:20.513,0.92818,0.92843,1.37,1.00
2015.02.11 19:13:20.564,0.92818,0.92843,1.00,1.00
2015.02.11 19:13:20.615,0.92816,0.92843,1.12,1.00
2015.02.11 19:13:20.717,0.92816,0.92841,1.00,1.00
2015.02.11 19:13:21.331,0.9282,0.92841,1.00,1.00
2015.02.11 19:13:21.661,0.9282,0.92838,1.37,1.00
2015.02.11 19:13:21.763,0.92816,0.9284,1.50,1.00
2015.02.11 19:13:21.967,0.92816,0.9284,1.37,1.00
2015.02.11 19:13:22.272,0.9282,0.9284,1.37,1.00
2015.02.11 19:13:22.580,0.9282,0.92843,1.37,1.12
2015.02.11 19:13:23.301,0.9282,0.92842,1.37,1.00
2015.02.11 19:13:24.797,0.9282,0.92843,1.37,1.00
2015.02.11 19:13:25.202,0.9282,0.92841,1.37,1.00
2015.02.11 19:13:25.304,0.92819,0.92844,1.37,1.00
2015.02.11 19:13:25.812,0.9282,0.92843,1.37,1.00
2015.02.11 19:13:26.325,0.92817,0.92841,1.37,1.00
2015.02.11 19:13:26.377,0.92817,0.92841,1.00,1.00
2015.02.11 19:13:26.428,0.92814,0.92841,1.00,1.00
2015.02.11 19:13:26.734,0.92814,0.92844,1.00,1.07
2015.02.11 19:13:26.835,0.92814,0.9284,1.00,1.00
2015.02.11 19:13:27.292,0.92817,0.9284,1.00,1.00
2015.02.11 19:13:27.620,0.92819,0.9284,1.00,1.00
2015.02.11 19:13:27.977,0.92819,0.92842,1.00,1.00
2015.02.11 19:13:28.282,0.92819,0.92847,1.00,1.17
2015.02.11 19:13:29.093,0.92819,0.92847,1.37,1.17
2015.02.11 19:13:29.281,0.9282,0.9285,1.37,1.65
2015.02.11 19:13:30.767,0.92826,0.9285,1.50,1.07
2015.02.11 19:13:30.819,0.92826,0.9285,1.50,1.10
2015.02.11 19:13:31.327,0.92827,0.9285,1.50,1.00
2015.02.11 19:13:31.886,0.92827,0.92856,1.50,1.65
2015.02.11 19:13:32.391,0.92827,0.92855,1.50,1.55
2015.02.11 19:13:33.232,0.92827,0.92855,1.50,1.55
2015.02.11 19:13:33.912,0.92827,0.92852,1.50,1.00
2015.02.11 19:13:34.451,0.92827,0.92854,1.50,1.47
2015.02.11 19:13:34.957,0.92823,0.92853,1.50,1.55
2015.02.11 19:13:35.483,0.92823,0.92854,1.50,1.52
2015.02.11 19:13:35.688,0.92827,0.92855,1.50,2.70
2015.02.11 19:13:36.202,0.92827,0.92857,1.50,1.65
2015.02.11 19:13:36.779,0.92826,0.92858,1.50,1.90
2015.02.11 19:13:37.715,0.92827,0.92857,2.25,1.65
2015.02.11 19:13:38.232,0.92826,0.92859,2.25,4.20
2015.02.11 19:13:38.385,0.92828,0.92859,1.00,4.20
2015.02.11 19:13:38.893,0.92827,0.92856,1.50,1.47
2015.02.11 19:13:41.022,0.92826,0.92856,3.75,1.47
2015.02.11 19:13:41.379,0.92826,0.92855,3.75,1.37
2015.02.11 19:13:41.765,0.92836,0.92852,1.00,1.12
2015.02.11 19:13:42.272,0.92836,0.92859,1.50,1.75
2015.02.11 19:13:44.298,0.92835,0.92857,1.50,1.37
2015.02.11 19:13:44.805,0.92836,0.92855,1.50,1.37
2015.02.11 19:13:45.349,0.92842,0.92858,1.00,1.37
2015.02.11 19:13:45.653,0.92846,0.92859,1.00,1.37
2015.02.11 19:13:46.159,0.92845,0.92859,1.00,1.37
2015.02.11 19:13:46.313,0.92843,0.92859,1.00,1.87
2015.02.11 19:13:46.415,0.92836,0.92859,1.50,1.87
2015.02.11 19:13:46.923,0.92835,0.92859,1.50,1.95
2015.02.11 19:13:47.452,0.92836,0.92857,1.50,1.37
2015.02.11 19:13:48.579,0.92835,0.92858,1.50,1.37
2015.02.11 19:13:49.261,0.92836,0.92857,1.50,1.37
2015.02.11 19:13:50.052,0.92833,0.92855,1.50,1.37
2015.02.11 19:13:50.602,0.92832,0.92859,1.00,2.02
2015.02.11 19:13:51.138,0.92833,0.92858,3.00,1.37
2015.02.11 19:13:51.393,0.92836,0.92858,1.50,1.37
2015.02.11 19:13:56.527,0.92841,0.92857,1.00,1.37
2015.02.11 19:13:56.628,0.92835,0.92859,1.50,1.37
2015.02.11 19:14:00.649,0.92836,0.92858,1.50,1.37
2015.02.11 19:14:01.009,0.92843,0.92859,1.00,1.87
2015.02.11 19:14:01.162,0.92836,0.92859,1.50,1.37
2015.02.11 19:14:01.942,0.92836,0.92859,1.50,1.87
2015.02.11 19:14:02.932,0.92836,0.92858,1.50,1.37
2015.02.11 19:14:03.438,0.92836,0.92857,1.50,1.37
2015.02.11 19:14:03.971,0.92836,0.92858,1.50,1.37
2015.02.11 19:14:04.497,0.92836,0.92858,1.50,1.37
2015.02.11 19:14:05.045,0.92836,0.92858,1.50,1.37
2015.02.11 19:14:06.060,0.92836,0.92857,1.50,1.37
2015.02.11 19:14:06.601,0.92836,0.92859,1.50,1.87
2015.02.11 19:14:08.130,0.92833,0.92859,2.25,1.37
2015.02.11 19:14:08.661,0.92833,0.92859,3.00,1.37
2015.02.11 19:14:09.016,0.92835,0.92859,1.00,1.00
2015.02.11 19:14:09.168,0.92835,0.92864,1.00,1.47
2015.02.11 19:14:09.681,0.92835,0.92863,1.00,1.12
2015.02.11 19:14:12.522,0.92835,0.92863,1.00,1.37
2015.02.11 19:14:13.032,0.92835,0.92863,1.00,1.12
2015.02.11 19:14:18.032,0.9284,0.92862,1.50,1.00
2015.02.11 19:14:18.134,0.92841,0.92866,1.50,1.00
2015.02.11 19:14:18.236,0.92841,0.9287,1.00,1.47
2015.02.11 19:14:18.743,0.92841,0.92867,1.00,1.00
2015.02.11 19:14:29.407,0.92841,0.92865,1.00,1.00
2015.02.11 19:14:29.954,0.92841,0.92867,1.00,1.00
2015.02.11 19:14:30.524,0.92841,0.92868,1.00,1.12
2015.02.11 19:14:31.362,0.92841,0.92866,1.00,1.00
2015.02.11 19:14:32.479,0.92841,0.92868,1.00,1.20
2015.02.11 19:14:33.190,0.92841,0.92866,1.00,1.00
2015.02.11 19:14:33.901,0.92841,0.92865,1.00,1.00
2015.02.11 19:14:34.409,0.92841,0.92866,1.00,1.00
2015.02.11 19:14:34.932,0.92841,0.92867,1.00,1.00
2015.02.11 19:14:35.466,0.92841,0.92866,1.00,1.00
2015.02.11 19:14:35.695,0.92841,0.92868,1.00,1.10
2015.02.11 19:14:38.700,0.92841,0.92866,1.00,1.00
2015.02.11 19:14:39.441,0.92841,0.92865,1.00,1.00
2015.02.11 19:14:41.862,0.92841,0.92868,1.00,1.10
2015.02.11 19:14:43.982,0.92841,0.92866,1.00,1.00
2015.02.11 19:14:44.647,0.92841,0.92863,1.00,1.00
2015.02.11 19:14:45.701,0.9284,0.92863,1.00,1.00
2015.02.11 19:14:45.803,0.9284,0.92866,1.00,1.00
2015.02.11 19:14:46.348,0.92841,0.92865,1.00,1.00
2015.02.11 19:14:47.016,0.92841,0.92866,1.00,1.00
2015.02.11 19:14:47.468,0.92841,0.92868,1.00,1.10
2015.02.11 19:14:50.228,0.92841,0.92864,1.00,1.00
2015.02.11 19:14:50.616,0.92841,0.92866,1.00,1.00
2015.02.11 19:14:50.718,0.92841,0.92864,1.00,1.00
2015.02.11 19:14:50.994,0.9284,0.92866,1.50,1.00
2015.02.11 19:14:51.342,0.92841,0.92864,1.00,1.00
2015.02.11 19:14:52.822,0.92841,0.92866,1.00,1.00
2015.02.11 19:14:53.415,0.92841,0.92864,1.00,1.00
2015.02.11 19:14:53.620,0.92841,0.92866,1.00,1.00
2015.02.11 19:14:53.722,0.92841,0.92864,1.00,1.00
2015.02.11 19:14:56.195,0.92841,0.92866,1.00,1.00
2015.02.11 19:14:56.707,0.92841,0.92865,1.00,1.00
2015.02.11 19:14:56.983,0.92841,0.92863,1.00,1.00
2015.02.11 19:14:57.572,0.92841,0.92862,1.00,1.00
2015.02.11 19:14:57.673,0.92841,0.92867,1.00,1.00
2015.02.11 19:14:58.060,0.92841,0.92865,1.00,1.00
2015.02.11 19:14:58.175,0.92839,0.92865,1.00,1.00
2015.02.11 19:14:58.583,0.9284,0.92863,1.00,1.00
2015.02.11 19:14:58.685,0.9284,0.92865,1.00,1.00
2015.02.11 19:15:00.862,0.9284,0.92863,1.00,1.00
2015.02.11 19:15:00.964,0.9284,0.92866,1.00,1.00
2015.02.11 19:15:01.137,0.9284,0.92864,1.00,1.00
2015.02.11 19:15:02.146,0.9284,0.92863,1.00,1.00
2015.02.11 19:15:02.569,0.9284,0.92865,1.00,1.00
2015.02.11 19:15:03.192,0.9284,0.92866,1.00,1.00
2015.02.11 19:15:03.976,0.92839,0.92866,1.00,1.00
2015.02.11 19:15:04.221,0.9284,0.92863,1.00,1.00
2015.02.11 19:15:04.627,0.92839,0.92865,1.00,1.00
2015.02.11 19:15:04.728,0.92839,0.92863,1.00,1.00
2015.02.11 19:15:04.830,0.92839,0.92866,1.00,1.00
2015.02.11 19:15:04.948,0.92839,0.92864,1.00,1.00
2015.02.11 19:15:05.457,0.92839,0.92863,1.00,1.00
2015.02.11 19:15:05.661,0.92839,0.92865,1.00,1.00
2015.02.11 19:15:06.167,0.92839,0.92864,1.00,1.00
2015.02.11 19:15:10.237,0.92839,0.92871,1.00,5.62
2015.02.11 19:15:10.764,0.92839,0.92869,1.00,1.20
2015.02.11 19:15:11.069,0.9284,0.92866,1.00,1.00
2015.02.11 19:15:11.170,0.9284,0.92868,1.00,1.00
2015.02.11 19:15:11.686,0.9284,0.92867,1.00,1.00
2015.02.11 19:15:12.189,0.9284,0.92872,1.50,2.70
2015.02.11 19:15:12.696,0.9284,0.92869,1.50,1.20
2015.02.11 19:15:12.866,0.9284,0.92867,1.50,1.00
2015.02.11 19:15:13.119,0.9284,0.9287,1.50,1.55
2015.02.11 19:15:17.641,0.9284,0.92872,1.50,1.17
2015.02.11 19:15:17.844,0.9284,0.92873,1.50,1.52
2015.02.11 19:15:18.442,0.92841,0.92874,1.00,2.70
2015.02.11 19:15:21.849,0.92841,0.92873,1.50,1.15
2015.02.11 19:15:21.951,0.92841,0.92874,1.50,3.45
2015.02.11 19:15:36.706,0.92842,0.92872,1.00,1.55
2015.02.11 19:15:37.010,0.92845,0.92873,1.50,1.47
2015.02.11 19:15:39.768,0.92845,0.92871,1.50,1.12
2015.02.11 19:15:40.275,0.92844,0.92874,1.50,1.55
2015.02.11 19:15:40.781,0.92845,0.92875,1.50,1.52
2015.02.11 19:15:40.832,0.92845,0.92875,1.50,1.27
2015.02.11 19:15:41.339,0.92845,0.92874,1.50,1.37
2015.02.11 19:15:42.293,0.92845,0.92874,1.50,1.55
2015.02.11 19:15:43.054,0.92844,0.92874,1.50,1.55
2015.02.11 19:15:43.652,0.92845,0.9287,1.50,1.37
2015.02.11 19:15:45.781,0.92845,0.92872,1.50,1.00
2015.02.11 19:15:46.291,0.92845,0.92871,1.50,1.00
2015.02.11 19:15:46.948,0.92845,0.92872,1.50,1.00
2015.02.11 19:15:48.144,0.92845,0.92873,1.50,1.10
2015.02.11 19:15:49.123,0.92845,0.92871,1.50,1.00
2015.02.11 19:15:49.276,0.92842,0.9287,2.25,1.00
2015.02.11 19:15:49.377,0.92842,0.92872,1.00,1.00
2015.02.11 19:15:49.901,0.92842,0.92873,1.00,1.10
2015.02.11 19:15:50.104,0.92842,0.9287,1.00,1.00
2015.02.11 19:15:50.590,0.92842,0.92872,1.00,1.00
2015.02.11 19:15:55.519,0.92842,0.9287,1.00,1.00
2015.02.11 19:15:56.102,0.92842,0.92869,1.00,1.00
2015.02.11 19:15:56.641,0.92842,0.9287,1.00,1.00
2015.02.11 19:15:57.035,0.92841,0.92868,1.50,1.00
2015.02.11 19:15:57.136,0.92841,0.92874,1.00,3.07
2015.02.11 19:15:57.617,0.92841,0.92869,1.50,1.00
2015.02.11 19:15:57.718,0.92841,0.92874,1.50,3.07
2015.02.11 19:15:58.274,0.92841,0.92868,1.50,1.00
2015.02.11 19:15:59.762,0.92841,0.9287,1.50,1.00
2015.02.11 19:16:01.191,0.92842,0.9287,1.00,1.00
2015.02.11 19:16:01.705,0.92842,0.92871,1.00,1.10
2015.02.11 19:16:01.807,0.92842,0.92869,1.00,1.00
2015.02.11 19:16:02.314,0.92842,0.92868,1.00,1.00
2015.02.11 19:16:04.219,0.92846,0.92869,1.00,1.00
2015.02.11 19:16:04.973,0.92845,0.92869,1.00,1.00
2015.02.11 19:16:05.314,0.92846,0.92867,1.00,1.00
2015.02.11 19:16:05.826,0.92847,0.92866,1.00,1.00
2015.02.11 19:16:06.338,0.92846,0.92866,1.00,1.00
2015.02.11 19:16:06.389,0.92846,0.92868,1.00,1.00
2015.02.11 19:16:06.441,0.92841,0.92868,1.50,1.00
2015.02.11 19:16:06.970,0.92842,0.92869,1.00,1.00
2015.02.11 19:16:07.021,0.92842,0.92866,1.00,1.00
2015.02.11 19:16:07.122,0.92842,0.92868,1.00,1.00
2015.02.11 19:16:07.427,0.92842,0.9287,1.00,1.00
2015.02.11 19:16:07.528,0.92842,0.92868,1.00,1.00
2015.02.11 19:16:07.832,0.92842,0.92864,1.00,1.00
2015.02.11 19:16:08.738,0.92841,0.92864,1.50,1.00
2015.02.11 19:16:08.842,0.92841,0.92866,1.50,1.00
2015.02.11 19:16:10.482,0.92841,0.92865,1.50,1.00
2015.02.11 19:16:10.792,0.92841,0.92867,1.50,1.00
2015.02.11 19:16:10.989,0.92841,0.92865,1.50,1.00
2015.02.11 19:16:11.789,0.92841,0.92868,1.50,1.00
2015.02.11 19:16:12.338,0.92841,0.92867,1.50,1.00
2015.02.11 19:16:12.804,0.92841,0.92865,1.50,1.00
2015.02.11 19:16:13.794,0.92841,0.92866,1.00,1.00
2015.02.11 19:16:14.158,0.92841,0.92863,1.00,1.00
2015.02.11 19:16:14.297,0.92841,0.92867,1.00,1.00
2015.02.11 19:16:14.839,0.9284,0.92867,1.50,1.00
2015.02.11 19:16:15.113,0.92841,0.92865,1.00,1.00
2015.02.11 19:16:15.703,0.9284,0.92865,1.50,1.00
2015.02.11 19:16:16.707,0.92841,0.92865,1.00,1.00
2015.02.11 19:16:16.860,0.92841,0.92868,1.00,1.00
2015.02.11 19:16:19.168,0.92841,0.92865,1.00,1.00
2015.02.11 19:16:21.262,0.92841,0.92864,1.00,1.00
2015.02.11 19:16:24.933,0.92841,0.92862,1.00,1.00
2015.02.11 19:16:25.203,0.92841,0.92868,1.00,1.00
2015.02.11 19:16:25.299,0.92841,0.92866,1.00,1.00
2015.02.11 19:16:26.115,0.92841,0.92868,1.00,1.00
2015.02.11 19:16:27.839,0.92841,0.92866,1.00,1.00
2015.02.11 19:16:28.364,0.92841,0.92865,1.00,1.00
2015.02.11 19:16:30.675,0.92841,0.92867,1.00,1.00
2015.02.11 19:16:31.379,0.92841,0.92865,1.00,1.00
2015.02.11 19:16:31.683,0.92841,0.92869,1.00,1.00
2015.02.11 19:16:32.224,0.92841,0.9287,1.00,1.10
2015.02.11 19:16:32.724,0.92841,0.92867,1.00,1.00
2015.02.11 19:16:33.395,0.92841,0.92866,1.00,1.00
2015.02.11 19:16:36.675,0.9284,0.92866,1.50,1.00
2015.02.11 19:16:37.752,0.92841,0.92866,1.00,1.00
2015.02.11 19:16:38.275,0.92841,0.92865,1.00,1.00
2015.02.11 19:16:38.377,0.92841,0.92868,1.00,1.00
2015.02.11 19:16:38.649,0.92841,0.92866,1.00,1.00
2015.02.11 19:16:39.182,0.92841,0.92867,1.00,1.00
2015.02.11 19:16:39.703,0.92841,0.92865,1.00,1.00
2015.02.11 19:16:39.768,0.92841,0.92868,1.00,1.00
2015.02.11 19:16:40.280,0.92841,0.92867,1.00,1.00
2015.02.11 19:16:41.338,0.92841,0.92869,1.00,1.00
2015.02.11 19:16:41.642,0.9284,0.92864,1.50,1.00
2015.02.11 19:16:42.040,0.9284,0.92867,1.00,1.00
2015.02.11 19:16:42.142,0.9284,0.92864,1.00,1.00
2015.02.11 19:16:42.547,0.92839,0.92862,1.00,1.00
2015.02.11 19:16:42.851,0.92838,0.9286,1.50,1.00
2015.02.11 19:16:43.483,0.92839,0.92861,1.00,1.00
2015.02.11 19:16:44.071,0.92839,0.92859,1.00,1.00
2015.02.11 19:16:44.224,0.92839,0.92861,1.00,1.00
2015.02.11 19:16:48.359,0.92839,0.92859,1.00,1.00
2015.02.11 19:16:48.782,0.92839,0.92862,1.00,1.00
2015.02.11 19:16:48.953,0.92839,0.9286,1.00,1.00
2015.02.11 19:16:50.486,0.92839,0.92861,1.00,1.00
2015.02.11 19:16:50.923,0.92839,0.92863,1.00,1.00
2015.02.11 19:16:51.644,0.92839,0.92862,1.00,1.00
2015.02.11 19:16:54.068,0.92839,0.92863,1.00,1.00
2015.02.11 19:16:58.574,0.92839,0.92862,1.00,1.00
2015.02.11 19:17:00.325,0.92838,0.92864,1.50,1.00
2015.02.11 19:17:01.923,0.92839,0.92861,1.00,1.00
2015.02.11 19:17:02.503,0.92839,0.9286,1.00,1.00
2015.02.11 19:17:02.655,0.92839,0.92863,1.00,1.00
2015.02.11 19:17:03.543,0.92839,0.92861,1.00,1.00
2015.02.11 19:17:04.074,0.92839,0.9286,1.00,1.00
2015.02.11 19:17:13.655,0.92839,0.92862,1.00,1.00
2015.02.11 19:17:17.647,0.92839,0.92864,1.00,1.00
2015.02.11 19:17:21.787,0.92839,0.92861,1.00,1.00
2015.02.11 19:17:22.814,0.92839,0.92864,1.00,1.00
2015.02.11 19:17:23.691,0.92839,0.92862,1.00,1.00
2015.02.11 19:17:23.996,0.92839,0.9286,1.00,1.00
2015.02.11 19:17:24.862,0.92839,0.92864,1.00,1.00
2015.02.11 19:17:25.369,0.92839,0.92863,1.00,1.00
2015.02.11 19:17:25.640,0.92839,0.92861,1.00,1.00
2015.02.11 19:17:25.881,0.92839,0.92864,1.00,1.00
2015.02.11 19:17:26.200,0.92839,0.92861,1.00,1.00
2015.02.11 19:17:26.386,0.92839,0.92863,1.00,1.00
2015.02.11 19:17:26.599,0.92839,0.92861,1.00,1.00
2015.02.11 19:17:27.187,0.92839,0.92863,1.00,1.00
2015.02.11 19:17:27.549,0.92839,0.92865,1.00,1.00
2015.02.11 19:17:29.442,0.92839,0.92863,1.00,1.00
2015.02.11 19:17:29.744,0.92839,0.92865,1.00,1.00
2015.02.11 19:17:30.473,0.92839,0.92867,1.00,1.37
2015.02.11 19:17:33.110,0.92845,0.92869,1.50,1.47
2015.02.11 19:17:33.161,0.92845,0.92869,1.50,1.37
2015.02.11 19:17:33.213,0.92841,0.92869,1.87,1.37
2015.02.11 19:17:33.720,0.92842,0.92874,3.37,1.55
2015.02.11 19:17:33.974,0.92845,0.9287,1.50,1.37
2015.02.11 19:17:35.588,0.92845,0.92868,1.50,1.00
2015.02.11 19:17:35.993,0.92845,0.92866,1.50,1.00
2015.02.11 19:17:36.095,0.92845,0.92868,1.50,1.00
2015.02.11 19:17:37.732,0.92845,0.92871,1.50,1.00
2015.02.11 19:17:38.423,0.92845,0.9287,1.50,1.00
2015.02.11 19:17:39.446,0.92845,0.92871,1.50,1.00
2015.02.11 19:17:39.874,0.92845,0.92875,1.50,1.55
2015.02.11 19:17:40.381,0.92845,0.92872,1.50,1.00
2015.02.11 19:17:41.425,0.92845,0.9287,1.50,1.00
2015.02.11 19:17:42.083,0.92845,0.92868,1.50,1.00
2015.02.11 19:17:47.108,0.92844,0.92868,1.50,1.00
2015.02.11 19:17:47.933,0.92845,0.9287,1.50,1.00
2015.02.11 19:17:48.439,0.92845,0.92867,1.50,1.00
2015.02.11 19:17:48.796,0.92842,0.92868,1.00,1.00
2015.02.11 19:17:49.304,0.92842,0.92867,1.00,1.00
2015.02.11 19:17:49.812,0.92841,0.92867,1.12,1.00
2015.02.11 19:17:50.394,0.92842,0.92867,1.00,1.00
2015.02.11 19:17:51.528,0.92842,0.92868,1.00,1.00
2015.02.11 19:17:52.958,0.92842,0.92866,1.00,1.00
2015.02.11 19:17:53.480,0.92842,0.92865,1.00,1.00
2015.02.11 19:17:53.582,0.92842,0.92867,1.00,1.00
2015.02.11 19:17:53.683,0.92842,0.92869,1.00,1.00
2015.02.11 19:17:53.785,0.92842,0.92867,1.00,1.00
2015.02.11 19:17:55.171,0.92842,0.92865,1.00,1.00
2015.02.11 19:17:56.090,0.92842,0.92867,1.00,1.00
2015.02.11 19:17:56.641,0.92841,0.92867,1.00,1.00
2015.02.11 19:17:57.253,0.92841,0.92868,1.00,1.00
2015.02.11 19:17:58.999,0.92841,0.92866,1.00,1.00
2015.02.11 19:17:59.610,0.92842,0.92866,1.00,1.00
2015.02.11 19:17:59.711,0.92842,0.92868,1.00,1.00
2015.02.11 19:18:00.360,0.92842,0.92867,1.00,1.00
2015.02.11 19:18:02.956,0.92842,0.92866,1.00,1.00
2015.02.11 19:18:03.623,0.92842,0.92867,1.00,1.00
2015.02.11 19:18:03.674,0.92842,0.92865,1.00,1.00
2015.02.11 19:18:04.906,0.92842,0.92867,1.00,1.00
2015.02.11 19:18:05.261,0.92842,0.92865,1.00,1.00
2015.02.11 19:18:05.957,0.92841,0.92865,1.00,1.00
2015.02.11 19:18:06.160,0.92838,0.92865,1.57,1.00
2015.02.11 19:18:06.313,0.92839,0.92867,1.00,1.12
2015.02.11 19:18:06.415,0.92839,0.92862,1.50,1.00
2015.02.11 19:18:06.720,0.92839,0.9286,1.00,1.00
2015.02.11 19:18:06.813,0.92839,0.92862,1.00,1.00
2015.02.11 19:18:07.351,0.92839,0.92861,1.00,1.00
2015.02.11 19:18:07.998,0.92838,0.92861,1.00,1.00
2015.02.11 19:18:08.561,0.92839,0.92861,1.00,1.00
2015.02.11 19:18:09.480,0.92839,0.9286,1.00,1.00
2015.02.11 19:18:09.994,0.92838,0.9286,1.00,1.00
2015.02.11 19:18:11.129,0.92839,0.9286,1.00,1.00
2015.02.11 19:18:11.688,0.92839,0.92861,1.00,1.00
2015.02.11 19:18:12.300,0.92839,0.9286,1.00,1.00
2015.02.11 19:18:12.402,0.92839,0.92862,1.00,1.00
2015.02.11 19:18:12.606,0.92839,0.92864,1.00,1.00
2015.02.11 19:18:13.357,0.92839,0.92862,1.00,1.00
2015.02.11 19:18:14.949,0.92839,0.92863,1.00,1.00
2015.02.11 19:18:15.511,0.92839,0.92862,1.00,1.00
2015.02.11 19:18:17.745,0.92839,0.92863,1.00,1.00
2015.02.11 19:18:18.036,0.92839,0.92866,1.00,1.00
2015.02.11 19:18:18.138,0.92839,0.92868,1.00,1.00
2015.02.11 19:18:18.652,0.92839,0.92869,1.00,1.20
2015.02.11 19:18:19.164,0.92839,0.92868,1.00,1.00
2015.02.11 19:18:19.668,0.92839,0.92872,1.00,3.45
2015.02.11 19:18:23.264,0.92853,0.9287,1.00,1.00
2015.02.11 19:18:23.367,0.92851,0.92875,3.00,1.00
2015.02.11 19:18:23.469,0.92854,0.92877,1.00,1.00
2015.02.11 19:18:23.570,0.92854,0.92882,1.00,1.10
2015.02.11 19:18:23.672,0.92854,0.9288,1.00,1.00
2015.02.11 19:18:23.773,0.92854,0.92883,1.00,1.17
2015.02.11 19:18:24.380,0.92854,0.92881,1.00,1.00
2015.02.11 19:18:24.988,0.92854,0.92883,1.00,1.17
2015.02.11 19:18:26.087,0.92854,0.92883,1.00,1.00
2015.02.11 19:18:26.601,0.92854,0.92886,1.50,1.15
2015.02.11 19:18:27.627,0.92853,0.92884,1.87,1.10
2015.02.11 19:18:28.134,0.92862,0.92887,1.00,1.10
2015.02.11 19:18:28.721,0.92862,0.92886,1.50,1.00
2015.02.11 19:18:30.729,0.92862,0.92885,1.50,1.00
2015.02.11 19:18:31.766,0.92862,0.92884,1.50,1.00
2015.02.11 19:18:32.576,0.92862,0.92887,1.12,1.10
2015.02.11 19:18:32.780,0.92862,0.92888,1.50,1.00
2015.02.11 19:18:33.187,0.92866,0.9289,1.00,1.00
2015.02.11 19:18:33.542,0.92868,0.9289,1.00,1.00
2015.02.11 19:18:35.235,0.92868,0.92889,1.00,1.00
2015.02.11 19:18:35.509,0.92868,0.92891,1.00,1.00
2015.02.11 19:18:36.775,0.92868,0.9289,1.00,1.00
2015.02.11 19:18:38.489,0.92867,0.9289,1.00,1.00
2015.02.11 19:18:39.030,0.92868,0.9289,1.00,1.00
2015.02.11 19:18:39.694,0.92868,0.92889,1.00,1.00
2015.02.11 19:18:42.990,0.92868,0.92891,1.00,1.00
2015.02.11 19:18:43.457,0.92868,0.92889,1.00,1.00
2015.02.11 19:18:43.829,0.92866,0.92889,1.00,1.00
2015.02.11 19:18:44.543,0.92867,0.92889,1.00,1.00
2015.02.11 19:18:45.063,0.92866,0.92889,1.00,1.00
2015.02.11 19:18:45.611,0.92866,0.9289,1.00,1.00
2015.02.11 19:18:46.321,0.92866,0.92889,1.00,1.00
2015.02.11 19:18:46.841,0.92867,0.92889,1.00,1.00
2015.02.11 19:18:48.681,0.92867,0.9289,1.00,1.00
2015.02.11 19:18:48.783,0.92867,0.92892,1.00,1.00
2015.02.11 19:18:49.301,0.92867,0.92893,1.00,1.12
2015.02.11 19:18:50.581,0.92867,0.92889,1.00,1.00
2015.02.11 19:18:51.281,0.92867,0.92888,1.00,1.00
2015.02.11 19:18:52.090,0.92867,0.92892,1.00,1.00
2015.02.11 19:18:52.597,0.92867,0.92891,1.00,1.00
2015.02.11 19:18:53.110,0.92867,0.92892,1.00,1.00
2015.02.11 19:18:53.700,0.92867,0.92891,1.00,1.00
2015.02.11 19:18:54.210,0.92867,0.92892,1.00,1.00
2015.02.11 19:18:54.565,0.92867,0.92889,1.00,1.00
2015.02.11 19:18:54.667,0.92867,0.92891,1.00,1.00
2015.02.11 19:18:55.238,0.92866,0.92891,1.00,1.00
2015.02.11 19:18:55.764,0.92867,0.92892,1.00,1.00
2015.02.11 19:18:57.780,0.92867,0.92891,1.00,1.00
2015.02.11 19:18:58.369,0.92866,0.9289,1.00,1.00
2015.02.11 19:18:59.760,0.92867,0.9289,1.00,1.00
2015.02.11 19:19:00.338,0.92867,0.92891,1.00,1.00
2015.02.11 19:19:01.133,0.92867,0.92892,1.00,1.00
2015.02.11 19:19:02.224,0.92867,0.92891,1.00,1.00
2015.02.11 19:19:02.631,0.92867,0.92889,1.00,1.00
2015.02.11 19:19:02.733,0.92867,0.92891,1.00,1.00
2015.02.11 19:19:05.100,0.92867,0.92889,1.00,1.00
2015.02.11 19:19:05.260,0.92867,0.92891,1.00,1.00
2015.02.11 19:19:08.933,0.92867,0.92892,1.00,1.00
2015.02.11 19:19:13.340,0.92867,0.92888,1.00,1.00
2015.02.11 19:19:13.442,0.92867,0.92892,1.00,1.00
2015.02.11 19:19:18.955,0.92866,0.92892,1.00,1.00
2015.02.11 19:19:19.059,0.92866,0.9289,1.00,1.00
2015.02.11 19:19:20.288,0.92866,0.92889,1.00,1.00
2015.02.11 19:19:21.405,0.92867,0.92889,1.00,1.00
2015.02.11 19:19:21.804,0.92867,0.92893,1.00,1.00
2015.02.11 19:19:22.007,0.92867,0.92891,1.00,1.00
2015.02.11 19:19:22.311,0.92867,0.92893,1.00,1.00
2015.02.11 19:19:23.877,0.92863,0.92893,1.00,1.00
2015.02.11 19:19:28.200,0.92863,0.92891,1.00,1.00
2015.02.11 19:19:29.536,0.92863,0.92894,1.00,1.10
2015.02.11 19:19:31.214,0.92863,0.92892,1.00,1.00
2015.02.11 19:19:31.727,0.92863,0.92891,1.00,1.00
2015.02.11 19:19:32.325,0.92863,0.92892,1.00,1.00
2015.02.11 19:19:32.833,0.92863,0.92893,1.00,1.00
2015.02.11 19:19:34.507,0.92861,0.92893,1.00,1.00
2015.02.11 19:19:34.629,0.92865,0.92893,1.00,1.00
2015.02.11 19:19:39.003,0.92865,0.92889,1.00,1.00
2015.02.11 19:19:39.156,0.92865,0.92891,1.00,1.00
2015.02.11 19:19:40.723,0.92865,0.92889,1.00,1.00
2015.02.11 19:19:41.778,0.92865,0.92893,1.00,1.00
2015.02.11 19:19:42.389,0.92865,0.92892,1.00,1.00
2015.02.11 19:19:43.669,0.92865,0.9289,1.00,1.00
2015.02.11 19:19:43.872,0.92865,0.92892,1.00,1.00
2015.02.11 19:19:44.914,0.92865,0.9289,1.00,1.00
2015.02.11 19:19:45.320,0.92864,0.92888,1.00,1.00
2015.02.11 19:19:45.729,0.92865,0.92891,1.00,1.00
2015.02.11 19:19:47.510,0.92865,0.92889,1.00,1.00
2015.02.11 19:19:48.187,0.92865,0.92892,1.00,1.00
2015.02.11 19:19:48.467,0.92865,0.92889,1.00,1.00
2015.02.11 19:19:48.577,0.92865,0.92892,1.00,1.00
2015.02.11 19:19:49.091,0.92865,0.92891,1.00,1.00
2015.02.11 19:19:53.509,0.92865,0.92893,1.00,1.00
2015.02.11 19:19:53.611,0.92865,0.92891,1.00,1.00
2015.02.11 19:19:57.884,0.92866,0.92891,3.00,1.00
2015.02.11 19:19:58.188,0.92871,0.92889,1.00,1.00
2015.02.11 19:19:58.290,0.9287,0.92897,1.50,1.00
2015.02.11 19:19:58.392,0.9287,0.92895,2.25,1.00
2015.02.11 19:19:58.493,0.9287,0.92898,2.25,1.10
2015.02.11 19:19:59.127,0.9287,0.92897,2.25,1.00
2015.02.11 19:19:59.644,0.92871,0.92898,1.00,1.10
2015.02.11 19:19:59.701,0.92871,0.92896,1.00,1.00
2015.02.11 19:19:59.803,0.92871,0.929,1.00,1.15
2015.02.11 19:20:00.555,0.92875,0.92899,1.00,1.47
2015.02.11 19:20:00.860,0.92875,0.92902,1.00,1.92
2015.02.11 19:20:01.298,0.92875,0.92902,1.00,1.55
2015.02.11 19:20:08.308,0.92874,0.92902,1.00,1.55
2015.02.11 19:20:08.410,0.92874,0.92902,1.00,1.55
2015.02.11 19:20:08.688,0.92874,0.92902,1.00,1.92
2015.02.11 19:20:09.738,0.92873,0.92901,1.00,1.90
2015.02.11 19:20:13.801,0.92873,0.92901,1.00,2.40
2015.02.11 19:20:14.106,0.92873,0.92899,1.00,1.10
2015.02.11 19:20:14.259,0.92874,0.92901,1.00,1.10
2015.02.11 19:20:14.533,0.92874,0.92899,1.00,1.00
2015.02.11 19:20:14.787,0.92874,0.92901,1.00,1.00
2015.02.11 19:20:14.941,0.92874,0.92899,1.00,1.00
2015.02.11 19:20:17.489,0.92874,0.92901,1.00,1.00
2015.02.11 19:20:18.660,0.92873,0.92901,1.00,1.00
2015.02.11 19:20:23.562,0.92873,0.92902,1.00,1.10
2015.02.11 19:20:23.664,0.92873,0.92899,1.00,1.00
2015.02.11 19:20:24.393,0.92873,0.929,1.00,1.00
2015.02.11 19:20:34.091,0.92873,0.92901,1.00,1.00
2015.02.11 19:20:35.328,0.92873,0.92904,1.00,1.15
2015.02.11 19:20:35.430,0.92874,0.92905,1.00,1.00
2015.02.11 19:20:35.482,0.92876,0.92905,1.50,1.00
2015.02.11 19:20:35.787,0.92879,0.92905,1.50,1.00
2015.02.11 19:20:36.142,0.92878,0.92908,1.50,1.00
2015.02.11 19:20:36.448,0.92881,0.92908,1.00,1.00
2015.02.11 19:20:36.702,0.92885,0.92915,1.00,1.00
2015.02.11 19:20:37.209,0.92885,0.92914,1.00,1.12
2015.02.11 19:20:37.743,0.92885,0.92913,1.00,1.00
2015.02.11 19:20:37.896,0.92885,0.92911,1.00,1.00
2015.02.11 19:20:39.820,0.92885,0.92915,1.00,1.00
2015.02.11 19:20:40.129,0.92885,0.92913,1.00,1.00
2015.02.11 19:20:40.617,0.9289,0.92914,1.00,1.00
2015.02.11 19:20:41.207,0.9289,0.92913,1.00,1.00
2015.02.11 19:20:41.309,0.9289,0.92915,1.00,1.00
2015.02.11 19:20:41.816,0.9289,0.92916,1.50,1.00
2015.02.11 19:20:42.322,0.9289,0.92917,1.50,1.00
2015.02.11 19:20:49.275,0.9289,0.92916,1.50,1.00
2015.02.11 19:20:49.783,0.9289,0.92915,1.50,1.50
2015.02.11 19:20:49.834,0.92892,0.92914,1.00,1.00
2015.02.11 19:20:50.344,0.92891,0.92914,1.00,1.00
2015.02.11 19:20:50.850,0.92892,0.92914,1.00,1.00
2015.02.11 19:20:51.156,0.9289,0.92914,1.00,1.00
2015.02.11 19:20:51.258,0.92892,0.92913,1.00,1.00
2015.02.11 19:20:51.359,0.9289,0.92913,1.00,1.00
2015.02.11 19:20:51.865,0.92889,0.92913,1.50,1.50
2015.02.11 19:20:52.220,0.92891,0.92915,1.00,1.00
2015.02.11 19:20:52.427,0.92889,0.92915,2.25,1.00
2015.02.11 19:20:53.562,0.92889,0.92913,2.25,1.00
2015.02.11 19:20:58.941,0.92891,0.92913,1.00,1.00
2015.02.11 19:20:59.451,0.9289,0.92912,1.00,1.00
2015.02.11 19:20:59.997,0.92889,0.92912,1.00,1.00
2015.02.11 19:21:00.048,0.92887,0.92912,1.50,1.00
2015.02.11 19:21:00.251,0.92885,0.92908,1.65,1.00
2015.02.11 19:21:00.556,0.92886,0.92906,1.00,1.00
2015.02.11 19:21:00.811,0.92883,0.92905,1.00,1.00
2015.02.11 19:21:01.145,0.92881,0.92903,1.50,1.00
2015.02.11 19:21:01.602,0.92878,0.92902,2.55,1.00
2015.02.11 19:21:01.653,0.92876,0.92899,1.17,1.00
2015.02.11 19:21:02.360,0.92876,0.929,1.17,1.00
2015.02.11 19:21:02.986,0.92876,0.92899,1.17,1.00
2015.02.11 19:21:03.190,0.92876,0.92902,1.17,1.00
2015.02.11 19:21:04.764,0.92876,0.92901,1.17,1.00
2015.02.11 19:21:05.886,0.92876,0.92902,1.17,1.00
2015.02.11 19:21:06.676,0.92876,0.929,1.17,1.00
2015.02.11 19:21:06.980,0.92876,0.92902,1.17,1.00
2015.02.11 19:21:07.503,0.92876,0.92899,1.17,1.00
2015.02.11 19:21:08.099,0.92876,0.92902,1.17,1.00
2015.02.11 19:21:08.664,0.92876,0.92899,1.17,1.00
2015.02.11 19:21:10.711,0.92876,0.92899,1.00,1.00
2015.02.11 19:21:11.330,0.92875,0.929,1.10,1.00
2015.02.11 19:21:11.965,0.92875,0.92902,1.10,1.00
2015.02.11 19:21:13.487,0.92876,0.92902,1.00,1.00
2015.02.11 19:21:15.736,0.92876,0.92901,1.00,1.00
2015.02.11 19:21:18.949,0.92876,0.92902,1.00,1.00
2015.02.11 19:21:20.794,0.92876,0.929,1.00,1.00
2015.02.11 19:21:21.365,0.92876,0.92899,1.00,1.00
2015.02.11 19:21:21.898,0.92875,0.92899,1.10,1.00
2015.02.11 19:21:22.704,0.92875,0.92903,1.10,1.00
2015.02.11 19:21:23.218,0.92876,0.92903,1.00,1.00
2015.02.11 19:21:23.854,0.92876,0.92904,1.00,1.00
2015.02.11 19:21:26.348,0.92876,0.92901,1.00,1.00
2015.02.11 19:21:27.566,0.92876,0.92904,1.00,1.00
2015.02.11 19:21:32.307,0.92876,0.92903,1.00,1.00
2015.02.11 19:21:33.260,0.92876,0.929,1.00,1.00
2015.02.11 19:21:33.313,0.92876,0.92903,1.00,1.00
2015.02.11 19:21:34.230,0.92876,0.92902,1.00,1.00
2015.02.11 19:21:36.795,0.92876,0.92904,1.00,1.00
2015.02.11 19:21:37.564,0.92876,0.92906,1.00,1.12
2015.02.11 19:21:37.772,0.92876,0.92901,1.00,1.00
2015.02.11 19:21:40.434,0.92876,0.92899,1.00,1.00
2015.02.11 19:21:41.080,0.92876,0.92902,1.00,1.00
2015.02.11 19:21:42.135,0.92872,0.92902,4.72,1.00
2015.02.11 19:21:42.806,0.92872,0.929,4.72,1.00
2015.02.11 19:21:44.022,0.92872,0.92899,4.72,1.00
2015.02.11 19:21:49.761,0.92872,0.92898,3.15,1.00
2015.02.11 19:21:53.832,0.92872,0.92902,4.72,1.00
2015.02.11 19:21:57.935,0.92872,0.92901,4.72,1.00
2015.02.11 19:21:58.115,0.92872,0.92903,3.15,1.00
2015.02.11 19:21:58.319,0.92872,0.929,4.72,1.00
2015.02.11 19:21:59.873,0.92875,0.92899,1.10,1.00
2015.02.11 19:22:00.570,0.92874,0.92903,1.17,1.00
2015.02.11 19:22:01.100,0.92874,0.929,1.00,1.00
2015.02.11 19:22:01.709,0.92874,0.92901,1.00,1.00
2015.02.11 19:22:01.862,0.92874,0.92903,1.00,1.00
2015.02.11 19:22:02.086,0.92874,0.92903,1.00,1.37
2015.02.11 19:22:02.392,0.92874,0.92901,1.00,1.37
2015.02.11 19:22:08.253,0.92874,0.92901,1.00,1.37
2015.02.11 19:22:09.440,0.92874,0.92899,1.00,1.00
2015.02.11 19:22:10.171,0.92874,0.92902,1.00,1.37
2015.02.11 19:22:18.509,0.92874,0.92906,1.37,1.20
2015.02.11 19:22:20.316,0.92875,0.92905,2.02,1.50
2015.02.11 19:22:20.417,0.92874,0.92905,2.40,1.50
2015.02.11 19:22:26.206,0.92876,0.92908,3.82,1.87
2015.02.11 19:22:27.316,0.92876,0.92908,4.57,1.37
2015.02.11 19:22:29.338,0.92877,0.92905,1.87,1.00
2015.02.11 19:22:29.670,0.92877,0.92908,1.87,1.37
2015.02.11 19:22:30.665,0.92877,0.92906,1.87,1.00
2015.02.11 19:22:32.062,0.92877,0.92907,1.87,1.12
2015.02.11 19:22:32.668,0.92877,0.92906,1.87,1.00
2015.02.11 19:22:33.274,0.92877,0.92908,1.87,1.37
2015.02.11 19:22:33.527,0.92877,0.92907,1.50,1.37
2015.02.11 19:22:33.834,0.92879,0.92906,1.50,1.37
2015.02.11 19:22:33.935,0.92879,0.92907,1.50,1.00
2015.02.11 19:22:33.987,0.92886,0.92907,1.00,1.00
2015.02.11 19:22:34.477,0.92886,0.92905,1.00,1.00
2015.02.11 19:22:34.579,0.92885,0.92907,1.00,1.00
2015.02.11 19:22:34.988,0.92887,0.92909,1.00,1.00
2015.02.11 19:22:35.292,0.92891,0.92912,1.00,1.50
2015.02.11 19:22:36.101,0.92889,0.92909,1.00,1.37
2015.02.11 19:22:36.384,0.92891,0.92912,1.00,1.50
2015.02.11 19:22:36.894,0.9289,0.92912,1.00,1.50
2015.02.11 19:22:39.823,0.9289,0.92911,1.00,1.37
2015.02.11 19:22:40.026,0.92892,0.9291,1.00,1.37
2015.02.11 19:22:40.533,0.92892,0.9291,1.00,1.37
2015.02.11 19:22:41.690,0.92892,0.92908,1.00,1.00
2015.02.11 19:22:42.436,0.92891,0.92908,1.00,1.00
2015.02.11 19:22:44.336,0.9289,0.92908,1.00,1.00
2015.02.11 19:22:44.438,0.92883,0.92909,1.00,1.00
2015.02.11 19:22:44.810,0.92883,0.92907,1.57,1.00
2015.02.11 19:22:44.912,0.92883,0.92909,1.57,1.00
2015.02.11 19:22:45.115,0.92883,0.92912,1.57,1.00
2015.02.11 19:22:45.319,0.92883,0.92914,1.57,1.12
2015.02.11 19:22:45.420,0.92883,0.92912,1.57,1.00
2015.02.11 19:22:46.017,0.92883,0.92911,1.57,1.00
2015.02.11 19:22:46.755,0.92883,0.92909,1.57,1.00
2015.02.11 19:22:47.289,0.92883,0.9291,1.57,1.00
2015.02.11 19:22:50.384,0.92883,0.92908,1.57,1.00
2015.02.11 19:22:50.537,0.92883,0.9291,1.57,1.00
2015.02.11 19:22:53.323,0.92883,0.92909,1.57,1.00
2015.02.11 19:22:55.569,0.92883,0.9291,1.10,1.00
2015.02.11 19:22:57.057,0.92883,0.92908,1.10,1.00
2015.02.11 19:22:57.209,0.92883,0.9291,1.57,1.00
2015.02.11 19:22:57.803,0.92883,0.92909,1.57,1.00
2015.02.11 19:22:58.325,0.92883,0.92908,1.57,1.00
2015.02.11 19:23:00.644,0.92883,0.9291,1.57,1.00
2015.02.11 19:23:01.280,0.92883,0.92909,1.57,1.00
2015.02.11 19:23:04.622,0.92883,0.92909,1.65,1.00
2015.02.11 19:23:06.770,0.92883,0.9291,1.65,1.00
2015.02.11 19:23:07.483,0.92883,0.92909,1.65,1.00
2015.02.11 19:23:07.687,0.92883,0.92911,1.17,1.00
2015.02.11 19:23:08.371,0.92883,0.92909,1.65,1.00
2015.02.11 19:23:08.985,0.92883,0.9291,1.65,1.00
2015.02.11 19:23:09.776,0.92883,0.92909,1.65,1.00
2015.02.11 19:23:11.618,0.92883,0.92907,1.65,1.00
2015.02.11 19:23:12.128,0.92883,0.92906,1.00,1.00
2015.02.11 19:23:12.448,0.92881,0.92904,1.00,1.12
2015.02.11 19:23:12.752,0.9288,0.92905,1.00,1.37
2015.02.11 19:23:13.085,0.92878,0.92904,1.00,1.37
2015.02.11 19:23:13.293,0.92876,0.92904,2.62,1.37
2015.02.11 19:23:13.789,0.92872,0.92899,1.47,1.00
2015.02.11 19:23:14.314,0.92872,0.92898,1.10,1.00
2015.02.11 19:23:23.022,0.92872,0.92899,1.10,1.00
2015.02.11 19:23:30.081,0.92871,0.92897,1.17,1.00
2015.02.11 19:23:33.512,0.92871,0.92899,1.17,1.00
2015.02.11 19:23:34.070,0.92871,0.92899,1.10,1.00
2015.02.11 19:23:35.247,0.92871,0.92897,1.10,1.00
2015.02.11 19:23:35.868,0.92871,0.92899,1.10,1.00
2015.02.11 19:23:36.918,0.92871,0.92897,1.10,1.00
2015.02.11 19:23:38.881,0.92871,0.92896,1.10,1.00
2015.02.11 19:23:39.401,0.92871,0.92897,1.10,1.00
2015.02.11 19:23:40.826,0.9287,0.92896,1.65,1.00
2015.02.11 19:23:40.928,0.92871,0.92898,1.10,1.00
2015.02.11 19:23:41.838,0.92871,0.92896,1.10,1.00
2015.02.11 19:23:42.533,0.92871,0.92898,1.10,1.00
2015.02.11 19:23:42.864,0.92871,0.92896,1.10,1.00
2015.02.11 19:23:45.787,0.92871,0.92897,1.10,1.00
2015.02.11 19:23:49.028,0.92871,0.92898,1.10,1.00
2015.02.11 19:23:51.004,0.92871,0.92897,1.10,1.00
2015.02.11 19:24:00.033,0.92871,0.92899,1.10,1.00
2015.02.11 19:24:00.443,0.92871,0.92897,1.10,1.00
2015.02.11 19:24:00.721,0.92871,0.92899,1.10,1.00
2015.02.11 19:24:01.662,0.92871,0.929,1.10,1.00
2015.02.11 19:24:02.593,0.92871,0.929,1.10,1.37
2015.02.11 19:24:04.724,0.9287,0.92896,2.40,1.00
2015.02.11 19:24:05.945,0.9287,0.92898,2.40,1.37
2015.02.11 19:24:06.470,0.9287,0.92898,1.50,1.12
2015.02.11 19:24:08.469,0.9287,0.92897,1.50,1.00
2015.02.11 19:24:11.041,0.9287,0.92896,1.50,1.00
2015.02.11 19:24:19.265,0.9287,0.92898,1.50,1.12
2015.02.11 19:24:20.664,0.9287,0.92897,1.50,1.00
2015.02.11 19:24:24.515,0.9287,0.92899,1.50,1.50
2015.02.11 19:24:24.617,0.9287,0.92897,1.50,1.00
2015.02.11 19:24:25.123,0.92871,0.92897,1.00,1.00
2015.02.11 19:24:25.632,0.92871,0.92896,1.00,1.00
2015.02.11 19:24:30.867,0.92871,0.92897,1.00,1.00
2015.02.11 19:24:31.775,0.92871,0.92896,1.00,1.00
2015.02.11 19:24:47.201,0.92872,0.92896,1.00,1.00
2015.02.11 19:24:49.102,0.92871,0.92896,1.57,1.00
2015.02.11 19:24:49.861,0.92872,0.92896,1.00,1.00
2015.02.11 19:24:53.747,0.92872,0.92897,1.00,1.00
2015.02.11 19:24:59.459,0.92871,0.92897,1.57,1.00
2015.02.11 19:25:01.616,0.92872,0.92897,1.00,1.00
2015.02.11 19:25:19.671,0.92872,0.92896,1.00,1.00
2015.02.11 19:25:20.180,0.92871,0.92896,1.57,1.00
2015.02.11 19:25:21.315,0.92871,0.92897,1.57,1.00
2015.02.11 19:25:22.088,0.92872,0.92897,1.00,1.00
2015.02.11 19:25:22.515,0.92872,0.92893,1.50,1.00
2015.02.11 19:25:23.022,0.92871,0.9289,1.57,1.00
2015.02.11 19:25:23.123,0.9287,0.92892,1.17,1.00
2015.02.11 19:25:23.377,0.92866,0.92885,2.25,1.00
2015.02.11 19:25:23.581,0.92861,0.92882,1.10,1.00
2015.02.11 19:25:23.684,0.9286,0.92879,1.00,1.00
2015.02.11 19:25:23.735,0.92857,0.92879,1.27,1.00
2015.02.11 19:25:23.887,0.92857,0.92881,1.17,1.00
2015.02.11 19:25:24.090,0.92856,0.9288,1.57,1.00
2015.02.11 19:25:24.597,0.92856,0.92881,1.57,1.00
2015.02.11 19:25:25.104,0.92856,0.92882,1.57,1.00
2015.02.11 19:25:26.332,0.92856,0.9288,1.57,1.00
2015.02.11 19:25:26.849,0.92856,0.92879,1.57,1.00
2015.02.11 19:25:32.648,0.92856,0.9288,1.95,1.00
2015.02.11 19:25:33.168,0.92856,0.92879,1.95,1.00
2015.02.11 19:25:33.569,0.92854,0.92879,1.10,1.00
2015.02.11 19:25:33.823,0.92853,0.92876,1.50,1.00
2015.02.11 19:25:34.127,0.92852,0.92878,1.00,1.00
2015.02.11 19:25:34.635,0.92853,0.92877,1.00,1.00
2015.02.11 19:25:35.314,0.92853,0.92878,1.00,1.00
2015.02.11 19:25:36.916,0.92853,0.92881,1.00,1.00
2015.02.11 19:25:37.448,0.92854,0.92881,1.00,1.00
2015.02.11 19:25:38.979,0.92854,0.92883,1.00,1.00
2015.02.11 19:25:39.547,0.92854,0.92882,1.00,1.00
2015.02.11 19:25:40.288,0.92854,0.9288,1.00,1.00
2015.02.11 19:25:40.469,0.92854,0.92882,1.00,1.00
2015.02.11 19:25:40.983,0.92854,0.9288,1.00,1.00
2015.02.11 19:25:41.533,0.92853,0.92879,1.10,1.00
2015.02.11 19:25:42.069,0.92854,0.92879,1.00,1.00
2015.02.11 19:25:46.690,0.92854,0.92877,1.00,1.00
2015.02.11 19:25:49.283,0.92854,0.92878,1.00,1.00
2015.02.11 19:25:49.902,0.92853,0.92878,1.00,1.00
2015.02.11 19:25:50.602,0.92853,0.92877,1.00,1.00
2015.02.11 19:25:55.901,0.92853,0.92878,1.00,1.00
2015.02.11 19:25:59.846,0.92853,0.92877,1.00,1.00
2015.02.11 19:26:00.362,0.92853,0.92878,1.00,1.00
2015.02.11 19:26:02.714,0.92853,0.92877,1.00,1.00
2015.02.11 19:26:04.962,0.92853,0.92875,1.00,1.00
2015.02.11 19:26:05.267,0.92853,0.92877,1.00,1.00
2015.02.11 19:26:05.775,0.92852,0.92877,1.00,1.00
2015.02.11 19:26:06.630,0.92852,0.92874,1.00,1.00
2015.02.11 19:26:07.704,0.92852,0.92875,1.00,1.00
2015.02.11 19:26:08.748,0.92852,0.92876,1.00,1.00
2015.02.11 19:26:11.801,0.92852,0.92877,1.00,1.00
2015.02.11 19:26:12.004,0.92854,0.9288,1.00,1.00
2015.02.11 19:26:12.106,0.92855,0.92892,1.12,2.74
2015.02.11 19:26:12.208,0.92857,0.92887,1.00,1.00
2015.02.11 19:26:12.360,0.92857,0.92892,1.00,3.45
2015.02.11 19:26:12.613,0.92869,0.92889,1.00,1.10
2015.02.11 19:26:12.766,0.92866,0.92887,1.00,1.00
2015.02.11 19:26:12.867,0.92864,0.92887,1.00,1.00
2015.02.11 19:26:12.969,0.92864,0.92889,1.00,1.10
2015.02.11 19:26:13.071,0.92864,0.92886,1.00,1.00
2015.02.11 19:26:13.582,0.92865,0.92886,1.00,1.00
2015.02.11 19:26:14.483,0.92864,0.92886,1.00,1.00
2015.02.11 19:26:14.939,0.92866,0.92886,1.00,1.00
2015.02.11 19:26:15.471,0.92865,0.92887,1.00,1.00
2015.02.11 19:26:16.316,0.92865,0.92886,1.00,1.00
2015.02.11 19:26:17.861,0.92865,0.92885,1.00,1.00
2015.02.11 19:26:18.388,0.92865,0.92884,1.00,1.00
2015.02.11 19:26:18.542,0.92865,0.92888,1.00,1.00
2015.02.11 19:26:19.462,0.92864,0.92888,1.00,1.00
2015.02.11 19:26:19.667,0.92864,0.92885,1.00,1.00
2015.02.11 19:26:19.769,0.92864,0.92887,1.00,1.00
2015.02.11 19:26:20.643,0.92865,0.92887,1.00,1.00
2015.02.11 19:26:22.488,0.92865,0.92884,1.00,1.00
2015.02.11 19:26:23.039,0.92864,0.92883,1.00,1.00
2015.02.11 19:26:23.446,0.92863,0.92886,1.00,1.00
2015.02.11 19:26:23.549,0.92862,0.92884,1.00,1.00
2015.02.11 19:26:24.059,0.92863,0.92885,1.00,1.00
2015.02.11 19:26:24.538,0.92857,0.92885,1.00,1.00
2015.02.11 19:26:24.589,0.92857,0.92887,1.00,1.00
2015.02.11 19:26:25.393,0.92857,0.92888,1.00,1.00
2015.02.11 19:26:25.951,0.92864,0.92888,1.00,1.00
2015.02.11 19:26:26.288,0.92864,0.92886,1.00,1.00
2015.02.11 19:26:26.364,0.92862,0.92886,1.00,1.00
2015.02.11 19:26:26.415,0.92862,0.92884,1.00,1.00
2015.02.11 19:26:26.938,0.92862,0.92885,1.00,1.00
2015.02.11 19:26:27.952,0.92862,0.92886,1.00,1.00
2015.02.11 19:26:28.257,0.92861,0.92883,1.00,1.00
2015.02.11 19:26:31.304,0.92861,0.92881,1.00,1.00
2015.02.11 19:26:32.343,0.92861,0.92883,1.00,1.00
2015.02.11 19:26:33.577,0.92861,0.92881,1.00,1.00
2015.02.11 19:26:33.678,0.92862,0.92883,1.00,1.00
2015.02.11 19:26:33.970,0.92862,0.92881,1.00,1.00
2015.02.11 19:26:35.063,0.92862,0.9288,1.00,1.00
2015.02.11 19:26:35.195,0.92862,0.92884,1.00,1.00
2015.02.11 19:26:38.592,0.92862,0.92882,1.00,1.00
2015.02.11 19:26:41.822,0.92862,0.92883,1.00,1.00
2015.02.11 19:26:41.975,0.92862,0.92887,1.00,1.37
2015.02.11 19:26:42.078,0.92862,0.92884,1.00,1.00
2015.02.11 19:26:43.480,0.92862,0.92882,1.00,1.00
2015.02.11 19:26:43.582,0.92862,0.92884,1.00,1.00
2015.02.11 19:26:45.325,0.92864,0.92884,1.00,1.00
2015.02.11 19:26:45.503,0.92862,0.92884,1.00,1.00
2015.02.11 19:26:45.762,0.92864,0.92885,1.00,1.00
2015.02.11 19:26:46.310,0.92863,0.92885,1.00,1.00
2015.02.11 19:26:46.828,0.92864,0.92885,1.00,1.00
2015.02.11 19:26:47.184,0.92864,0.92882,1.00,1.00
2015.02.11 19:26:47.285,0.92864,0.92887,1.00,1.00
2015.02.11 19:26:48.759,0.92864,0.92888,1.00,1.00
2015.02.11 19:26:49.763,0.92864,0.92887,1.00,1.00
2015.02.11 19:26:50.090,0.92864,0.92885,1.00,1.00
2015.02.11 19:26:50.939,0.92866,0.92885,1.00,1.00
2015.02.11 19:26:51.727,0.92866,0.92884,1.00,1.00
2015.02.11 19:26:53.755,0.92866,0.92889,1.00,1.12
2015.02.11 19:26:54.291,0.92865,0.92889,1.00,1.50
2015.02.11 19:26:54.827,0.92865,0.92888,1.00,1.00
2015.02.11 19:26:57.664,0.92865,0.92885,1.00,1.00
2015.02.11 19:27:01.084,0.92865,0.92888,1.00,1.12
2015.02.11 19:27:01.589,0.92866,0.92889,1.00,1.50
2015.02.11 19:27:05.740,0.92867,0.92892,1.00,1.97
2015.02.11 19:27:06.709,0.92867,0.92888,1.00,1.00
2015.02.11 19:27:07.380,0.92867,0.9289,1.00,1.57
2015.02.11 19:27:07.904,0.92868,0.9289,1.00,1.67
2015.02.11 19:27:08.783,0.92868,0.92889,1.00,1.37
2015.02.11 19:27:09.998,0.92868,0.92889,1.00,1.12
2015.02.11 19:27:12.040,0.92869,0.92889,1.00,1.12
2015.02.11 19:27:19.956,0.92869,0.92887,1.00,1.00
2015.02.11 19:27:22.016,0.92869,0.92893,1.00,2.77
2015.02.11 19:27:24.193,0.92869,0.92889,1.00,1.00
2015.02.11 19:27:27.129,0.92869,0.92893,1.00,2.77
2015.02.11 19:27:29.055,0.92869,0.92889,1.00,1.00
2015.02.11 19:27:30.269,0.92869,0.92893,1.00,2.77
2015.02.11 19:27:32.492,0.92869,0.92889,1.00,1.00
2015.02.11 19:27:37.339,0.9287,0.92889,1.00,1.00
2015.02.11 19:27:38.858,0.9287,0.92887,1.00,1.00
2015.02.11 19:27:40.154,0.9287,0.92893,1.00,2.77
2015.02.11 19:27:40.783,0.92869,0.92893,1.00,2.77
2015.02.11 19:27:41.566,0.92869,0.92889,1.00,1.00
2015.02.11 19:27:44.339,0.92869,0.92893,1.00,2.77
2015.02.11 19:27:46.324,0.92869,0.92889,1.00,1.00
2015.02.11 19:27:53.904,0.92869,0.92893,1.00,2.77
2015.02.11 19:27:54.412,0.9287,0.92891,1.00,1.35
2015.02.11 19:27:54.926,0.92871,0.92895,1.00,2.77
2015.02.11 19:27:56.000,0.92871,0.92895,1.37,2.70
2015.02.11 19:27:56.102,0.92872,0.92897,1.87,1.00
2015.02.11 19:27:56.154,0.92877,0.929,1.00,1.00
2015.02.11 19:27:56.458,0.92879,0.92904,1.00,1.92
2015.02.11 19:27:56.965,0.92879,0.92904,1.00,1.55
2015.02.11 19:27:58.540,0.9288,0.92905,1.00,1.72
2015.02.11 19:28:01.842,0.92881,0.92906,1.00,2.10
2015.02.11 19:28:02.620,0.92879,0.92904,1.00,1.55
2015.02.11 19:28:03.711,0.92878,0.92903,1.00,1.45
2015.02.11 19:28:05.596,0.9288,0.92905,1.00,1.72
2015.02.11 19:28:09.981,0.92881,0.92906,1.00,1.97
2015.02.11 19:28:16.205,0.92881,0.92906,1.00,1.72
2015.02.11 19:28:16.256,0.92879,0.92904,1.00,1.55
2015.02.11 19:28:16.766,0.9288,0.92905,1.00,1.60
2015.02.11 19:28:17.579,0.92878,0.92903,1.00,1.27
2015.02.11 19:28:17.822,0.9288,0.92905,1.00,1.60
2015.02.11 19:28:19.022,0.92881,0.92906,1.00,3.90
2015.02.11 19:28:24.408,0.9288,0.92905,1.00,1.72
2015.02.11 19:28:24.614,0.92875,0.929,1.00,1.45
2015.02.11 19:28:24.717,0.92875,0.92896,1.00,1.00
2015.02.11 19:28:25.074,0.92873,0.92896,1.00,1.37
2015.02.11 19:28:25.379,0.92872,0.92894,1.00,1.55
2015.02.11 19:28:25.531,0.92864,0.92894,1.00,1.65
2015.02.11 19:28:25.582,0.92864,0.92887,1.00,1.00
2015.02.11 19:28:25.988,0.92857,0.92887,1.52,1.00
2015.02.11 19:28:26.299,0.92857,0.92885,1.52,1.00
2015.02.11 19:28:26.609,0.92856,0.92887,3.82,1.00
2015.02.11 19:28:27.195,0.92856,0.92886,6.45,1.00
2015.02.11 19:28:29.543,0.92857,0.92884,3.90,1.00
2015.02.11 19:28:30.159,0.92857,0.92885,3.90,1.00
2015.02.11 19:28:31.266,0.92858,0.92884,1.92,1.00
2015.02.11 19:28:33.559,0.92857,0.92884,1.47,1.00
2015.02.11 19:28:33.661,0.92857,0.92884,1.10,1.00
2015.02.11 19:28:35.899,0.92857,0.92885,1.10,1.00
2015.02.11 19:28:37.029,0.92857,0.92884,1.10,1.00
2015.02.11 19:28:37.455,0.92857,0.92886,1.10,1.00
2015.02.11 19:28:43.232,0.92857,0.92886,1.00,1.37
2015.02.11 19:28:43.538,0.92863,0.92887,1.00,1.50
2015.02.11 19:28:43.641,0.92863,0.92887,1.00,1.00
2015.02.11 19:28:44.002,0.92855,0.92887,1.10,1.00
2015.02.11 19:28:44.107,0.92855,0.92887,1.10,1.37
2015.02.11 19:28:44.415,0.92855,0.92887,1.57,1.75
2015.02.11 19:28:44.619,0.92855,0.92887,1.57,1.12
2015.02.11 19:28:45.127,0.92855,0.92885,1.10,1.00
2015.02.11 19:28:45.639,0.92855,0.92886,1.10,1.00
2015.02.11 19:28:45.963,0.92855,0.92884,1.10,1.00
2015.02.11 19:28:48.994,0.92855,0.92885,1.10,1.00
2015.02.11 19:28:49.739,0.92855,0.92884,1.10,1.00
2015.02.11 19:28:50.353,0.92855,0.92885,1.10,1.00
2015.02.11 19:28:50.921,0.92855,0.92884,1.10,1.00
2015.02.11 19:28:52.588,0.92861,0.92884,1.00,1.00
2015.02.11 19:28:52.899,0.92863,0.92885,1.00,1.00
2015.02.11 19:28:52.989,0.92855,0.92885,1.10,1.00
2015.02.11 19:28:54.602,0.92855,0.92884,1.10,1.00
2015.02.11 19:28:54.653,0.92863,0.92884,1.00,1.00
2015.02.11 19:28:54.909,0.92861,0.92884,1.00,1.00
2015.02.11 19:28:55.500,0.92861,0.92885,1.00,1.00
2015.02.11 19:28:55.652,0.92855,0.92885,1.10,1.00
2015.02.11 19:28:55.703,0.92855,0.92887,1.10,1.00
2015.02.11 19:28:56.418,0.92855,0.92885,1.10,1.00
2015.02.11 19:28:56.925,0.92855,0.92886,1.10,1.00
2015.02.11 19:28:57.657,0.92855,0.92885,1.10,1.00
2015.02.11 19:28:59.339,0.92855,0.92884,1.10,1.37
2015.02.11 19:28:59.900,0.92855,0.92884,1.10,1.12
2015.02.11 19:29:00.204,0.92862,0.92884,1.00,1.00
2015.02.11 19:29:00.609,0.92864,0.92885,1.00,1.00
2015.02.11 19:29:00.726,0.92862,0.92885,1.00,1.00
2015.02.11 19:29:01.333,0.92861,0.92885,1.00,1.00
2015.02.11 19:29:01.467,0.92855,0.92885,1.10,1.00
2015.02.11 19:29:01.619,0.92855,0.92885,1.10,1.37
2015.02.11 19:29:02.379,0.92862,0.92887,1.00,1.87
2015.02.11 19:29:02.834,0.92863,0.92885,1.00,1.00
2015.02.11 19:29:03.358,0.92862,0.92885,1.00,1.00
2015.02.11 19:29:05.432,0.92862,0.92884,1.00,1.00
2015.02.11 19:29:07.180,0.92863,0.92884,1.00,1.00
2015.02.11 19:29:08.076,0.92863,0.92887,1.00,1.00
2015.02.11 19:29:08.597,0.92864,0.92887,1.00,1.00
2015.02.11 19:29:09.178,0.92863,0.92887,1.00,1.00
2015.02.11 19:29:09.718,0.92863,0.92886,1.00,1.00
2015.02.11 19:29:09.872,0.9286,0.92885,1.00,1.50
2015.02.11 19:29:09.923,0.9286,0.9288,1.00,1.00
2015.02.11 19:29:10.279,0.92857,0.9288,1.00,1.00
2015.02.11 19:29:11.500,0.92858,0.9288,1.00,1.00
2015.02.11 19:29:12.048,0.92858,0.92879,1.00,1.00
2015.02.11 19:29:13.780,0.92858,0.9288,1.00,1.00
2015.02.11 19:29:15.214,0.92858,0.92879,1.00,1.00
2015.02.11 19:29:15.725,0.92859,0.9288,1.00,1.00
2015.02.11 19:29:16.790,0.92858,0.9288,1.00,1.00
2015.02.11 19:29:17.373,0.92858,0.92879,1.00,1.00
2015.02.11 19:29:20.729,0.92857,0.92879,1.00,1.00
2015.02.11 19:29:21.418,0.92856,0.9288,1.00,1.00
2015.02.11 19:29:23.390,0.92859,0.9288,1.00,1.00
2015.02.11 19:29:23.790,0.9286,0.92882,1.00,1.00
2015.02.11 19:29:24.071,0.92852,0.92882,1.17,1.00
2015.02.11 19:29:24.122,0.92852,0.92882,1.17,1.75
2015.02.11 19:29:24.325,0.9285,0.92882,1.37,1.85
2015.02.11 19:29:24.889,0.9285,0.92882,1.00,1.85
2015.02.11 19:29:25.804,0.92857,0.92882,1.00,2.32
2015.02.11 19:29:25.855,0.92857,0.9288,1.00,1.00
2015.02.11 19:29:26.161,0.92851,0.92882,1.00,1.00
2015.02.11 19:29:26.450,0.9285,0.92883,1.00,1.82
2015.02.11 19:29:27.257,0.92859,0.92881,1.00,1.75
2015.02.11 19:29:27.358,0.92859,0.92881,1.00,1.00
2015.02.11 19:29:27.865,0.92858,0.92881,1.00,1.00
2015.02.11 19:29:28.007,0.92851,0.92881,1.00,1.00
2015.02.11 19:29:28.058,0.92851,0.92881,1.00,1.50
2015.02.11 19:29:28.648,0.92849,0.92881,2.32,1.50
2015.02.11 19:29:29.493,0.92849,0.92881,2.32,1.75
2015.02.11 19:29:29.797,0.92856,0.92879,1.00,1.00
2015.02.11 19:29:29.899,0.92856,0.92881,1.00,1.50
2015.02.11 19:29:30.001,0.92851,0.92881,1.57,1.00
2015.02.11 19:29:33.567,0.92851,0.92879,1.57,1.00
2015.02.11 19:29:34.141,0.92851,0.9288,1.57,1.00
2015.02.11 19:29:37.818,0.92851,0.92879,1.57,1.00
2015.02.11 19:29:38.473,0.92855,0.92879,1.00,1.00
2015.02.11 19:29:38.978,0.92856,0.9288,1.00,1.00
2015.02.11 19:29:39.236,0.92851,0.92879,1.10,1.00
2015.02.11 19:29:39.389,0.92851,0.92879,1.10,1.50
2015.02.11 19:29:39.491,0.92849,0.92879,2.47,1.50
2015.02.11 19:29:39.542,0.92857,0.92879,1.00,1.50
2015.02.11 19:29:40.057,0.92856,0.92879,1.00,1.50
2015.02.11 19:29:40.108,0.92856,0.92879,1.00,1.00
2015.02.11 19:29:40.310,0.92859,0.9288,1.00,1.00
2015.02.11 19:29:40.644,0.92859,0.9288,1.00,1.50
2015.02.11 19:29:41.077,0.92856,0.9288,1.00,1.50
2015.02.11 19:29:41.230,0.92858,0.92879,1.00,1.37
2015.02.11 19:29:41.636,0.92856,0.9288,1.00,1.50
2015.02.11 19:29:41.737,0.92854,0.92879,1.00,1.87
2015.02.11 19:29:42.318,0.92852,0.92877,1.00,1.37
2015.02.11 19:29:42.421,0.92856,0.92879,1.00,1.37
2015.02.11 19:29:42.837,0.92854,0.92879,1.00,1.87
2015.02.11 19:29:43.097,0.92852,0.92877,1.00,1.87
2015.02.11 19:29:43.960,0.92851,0.92876,1.00,1.87
2015.02.11 19:29:44.012,0.92851,0.92876,1.00,2.25
2015.02.11 19:29:44.421,0.92852,0.92875,1.00,1.37
2015.02.11 19:29:44.840,0.92855,0.92877,1.00,1.75
2015.02.11 19:29:44.945,0.92853,0.92877,1.00,1.75
2015.02.11 19:29:45.291,0.92851,0.92875,1.00,1.37
2015.02.11 19:29:45.480,0.92849,0.92875,1.00,1.37
2015.02.11 19:29:45.640,0.92854,0.92875,1.00,1.37
2015.02.11 19:29:46.468,0.92857,0.92876,1.00,1.50
2015.02.11 19:29:48.121,0.92854,0.92877,1.00,1.75
2015.02.11 19:29:48.337,0.92852,0.92877,1.00,2.25
2015.02.11 19:29:48.673,0.92847,0.92877,2.32,1.75
2015.02.11 19:29:48.937,0.92852,0.92875,1.00,1.37
2015.02.11 19:29:49.369,0.92849,0.92874,1.00,1.37
2015.02.11 19:29:51.348,0.92848,0.92873,2.25,1.37
2015.02.11 19:29:51.577,0.9285,0.92875,1.00,1.87
2015.02.11 19:29:53.066,0.92851,0.92873,1.00,1.37
2015.02.11 19:29:53.617,0.92849,0.92874,1.00,1.37
2015.02.11 19:29:54.125,0.92848,0.92873,2.25,1.37
2015.02.11 19:29:54.775,0.92848,0.92876,1.00,1.75
2015.02.11 19:29:56.828,0.92851,0.92873,1.00,1.37
2015.02.11 19:29:57.082,0.9284,0.92862,1.00,1.00
2015.02.11 19:29:57.184,0.92836,0.92857,1.00,1.00
2015.02.11 19:29:57.691,0.92836,0.92856,1.00,1.00
2015.02.11 19:29:58.000,0.92836,0.92859,1.00,1.00
2015.02.11 19:29:58.355,0.92834,0.92859,1.00,1.00
2015.02.11 19:29:58.880,0.92835,0.92859,1.00,1.00
2015.02.11 19:29:58.931,0.92835,0.92857,1.00,1.00
2015.02.11 19:29:59.034,0.92835,0.92859,1.00,1.00
2015.02.11 19:29:59.240,0.92835,0.92857,1.00,1.00
2015.02.11 19:30:00.436,0.92835,0.92858,1.00,1.00
2015.02.11 19:30:00.943,0.92835,0.92857,1.00,1.00
2015.02.11 19:30:01.351,0.92838,0.92857,1.00,1.00
2015.02.11 19:30:01.901,0.92837,0.92858,1.00,1.00
2015.02.11 19:30:02.205,0.92843,0.92861,1.00,1.00
2015.02.11 19:30:02.408,0.92843,0.92864,1.00,1.17
2015.02.11 19:30:02.560,0.92846,0.92864,1.00,1.17
2015.02.11 19:30:02.864,0.92848,0.92865,1.00,1.15
2015.02.11 19:30:03.219,0.9285,0.92867,1.00,2.32
2015.02.11 19:30:03.270,0.9285,0.92869,1.00,2.32
2015.02.11 19:30:04.100,0.92849,0.92869,1.00,3.07
2015.02.11 19:30:04.202,0.92849,0.92869,1.00,1.15
2015.02.11 19:30:04.728,0.92849,0.92867,1.00,1.00
2015.02.11 19:30:05.274,0.92849,0.9287,1.00,1.15
2015.02.11 19:30:06.273,0.9285,0.9287,1.00,1.15
2015.02.11 19:30:10.276,0.9285,0.92867,1.00,1.00
2015.02.11 19:30:10.825,0.9285,0.9287,1.00,1.15
2015.02.11 19:30:12.526,0.9285,0.92871,1.00,1.15
2015.02.11 19:30:13.035,0.9285,0.92872,1.00,1.15
2015.02.11 19:30:13.215,0.92852,0.92872,1.00,1.15
2015.02.11 19:30:13.419,0.9285,0.9287,1.00,1.10
2015.02.11 19:30:13.470,0.9285,0.92868,1.00,1.00
2015.02.11 19:30:13.572,0.9285,0.92872,1.00,1.15
2015.02.11 19:30:14.148,0.92849,0.92869,1.00,1.00
2015.02.11 19:30:14.301,0.92856,0.92873,1.00,3.82
2015.02.11 19:30:14.352,0.92856,0.92873,1.00,1.17
2015.02.11 19:30:14.454,0.92854,0.92875,1.00,2.32
2015.02.11 19:30:14.657,0.92857,0.92875,1.00,2.32
2015.02.11 19:30:15.114,0.92855,0.92875,1.00,2.32
2015.02.11 19:30:16.828,0.92857,0.92875,1.00,2.32
2015.02.11 19:30:17.294,0.92856,0.92877,1.00,1.65
2015.02.11 19:30:18.369,0.92857,0.92877,1.00,1.65
2015.02.11 19:30:21.149,0.92858,0.92877,1.00,1.65
2015.02.11 19:30:21.656,0.92857,0.92877,1.00,1.15
2015.02.11 19:30:21.707,0.92859,0.92875,1.00,1.10
2015.02.11 19:30:22.060,0.9286,0.92877,1.00,1.00
2015.02.11 19:30:22.437,0.92858,0.92877,1.00,1.00
2015.02.11 19:30:23.864,0.92858,0.92881,1.00,3.82
2015.02.11 19:30:24.484,0.92859,0.92881,1.00,3.07
2015.02.11 19:30:24.991,0.9286,0.92881,1.00,3.07
2015.02.11 19:30:25.448,0.92862,0.92883,1.00,3.07
2015.02.11 19:30:25.753,0.92865,0.92883,1.00,2.32
2015.02.11 19:30:26.311,0.92863,0.92882,1.00,1.15
2015.02.11 19:30:26.837,0.92862,0.92883,1.00,2.32
2015.02.11 19:30:27.091,0.92864,0.92883,1.00,2.32
2015.02.11 19:30:27.243,0.92864,0.92883,1.00,1.17
2015.02.11 19:30:27.837,0.92863,0.92884,1.00,1.15
2015.02.11 19:30:28.378,0.92862,0.92885,1.00,2.32
2015.02.11 19:30:28.844,0.92864,0.92884,1.00,1.15
2015.02.11 19:30:29.150,0.92861,0.92884,1.00,1.15
2015.02.11 19:30:29.406,0.92863,0.92885,1.00,3.07
2015.02.11 19:30:29.929,0.92863,0.92881,1.00,1.00
2015.02.11 19:30:30.186,0.9286,0.92881,1.00,1.00
2015.02.11 19:30:30.696,0.9286,0.92882,1.00,1.10
2015.02.11 19:30:32.681,0.92861,0.92884,1.00,1.15
2015.02.11 19:30:33.551,0.92861,0.92881,1.00,1.00
2015.02.11 19:30:34.973,0.92861,0.92884,1.00,1.15
2015.02.11 19:30:35.762,0.9286,0.92881,1.00,1.00
2015.02.11 19:30:36.422,0.9286,0.9288,1.00,1.00
2015.02.11 19:30:37.193,0.92861,0.92883,1.00,1.17
2015.02.11 19:30:37.296,0.92861,0.92879,1.00,1.00
2015.02.11 19:30:37.400,0.92862,0.92882,1.00,1.10
2015.02.11 19:30:37.654,0.92866,0.92885,1.00,3.07
2015.02.11 19:30:37.755,0.92864,0.92885,1.00,3.07
2015.02.11 19:30:38.274,0.92865,0.92885,1.00,3.07
2015.02.11 19:30:40.828,0.92863,0.92883,1.00,1.17
2015.02.11 19:30:41.371,0.92862,0.92883,1.00,1.17
2015.02.11 19:30:42.257,0.92865,0.92885,1.00,2.32
2015.02.11 19:30:42.772,0.92864,0.92885,1.00,2.32
2015.02.11 19:30:43.078,0.92866,0.92885,1.00,2.32
2015.02.11 19:30:43.341,0.92864,0.92885,1.00,2.32
2015.02.11 19:30:43.599,0.92867,0.92887,1.00,2.32
2015.02.11 19:30:43.701,0.92867,0.92889,1.00,2.32
2015.02.11 19:30:43.803,0.92869,0.92889,1.00,2.32
2015.02.11 19:30:44.337,0.9287,0.92889,1.00,2.32
2015.02.11 19:30:44.773,0.92868,0.92889,1.00,2.32
2015.02.11 19:30:48.546,0.92867,0.92888,1.00,1.15
2015.02.11 19:30:50.715,0.92868,0.92888,1.00,1.15
2015.02.11 19:30:53.992,0.92868,0.92887,1.00,1.10
2015.02.11 19:30:54.580,0.92868,0.92888,1.00,1.10
2015.02.11 19:30:56.002,0.92867,0.92888,1.00,1.10
2015.02.11 19:30:56.518,0.92866,0.92887,1.00,1.00
2015.02.11 19:30:57.272,0.92866,0.92888,1.00,1.10
2015.02.11 19:31:00.621,0.92865,0.92888,1.00,1.10
2015.02.11 19:31:00.673,0.92865,0.92886,1.00,1.00
2015.02.11 19:31:00.724,0.92863,0.92886,1.00,1.00
2015.02.11 19:31:01.034,0.92864,0.92884,1.00,1.00
2015.02.11 19:31:01.085,0.92862,0.92884,1.00,1.00
2015.02.11 19:31:01.589,0.92863,0.92883,1.00,1.00
2015.02.11 19:31:03.392,0.92862,0.92883,1.00,1.00
2015.02.11 19:31:04.717,0.92863,0.92883,1.00,1.00
2015.02.11 19:31:05.508,0.92863,0.92885,1.00,1.00
2015.02.11 19:31:06.015,0.92864,0.92884,1.00,1.10
2015.02.11 19:31:08.310,0.92863,0.92884,1.00,1.10
2015.02.11 19:31:09.867,0.92863,0.92884,1.00,1.17
2015.02.11 19:31:10.173,0.92859,0.92877,1.00,1.00
2015.02.11 19:31:10.528,0.92848,0.92875,1.37,1.00
2015.02.11 19:31:10.940,0.92848,0.92873,1.37,1.00
2015.02.11 19:31:11.301,0.92848,0.92875,1.37,1.00
2015.02.11 19:31:12.936,0.92848,0.92875,1.12,1.00
2015.02.11 19:31:13.631,0.92848,0.92876,1.12,1.00
2015.02.11 19:31:14.586,0.92848,0.92877,1.12,1.00
2015.02.11 19:31:16.340,0.92848,0.92878,1.12,1.00
2015.02.11 19:31:17.442,0.92848,0.92876,1.12,1.00
2015.02.11 19:31:20.620,0.92848,0.92876,1.23,1.00
2015.02.11 19:31:21.155,0.92848,0.92875,1.23,1.00
2015.02.11 19:31:21.697,0.92848,0.92876,1.23,1.00
2015.02.11 19:31:23.126,0.92848,0.92878,1.23,1.00
2015.02.11 19:31:23.667,0.92848,0.92877,1.23,1.00
2015.02.11 19:31:25.864,0.92848,0.92878,1.23,1.00
2015.02.11 19:31:26.457,0.92848,0.92877,1.23,1.00
2015.02.11 19:31:29.010,0.92846,0.92875,1.65,1.00
2015.02.11 19:31:29.213,0.92844,0.92877,2.73,1.00
2015.02.11 19:31:30.009,0.92843,0.92875,1.65,1.00
2015.02.11 19:31:32.852,0.92843,0.92875,1.00,1.00
2015.02.11 19:31:36.107,0.92843,0.92876,1.00,1.00
2015.02.11 19:31:36.208,0.92843,0.92878,1.00,1.10
2015.02.11 19:31:36.718,0.92843,0.92876,1.00,1.00
2015.02.11 19:31:42.619,0.92843,0.92878,1.65,1.10
2015.02.11 19:31:42.822,0.92843,0.92876,1.65,1.00
2015.02.11 19:31:46.332,0.92843,0.92875,1.00,1.00
2015.02.11 19:31:48.964,0.92843,0.92876,1.65,1.00
2015.02.11 19:31:51.753,0.92843,0.92876,1.65,1.37
2015.02.11 19:31:52.589,0.92843,0.92876,1.00,1.12
2015.02.11 19:31:55.160,0.92843,0.92876,1.00,1.37
2015.02.11 19:31:55.703,0.92843,0.92876,1.65,1.00
2015.02.11 19:31:56.597,0.92843,0.92876,1.65,1.37
2015.02.11 19:31:56.951,0.92843,0.9287,1.00,1.00
2015.02.11 19:31:57.053,0.9284,0.92872,2.01,1.00
2015.02.11 19:31:57.559,0.92841,0.92873,1.21,1.00
2015.02.11 19:31:58.268,0.92841,0.92875,1.15,1.57
2015.02.11 19:31:58.572,0.92841,0.92872,1.13,1.00
2015.02.11 19:31:58.876,0.9284,0.92875,1.94,1.57
2015.02.11 19:32:00.579,0.9284,0.92875,1.56,1.95
2015.02.11 19:32:01.112,0.92839,0.92872,1.04,1.17
2015.02.11 19:32:04.174,0.92836,0.9287,1.01,1.00
2015.02.11 19:32:07.523,0.92838,0.92872,1.05,1.00
2015.02.11 19:32:11.237,0.92838,0.9287,1.02,1.00
2015.02.11 19:32:15.286,0.92839,0.92869,1.28,1.00
2015.02.11 19:32:15.388,0.92839,0.92872,1.20,1.00
2015.02.11 19:32:19.442,0.92838,0.92871,1.02,1.00
2015.02.11 19:32:20.084,0.92838,0.9287,1.01,1.00
2015.02.11 19:32:21.061,0.92839,0.92871,1.47,1.00
2015.02.11 19:32:21.164,0.92836,0.9287,4.20,1.37
2015.02.11 19:32:21.501,0.92836,0.92867,1.57,1.12
2015.02.11 19:32:22.009,0.92836,0.92867,1.65,1.12
2015.02.11 19:32:24.464,0.92836,0.92868,1.65,1.12
2015.02.11 19:32:26.566,0.92836,0.92869,2.02,1.00
2015.02.11 19:32:29.605,0.92836,0.92872,2.02,1.55
2015.02.11 19:32:37.413,0.92835,0.92874,2.40,3.45
2015.02.11 19:32:37.920,0.92836,0.92872,2.02,1.55
2015.02.11 19:32:38.609,0.92835,0.92872,2.40,1.55
2015.02.11 19:32:39.119,0.92838,0.92871,1.37,1.47
2015.02.11 19:32:41.799,0.92839,0.92871,1.37,1.47
2015.02.11 19:32:46.247,0.92839,0.92871,1.37,1.47
2015.02.11 19:32:54.977,0.9284,0.92874,1.12,3.45
2015.02.11 19:32:58.559,0.9284,0.92871,1.12,1.20
2015.02.11 19:32:59.092,0.9284,0.92871,1.12,1.47
2015.02.11 19:33:00.464,0.9284,0.92871,1.12,1.47
2015.02.11 19:33:00.996,0.9284,0.92871,1.12,1.47
2015.02.11 19:33:01.886,0.92841,0.92872,1.00,1.55
2015.02.11 19:33:02.673,0.92841,0.92872,1.00,1.55
2015.02.11 19:33:03.976,0.92841,0.92872,1.00,1.55
2015.02.11 19:33:04.544,0.9284,0.92873,1.12,1.52
2015.02.11 19:33:05.059,0.92841,0.92873,1.00,1.52
2015.02.11 19:33:05.835,0.92842,0.92874,1.00,2.32
2015.02.11 19:33:05.938,0.92842,0.92876,1.00,4.20
2015.02.11 19:33:06.041,0.92842,0.92874,1.50,1.17
2015.02.11 19:33:06.565,0.9284,0.92872,1.75,1.00
2015.02.11 19:33:07.068,0.9284,0.92873,2.25,1.10
2015.02.11 19:33:10.404,0.92844,0.92875,1.75,1.10
2015.02.11 19:33:10.861,0.92844,0.92873,1.37,1.00
2015.02.11 19:33:13.670,0.92841,0.92872,1.85,1.00
2015.02.11 19:33:14.938,0.92841,0.92874,1.85,1.00
2015.02.11 19:33:15.369,0.92843,0.92876,3.07,1.10
2015.02.11 19:33:19.517,0.92844,0.92879,2.40,1.00
2015.02.11 19:33:20.028,0.92848,0.92879,1.00,1.37
2015.02.11 19:33:29.935,0.92848,0.92879,1.00,1.37
2015.02.11 19:33:31.014,0.92848,0.92878,1.00,1.12
2015.02.11 19:33:31.830,0.92848,0.92877,1.00,1.12
2015.02.11 19:33:32.754,0.92848,0.92878,1.00,1.12
2015.02.11 19:33:36.707,0.92848,0.92879,1.50,1.37
2015.02.11 19:33:38.044,0.92848,0.92879,1.75,1.12
2015.02.11 19:33:38.630,0.92848,0.92879,1.75,1.37
2015.02.11 19:33:39.690,0.92848,0.92879,1.50,1.37
2015.02.11 19:33:41.039,0.92848,0.92879,1.50,1.37
2015.02.11 19:33:51.762,0.92846,0.92878,1.85,1.12
2015.02.11 19:34:00.588,0.92846,0.92878,1.85,1.37
2015.02.11 19:34:05.087,0.92846,0.92878,1.85,1.12
2015.02.11 19:34:05.604,0.92846,0.92878,1.85,1.37
2015.02.11 19:34:14.945,0.92845,0.92878,1.92,1.37
2015.02.11 19:34:15.459,0.92845,0.92877,2.40,1.00
2015.02.11 19:34:15.766,0.92857,0.92875,1.00,1.00
2015.02.11 19:34:16.121,0.92855,0.92874,1.00,1.00
2015.02.11 19:34:16.546,0.92845,0.92875,1.92,1.00
2015.02.11 19:34:17.206,0.92845,0.92876,1.92,1.00
2015.02.11 19:34:17.855,0.92845,0.92876,1.55,1.00
2015.02.11 19:34:17.906,0.92845,0.92876,1.55,1.00
2015.02.11 19:34:19.088,0.92845,0.92878,1.55,1.00
2015.02.11 19:34:21.739,0.92846,0.92877,1.37,1.00
2015.02.11 19:34:22.246,0.92846,0.92878,1.37,1.00
2015.02.11 19:34:25.284,0.92846,0.92877,1.37,1.00
2015.02.11 19:34:26.759,0.92846,0.92878,1.37,1.00
2015.02.11 19:34:30.244,0.92845,0.92876,1.37,1.37
2015.02.11 19:34:30.295,0.92845,0.92876,1.37,1.37
2015.02.11 19:34:45.070,0.92845,0.92875,1.47,1.75
2015.02.11 19:34:45.376,0.92845,0.92873,1.12,1.75
2015.02.11 19:34:45.781,0.92845,0.92868,1.00,1.75
2015.02.11 19:34:45.934,0.92842,0.92868,1.00,1.85
2015.02.11 19:34:46.138,0.92836,0.92868,6.45,1.75
2015.02.11 19:34:46.290,0.92836,0.92867,2.62,1.37
2015.02.11 19:34:46.596,0.92836,0.92867,2.32,1.00
2015.02.11 19:34:47.906,0.92836,0.92867,2.32,1.37
2015.02.11 19:34:49.888,0.92835,0.92865,1.00,1.37
2015.02.11 19:34:49.939,0.92832,0.92857,2.02,1.00
2015.02.11 19:34:50.142,0.92826,0.92865,6.07,3.15
2015.02.11 19:34:50.193,0.92826,0.92865,3.90,2.40
2015.02.11 19:34:50.720,0.92827,0.92865,2.77,2.77
2015.02.11 19:34:51.232,0.92827,0.92865,1.55,3.15
2015.02.11 19:34:51.333,0.92827,0.92862,1.47,2.32
2015.02.11 19:34:51.486,0.92823,0.92862,2.40,2.40
2015.02.11 19:34:51.645,0.92823,0.9286,1.55,3.07
2015.02.11 19:34:52.356,0.9282,0.9286,4.57,2.32
2015.02.11 19:34:53.455,0.92824,0.9286,3.75,2.70
2015.02.11 19:34:53.608,0.92836,0.92865,1.00,1.20
2015.02.11 19:34:53.810,0.92841,0.92868,1.50,2.40
2015.02.11 19:34:54.620,0.92836,0.92859,1.00,1.00
2015.02.11 19:34:54.671,0.92834,0.92859,1.50,1.00
2015.02.11 19:34:54.722,0.92834,0.92857,1.00,1.00
2015.02.11 19:34:54.773,0.92832,0.92857,1.00,1.10
2015.02.11 19:34:55.179,0.9283,0.92855,1.00,1.15
2015.02.11 19:35:00.535,0.92829,0.92854,1.00,1.20
2015.02.11 19:35:01.969,0.9283,0.92855,1.00,1.27
2015.02.11 19:35:04.375,0.92829,0.92854,1.00,1.20
2015.02.11 19:35:05.412,0.9283,0.92855,1.00,1.27
2015.02.11 19:35:08.995,0.92828,0.92855,1.00,1.27
2015.02.11 19:35:10.025,0.92828,0.92855,1.00,1.52
2015.02.11 19:35:10.869,0.92829,0.92854,1.00,1.57
2015.02.11 19:35:16.436,0.92829,0.92854,1.00,1.95
2015.02.11 19:35:23.097,0.92829,0.92854,1.00,4.57
2015.02.11 19:35:23.199,0.92817,0.92855,4.57,3.45
2015.02.11 19:35:23.301,0.92819,0.92855,1.57,1.65
2015.02.11 19:35:23.403,0.92819,0.92855,1.57,1.17
2015.02.11 19:35:23.910,0.92819,0.92855,1.95,1.17
2015.02.11 19:35:26.433,0.92819,0.92855,1.95,1.17
2015.02.11 19:35:28.027,0.92825,0.92855,1.00,1.17
2015.02.11 19:35:28.332,0.92843,0.92858,1.00,1.12
2015.02.11 19:35:28.656,0.92847,0.9286,1.00,1.50
2015.02.11 19:35:30.134,0.92841,0.9286,1.00,1.12
2015.02.11 19:35:30.338,0.92838,0.9286,1.00,1.87
2015.02.11 19:35:30.389,0.92838,0.92858,1.00,1.00
2015.02.11 19:35:30.541,0.92833,0.92858,1.00,1.00
2015.02.11 19:35:30.643,0.92835,0.92858,1.00,1.00
2015.02.11 19:35:30.745,0.92832,0.92858,1.00,1.00
2015.02.11 19:35:30.846,0.9283,0.92858,1.00,1.00
2015.02.11 19:35:31.353,0.9283,0.92859,1.00,1.10
2015.02.11 19:35:31.912,0.9283,0.92857,1.00,1.10
2015.02.11 19:35:31.965,0.92827,0.92857,1.00,1.10
2015.02.11 19:35:34.705,0.92833,0.92857,1.00,1.10
2015.02.11 19:35:44.045,0.92827,0.92858,1.50,1.17
2015.02.11 19:35:44.096,0.92832,0.92857,1.00,1.10
2015.02.11 19:35:44.198,0.92827,0.92858,1.50,1.17
2015.02.11 19:35:44.350,0.92827,0.9286,1.50,1.27
2015.02.11 19:35:44.654,0.92839,0.9286,1.00,1.20
2015.02.11 19:35:45.159,0.92839,0.92863,1.00,1.72
2015.02.11 19:35:45.768,0.92841,0.92863,1.00,1.72
2015.02.11 19:35:50.085,0.92847,0.92863,1.00,1.72
2015.02.11 19:35:50.414,0.92849,0.92865,1.00,1.82
2015.02.11 19:35:52.124,0.9284,0.92865,2.01,1.75
2015.02.11 19:35:53.652,0.92849,0.92865,1.00,1.75
2015.02.11 19:35:57.205,0.92849,0.92866,1.00,1.37
2015.02.11 19:36:00.683,0.92845,0.92866,1.00,1.37
2015.02.11 19:36:00.785,0.92841,0.92866,1.00,1.37
2015.02.11 19:36:03.704,0.92842,0.92866,1.00,1.37
2015.02.11 19:36:04.205,0.92841,0.92866,1.50,1.87
2015.02.11 19:36:04.357,0.92843,0.92866,1.00,1.37
2015.02.11 19:36:04.876,0.92844,0.92866,1.00,1.37
2015.02.11 19:36:07.187,0.92842,0.92864,1.00,1.37
2015.02.11 19:36:15.471,0.92844,0.92863,1.00,1.00
2015.02.11 19:36:15.573,0.9284,0.92865,1.00,1.00
2015.02.11 19:36:15.776,0.92844,0.92873,1.00,2.70
2015.02.11 19:36:15.878,0.92846,0.92873,1.00,2.70
2015.02.11 19:36:20.078,0.92849,0.92873,1.00,2.70
2015.02.11 19:36:21.647,0.9285,0.92873,1.00,2.70
2015.02.11 19:36:23.344,0.92849,0.92873,1.00,2.70
2015.02.11 19:36:23.496,0.92849,0.92875,1.00,3.45
2015.02.11 19:36:24.407,0.92849,0.92875,1.00,3.82
2015.02.11 19:36:24.926,0.92849,0.92875,1.00,3.45
2015.02.11 19:36:28.618,0.9285,0.92875,1.00,2.70
2015.02.11 19:36:29.976,0.9285,0.92875,1.00,3.07
2015.02.11 19:36:30.281,0.9285,0.92874,1.00,2.40
2015.02.11 19:36:30.585,0.92851,0.92871,1.00,1.75
2015.02.11 19:36:30.687,0.92849,0.92869,1.00,1.75
2015.02.11 19:36:30.991,0.92844,0.92869,1.00,1.90
2015.02.11 19:36:31.194,0.92846,0.92869,1.00,1.75
2015.02.11 19:36:31.296,0.92843,0.92867,1.00,1.75
2015.02.11 19:36:31.471,0.92839,0.92867,1.10,1.75
2015.02.11 19:36:31.522,0.92847,0.92867,1.00,1.75
2015.02.11 19:36:31.851,0.92851,0.92867,1.00,1.75
2015.02.11 19:36:33.219,0.92849,0.92867,1.00,1.75
2015.02.11 19:36:33.320,0.92846,0.92867,1.00,2.25
2015.02.11 19:36:34.758,0.9285,0.92866,1.00,1.75
2015.02.11 19:36:35.273,0.9285,0.92866,1.00,1.75
2015.02.11 19:36:36.215,0.9285,0.92867,1.00,2.25
2015.02.11 19:36:37.034,0.92848,0.92866,1.00,1.75
2015.02.11 19:36:37.135,0.9285,0.92866,1.00,1.75
2015.02.11 19:36:37.338,0.9285,0.92866,1.00,1.37
2015.02.11 19:36:37.744,0.92852,0.92865,1.00,1.37
2015.02.11 19:36:38.048,0.92855,0.92864,1.00,1.87
2015.02.11 19:36:38.099,0.92853,0.92864,1.00,1.37
2015.02.11 19:36:38.200,0.92853,0.92864,1.00,1.37
2015.02.11 19:36:38.403,0.92845,0.92864,1.10,1.00
2015.02.11 19:36:38.505,0.92852,0.92864,1.00,1.09
2015.02.11 19:36:38.910,0.92844,0.92865,1.72,1.00
2015.02.11 19:36:39.012,0.92842,0.92864,2.70,1.00
2015.02.11 19:36:39.063,0.92842,0.92869,3.45,1.11
2015.02.11 19:36:39.114,0.9285,0.92864,1.00,1.00
2015.02.11 19:36:39.418,0.9285,0.92866,1.00,1.00
2015.02.11 19:36:39.573,0.92851,0.92874,1.00,1.37
2015.02.11 19:36:39.674,0.92853,0.92876,1.00,1.47
2015.02.11 19:36:39.833,0.92853,0.92876,1.00,1.10
2015.02.11 19:36:40.246,0.92853,0.92875,1.00,1.37
2015.02.11 19:36:40.792,0.92853,0.92875,1.00,1.37
2015.02.11 19:36:41.332,0.92852,0.92875,1.00,1.37
2015.02.11 19:36:42.112,0.92853,0.92875,1.00,1.37
2015.02.11 19:36:46.746,0.92853,0.92875,1.00,1.00
2015.02.11 19:36:47.152,0.92853,0.92875,1.00,1.37
2015.02.11 19:36:47.763,0.92853,0.92875,1.00,1.37
2015.02.11 19:36:49.645,0.92853,0.92878,1.00,1.90
2015.02.11 19:36:52.330,0.92853,0.92864,1.00,1.00
2015.02.11 19:36:52.534,0.92845,0.92866,1.50,1.12
2015.02.11 19:36:52.686,0.92848,0.92867,1.00,1.47
2015.02.11 19:36:52.737,0.92843,0.9287,1.00,3.07
2015.02.11 19:36:52.788,0.92837,0.9287,1.00,3.07
2015.02.11 19:36:53.934,0.92837,0.9287,1.00,3.07
2015.02.11 19:36:54.062,0.92837,0.9287,1.00,3.07
2015.02.11 19:36:55.493,0.92834,0.9287,1.00,3.07
2015.02.11 19:36:56.047,0.92831,0.9287,1.27,3.07
2015.02.11 19:36:56.436,0.92831,0.9287,1.27,2.70
2015.02.11 19:36:56.992,0.92834,0.9287,1.00,2.70
2015.02.11 19:37:01.449,0.92835,0.92868,1.00,2.32
2015.02.11 19:37:16.418,0.92831,0.92868,1.47,3.82
2015.02.11 19:37:16.731,0.92831,0.92864,1.37,3.07
2015.02.11 19:37:17.317,0.92831,0.92864,1.37,3.07
2015.02.11 19:37:17.419,0.92831,0.92864,1.37,2.70
2015.02.11 19:37:17.774,0.92831,0.92865,1.37,2.70
2015.02.11 19:37:18.285,0.92831,0.92866,1.37,2.32
2015.02.11 19:37:25.325,0.92833,0.92868,1.37,2.32
2015.02.11 19:37:25.928,0.92834,0.92868,1.37,3.07
2015.02.11 19:37:26.455,0.92833,0.92866,1.37,3.07
2015.02.11 19:37:27.948,0.9283,0.92866,1.37,3.07
2015.02.11 19:37:28.050,0.9283,0.92863,1.37,1.52
2015.02.11 19:37:28.102,0.9283,0.92862,1.00,1.55
2015.02.11 19:37:28.205,0.92828,0.92861,1.37,3.37
2015.02.11 19:37:28.713,0.92828,0.92861,1.37,1.45
2015.02.11 19:37:29.381,0.92828,0.92861,1.12,1.45
2015.02.11 19:37:30.127,0.92828,0.92861,1.12,1.45
2015.02.11 19:37:30.229,0.92828,0.92861,1.00,1.45
2015.02.11 19:37:30.281,0.92824,0.92861,1.17,1.45
2015.02.11 19:37:30.332,0.92824,0.92861,1.10,3.45
2015.02.11 19:37:30.788,0.92822,0.92853,1.27,1.00
2015.02.11 19:37:30.839,0.92822,0.92853,1.10,1.00
2015.02.11 19:37:30.890,0.92822,0.92851,1.00,1.00
2015.02.11 19:37:31.498,0.92819,0.92851,1.57,1.00
2015.02.11 19:37:48.221,0.92819,0.92851,1.87,1.00
2015.02.11 19:37:56.901,0.92817,0.92849,1.52,1.00
2015.02.11 19:37:57.206,0.92816,0.92847,1.87,1.00
2015.02.11 19:37:57.942,0.92816,0.92847,1.00,1.00
2015.02.11 19:37:58.232,0.92816,0.92847,3.37,1.00
2015.02.11 19:37:58.537,0.92827,0.92856,1.27,1.12
2015.02.11 19:37:58.846,0.92823,0.92853,2.71,1.00
2015.02.11 19:37:58.998,0.92823,0.92855,2.71,1.10
2015.02.11 19:37:59.505,0.92837,0.92858,1.00,2.32
2015.02.11 19:37:59.712,0.92823,0.92858,1.84,2.32
2015.02.11 19:37:59.813,0.92818,0.92858,3.07,2.32
2015.02.11 19:37:59.915,0.92818,0.92858,2.70,2.32
2015.02.11 19:38:01.495,0.92818,0.92857,2.70,2.32
2015.02.11 19:38:01.546,0.92816,0.92856,2.32,2.32
2015.02.11 19:38:11.480,0.92813,0.92853,2.32,2.32
2015.02.11 19:38:31.638,0.92811,0.92853,4.87,4.50
2015.02.11 19:38:51.660,0.92811,0.92846,2.62,2.25
2015.02.11 19:38:51.965,0.92813,0.92843,1.00,1.27
2015.02.11 19:38:52.016,0.92806,0.92841,1.65,1.10
2015.02.11 19:38:52.067,0.92806,0.92841,1.47,1.07
2015.02.11 19:38:52.118,0.92806,0.92842,1.10,3.45
2015.02.11 19:38:54.868,0.92806,0.92839,1.00,1.47
2015.02.11 19:38:55.020,0.92802,0.92839,1.65,1.20
2015.02.11 19:38:55.071,0.92802,0.92838,1.57,2.32
2015.02.11 19:38:55.973,0.92801,0.92836,1.10,1.07
2015.02.11 19:38:56.522,0.92802,0.92836,1.00,1.20
2015.02.11 19:38:57.042,0.92801,0.92836,1.10,1.20
2015.02.11 19:38:57.757,0.928,0.92835,1.50,2.32
2015.02.11 19:38:58.576,0.92799,0.92834,1.50,1.15
2015.02.11 19:38:58.888,0.92801,0.92833,1.00,1.27
2015.02.11 19:38:59.193,0.92796,0.92828,1.00,5.62
2015.02.11 19:38:59.503,0.92794,0.92826,1.12,1.52
2015.02.11 19:38:59.808,0.92794,0.92826,1.12,1.52
2015.02.11 19:39:00.264,0.92788,0.92823,1.10,1.55
2015.02.11 19:39:00.366,0.92785,0.92817,1.27,1.00
2015.02.11 19:39:00.417,0.92783,0.92817,2.70,1.00
2015.02.11 19:39:00.924,0.92779,0.92817,3.07,1.17
2015.02.11 19:39:01.277,0.92779,0.92817,2.32,1.17
2015.02.11 19:39:03.900,0.92782,0.92815,1.10,1.37
2015.02.11 19:39:04.001,0.9278,0.92813,1.00,1.47
2015.02.11 19:39:04.520,0.9278,0.92813,1.00,1.47
2015.02.11 19:39:05.437,0.9279,0.92815,1.78,1.52
2015.02.11 19:39:05.539,0.92787,0.92816,1.75,3.07
2015.02.11 19:39:05.591,0.92787,0.92817,1.00,1.50
2015.02.11 19:39:06.099,0.92787,0.92817,1.00,1.65
2015.02.11 19:39:06.606,0.92791,0.92817,1.50,1.65
2015.02.11 19:39:06.861,0.92794,0.92822,1.50,3.37
2015.02.11 19:39:07.875,0.92791,0.92822,3.75,1.37
2015.02.11 19:39:08.027,0.92788,0.92822,1.10,1.47
2015.02.11 19:39:10.921,0.92788,0.92818,1.00,1.27
2015.02.11 19:39:11.022,0.92788,0.92822,1.00,1.92
2015.02.11 19:39:12.228,0.92787,0.92824,1.10,2.32
2015.02.11 19:39:14.456,0.92787,0.92824,1.10,2.70
2015.02.11 19:39:14.972,0.92787,0.92824,1.10,3.45
2015.02.11 19:39:16.603,0.92787,0.92826,1.15,2.70
2015.02.11 19:39:19.072,0.92788,0.92826,1.15,2.32
2015.02.11 19:39:19.123,0.92789,0.92828,1.15,2.32
2015.02.11 19:39:21.194,0.92791,0.92828,1.65,2.32
2015.02.11 19:39:21.247,0.92793,0.9283,2.32,2.32
2015.02.11 19:39:21.349,0.92796,0.9283,1.00,2.32
2015.02.11 19:39:21.754,0.92796,0.92834,1.50,4.87
2015.02.11 19:39:21.805,0.92796,0.92832,1.50,2.32
2015.02.11 19:39:22.343,0.92796,0.92831,1.50,2.32
2015.02.11 19:39:22.723,0.92796,0.92835,1.65,4.87
2015.02.11 19:39:23.444,0.92796,0.92835,1.12,4.87
2015.02.11 19:39:24.925,0.92796,0.92835,1.87,5.25
2015.02.11 19:39:25.435,0.92797,0.92835,1.00,5.62
2015.02.11 19:39:26.634,0.92798,0.92835,1.00,5.62
2015.02.11 19:39:27.879,0.92798,0.92835,1.00,5.62
2015.02.11 19:39:28.133,0.92795,0.92831,1.50,2.70
2015.02.11 19:39:28.639,0.92795,0.92829,1.00,2.70
2015.02.11 19:39:28.741,0.92795,0.92829,1.00,3.07
2015.02.11 19:39:28.842,0.92795,0.92829,1.00,3.07
2015.02.11 19:39:29.045,0.92794,0.92829,1.50,2.70
2015.02.11 19:39:29.653,0.92793,0.9283,1.57,2.70
2015.02.11 19:39:30.064,0.92794,0.92828,1.00,3.07
2015.02.11 19:39:31.753,0.92794,0.92825,1.50,3.07
2015.02.11 19:39:31.804,0.92792,0.92825,1.00,3.07
2015.02.11 19:39:32.264,0.92792,0.92825,1.00,3.07
2015.02.11 19:39:32.315,0.92786,0.92825,1.15,3.07
2015.02.11 19:39:34.693,0.92786,0.92825,1.15,2.70
2015.02.11 19:39:34.744,0.92786,0.92823,1.10,2.70
2015.02.11 19:39:36.569,0.92789,0.92823,1.00,3.45
2015.02.11 19:39:36.823,0.9278,0.92817,1.20,2.70
2015.02.11 19:39:39.031,0.92783,0.92816,1.00,3.07
2015.02.11 19:39:41.699,0.92783,0.92815,1.00,1.27
2015.02.11 19:39:42.318,0.92779,0.92816,1.10,3.07
2015.02.11 19:39:42.885,0.92779,0.92817,1.17,3.07
2015.02.11 19:39:49.868,0.92803,0.92817,1.50,3.07
2015.02.11 19:39:49.919,0.92803,0.92817,1.50,2.70
2015.02.11 19:39:49.971,0.92803,0.92824,1.50,1.87
2015.02.11 19:39:50.022,0.92803,0.92824,1.50,1.50
2015.02.11 19:39:50.377,0.92803,0.92831,1.50,1.12
2015.02.11 19:39:50.479,0.92803,0.92835,1.50,3.07
2015.02.11 19:39:50.996,0.92803,0.92833,1.50,1.27
2015.02.11 19:39:51.099,0.92798,0.92832,1.00,2.70
2015.02.11 19:39:51.150,0.92794,0.92832,1.17,2.70
2015.02.11 19:39:51.306,0.92793,0.92832,1.65,3.07
2015.02.11 19:39:52.480,0.92794,0.92832,1.65,3.07
2015.02.11 19:39:53.286,0.92794,0.92811,1.17,1.00
2015.02.11 19:39:53.387,0.92786,0.92812,1.37,1.17
2015.02.11 19:39:53.439,0.92784,0.92812,1.50,1.17
2015.02.11 19:39:53.490,0.92789,0.92811,1.00,3.45
2015.02.11 19:39:53.592,0.92784,0.92809,1.00,1.55
2015.02.11 19:39:53.896,0.92782,0.92807,1.00,1.37
2015.02.11 19:39:53.991,0.92777,0.92809,1.00,2.70
2015.02.11 19:39:54.043,0.92769,0.92809,2.70,3.45
2015.02.11 19:39:54.094,0.92768,0.92807,2.40,2.70
2015.02.11 19:39:54.196,0.92773,0.92807,1.00,3.45
2015.02.11 19:40:00.155,0.92783,0.92807,1.00,3.45
2015.02.11 19:40:00.663,0.92782,0.92807,1.00,4.20
2015.02.11 19:40:01.170,0.92781,0.92806,1.00,1.52
2015.02.11 19:40:01.623,0.92779,0.92804,1.00,1.47
2015.02.11 19:40:01.725,0.92785,0.92807,1.00,3.45
2015.02.11 19:40:02.029,0.92787,0.92807,1.00,3.45
2015.02.11 19:40:03.245,0.92786,0.92807,1.00,3.45
2015.02.11 19:40:03.601,0.92773,0.92796,1.00,2.70
2015.02.11 19:40:03.702,0.92769,0.92799,1.00,2.70
2015.02.11 19:40:03.753,0.92773,0.92794,1.00,3.00
2015.02.11 19:40:04.057,0.92784,0.92804,1.00,1.15
2015.02.11 19:40:04.361,0.92786,0.92802,1.00,1.10
2015.02.11 19:40:04.564,0.92774,0.92802,1.00,1.10
2015.02.11 19:40:04.615,0.92774,0.92808,1.00,4.20
2015.02.11 19:40:05.109,0.92775,0.92807,1.17,1.37
2015.02.11 19:40:07.729,0.92775,0.92808,2.40,1.37
2015.02.11 19:40:08.357,0.92777,0.92808,1.50,1.37
2015.02.11 19:40:08.661,0.92785,0.9281,1.50,1.00
2015.02.11 19:40:08.814,0.92785,0.92812,1.00,1.00
2015.02.11 19:40:08.916,0.92785,0.92816,1.00,1.37
2015.02.11 19:40:09.017,0.9278,0.92816,4.20,1.37
2015.02.11 19:40:09.829,0.92783,0.92817,1.10,1.47
2015.02.11 19:40:10.766,0.92784,0.92816,1.00,1.37
2015.02.11 19:40:11.300,0.92783,0.92816,1.57,1.37
2015.02.11 19:40:12.256,0.92784,0.92816,1.00,1.37
2015.02.11 19:40:12.358,0.92785,0.92816,1.17,1.37
2015.02.11 19:40:12.459,0.92784,0.92818,1.50,1.37
2015.02.11 19:40:12.662,0.92784,0.92818,1.57,1.20
2015.02.11 19:40:12.763,0.92784,0.92818,1.65,1.37
2015.02.11 19:40:12.865,0.92784,0.92818,1.57,1.47
2015.02.11 19:40:13.247,0.92784,0.92818,1.65,1.37
2015.02.11 19:40:13.859,0.92785,0.92818,1.17,1.37
2015.02.11 19:40:13.961,0.92785,0.92817,1.65,1.00
2015.02.11 19:40:14.062,0.92785,0.9282,1.17,1.10
2015.02.11 19:40:14.327,0.92786,0.92822,1.15,1.10
2015.02.11 19:40:15.139,0.92787,0.92821,1.27,1.00
2015.02.11 19:40:15.646,0.92788,0.92823,1.57,1.17
2015.02.11 19:40:15.951,0.9279,0.92822,1.00,1.10
2015.02.11 19:40:16.463,0.92789,0.92822,1.00,1.10
2015.02.11 19:40:17.879,0.9279,0.92823,1.00,1.17
2015.02.11 19:40:18.691,0.92786,0.92819,2.02,1.00
2015.02.11 19:40:18.996,0.92804,0.92821,1.00,1.00
2015.02.11 19:40:19.402,0.92802,0.92821,1.00,1.00
2015.02.11 19:40:19.606,0.92802,0.92819,1.00,1.00
2015.02.11 19:40:19.657,0.928,0.92819,1.00,1.00
2015.02.11 19:40:19.708,0.928,0.92823,1.00,1.00
2015.02.11 19:40:19.760,0.92789,0.92823,1.17,1.00
2015.02.11 19:40:19.963,0.92792,0.92827,1.00,1.20
2015.02.11 19:40:20.065,0.92792,0.92827,1.65,1.00
2015.02.11 19:40:20.572,0.92792,0.9283,1.65,1.27
2015.02.11 19:40:20.977,0.92793,0.92826,1.17,1.12
2015.02.11 19:40:21.737,0.92792,0.92827,1.50,1.57
2015.02.11 19:40:22.597,0.92792,0.92825,1.50,1.12
2015.02.11 19:40:22.751,0.92792,0.92825,1.65,1.12
2015.02.11 19:40:23.260,0.92792,0.92825,2.40,1.12
2015.02.11 19:40:29.157,0.92793,0.92828,1.15,1.37
2015.02.11 19:40:30.466,0.92794,0.92828,1.27,1.37
2015.02.11 19:40:32.836,0.92795,0.92827,1.10,1.37
2015.02.11 19:40:35.173,0.92793,0.92825,1.00,1.27
2015.02.11 19:40:35.224,0.92797,0.9282,1.00,1.00
2015.02.11 19:40:35.529,0.92802,0.9282,1.00,1.00
2015.02.11 19:40:36.147,0.92801,0.9282,1.00,1.00
2015.02.11 19:40:36.463,0.92803,0.92821,1.00,1.00
2015.02.11 19:40:36.565,0.92793,0.92821,1.00,1.00
2015.02.11 19:40:36.616,0.92793,0.92825,1.00,1.27
2015.02.11 19:40:37.152,0.92792,0.92825,1.17,1.12
2015.02.11 19:40:39.284,0.92792,0.92825,1.17,1.50
2015.02.11 19:40:39.640,0.92791,0.92821,1.10,1.00
2015.02.11 19:40:42.289,0.92791,0.92817,1.10,1.00
2015.02.11 19:40:42.391,0.92789,0.92817,1.10,1.00
2015.02.11 19:40:42.594,0.92791,0.92817,1.00,1.00
2015.02.11 19:40:43.368,0.92791,0.92818,1.00,1.00
2015.02.11 19:40:43.675,0.92791,0.92821,1.00,1.00
2015.02.11 19:40:43.777,0.92789,0.92821,1.10,1.00
2015.02.11 19:40:43.930,0.92789,0.92823,1.57,1.10
2015.02.11 19:40:44.435,0.92789,0.92822,1.57,1.00
2015.02.11 19:40:47.188,0.928,0.92822,1.00,1.00
2015.02.11 19:40:47.290,0.928,0.92827,1.00,1.00
2015.02.11 19:40:47.646,0.92801,0.92832,1.00,1.10
2015.02.11 19:40:49.267,0.92801,0.92832,1.00,1.47
2015.02.11 19:40:49.419,0.9279,0.92827,1.10,2.32
2015.02.11 19:40:50.128,0.92791,0.92827,1.00,2.32
2015.02.11 19:40:50.685,0.92789,0.92827,1.65,2.32
2015.02.11 19:40:57.473,0.92792,0.92827,1.00,2.32
2015.02.11 19:40:58.456,0.92793,0.92827,1.00,2.32
2015.02.11 19:41:02.867,0.92792,0.92827,1.00,2.32
2015.02.11 19:41:06.519,0.92792,0.92825,1.00,2.32
2015.02.11 19:41:06.570,0.9279,0.92825,1.00,2.32
2015.02.11 19:41:07.100,0.92789,0.92825,1.00,2.70
2015.02.11 19:41:08.118,0.92791,0.92825,1.00,3.45
2015.02.11 19:41:08.431,0.92793,0.92825,1.00,2.32
2015.02.11 19:41:16.256,0.92792,0.92825,1.00,2.32
2015.02.11 19:41:18.685,0.92793,0.92825,1.00,2.25
2015.02.11 19:41:18.735,0.92793,0.9283,1.10,3.07
2015.02.11 19:41:18.989,0.92795,0.9283,1.00,2.32
2015.02.11 19:41:20.928,0.92795,0.92831,1.17,1.17
2015.02.11 19:41:21.445,0.92797,0.92833,1.00,2.32
2015.02.11 19:41:24.839,0.92796,0.92833,1.57,2.70
2015.02.11 19:41:33.497,0.928,0.92833,1.00,3.07
2015.02.11 19:41:33.548,0.928,0.92833,1.17,1.00
2015.02.11 19:41:33.649,0.92802,0.92835,1.00,1.20
2015.02.11 19:41:34.930,0.92801,0.92837,1.10,1.72
2015.02.11 19:41:35.032,0.92798,0.92836,2.25,2.77
2015.02.11 19:41:35.082,0.92797,0.92836,1.20,4.95
2015.02.11 19:41:35.709,0.92798,0.92836,1.00,4.95
2015.02.11 19:41:37.029,0.92797,0.92836,1.20,4.95
2015.02.11 19:41:38.227,0.92795,0.92834,1.17,2.70
2015.02.11 19:41:38.908,0.92795,0.92833,1.17,2.70
2015.02.11 19:41:43.761,0.92793,0.92832,3.07,2.70
2015.02.11 19:41:43.812,0.92793,0.92831,1.17,2.70
2015.02.11 19:42:08.089,0.92795,0.92831,1.00,2.32
2015.02.11 19:42:08.612,0.92794,0.92831,1.10,2.32
2015.02.11 19:42:15.277,0.92794,0.92824,1.00,2.25
2015.02.11 19:42:15.785,0.92793,0.92824,1.00,2.32
2015.02.11 19:42:16.517,0.92794,0.92824,1.00,2.32
2015.02.11 19:42:17.212,0.92795,0.92824,1.00,2.32
2015.02.11 19:42:18.056,0.92794,0.92824,1.00,2.32
2015.02.11 19:42:20.387,0.92793,0.92824,1.00,2.32
2015.02.11 19:42:23.716,0.92792,0.92824,1.00,2.32
2015.02.11 19:42:24.231,0.92793,0.92824,1.00,2.32
2015.02.11 19:42:32.817,0.92791,0.92824,1.00,2.32
2015.02.11 19:42:33.375,0.9279,0.92824,2.25,2.32
2015.02.11 19:42:33.477,0.92792,0.92824,1.00,2.32
2015.02.11 19:42:33.790,0.92791,0.92821,1.00,2.32
2015.02.11 19:42:34.336,0.9279,0.9282,2.25,2.32
2015.02.11 19:42:40.497,0.92791,0.9282,1.00,2.32
2015.02.11 19:42:42.476,0.92792,0.9282,1.00,2.32
2015.02.11 19:42:44.236,0.92793,0.9282,1.00,2.32
2015.02.11 19:42:48.066,0.92793,0.92822,1.00,2.32
2015.02.11 19:42:48.167,0.92793,0.92824,1.00,2.32
2015.02.11 19:42:50.605,0.92793,0.92822,1.00,2.32
2015.02.11 19:42:51.107,0.92792,0.92822,1.00,2.32
2015.02.11 19:42:56.369,0.92793,0.92822,1.00,2.32
2015.02.11 19:42:56.887,0.92792,0.92822,1.00,2.32
2015.02.11 19:43:01.132,0.92792,0.92824,1.00,2.32
2015.02.11 19:43:01.234,0.92792,0.92825,1.00,1.20
2015.02.11 19:43:04.255,0.92793,0.92828,1.00,2.70
2015.02.11 19:43:04.417,0.92797,0.9283,1.00,3.45
2015.02.11 19:43:04.729,0.92795,0.9283,1.00,3.45
2015.02.11 19:43:05.243,0.92796,0.9283,1.00,3.45
2015.02.11 19:43:05.495,0.92795,0.9283,1.37,3.45
2015.02.11 19:43:08.443,0.92793,0.9283,1.47,3.45
2015.02.11 19:43:11.400,0.92793,0.9283,1.47,3.45
2015.02.11 19:43:18.465,0.92795,0.9283,1.55,1.47
2015.02.11 19:43:19.566,0.92793,0.92831,1.55,2.70
2015.02.11 19:43:22.409,0.92794,0.92831,1.10,2.70
2015.02.11 19:43:38.081,0.92794,0.92832,1.57,2.70
2015.02.11 19:43:39.024,0.92796,0.92833,2.32,2.32
2015.02.11 19:43:44.045,0.92797,0.92833,1.00,2.32
2015.02.11 19:43:44.147,0.92797,0.92835,1.17,2.70
2015.02.11 19:43:45.516,0.92799,0.92835,1.00,2.70
2015.02.11 19:43:46.017,0.92797,0.92835,2.40,2.70
2015.02.11 19:43:50.576,0.92799,0.92835,1.00,2.70
2015.02.11 19:43:53.397,0.92799,0.92829,1.00,2.25
2015.02.11 19:43:53.447,0.92797,0.92829,1.10,2.25
2015.02.11 19:43:53.498,0.92795,0.9283,1.57,2.25
2015.02.11 19:43:53.600,0.92792,0.92817,5.25,2.25
2015.02.11 19:43:53.853,0.92788,0.92809,3.37,1.00
2015.02.11 19:43:53.905,0.92795,0.92809,1.00,1.12
2015.02.11 19:43:54.007,0.92788,0.92809,2.62,1.12
2015.02.11 19:43:54.159,0.92786,0.9281,1.00,2.62
2015.02.11 19:43:54.260,0.92786,0.92808,1.00,1.00
2015.02.11 19:43:54.769,0.92785,0.92808,1.50,1.00
2015.02.11 19:43:56.896,0.92784,0.92808,1.04,1.00
2015.02.11 19:44:04.392,0.92784,0.92809,1.04,1.12
2015.02.11 19:44:04.494,0.92784,0.92818,1.11,2.62
2015.02.11 19:44:04.900,0.92783,0.92823,4.23,2.32
2015.02.11 19:44:07.042,0.92785,0.92825,2.32,2.70
2015.02.11 19:44:14.736,0.92789,0.92825,1.00,2.70
2015.02.11 19:44:14.953,0.92793,0.9283,1.65,1.15
2015.02.11 19:44:15.055,0.92796,0.92826,1.00,1.00
2015.02.11 19:44:15.258,0.92796,0.9283,1.17,1.00
2015.02.11 19:44:15.773,0.92796,0.92834,1.27,2.32
2015.02.11 19:44:16.028,0.92796,0.92836,1.27,1.35
2015.02.11 19:44:26.573,0.92799,0.92837,1.00,5.40
2015.02.11 19:44:38.327,0.928,0.92837,1.00,5.40
2015.02.11 19:44:39.747,0.92799,0.92837,1.00,5.40
2015.02.11 19:44:40.941,0.928,0.92837,1.00,6.15
2015.02.11 19:44:41.246,0.92811,0.92838,1.00,1.90
2015.02.11 19:44:41.398,0.92811,0.92839,1.50,1.05
2015.02.11 19:44:41.550,0.92813,0.92843,1.00,1.75
2015.02.11 19:44:41.601,0.92813,0.92843,1.37,1.75
2015.02.11 19:44:41.703,0.92813,0.92845,1.37,1.47
2015.02.11 19:44:41.805,0.92814,0.92851,1.20,2.32
2015.02.11 19:44:41.957,0.92815,0.92849,2.25,2.25
2015.02.11 19:44:42.059,0.92818,0.92856,1.15,3.82
2015.02.11 19:44:42.160,0.92818,0.92856,2.32,1.17
2015.02.11 19:44:43.021,0.92821,0.92858,1.10,3.82
2015.02.11 19:44:43.326,0.92818,0.92856,1.17,3.82
2015.02.11 19:44:44.028,0.92819,0.92855,1.57,1.27
2015.02.11 19:44:49.140,0.92819,0.92855,1.57,1.27
2015.02.11 19:44:49.242,0.9282,0.92857,1.27,2.02
2015.02.11 19:44:49.748,0.92821,0.92857,1.27,1.27
2015.02.11 19:44:54.861,0.92822,0.92855,1.10,1.00
2015.02.11 19:44:55.066,0.92822,0.92861,3.07,1.27
2015.02.11 19:44:55.117,0.92822,0.92862,3.07,3.07
2015.02.11 19:44:55.219,0.92823,0.92862,1.65,2.70
2015.02.11 19:44:55.270,0.92825,0.92863,4.50,1.87
2015.02.11 19:44:55.424,0.92825,0.92862,4.50,1.37
2015.02.11 19:44:56.287,0.92825,0.92867,4.50,5.62
2015.02.11 19:44:56.591,0.92829,0.92867,2.32,1.20
2015.02.11 19:44:58.519,0.9283,0.92866,1.17,1.20
2015.02.11 19:45:00.209,0.92832,0.92864,1.10,1.05
2015.02.11 19:45:00.515,0.92828,0.92864,3.07,1.12
2015.02.11 19:45:00.618,0.92828,0.92863,1.00,1.90
2015.02.11 19:45:01.125,0.92827,0.92864,1.00,4.20
2015.02.11 19:45:01.633,0.92826,0.92861,1.00,1.85
2015.02.11 19:45:02.091,0.92824,0.92861,1.20,3.82
2015.02.11 19:45:04.018,0.92823,0.92861,1.17,3.82
2015.02.11 19:45:07.497,0.92823,0.92861,1.17,3.07
2015.02.11 19:45:22.659,0.92821,0.9286,1.52,3.07
2015.02.11 19:45:23.910,0.92821,0.9286,3.45,3.07
2015.02.11 19:45:24.437,0.92822,0.92862,2.70,3.82
2015.02.11 19:45:40.334,0.92823,0.92862,1.52,3.07
2015.02.11 19:45:56.923,0.92823,0.92863,3.45,3.07
2015.02.11 19:46:00.118,0.92826,0.92861,2.02,1.75
2015.02.11 19:46:00.735,0.92826,0.92861,2.02,1.75
2015.02.11 19:46:00.786,0.92826,0.92861,1.87,1.85
2015.02.11 19:46:05.720,0.92825,0.92861,2.70,1.75
2015.02.11 19:46:11.037,0.92827,0.92861,1.65,1.75
2015.02.11 19:46:11.443,0.92827,0.92862,1.65,1.85
2015.02.11 19:46:11.546,0.92827,0.9286,3.82,1.75
2015.02.11 19:46:11.648,0.92827,0.92861,1.57,1.85
2015.02.11 19:46:11.800,0.92827,0.92861,1.57,1.75
2015.02.11 19:46:11.953,0.92827,0.92861,1.65,1.50
2015.02.11 19:46:12.054,0.92827,0.92864,1.65,1.87
2015.02.11 19:46:12.105,0.92828,0.92864,2.32,1.80
2015.02.11 19:46:12.156,0.92828,0.92868,2.32,2.62
2015.02.11 19:46:12.257,0.92833,0.92868,1.50,2.62
2015.02.11 19:46:12.562,0.92835,0.92874,2.32,1.45
2015.02.11 19:46:13.123,0.92836,0.92872,1.57,1.20
2015.02.11 19:46:13.795,0.92833,0.92867,2.70,1.05
2015.02.11 19:46:14.106,0.92832,0.92865,3.45,1.05
2015.02.11 19:46:14.157,0.92832,0.92865,1.47,1.05
2015.02.11 19:46:14.309,0.92832,0.92867,3.37,1.12
2015.02.11 19:46:14.410,0.92836,0.92867,1.57,1.05
2015.02.11 19:46:14.795,0.92834,0.92868,2.32,1.67
2015.02.11 19:46:15.251,0.92832,0.92869,3.45,1.12
2015.02.11 19:46:16.920,0.92832,0.92869,1.15,1.12
2015.02.11 19:46:17.454,0.92832,0.92869,1.17,1.20
2015.02.11 19:46:18.035,0.92832,0.92868,1.17,1.20
2015.02.11 19:46:19.618,0.92845,0.92868,1.50,1.05
2015.02.11 19:46:19.720,0.92842,0.92873,2.25,1.82
2015.02.11 19:46:19.822,0.92842,0.92876,2.32,1.57
2015.02.11 19:46:19.924,0.92842,0.92876,4.50,1.75
2015.02.11 19:46:20.026,0.92842,0.9288,1.15,3.07
2015.02.11 19:46:20.127,0.92843,0.92881,1.57,3.82
2015.02.11 19:46:20.431,0.92844,0.92883,2.32,3.82
2015.02.11 19:46:20.583,0.92842,0.92882,4.95,3.07
2015.02.11 19:46:20.634,0.92845,0.92884,2.25,3.07
2015.02.11 19:46:21.450,0.92845,0.92882,3.07,1.85
2015.02.11 19:46:21.758,0.92845,0.9288,3.07,1.37
2015.02.11 19:46:22.063,0.92845,0.9288,2.32,1.12
2015.02.11 19:46:22.368,0.92848,0.92881,3.07,1.12
2015.02.11 19:46:23.056,0.92851,0.92882,1.57,1.87
2015.02.11 19:46:23.570,0.92851,0.92884,3.07,1.75
2015.02.11 19:46:23.873,0.92851,0.92884,2.32,1.37
2015.02.11 19:46:23.924,0.92854,0.92884,1.00,1.37
2015.02.11 19:46:24.441,0.92854,0.92884,1.10,1.75
2015.02.11 19:46:24.956,0.92854,0.92884,1.10,1.37
2015.02.11 19:46:25.108,0.92852,0.92885,1.57,1.75
2015.02.11 19:46:25.159,0.92852,0.92885,1.57,1.75
2015.02.11 19:46:25.463,0.92852,0.92884,1.65,1.12
2015.02.11 19:46:27.151,0.92852,0.92883,1.17,1.37
2015.02.11 19:46:27.658,0.9285,0.92883,1.27,1.37
2015.02.11 19:46:29.370,0.9285,0.92883,1.27,1.12
2015.02.11 19:46:29.574,0.9285,0.92883,1.10,1.37
2015.02.11 19:46:30.265,0.9285,0.92884,1.07,1.85
2015.02.11 19:46:32.793,0.9285,0.92883,1.17,1.12
2015.02.11 19:46:34.032,0.92848,0.92882,2.70,1.12
2015.02.11 19:46:34.235,0.92848,0.92879,1.12,1.85
2015.02.11 19:46:38.336,0.92844,0.92878,1.00,2.40
2015.02.11 19:46:39.106,0.92844,0.92878,1.00,4.57
2015.02.11 19:46:41.963,0.92844,0.92878,1.00,1.65
2015.02.11 19:46:42.619,0.9284,0.92879,2.32,1.27
2015.02.11 19:46:43.875,0.9284,0.92879,2.32,1.27
2015.02.11 19:46:44.458,0.9284,0.92878,2.32,1.27
2015.02.11 19:46:44.559,0.92838,0.92875,1.42,2.70
2015.02.11 19:46:44.863,0.92838,0.92875,1.47,2.70
2015.02.11 19:46:45.167,0.92837,0.92877,4.20,3.07
2015.02.11 19:46:45.465,0.92837,0.92877,4.16,3.07
2015.02.11 19:46:45.566,0.92839,0.92878,2.32,1.27
2015.02.11 19:46:46.807,0.92837,0.92877,3.37,3.45
2015.02.11 19:46:47.788,0.92837,0.92877,3.41,3.45
2015.02.11 19:46:48.092,0.92845,0.92878,1.65,1.12
2015.02.11 19:46:48.599,0.92845,0.92879,1.65,1.12
2015.02.11 19:46:48.903,0.92843,0.92879,3.07,1.37
2015.02.11 19:46:49.512,0.92843,0.92879,4.20,1.37
2015.02.11 19:46:49.969,0.92843,0.9288,3.82,1.20
2015.02.11 19:46:50.172,0.92843,0.92881,2.32,1.92
2015.02.11 19:46:50.581,0.92841,0.9288,1.15,3.07
2015.02.11 19:46:51.394,0.92841,0.92879,4.87,1.37
2015.02.11 19:46:51.698,0.92841,0.92879,5.25,1.12
2015.02.11 19:46:57.800,0.92845,0.9288,1.50,2.02
2015.02.11 19:46:58.323,0.92843,0.92878,2.02,1.37
2015.02.11 19:46:58.626,0.92844,0.92879,2.02,1.20
2015.02.11 19:46:59.041,0.92845,0.92879,1.57,1.20
2015.02.11 19:46:59.547,0.92845,0.92879,1.50,1.27
2015.02.11 19:46:59.828,0.92844,0.9288,1.20,3.07
2015.02.11 19:46:59.930,0.92844,0.9288,1.12,3.45
2015.02.11 19:47:00.234,0.92844,0.92879,1.00,1.27
2015.02.11 19:47:00.857,0.92844,0.9288,1.00,3.07
2015.02.11 19:47:00.959,0.92845,0.92879,1.00,1.27
2015.02.11 19:47:01.738,0.92845,0.92879,2.25,1.90
2015.02.11 19:47:02.147,0.92845,0.92879,1.10,1.95
2015.02.11 19:47:02.755,0.92845,0.92879,2.25,2.17
2015.02.11 19:47:03.864,0.92843,0.92879,1.65,1.27
2015.02.11 19:47:04.474,0.92845,0.92879,1.50,1.27
2015.02.11 19:47:04.955,0.92845,0.92879,1.65,1.12
2015.02.11 19:47:05.461,0.92845,0.92879,1.50,1.27
2015.02.11 19:47:06.379,0.92844,0.92874,1.10,1.75
2015.02.11 19:47:06.532,0.92841,0.92872,1.37,1.85
2015.02.11 19:47:06.815,0.92841,0.92869,1.37,1.37
2015.02.11 19:47:09.236,0.92839,0.92869,1.12,1.87
2015.02.11 19:47:09.692,0.92837,0.92868,1.00,1.37
2015.02.11 19:47:09.794,0.92837,0.92869,1.00,3.15
2015.02.11 19:47:10.098,0.92842,0.92868,2.25,1.37
2015.02.11 19:47:10.505,0.92837,0.92868,1.00,1.55
2015.02.11 19:47:10.808,0.92836,0.92867,1.50,1.47
2015.02.11 19:47:13.533,0.92836,0.92859,1.50,1.37
2015.02.11 19:47:13.989,0.92835,0.92865,1.50,1.65
2015.02.11 19:47:15.111,0.92835,0.92865,1.50,1.95
2015.02.11 19:47:15.366,0.92833,0.92864,3.75,1.12
2015.02.11 19:47:15.467,0.92827,0.92859,1.00,1.20
2015.02.11 19:47:15.518,0.92827,0.92859,1.00,1.47
2015.02.11 19:47:15.620,0.92821,0.92856,1.50,2.70
2015.02.11 19:47:15.711,0.92821,0.92854,1.50,2.70
2015.02.11 19:47:15.762,0.92817,0.92854,1.47,2.32
2015.02.11 19:47:16.016,0.92812,0.92852,3.07,2.32
2015.02.11 19:47:16.168,0.92812,0.92852,2.70,2.32
2015.02.11 19:47:16.869,0.92824,0.92852,1.50,2.32
2015.02.11 19:47:16.921,0.92827,0.92859,1.50,3.52
2015.02.11 19:47:16.972,0.92827,0.92859,1.50,2.77
2015.02.11 19:47:17.479,0.92827,0.92862,1.50,1.27
2015.02.11 19:47:17.840,0.92823,0.9286,1.10,2.70
2015.02.11 19:47:21.827,0.92819,0.92856,1.10,2.32
2015.02.11 19:47:24.654,0.92816,0.92855,1.65,4.50
2015.02.11 19:47:26.402,0.92814,0.92855,1.15,4.87
2015.02.11 19:47:28.057,0.92813,0.92855,5.25,4.87
2015.02.11 19:47:29.834,0.92815,0.92848,1.00,1.52
2015.02.11 19:47:30.037,0.92811,0.92848,1.17,1.52
2015.02.11 19:47:31.037,0.92814,0.92848,1.00,2.40
2015.02.11 19:47:32.709,0.92814,0.92848,1.00,2.40
2015.02.11 19:47:32.812,0.92805,0.92839,3.07,1.00
2015.02.11 19:47:32.913,0.92801,0.92841,3.07,2.70
2015.02.11 19:47:32.964,0.92801,0.92839,1.07,2.70
2015.02.11 19:47:33.268,0.92799,0.92839,3.45,2.70
2015.02.11 19:47:34.966,0.92799,0.92836,1.57,3.07
2015.02.11 19:47:35.067,0.92799,0.92838,1.65,3.07
2015.02.11 19:47:36.950,0.92802,0.92838,1.00,4.20
2015.02.11 19:47:37.254,0.92799,0.92834,1.00,2.70
2015.02.11 19:47:37.305,0.92797,0.92834,1.10,2.70
2015.02.11 19:47:38.621,0.92794,0.92834,3.07,2.70
2015.02.11 19:47:48.113,0.92793,0.92832,3.15,2.70
2015.02.11 19:47:49.123,0.92797,0.92836,2.32,1.27
2015.02.11 19:47:49.275,0.92797,0.92837,2.32,2.70
2015.02.11 19:47:49.326,0.92802,0.92839,1.57,3.45
2015.02.11 19:47:50.965,0.92802,0.92839,1.57,2.70
2015.02.11 19:47:53.261,0.92819,0.92839,1.50,2.32
2015.02.11 19:47:53.313,0.92818,0.92846,1.50,1.12
2015.02.11 19:47:53.566,0.92819,0.92848,1.50,1.37
2015.02.11 19:47:53.769,0.92819,0.92848,1.50,1.87
2015.02.11 19:47:54.278,0.92819,0.92848,1.50,1.75
2015.02.11 19:47:56.545,0.92816,0.92842,1.50,1.75
2015.02.11 19:47:56.647,0.9281,0.92841,1.50,1.27
2015.02.11 19:47:57.053,0.92807,0.92841,2.25,1.92
2015.02.11 19:47:57.154,0.92802,0.92839,1.57,3.07
2015.02.11 19:47:57.470,0.92802,0.92839,1.57,3.07
2015.02.11 19:47:57.572,0.92802,0.92839,1.57,3.45
2015.02.11 19:47:57.674,0.92802,0.92839,1.57,3.07
2015.02.11 19:47:57.775,0.92802,0.92839,1.57,3.45
2015.02.11 19:47:58.313,0.92802,0.92839,1.57,3.07
2015.02.11 19:47:58.620,0.92819,0.92836,1.00,3.07
2015.02.11 19:47:58.671,0.92799,0.92836,1.10,2.32
2015.02.11 19:47:58.925,0.92799,0.92839,1.15,5.25
2015.02.11 19:47:59.431,0.92806,0.92839,1.50,3.00
2015.02.11 19:47:59.737,0.9281,0.92844,1.50,3.15
2015.02.11 19:48:00.195,0.92809,0.92845,1.50,2.70
2015.02.11 19:48:01.344,0.9281,0.92845,1.50,3.07
2015.02.11 19:48:01.961,0.9281,0.92845,1.50,3.07
2015.02.11 19:48:03.393,0.9281,0.92844,1.50,1.65
2015.02.11 19:48:03.596,0.9281,0.92844,1.50,1.15
2015.02.11 19:48:05.734,0.9281,0.92847,1.65,2.40
2015.02.11 19:48:05.785,0.92813,0.92847,1.00,2.40
2015.02.11 19:48:06.089,0.92813,0.92847,1.15,1.37
2015.02.11 19:48:06.394,0.92815,0.92852,1.57,3.07
2015.02.11 19:48:06.850,0.92813,0.92849,1.52,1.20
2015.02.11 19:48:06.901,0.92813,0.92851,1.52,1.27
2015.02.11 19:48:08.432,0.92814,0.92852,3.45,1.20
2015.02.11 19:48:08.534,0.92814,0.92852,1.27,3.45
2015.02.11 19:48:11.543,0.92814,0.92852,1.27,3.45
2015.02.11 19:48:13.117,0.92814,0.92852,1.27,3.45
2015.02.11 19:48:14.331,0.92814,0.92852,1.27,3.45
2015.02.11 19:48:14.585,0.92819,0.92852,1.00,3.45
2015.02.11 19:48:14.835,0.9282,0.92853,1.10,1.12
2015.02.11 19:48:15.385,0.92821,0.92853,1.00,1.12
2015.02.11 19:48:15.894,0.9282,0.92855,2.32,2.40
2015.02.11 19:48:16.416,0.92821,0.92855,1.00,2.40
2015.02.11 19:48:18.298,0.9282,0.92855,2.32,2.40
2015.02.11 19:48:19.024,0.92821,0.92855,1.00,2.40
2015.02.11 19:48:20.932,0.92821,0.92855,1.00,2.40
2015.02.11 19:48:21.136,0.92824,0.92855,1.50,1.87
2015.02.11 19:48:21.339,0.92824,0.92857,1.07,1.57
2015.02.11 19:48:21.441,0.92824,0.92857,1.15,1.00
2015.02.11 19:48:21.543,0.92825,0.92864,2.32,3.07
2015.02.11 19:48:21.847,0.92827,0.92866,3.07,3.07
2015.02.11 19:48:22.266,0.92827,0.92867,2.32,3.07
2015.02.11 19:48:22.574,0.92827,0.92864,1.57,4.20
2015.02.11 19:48:23.592,0.92826,0.92865,2.32,1.27
2015.02.11 19:48:23.896,0.92826,0.92864,2.32,1.27
2015.02.11 19:48:24.049,0.92831,0.92866,2.25,1.45
2015.02.11 19:48:24.358,0.92831,0.92871,2.70,2.32
2015.02.11 19:48:24.538,0.92834,0.92874,2.32,2.70
2015.02.11 19:48:25.096,0.92834,0.92869,2.32,1.00
2015.02.11 19:48:25.197,0.92832,0.92871,1.15,2.32
2015.02.11 19:48:25.248,0.92833,0.92872,2.32,2.70
2015.02.11 19:48:25.755,0.92832,0.92867,3.00,2.25
2015.02.11 19:48:25.806,0.92831,0.92865,1.00,1.17
2015.02.11 19:48:25.857,0.92831,0.92864,1.00,2.25
2015.02.11 19:48:25.908,0.92828,0.92864,1.00,3.07
2015.02.11 19:48:26.415,0.92827,0.92864,1.57,3.45
2015.02.11 19:48:26.922,0.92827,0.92864,1.57,3.45
2015.02.11 19:48:27.436,0.92827,0.92862,2.25,2.70
2015.02.11 19:48:28.160,0.92827,0.92862,2.25,2.70
2015.02.11 19:48:28.363,0.92827,0.9286,2.25,4.57
2015.02.11 19:48:29.907,0.92825,0.92858,1.00,3.82
2015.02.11 19:48:31.179,0.92821,0.92858,3.07,4.57
2015.02.11 19:48:31.765,0.92822,0.92858,1.12,4.57
2015.02.11 19:48:32.170,0.92824,0.92858,1.00,4.57
2015.02.11 19:48:33.711,0.92824,0.92858,1.00,4.20
2015.02.11 19:48:33.762,0.92821,0.92855,1.10,1.47
2015.02.11 19:48:35.521,0.92821,0.92855,1.10,1.47
2015.02.11 19:48:36.735,0.92821,0.92855,1.47,1.85
2015.02.11 19:48:37.611,0.92821,0.92855,1.10,1.85
2015.02.11 19:48:37.713,0.92821,0.92854,1.10,1.75
2015.02.11 19:48:37.916,0.92821,0.92852,1.00,1.00
2015.02.11 19:48:39.078,0.92821,0.92854,1.00,2.02
2015.02.11 19:48:39.180,0.92821,0.92852,1.00,1.00
2015.02.11 19:48:43.400,0.92821,0.92854,1.00,1.92
2015.02.11 19:48:44.008,0.92821,0.92854,1.00,1.92
2015.02.11 19:48:44.945,0.92819,0.92851,1.10,1.50
2015.02.11 19:48:44.996,0.92819,0.9285,1.00,2.70
2015.02.11 19:48:49.519,0.92815,0.9285,1.00,2.70
2015.02.11 19:48:49.875,0.92811,0.9285,1.65,3.07
2015.02.11 19:48:52.433,0.92811,0.9285,1.15,3.07
2015.02.11 19:48:52.535,0.92811,0.92848,1.10,2.70
2015.02.11 19:48:55.419,0.9281,0.92848,1.65,3.82
2015.02.11 19:48:55.976,0.9281,0.92848,1.65,3.82
2015.02.11 19:48:56.511,0.9281,0.92848,1.65,3.45
2015.02.11 19:48:56.713,0.92809,0.92846,1.10,2.70
2015.02.11 19:48:57.173,0.92805,0.92845,1.15,4.87
2015.02.11 19:49:06.068,0.9282,0.92845,1.00,6.00
2015.02.11 19:49:06.272,0.92804,0.92845,1.15,5.62
2015.02.11 19:49:06.323,0.92804,0.92842,1.15,2.70
2015.02.11 19:49:06.475,0.92802,0.9284,1.65,2.32
2015.02.11 19:49:10.246,0.92799,0.92837,1.17,2.32
2015.02.11 19:49:13.091,0.92801,0.92835,1.00,1.55
2015.02.11 19:49:14.079,0.92797,0.92837,2.70,2.70
2015.02.11 19:49:19.481,0.92799,0.92839,3.07,2.70
2015.02.11 19:49:19.786,0.92797,0.92837,3.07,2.32
2015.02.11 19:49:20.337,0.92797,0.92837,3.07,2.70
2015.02.11 19:49:21.571,0.92797,0.92837,2.32,4.20
2015.02.11 19:49:21.673,0.92797,0.92837,2.32,3.45
2015.02.11 19:49:24.529,0.92797,0.92837,2.32,3.82
2015.02.11 19:49:24.681,0.92798,0.92836,1.15,1.52
2015.02.11 19:49:26.302,0.92798,0.92836,1.15,1.52
2015.02.11 19:49:26.856,0.92798,0.92836,1.15,1.52
2015.02.11 19:49:27.242,0.92798,0.92835,1.10,2.70
2015.02.11 19:49:29.480,0.92798,0.92836,3.00,3.45
2015.02.11 19:49:29.982,0.92802,0.92836,1.50,1.65
2015.02.11 19:49:30.488,0.92799,0.92836,3.82,1.65
2015.02.11 19:49:30.691,0.92798,0.92836,1.20,1.65
2015.02.11 19:49:32.228,0.92798,0.92836,1.17,1.65
2015.02.11 19:49:32.754,0.92798,0.92836,3.07,1.65
2015.02.11 19:49:33.058,0.92798,0.92836,3.07,1.65
2015.02.11 19:49:37.419,0.92799,0.92836,1.57,3.45
2015.02.11 19:49:37.521,0.928,0.92833,1.17,1.37
2015.02.11 19:49:38.027,0.928,0.92833,1.10,1.47
2015.02.11 19:49:38.334,0.92802,0.92833,1.50,1.37
2015.02.11 19:49:38.847,0.928,0.92833,1.17,1.37
2015.02.11 19:49:39.356,0.928,0.92833,1.00,1.55
2015.02.11 19:49:39.931,0.928,0.92833,1.00,1.17
2015.02.11 19:49:40.032,0.92795,0.92835,3.45,2.32
2015.02.11 19:49:48.639,0.92802,0.92835,1.50,2.32
2015.02.11 19:49:48.741,0.92802,0.92837,1.50,2.70
2015.02.11 19:49:49.927,0.92802,0.92837,1.50,3.07
2015.02.11 19:49:50.028,0.92802,0.92836,1.50,1.27
2015.02.11 19:49:50.130,0.92802,0.92837,1.50,3.45
2015.02.11 19:49:50.770,0.92799,0.92836,1.07,3.07
2015.02.11 19:49:50.871,0.92797,0.92835,1.17,2.70
2015.02.11 19:49:52.335,0.92796,0.92835,1.27,3.07
2015.02.11 19:49:53.245,0.92796,0.92835,1.27,3.07
2015.02.11 19:49:57.162,0.92794,0.92833,1.15,3.07
2015.02.11 19:50:00.258,0.92807,0.92836,1.50,1.12
2015.02.11 19:50:00.562,0.9281,0.92836,1.50,1.12
2015.02.11 19:50:00.765,0.9281,0.92836,1.50,1.12
2015.02.11 19:50:00.968,0.9281,0.92837,1.50,1.75
2015.02.11 19:50:01.171,0.9281,0.92837,1.50,1.12
2015.02.11 19:50:01.677,0.9281,0.92837,1.50,1.12
2015.02.11 19:50:12.103,0.9281,0.92838,1.50,1.12
2015.02.11 19:50:12.205,0.9281,0.92837,1.50,1.12
2015.02.11 19:50:12.511,0.9281,0.92838,1.50,1.12
2015.02.11 19:50:13.427,0.9281,0.92839,1.50,2.25
2015.02.11 19:50:13.528,0.9281,0.9284,1.50,1.37
2015.02.11 19:50:13.782,0.9281,0.92842,1.50,1.12
2015.02.11 19:50:13.833,0.9281,0.92842,1.50,1.37
2015.02.11 19:50:13.935,0.9281,0.92842,1.50,1.00
2015.02.11 19:50:16.132,0.9281,0.92842,2.25,1.37
2015.02.11 19:50:16.645,0.9281,0.92844,1.50,1.45
2015.02.11 19:50:23.349,0.9281,0.92846,1.50,3.37
2015.02.11 19:50:23.859,0.9281,0.92845,1.65,1.12
2015.02.11 19:50:24.102,0.9281,0.92832,1.65,1.97
2015.02.11 19:50:24.407,0.92805,0.92818,1.00,1.00
2015.02.11 19:50:24.560,0.92788,0.92818,3.94,1.50
2015.02.11 19:50:24.814,0.92787,0.92818,1.00,1.65
2015.02.11 19:50:24.865,0.92784,0.92818,1.02,1.65
2015.02.11 19:50:25.371,0.92784,0.92818,1.14,2.40
2015.02.11 19:50:25.847,0.92786,0.92818,1.00,2.02
2015.02.11 19:50:26.049,0.92784,0.92818,1.14,2.02
2015.02.11 19:50:30.892,0.92784,0.92817,1.14,1.37
2015.02.11 19:50:31.741,0.92784,0.92812,1.14,1.37
2015.02.11 19:50:31.894,0.92783,0.92804,2.26,2.77
2015.02.11 19:50:31.945,0.9278,0.92801,1.50,1.00
2015.02.11 19:50:31.996,0.92774,0.92801,1.90,1.00
2015.02.11 19:50:32.097,0.92775,0.928,1.37,1.37
2015.02.11 19:50:32.351,0.92772,0.928,1.50,1.65
2015.02.11 19:50:32.604,0.92771,0.92804,2.25,1.57
2015.02.11 19:50:33.110,0.92769,0.92808,6.37,1.20
2015.02.11 19:50:33.644,0.92772,0.92812,2.70,3.45
2015.02.11 19:50:35.086,0.92772,0.9279,2.25,2.62
2015.02.11 19:50:35.239,0.9276,0.92781,1.01,1.00
2015.02.11 19:50:35.340,0.92749,0.9278,3.22,1.17
2015.02.11 19:50:35.442,0.92749,0.92779,2.25,1.10
2015.02.11 19:50:35.950,0.92749,0.92778,1.50,1.00
2015.02.11 19:50:36.716,0.92749,0.92778,1.50,1.07
2015.02.11 19:50:37.020,0.92749,0.92777,1.50,2.32
2015.02.11 19:50:41.548,0.92749,0.92778,2.25,1.15
2015.02.11 19:50:41.954,0.92748,0.92772,1.50,1.00
2015.02.11 19:50:42.258,0.92749,0.92777,1.50,1.17
2015.02.11 19:50:45.173,0.92752,0.92777,1.00,1.65
2015.02.11 19:50:45.427,0.92749,0.92775,1.50,1.00
2015.02.11 19:50:46.295,0.92749,0.92777,1.50,1.17
2015.02.11 19:50:46.903,0.92749,0.92777,2.85,1.17
2015.02.11 19:50:47.246,0.92749,0.92777,2.85,1.17
2015.02.11 19:50:47.550,0.92758,0.92779,4.35,1.50
2015.02.11 19:50:47.854,0.92764,0.92784,1.00,3.00
2015.02.11 19:50:47.905,0.92764,0.92784,1.72,1.00
2015.02.11 19:50:48.007,0.92764,0.92792,1.72,2.70
2015.02.11 19:50:48.312,0.92768,0.92794,1.00,1.07
2015.02.11 19:50:48.516,0.92769,0.92798,1.72,1.15
2015.02.11 19:50:48.567,0.92769,0.92798,1.37,1.07
2015.02.11 19:50:48.821,0.92775,0.92803,1.50,3.07
2015.02.11 19:50:48.923,0.92783,0.92807,1.50,2.32
2015.02.11 19:50:48.974,0.92783,0.92809,1.50,3.07
2015.02.11 19:50:49.025,0.92783,0.92812,1.50,2.70
2015.02.11 19:50:49.178,0.92783,0.92813,1.50,2.32
2015.02.11 19:50:49.229,0.92783,0.92815,1.50,2.32
2015.02.11 19:50:49.280,0.92783,0.92816,1.50,1.15
2015.02.11 19:50:49.737,0.92792,0.92817,1.50,2.32
2015.02.11 19:50:49.838,0.92792,0.92822,1.50,2.32
2015.02.11 19:50:51.928,0.92792,0.92824,1.50,3.45
2015.02.11 19:50:52.488,0.92791,0.92823,1.50,3.07
2015.02.11 19:50:55.198,0.92806,0.92823,1.00,4.87
2015.02.11 19:50:55.351,0.92806,0.92828,1.00,1.00
2015.02.11 19:50:55.553,0.92801,0.92828,1.50,1.12
2015.02.11 19:50:55.604,0.92801,0.92828,1.50,1.20
2015.02.11 19:50:55.655,0.92793,0.92828,1.00,1.27
2015.02.11 19:50:55.706,0.92793,0.92827,1.00,2.32
2015.02.11 19:50:56.047,0.92792,0.92825,1.50,2.32
2015.02.11 19:50:56.607,0.92792,0.92816,1.50,2.25
2015.02.11 19:50:57.642,0.92792,0.92811,2.25,1.00
2015.02.11 19:50:57.744,0.92792,0.92817,2.25,1.00
2015.02.11 19:50:57.845,0.92794,0.92819,1.00,1.65
2015.02.11 19:50:59.349,0.92794,0.92815,1.00,1.15
2015.02.11 19:50:59.401,0.92792,0.92814,1.50,1.17
2015.02.11 19:50:59.604,0.92792,0.92809,1.50,1.00
2015.02.11 19:51:02.307,0.92792,0.92805,1.50,1.00
2015.02.11 19:51:02.409,0.92789,0.92807,1.50,2.25
2015.02.11 19:51:02.460,0.92778,0.92804,1.37,1.00
2015.02.11 19:51:02.511,0.92787,0.92804,1.00,1.00
2015.02.11 19:51:02.562,0.92787,0.92809,1.00,1.00
2015.02.11 19:51:02.816,0.92783,0.92808,1.00,3.00
2015.02.11 19:51:02.918,0.92781,0.92808,1.00,3.82
2015.02.11 19:51:03.019,0.92779,0.92808,1.00,3.07
2015.02.11 19:51:03.961,0.92777,0.92808,1.00,2.32
2015.02.11 19:51:04.012,0.92775,0.92808,1.87,2.32
2015.02.11 19:51:04.063,0.92783,0.92811,1.00,1.65
2015.02.11 19:51:05.291,0.92783,0.92811,1.37,1.15
2015.02.11 19:51:06.409,0.92786,0.92811,1.00,1.15
2015.02.11 19:51:06.714,0.92785,0.92808,1.00,2.32
2015.02.11 19:51:06.765,0.92785,0.92811,1.00,1.65
2015.02.11 19:51:07.457,0.92782,0.92812,1.00,1.15
2015.02.11 19:51:10.775,0.92784,0.92811,1.00,1.15
2015.02.11 19:51:17.811,0.92782,0.92812,2.62,1.17
2015.02.11 19:51:18.632,0.92792,0.92811,1.50,1.10
2015.02.11 19:51:18.987,0.92789,0.92811,1.00,1.10
2015.02.11 19:51:19.088,0.92783,0.92811,2.25,1.10
2015.02.11 19:51:22.401,0.9279,0.92811,1.00,1.10
2015.02.11 19:51:24.874,0.9279,0.92811,1.37,1.10
2015.02.11 19:51:25.468,0.92795,0.92811,1.00,1.10
2015.02.11 19:51:25.773,0.92793,0.92811,1.00,1.10
2015.02.11 19:51:25.874,0.92796,0.92811,1.00,1.10
2015.02.11 19:51:26.027,0.92793,0.92811,1.00,1.10
2015.02.11 19:51:26.230,0.92795,0.92811,1.00,1.10
2015.02.11 19:51:26.331,0.92793,0.92811,1.00,1.10
2015.02.11 19:51:26.383,0.92795,0.92811,2.10,1.00
2015.02.11 19:51:26.889,0.92794,0.92812,2.10,1.00
2015.02.11 19:51:27.396,0.92796,0.92812,1.00,1.00
2015.02.11 19:51:27.726,0.92799,0.92812,1.00,1.00
2015.02.11 19:51:27.777,0.92795,0.92812,1.35,1.00
2015.02.11 19:51:27.878,0.92798,0.92812,1.00,1.00
2015.02.11 19:51:28.760,0.928,0.92812,1.00,1.00
2015.02.11 19:51:29.190,0.92795,0.92812,1.35,1.00
2015.02.11 19:51:29.397,0.92797,0.92811,1.00,1.00
2015.02.11 19:51:29.658,0.92794,0.92811,1.00,1.00
2015.02.11 19:51:29.760,0.92798,0.92811,1.00,1.00
2015.02.11 19:51:29.861,0.92792,0.92811,3.00,1.00
2015.02.11 19:51:32.402,0.92795,0.92811,1.00,1.00
2015.02.11 19:51:32.912,0.92792,0.92811,2.25,1.00
2015.02.11 19:51:34.244,0.92794,0.92811,1.00,1.00
2015.02.11 19:51:34.558,0.92797,0.92811,1.00,1.00
2015.02.11 19:51:34.710,0.92788,0.92811,1.00,1.15
2015.02.11 19:51:35.842,0.92787,0.92811,1.00,1.15
2015.02.11 19:51:35.994,0.92785,0.92811,1.00,1.15
2015.02.11 19:51:36.252,0.92788,0.92811,1.00,1.15
2015.02.11 19:51:42.060,0.92787,0.92811,1.00,1.15
2015.02.11 19:51:42.372,0.9279,0.92811,1.00,1.15
2015.02.11 19:51:42.631,0.92787,0.92811,1.00,1.15
2015.02.11 19:51:42.835,0.92789,0.92811,1.00,1.15
2015.02.11 19:51:43.150,0.92793,0.92811,1.00,1.15
2015.02.11 19:51:44.174,0.92789,0.92811,1.00,1.15
2015.02.11 19:51:44.937,0.92786,0.92811,1.00,1.65
2015.02.11 19:51:45.243,0.92788,0.92811,1.00,1.15
2015.02.11 19:51:45.603,0.92785,0.9281,1.00,1.17
2015.02.11 19:51:45.806,0.9279,0.92811,1.00,1.15
2015.02.11 19:51:46.352,0.92788,0.92811,1.00,1.15
2015.02.11 19:51:46.454,0.92792,0.92811,1.00,1.15
2015.02.11 19:51:46.814,0.92789,0.92811,1.00,1.15
2015.02.11 19:51:47.239,0.92791,0.92811,1.00,1.15
2015.02.11 19:51:47.792,0.92788,0.92811,1.00,1.15
2015.02.11 19:51:47.893,0.92791,0.92811,1.00,1.15
2015.02.11 19:51:47.995,0.92787,0.92811,1.00,1.15
2015.02.11 19:51:48.248,0.92791,0.92811,1.00,1.15
2015.02.11 19:51:49.227,0.92791,0.9281,1.00,2.32
2015.02.11 19:51:49.330,0.92777,0.9281,2.25,2.32
2015.02.11 19:51:53.470,0.92783,0.9281,1.37,2.32
2015.02.11 19:51:53.976,0.92783,0.9281,1.37,2.32
2015.02.11 19:52:01.359,0.92783,0.9281,1.37,2.32
2015.02.11 19:52:02.119,0.92783,0.9281,1.37,2.32
2015.02.11 19:52:03.010,0.92783,0.9281,1.37,2.32
2015.02.11 19:52:05.483,0.92785,0.9281,1.00,3.07
2015.02.11 19:52:05.788,0.92785,0.92808,1.00,2.32
2015.02.11 19:52:06.143,0.92783,0.92808,1.00,3.07
2015.02.11 19:52:08.640,0.92783,0.92801,1.00,1.00
2015.02.11 19:52:08.692,0.92774,0.92801,1.50,1.17
2015.02.11 19:52:08.844,0.92774,0.92799,1.00,1.50
2015.02.11 19:52:08.895,0.92771,0.92799,1.12,1.50
2015.02.11 19:52:09.979,0.92772,0.92799,1.00,1.65
2015.02.11 19:52:15.042,0.92769,0.92799,1.37,1.65
2015.02.11 19:52:17.430,0.92768,0.92794,1.37,1.50
2015.02.11 19:52:17.937,0.92767,0.92793,2.25,1.50
2015.02.11 19:52:18.240,0.92767,0.92783,1.50,1.00
2015.02.11 19:52:19.203,0.92767,0.92783,2.25,1.00
2015.02.11 19:52:19.557,0.92769,0.92799,1.37,2.40
2015.02.11 19:52:20.391,0.92767,0.92799,1.87,1.65
2015.02.11 19:52:20.595,0.92767,0.92806,1.90,2.32
2015.02.11 19:52:20.849,0.92768,0.92808,3.45,2.32
2015.02.11 19:52:29.858,0.9277,0.92808,1.92,2.32
2015.02.11 19:52:30.539,0.92771,0.92808,1.85,2.32
2015.02.11 19:52:32.413,0.92771,0.92808,1.85,2.32
2015.02.11 19:52:32.515,0.9277,0.92808,1.92,2.32
2015.02.11 19:52:34.809,0.92768,0.92808,4.20,2.32
2015.02.11 19:52:34.860,0.92782,0.92806,1.00,2.32
2015.02.11 19:52:35.166,0.92784,0.92806,1.00,3.07
2015.02.11 19:52:37.626,0.92783,0.92806,1.00,3.07
2015.02.11 19:52:40.574,0.92781,0.92806,1.00,3.07
2015.02.11 19:52:40.827,0.92778,0.92803,1.00,1.10
2015.02.11 19:52:40.928,0.9278,0.92805,1.00,1.52
2015.02.11 19:52:41.313,0.92779,0.92804,1.00,3.45
2015.02.11 19:52:41.438,0.92777,0.92802,1.00,1.17
2015.02.11 19:52:42.916,0.92776,0.92801,1.00,1.10
2015.02.11 19:52:43.576,0.92779,0.92804,1.00,3.45
2015.02.11 19:52:43.954,0.92781,0.92804,1.00,2.70
2015.02.11 19:52:45.655,0.92782,0.92804,1.00,2.70
2015.02.11 19:52:46.645,0.92783,0.92804,1.00,2.70
2015.02.11 19:52:49.819,0.92781,0.92804,1.00,2.32
2015.02.11 19:52:49.921,0.92783,0.92804,1.00,2.32
2015.02.11 19:52:50.377,0.9278,0.92804,1.00,2.32
2015.02.11 19:52:50.927,0.92782,0.92804,1.00,2.70
2015.02.11 19:52:51.354,0.92783,0.92807,1.00,3.45
2015.02.11 19:52:51.455,0.92786,0.92806,1.00,1.15
2015.02.11 19:52:51.658,0.92786,0.92809,1.00,3.82
2015.02.11 19:52:51.710,0.92784,0.92809,1.00,4.57
2015.02.11 19:52:51.812,0.92787,0.92809,1.00,3.82
2015.02.11 19:52:51.913,0.92785,0.92809,1.00,3.82
2015.02.11 19:52:52.015,0.92783,0.92808,1.00,1.15
2015.02.11 19:52:52.342,0.92786,0.92809,1.00,3.82
2015.02.11 19:52:54.460,0.92787,0.92809,1.00,3.82
2015.02.11 19:52:54.562,0.92785,0.92809,1.00,3.82
2015.02.11 19:52:55.098,0.92784,0.92809,1.00,4.57
2015.02.11 19:52:56.401,0.92785,0.92809,1.00,3.82
2015.02.11 19:53:01.941,0.92783,0.92808,1.00,1.15
2015.02.11 19:53:02.454,0.92784,0.92807,1.00,1.17
2015.02.11 19:53:04.909,0.92784,0.92807,1.00,1.29
2015.02.11 19:53:05.413,0.92784,0.92807,1.00,1.40
2015.02.11 19:53:06.140,0.92785,0.92807,1.00,1.40
2015.02.11 19:53:09.189,0.92783,0.92807,1.00,1.40
2015.02.11 19:53:10.550,0.92783,0.92807,1.15,1.10
2015.02.11 19:53:10.601,0.92786,0.92809,1.00,1.65
2015.02.11 19:53:10.906,0.92788,0.92809,1.00,1.65
2015.02.11 19:53:11.058,0.92784,0.92809,1.00,2.40
2015.02.11 19:53:11.359,0.92786,0.92809,1.00,1.65
2015.02.11 19:53:11.733,0.92783,0.92809,1.00,1.65
2015.02.11 19:53:12.281,0.92787,0.92809,1.00,1.65
2015.02.11 19:53:13.824,0.92784,0.92809,1.00,1.65
2015.02.11 19:53:14.026,0.92782,0.92807,1.00,1.00
2015.02.11 19:53:40.206,0.92786,0.92808,1.00,1.17
2015.02.11 19:53:40.410,0.92779,0.92809,1.00,2.77
2015.02.11 19:53:40.513,0.92779,0.92808,1.00,2.70
2015.02.11 19:53:40.818,0.92785,0.92808,1.00,2.32
2015.02.11 19:53:41.173,0.92788,0.92808,1.00,2.32
2015.02.11 19:53:41.279,0.92784,0.92808,1.00,2.32
2015.02.11 19:53:41.805,0.92783,0.92808,1.00,2.32
2015.02.11 19:53:46.013,0.92784,0.92808,1.00,2.70
2015.02.11 19:53:46.165,0.92779,0.92808,1.00,2.70
2015.02.11 19:53:50.795,0.92778,0.92808,1.00,2.70
2015.02.11 19:53:51.332,0.92778,0.92807,1.00,5.25
2015.02.11 19:53:52.739,0.92778,0.92807,1.12,1.15
2015.02.11 19:53:55.359,0.92776,0.92805,1.00,1.15
2015.02.11 19:53:58.390,0.92775,0.92806,1.87,2.32
2015.02.11 19:53:59.197,0.92774,0.92806,1.00,2.70
2015.02.11 19:54:00.684,0.92785,0.92806,1.00,2.32
2015.02.11 19:54:01.010,0.92774,0.92806,1.00,2.32
2015.02.11 19:54:01.558,0.92774,0.92807,1.00,1.15
2015.02.11 19:54:02.179,0.92774,0.92806,1.00,3.45
2015.02.11 19:54:03.973,0.92774,0.92799,1.00,1.00
2015.02.11 19:54:04.125,0.92771,0.92799,1.00,1.65
2015.02.11 19:54:04.227,0.9277,0.92794,1.00,1.00
2015.02.11 19:54:04.531,0.92773,0.92795,1.00,1.00
2015.02.11 19:54:04.854,0.92771,0.92794,1.00,1.50
2015.02.11 19:54:04.956,0.92766,0.92794,1.37,1.00
2015.02.11 19:54:05.057,0.92771,0.92794,1.00,1.00
2015.02.11 19:54:05.396,0.92766,0.92794,1.37,1.50
2015.02.11 19:54:05.447,0.92765,0.92794,1.12,1.45
2015.02.11 19:54:05.599,0.92763,0.92794,1.50,1.52
2015.02.11 19:54:05.922,0.92761,0.92791,1.00,1.00
2015.02.11 19:54:06.327,0.92761,0.92789,1.00,1.00
2015.02.11 19:54:06.828,0.9276,0.9279,1.12,1.15
2015.02.11 19:54:07.134,0.92762,0.9279,1.00,1.15
2015.02.11 19:54:07.498,0.9276,0.9279,1.87,1.15
2015.02.11 19:54:07.802,0.92758,0.9279,1.00,1.15
2015.02.11 19:54:08.672,0.92758,0.92789,1.00,2.32
2015.02.11 19:54:08.773,0.92758,0.9279,1.00,1.15
2015.02.11 19:54:09.295,0.92757,0.9279,1.12,5.62
2015.02.11 19:54:10.122,0.92758,0.92785,1.00,1.00
2015.02.11 19:54:10.655,0.92759,0.92785,1.00,1.00
2015.02.11 19:54:10.909,0.92757,0.92785,1.12,1.00
2015.02.11 19:54:11.879,0.92757,0.92784,1.12,1.00
2015.02.11 19:54:14.785,0.92757,0.92786,1.50,1.00
2015.02.11 19:54:14.887,0.9276,0.92786,1.00,1.00
2015.02.11 19:54:15.604,0.92757,0.92784,1.87,1.00
2015.02.11 19:54:15.705,0.92757,0.92789,1.12,1.15
2015.02.11 19:54:18.278,0.92757,0.92783,1.12,2.25
2015.02.11 19:54:18.380,0.92752,0.92781,1.12,2.32
2015.02.11 19:54:18.431,0.9275,0.92781,1.87,2.70
2015.02.11 19:54:18.583,0.92749,0.92779,1.50,2.02
2015.02.11 19:54:19.109,0.9275,0.92779,1.00,2.02
2015.02.11 19:54:19.659,0.92749,0.92779,1.00,1.55
2015.02.11 19:54:19.862,0.92749,0.92779,1.00,1.65
2015.02.11 19:54:19.913,0.92751,0.92779,1.00,1.00
2015.02.11 19:54:20.420,0.92752,0.92783,1.00,2.32
2015.02.11 19:54:20.572,0.9275,0.92783,1.12,2.32
2015.02.11 19:54:20.674,0.92765,0.92783,1.00,2.32
2015.02.11 19:54:20.927,0.92747,0.92783,2.25,2.32
2015.02.11 19:54:22.329,0.92751,0.92783,1.00,2.32
2015.02.11 19:54:22.832,0.92749,0.92783,1.50,2.32
2015.02.11 19:54:23.419,0.92766,0.92783,1.00,2.32
2015.02.11 19:54:23.723,0.92769,0.92783,0.75,2.32
2015.02.11 19:54:23.957,0.92763,0.92783,1.00,2.32
2015.02.11 19:54:24.110,0.92766,0.92783,1.00,2.32
2015.02.11 19:54:24.541,0.92768,0.92783,1.00,2.32
2015.02.11 19:54:26.281,0.92768,0.92784,1.00,2.32
2015.02.11 19:54:26.383,0.92765,0.92783,1.00,2.32
2015.02.11 19:54:26.738,0.92761,0.92783,1.00,2.32
2015.02.11 19:54:27.315,0.9276,0.92783,1.00,2.32
2015.02.11 19:54:30.140,0.92763,0.92783,1.00,2.32
2015.02.11 19:54:32.365,0.92764,0.92783,1.00,2.32
2015.02.11 19:54:32.669,0.9276,0.92783,1.00,2.32
2015.02.11 19:54:32.771,0.92752,0.92783,1.00,2.32
2015.02.11 19:54:32.872,0.92754,0.92783,1.00,2.32
2015.02.11 19:54:33.197,0.9275,0.92783,1.00,2.32
2015.02.11 19:54:37.852,0.92749,0.92783,1.00,2.32
2015.02.11 19:54:38.627,0.92748,0.92783,1.00,2.32
2015.02.11 19:54:42.891,0.92748,0.92782,1.50,2.32
2015.02.11 19:54:42.993,0.92758,0.92781,1.00,2.32
2015.02.11 19:54:43.501,0.92759,0.92781,1.00,2.32
2015.02.11 19:54:44.223,0.92761,0.92781,1.00,2.32
2015.02.11 19:54:49.060,0.92758,0.92781,1.00,2.32
2015.02.11 19:54:50.399,0.92757,0.92781,1.00,2.32
2015.02.11 19:54:50.901,0.92758,0.92781,1.00,2.32
2015.02.11 19:54:51.451,0.92757,0.92781,1.00,2.32
2015.02.11 19:54:56.451,0.92758,0.92781,1.00,2.32
2015.02.11 19:54:58.525,0.92759,0.92781,1.00,2.32
2015.02.11 19:54:59.158,0.9276,0.92781,1.00,2.32
2015.02.11 19:55:00.280,0.92756,0.92781,1.00,3.07
2015.02.11 19:55:00.382,0.92758,0.92783,1.00,3.07
2015.02.11 19:55:00.687,0.92758,0.92781,1.00,2.32
2015.02.11 19:55:01.194,0.92758,0.92779,1.00,2.32
2015.02.11 19:55:01.500,0.92759,0.92777,1.00,2.32
2015.02.11 19:55:01.705,0.92757,0.92777,1.00,2.32
2015.02.11 19:55:02.213,0.92758,0.92777,1.00,2.32
2015.02.11 19:55:02.367,0.92756,0.92777,1.00,2.32
2015.02.11 19:55:02.824,0.92759,0.92777,1.00,2.32
2015.02.11 19:55:03.027,0.92746,0.92777,1.37,2.32
2015.02.11 19:55:07.080,0.92747,0.92778,1.37,3.07
2015.02.11 19:55:07.631,0.92747,0.92778,1.37,1.15
2015.02.11 19:55:07.798,0.92748,0.92778,1.37,1.15
2015.02.11 19:55:19.279,0.92752,0.92778,1.37,1.10
2015.02.11 19:55:19.431,0.92765,0.92778,1.00,1.00
2015.02.11 19:55:19.836,0.92768,0.92778,1.00,1.00
2015.02.11 19:55:20.292,0.92766,0.92778,1.00,1.00
2015.02.11 19:55:20.596,0.92765,0.92782,1.00,1.00
2015.02.11 19:55:20.819,0.92766,0.92784,1.00,1.50
2015.02.11 19:55:20.871,0.92766,0.92793,1.00,1.35
2015.02.11 19:55:30.952,0.92768,0.92793,1.00,1.35
2015.02.11 19:55:37.898,0.92767,0.92792,1.50,1.20
2015.02.11 19:55:43.400,0.92767,0.9279,1.00,1.00
2015.02.11 19:55:43.982,0.92767,0.92791,1.00,1.00
2015.02.11 19:55:47.332,0.92767,0.9279,1.00,1.00
2015.02.11 19:55:47.905,0.92766,0.9279,1.00,1.00
2015.02.11 19:55:48.422,0.92766,0.92791,1.00,1.00
2015.02.11 19:55:48.961,0.92767,0.92792,1.00,1.00
2015.02.11 19:55:51.397,0.92763,0.92788,1.00,1.00
2015.02.11 19:55:52.438,0.92764,0.92789,1.00,1.00
2015.02.11 19:55:53.188,0.92766,0.92791,1.00,1.00
2015.02.11 19:55:53.881,0.92767,0.92792,1.00,1.00
2015.02.11 19:56:01.627,0.92768,0.92793,1.00,1.10
2015.02.11 19:56:04.532,0.92765,0.9279,1.00,1.00
2015.02.11 19:56:18.281,0.92764,0.92789,1.00,1.00
2015.02.11 19:56:24.396,0.92763,0.92788,1.00,1.00
2015.02.11 19:56:24.899,0.92762,0.92787,1.00,1.00
2015.02.11 19:56:30.135,0.92761,0.92788,1.00,1.00
2015.02.11 19:56:30.491,0.92765,0.9279,1.00,1.00
2015.02.11 19:56:31.987,0.92764,0.92789,1.00,1.00
2015.02.11 19:56:32.521,0.92763,0.92788,1.00,1.00
2015.02.11 19:56:37.386,0.92762,0.92787,1.00,1.00
2015.02.11 19:56:37.910,0.92763,0.92788,1.00,1.00
2015.02.11 19:56:37.961,0.92761,0.92788,1.00,1.00
2015.02.11 19:56:38.808,0.92761,0.92786,1.00,1.00
2015.02.11 19:56:48.291,0.92762,0.92787,1.00,1.00
2015.02.11 19:56:50.914,0.92766,0.92791,1.00,1.10
2015.02.11 19:56:51.392,0.92768,0.92793,1.00,1.15
2015.02.11 19:56:53.223,0.92764,0.92789,1.00,1.00
2015.02.11 19:56:55.243,0.92766,0.92791,1.00,1.10
2015.02.11 19:56:55.638,0.92763,0.92788,1.00,1.00
2015.02.11 19:56:56.517,0.92762,0.92787,1.00,1.00
2015.02.11 19:56:57.053,0.92761,0.92786,1.00,1.00
2015.02.11 19:56:57.361,0.92765,0.9279,1.00,1.00
2015.02.11 19:56:57.969,0.92767,0.92792,1.00,1.00
2015.02.11 19:57:03.116,0.92768,0.92793,1.00,1.57
2015.02.11 19:57:05.206,0.92764,0.92789,1.00,1.00
2015.02.11 19:57:05.890,0.92763,0.92788,1.00,1.00
2015.02.11 19:57:13.570,0.92762,0.92787,1.00,1.00
2015.02.11 19:57:24.148,0.92764,0.92789,1.00,1.00
2015.02.11 19:57:27.006,0.92765,0.9279,1.00,1.10
2015.02.11 19:57:27.560,0.92764,0.92789,1.00,1.00
2015.02.11 19:57:32.508,0.92763,0.92788,1.50,1.00
2015.02.11 19:57:37.574,0.92764,0.92789,1.00,1.00
2015.02.11 19:57:38.876,0.92763,0.92788,1.50,1.00
2015.02.11 19:57:40.113,0.92764,0.92789,1.00,1.00
2015.02.11 19:57:40.740,0.92765,0.9279,1.00,1.00
2015.02.11 19:57:41.109,0.92768,0.92793,1.00,2.77
2015.02.11 19:57:50.855,0.92766,0.92791,1.00,1.00
2015.02.11 19:57:53.201,0.92767,0.92792,1.00,1.10
2015.02.11 19:57:53.751,0.92769,0.92794,1.00,1.20
2015.02.11 19:57:56.026,0.9277,0.92794,1.00,1.10
2015.02.11 19:57:57.586,0.92769,0.92794,1.00,1.57
2015.02.11 19:58:00.316,0.92768,0.92793,1.00,1.00
2015.02.11 19:58:00.755,0.92766,0.92791,1.00,1.00
2015.02.11 19:58:01.059,0.92768,0.92793,1.00,1.00
2015.02.11 19:58:01.364,0.9277,0.92795,1.00,1.37
2015.02.11 19:58:01.686,0.92772,0.92796,1.00,1.47
2015.02.11 19:58:01.787,0.9277,0.92795,1.00,1.37
2015.02.11 19:58:01.998,0.92768,0.92793,1.00,1.00
2015.02.11 19:58:02.571,0.92769,0.92794,1.00,1.12
2015.02.11 19:58:03.330,0.9277,0.92795,1.00,1.37
2015.02.11 19:58:04.206,0.92769,0.92794,1.00,1.12
2015.02.11 19:58:09.729,0.9277,0.92794,1.00,1.12
2015.02.11 19:58:09.932,0.92771,0.92796,1.60,1.37
2015.02.11 19:58:10.237,0.92778,0.92799,1.00,1.87
2015.02.11 19:58:10.338,0.9277,0.92799,1.00,2.02
2015.02.11 19:58:11.000,0.9277,0.92799,1.60,1.55
2015.02.11 19:58:12.118,0.9277,0.92799,1.00,1.55
2015.02.11 19:58:14.918,0.9277,0.92799,1.00,3.07
2015.02.11 19:58:15.441,0.9277,0.92799,1.00,2.70
2015.02.11 19:58:16.075,0.9277,0.92799,1.00,3.07
2015.02.11 19:58:16.418,0.9277,0.92799,1.00,3.82
2015.02.11 19:58:17.485,0.9277,0.92799,1.00,3.15
2015.02.11 19:58:20.723,0.9277,0.92797,1.00,1.85
2015.02.11 19:58:32.486,0.9277,0.92797,1.00,1.47
2015.02.11 19:58:32.588,0.9277,0.92799,1.00,2.70
2015.02.11 19:58:32.894,0.9277,0.92799,1.00,2.70
2015.02.11 19:58:37.452,0.92772,0.92799,1.00,2.70
2015.02.11 19:58:37.757,0.92781,0.92799,1.00,1.00
2015.02.11 19:58:37.808,0.92781,0.92811,1.00,3.82
2015.02.11 19:58:38.113,0.92781,0.92814,1.00,2.02
2015.02.11 19:58:38.518,0.92782,0.92814,1.00,2.02
2015.02.11 19:58:38.619,0.92782,0.92815,1.00,1.27
2015.02.11 19:58:43.631,0.9278,0.92812,1.00,1.90
2015.02.11 19:58:44.138,0.9278,0.92809,1.00,1.00
2015.02.11 19:58:47.589,0.9278,0.92809,1.00,1.87
2015.02.11 19:58:47.893,0.9278,0.92809,1.00,1.00
2015.02.11 19:58:53.784,0.92779,0.92809,1.00,1.50
2015.02.11 19:59:00.153,0.92781,0.92809,1.00,1.50
2015.02.11 19:59:00.458,0.92783,0.92809,1.00,1.50
2015.02.11 19:59:02.806,0.92781,0.92809,3.75,1.00
2015.02.11 19:59:03.211,0.92779,0.92809,1.12,1.50
2015.02.11 19:59:12.846,0.9278,0.92809,1.00,1.50
2015.02.11 19:59:15.644,0.92776,0.92809,1.95,1.50
2015.02.11 19:59:15.746,0.92774,0.92809,3.82,1.50
2015.02.11 19:59:16.397,0.92774,0.92809,4.57,1.87
2015.02.11 19:59:16.829,0.92777,0.92809,1.37,1.95
2015.02.11 19:59:16.880,0.92777,0.92809,1.00,1.47
2015.02.11 19:59:16.931,0.92777,0.92809,1.00,1.47
2015.02.11 19:59:17.134,0.92777,0.92809,1.00,1.57
2015.02.11 19:59:17.235,0.92773,0.92809,1.17,1.57
2015.02.11 19:59:19.138,0.92776,0.92809,1.00,1.57
2015.02.11 19:59:28.990,0.9278,0.92809,1.00,1.57
2015.02.11 19:59:29.294,0.92784,0.92809,1.50,1.00
2015.02.11 19:59:30.118,0.92784,0.92809,1.50,1.87
2015.02.11 19:59:30.625,0.92784,0.92809,1.50,1.37
2015.02.11 19:59:31.436,0.92784,0.92809,1.50,1.87
2015.02.11 19:59:35.414,0.92781,0.92804,2.25,1.87
2015.02.11 19:59:35.617,0.92767,0.928,1.95,1.10
2015.02.11 19:59:35.820,0.92766,0.92799,1.00,1.17
2015.02.11 19:59:37.297,0.92766,0.92799,1.00,3.82
2015.02.11 19:59:37.449,0.9276,0.92799,1.47,3.82
2015.02.11 19:59:37.550,0.9276,0.92799,1.57,3.82
2015.02.11 19:59:39.442,0.9276,0.92799,1.10,3.45
2015.02.11 19:59:39.952,0.92758,0.92799,1.31,3.45
2015.02.11 19:59:40.975,0.92758,0.92799,1.31,3.07
2015.02.11 19:59:41.280,0.92757,0.92797,4.24,1.92
2015.02.11 19:59:41.795,0.92757,0.92796,2.06,3.07
2015.02.11 19:59:43.980,0.92757,0.92796,1.69,3.07
2015.02.11 19:59:44.284,0.92758,0.92798,2.36,1.92
2015.02.11 19:59:44.589,0.9276,0.92797,1.65,1.85
2015.02.11 19:59:44.741,0.92761,0.92799,2.32,1.27
2015.02.11 19:59:44.842,0.9276,0.92799,1.27,3.45
2015.02.11 19:59:45.349,0.92763,0.92798,1.00,1.90
2015.02.11 19:59:45.602,0.92763,0.92798,1.00,1.90
2015.02.11 19:59:45.704,0.92763,0.92798,1.00,1.90
2015.02.11 19:59:46.247,0.92762,0.92797,1.10,1.27
2015.02.11 19:59:46.778,0.92763,0.92798,1.00,1.90
2015.02.11 19:59:47.314,0.92763,0.92798,1.00,1.52
2015.02.11 19:59:47.858,0.92763,0.92798,1.17,1.47
2015.02.11 19:59:48.793,0.92763,0.92798,1.00,1.90
2015.02.11 19:59:50.659,0.92775,0.92798,1.00,1.90
2015.02.11 19:59:51.165,0.92776,0.92798,1.00,1.90
2015.02.11 19:59:51.767,0.92771,0.92796,1.00,1.10
2015.02.11 19:59:51.869,0.92763,0.92798,1.17,1.47
2015.02.11 19:59:52.176,0.92764,0.92798,1.15,1.00
2015.02.11 19:59:52.687,0.92764,0.92799,1.15,1.50
2015.02.11 19:59:53.098,0.92763,0.92799,1.27,2.40
2015.02.11 19:59:53.554,0.92768,0.92799,1.00,1.65
2015.02.11 19:59:54.111,0.92767,0.92799,1.00,1.65
2015.02.11 19:59:54.427,0.92771,0.92799,1.00,1.50
2015.02.11 19:59:55.549,0.92772,0.92799,1.00,1.50
2015.02.11 19:59:56.057,0.92773,0.92799,3.00,1.50
2015.02.11 19:59:56.362,0.92771,0.92799,1.00,1.50
2015.02.11 19:59:56.463,0.92775,0.92798,1.00,1.00
2015.02.11 19:59:56.768,0.92777,0.92798,1.00,1.00
2015.02.11 19:59:57.327,0.92773,0.92799,1.50,2.62
2015.02.11 19:59:57.429,0.92769,0.92799,1.00,1.37
2015.02.11 19:59:57.637,0.92771,0.92799,1.00,1.87
2015.02.11 19:59:58.230,0.92769,0.92799,1.00,1.37
2015.02.11 19:59:59.633,0.92769,0.92797,1.00,1.00
