2011.02.20 22:00:00.577,0.94318,0.9439,1.13,1.28
2011.02.20 22:00:00.693,0.94299,0.9432,3.00,1.13
2011.02.20 22:00:05.096,0.94286,0.94393,1.05,1.05
2011.02.20 22:00:31.227,0.94299,0.94404,1.05,1.05
2011.02.20 22:00:31.556,0.94299,0.94406,1.05,1.05
2011.02.20 22:00:32.163,0.94299,0.94406,1.05,1.05
2011.02.20 22:01:05.278,0.94313,0.9441,1.05,1.05
2011.02.20 22:01:09.687,0.94306,0.94406,1.05,1.20
2011.02.20 22:01:15.476,0.94311,0.94427,1.05,1.05
2011.02.20 22:01:16.101,0.94311,0.94427,1.05,1.05
2011.02.20 22:01:21.656,0.94307,0.9439,1.05,1.13
2011.02.20 22:01:23.252,0.94309,0.9439,1.05,1.13
2011.02.20 22:01:30.751,0.94312,0.9439,1.05,1.13
2011.02.20 22:01:37.765,0.94312,0.94399,1.05,1.13
2011.02.20 22:01:37.876,0.94325,0.94424,1.05,1.05
2011.02.20 22:01:47.585,0.94326,0.94423,1.05,1.20
2011.02.20 22:01:52.980,0.94334,0.94423,1.05,1.20
2011.02.20 22:02:20.197,0.94344,0.9443,1.05,1.05
2011.02.20 22:02:26.516,0.94341,0.94436,1.05,3.00
2011.02.20 22:02:38.687,0.94334,0.94446,3.23,3.00
2011.02.20 22:02:45.398,0.9434,0.94452,3.23,3.00
2011.02.20 22:02:49.986,0.94353,0.94457,1.05,3.00
2011.02.20 22:02:50.496,0.94353,0.94457,1.05,3.00
2011.02.20 22:02:51.337,0.94353,0.94457,1.05,3.00
2011.02.20 22:02:53.226,0.9435,0.94456,1.05,3.00
2011.02.20 22:02:55.077,0.94348,0.94452,1.05,3.00
2011.02.20 22:03:02.535,0.94342,0.94452,1.05,3.00
2011.02.20 22:03:02.866,0.94344,0.94456,3.23,3.00
2011.02.20 22:03:09.407,0.9435,0.94456,1.05,3.00
2011.02.20 22:03:11.525,0.94364,0.94467,1.05,3.08
2011.02.20 22:03:11.635,0.94337,0.94449,3.15,3.00
2011.02.20 22:03:15.965,0.94334,0.94446,3.00,3.00
2011.02.20 22:03:16.515,0.94334,0.94446,3.00,3.00
2011.02.20 22:03:17.656,0.94334,0.94446,3.00,3.00
2011.02.20 22:03:17.876,0.94334,0.94446,3.00,3.00
2011.02.20 22:03:38.626,0.94357,0.94466,1.13,3.00
2011.02.20 22:03:39.011,0.94363,0.94466,1.13,3.00
2011.02.20 22:03:57.828,0.94376,0.94466,1.13,3.00
2011.02.20 22:04:04.255,0.94376,0.94472,1.13,3.00
2011.02.20 22:04:11.826,0.94376,0.94472,1.13,3.15
2011.02.20 22:04:12.957,0.94388,0.94438,1.50,1.30
2011.02.20 22:04:31.806,0.94388,0.94435,1.13,1.30
2011.02.20 22:04:32.026,0.94388,0.94439,1.13,1.30
2011.02.20 22:04:35.826,0.94374,0.94438,1.20,1.30
2011.02.20 22:04:36.266,0.94383,0.94443,1.13,1.30
2011.02.20 22:04:40.585,0.94383,0.94443,1.20,1.30
2011.02.20 22:04:40.916,0.94376,0.94438,2.25,1.50
2011.02.20 22:04:41.246,0.94378,0.94436,1.50,1.30
2011.02.20 22:04:42.137,0.94378,0.94436,1.50,1.30
2011.02.20 22:04:42.247,0.94381,0.94438,1.50,1.30
2011.02.20 22:04:44.317,0.94383,0.94438,1.05,1.30
2011.02.20 22:04:46.416,0.9438,0.94433,1.50,1.30
2011.02.20 22:04:46.809,0.9438,0.94435,1.50,1.30
2011.02.20 22:04:47.247,0.94388,0.94444,1.13,1.50
2011.02.20 22:04:47.466,0.94388,0.94449,1.13,1.30
2011.02.20 22:05:00.890,0.94388,0.94448,1.13,1.30
2011.02.20 22:05:01.277,0.94388,0.94448,1.13,1.30
2011.02.20 22:05:03.266,0.94365,0.94438,1.50,1.30
2011.02.20 22:05:42.967,0.94366,0.94438,1.50,1.30
2011.02.20 22:05:49.446,0.94368,0.94441,1.50,1.30
2011.02.20 22:05:52.597,0.94385,0.9444,1.50,1.30
2011.02.20 22:06:00.197,0.94387,0.9444,1.50,1.30
2011.02.20 22:06:04.407,0.94379,0.9444,1.50,1.30
2011.02.20 22:06:07.906,0.94376,0.9444,1.50,1.30
2011.02.20 22:06:22.858,0.94376,0.9444,1.50,1.30
2011.02.20 22:06:36.377,0.94381,0.9444,1.50,1.30
2011.02.20 22:06:58.506,0.94377,0.9444,1.50,1.30
2011.02.20 22:07:11.596,0.9438,0.9444,1.50,1.30
2011.02.20 22:07:23.577,0.94384,0.9444,1.50,1.30
2011.02.20 22:07:24.406,0.94388,0.9444,1.50,1.30
2011.02.20 22:07:28.014,0.94381,0.94441,1.50,1.30
2011.02.20 22:07:30.314,0.94386,0.94441,1.50,1.30
2011.02.20 22:07:39.458,0.94383,0.94441,1.50,1.30
2011.02.20 22:07:45.818,0.94376,0.94441,1.50,1.30
2011.02.20 22:07:48.988,0.94374,0.94441,1.50,1.30
2011.02.20 22:07:57.793,0.94377,0.94441,1.50,1.30
2011.02.20 22:08:11.623,0.94374,0.94441,2.25,1.30
2011.02.20 22:08:21.130,0.94377,0.94441,1.50,1.30
2011.02.20 22:08:27.810,0.94376,0.9444,1.50,1.30
2011.02.20 22:08:57.862,0.94376,0.94441,1.50,1.30
2011.02.20 22:09:03.391,0.94381,0.94441,1.50,1.30
2011.02.20 22:09:24.507,0.94382,0.9444,1.50,1.30
2011.02.20 22:09:26.582,0.94384,0.94438,1.50,1.30
2011.02.20 22:09:27.063,0.94354,0.94421,1.58,1.30
2011.02.20 22:09:27.281,0.94354,0.94421,1.58,1.30
2011.02.20 22:09:27.391,0.94354,0.94421,1.58,1.30
2011.02.20 22:09:27.740,0.94354,0.94421,1.65,1.30
2011.02.20 22:09:28.291,0.94354,0.94426,1.58,1.30
2011.02.20 22:09:29.311,0.94367,0.9443,1.50,1.30
2011.02.20 22:09:29.422,0.94367,0.94428,1.50,1.30
2011.02.20 22:09:29.532,0.94381,0.94433,1.50,1.30
2011.02.20 22:09:29.642,0.94381,0.94435,1.50,1.30
2011.02.20 22:09:33.771,0.9438,0.94438,1.50,1.30
2011.02.20 22:09:39.122,0.9438,0.94438,1.50,1.30
2011.02.20 22:09:39.561,0.94381,0.94441,1.50,1.30
2011.02.20 22:09:39.892,0.9439,0.94446,1.50,1.30
2011.02.20 22:09:42.541,0.9439,0.94446,1.50,1.30
2011.02.20 22:09:50.422,0.9439,0.94446,1.50,2.05
2011.02.20 22:09:50.532,0.94397,0.94449,1.13,1.30
2011.02.20 22:09:50.752,0.94403,0.94451,1.13,1.30
2011.02.20 22:09:51.981,0.94403,0.94449,1.32,1.30
2011.02.20 22:09:52.542,0.94403,0.94451,1.13,1.30
2011.02.20 22:09:53.102,0.94403,0.94453,1.32,1.30
2011.02.20 22:09:54.111,0.94403,0.94452,1.13,1.30
2011.02.20 22:09:54.441,0.94403,0.94452,1.13,1.30
2011.02.20 22:09:54.802,0.94407,0.94459,1.13,1.30
2011.02.20 22:09:55.241,0.94407,0.94459,1.13,1.30
2011.02.20 22:09:55.461,0.94407,0.94459,1.13,1.30
2011.02.20 22:09:56.341,0.94412,0.94459,1.70,1.30
2011.02.20 22:09:58.361,0.94412,0.94459,1.70,1.30
2011.02.20 22:09:58.582,0.9441,0.94462,1.50,1.30
2011.02.20 22:09:58.802,0.9441,0.94462,1.50,1.30
2011.02.20 22:09:59.131,0.94413,0.94467,1.13,1.68
2011.02.20 22:09:59.671,0.94413,0.94467,1.13,1.68
2011.02.20 22:09:59.892,0.9441,0.94462,1.50,1.13
2011.02.20 22:10:00.114,0.9441,0.94462,1.50,1.13
2011.02.20 22:10:00.252,0.9441,0.94462,1.50,1.13
2011.02.20 22:10:00.711,0.9441,0.94462,1.50,1.13
2011.02.20 22:10:01.391,0.94413,0.94467,1.13,1.68
2011.02.20 22:10:03.581,0.94413,0.94467,1.13,1.68
2011.02.20 22:10:04.600,0.94414,0.94467,1.69,1.68
2011.02.20 22:10:06.061,0.94413,0.94466,1.13,1.30
2011.02.20 22:10:06.581,0.94415,0.94466,1.69,1.30
2011.02.20 22:10:51.092,0.94426,0.94467,1.50,1.13
2011.02.20 22:10:54.879,0.94426,0.94462,1.50,1.50
2011.02.20 22:10:55.213,0.94426,0.94462,1.50,1.50
2011.02.20 22:11:00.881,0.94426,0.94462,1.50,1.50
2011.02.20 22:11:01.210,0.94426,0.94462,1.50,1.50
2011.02.20 22:11:04.180,0.94426,0.94462,1.50,1.50
2011.02.20 22:11:04.771,0.94426,0.94462,1.50,1.50
2011.02.20 22:11:06.351,0.94426,0.94462,1.50,1.50
2011.02.20 22:11:06.926,0.94426,0.94462,1.50,1.50
2011.02.20 22:11:07.515,0.94426,0.94462,1.50,1.50
2011.02.20 22:11:08.041,0.94426,0.94462,1.50,1.50
2011.02.20 22:11:08.550,0.94426,0.94462,1.50,1.50
2011.02.20 22:11:08.690,0.94426,0.94462,1.50,1.50
2011.02.20 22:11:09.240,0.94426,0.94462,1.50,1.50
2011.02.20 22:11:09.840,0.94426,0.94462,1.50,1.50
2011.02.20 22:11:10.451,0.94426,0.94462,1.50,1.50
2011.02.20 22:11:10.850,0.94426,0.94462,1.50,1.50
2011.02.20 22:11:11.290,0.94426,0.94462,1.50,1.50
2011.02.20 22:11:32.951,0.94426,0.94466,1.50,1.50
2011.02.20 22:11:35.383,0.94426,0.94461,1.50,1.50
2011.02.20 22:11:37.412,0.94426,0.94466,1.50,1.50
2011.02.20 22:11:45.103,0.94432,0.94466,1.69,1.50
2011.02.20 22:11:45.433,0.94443,0.94472,1.50,1.13
2011.02.20 22:11:47.952,0.94448,0.94487,1.02,2.25
2011.02.20 22:11:48.452,0.94442,0.94487,1.13,2.25
2011.02.20 22:11:55.761,0.94448,0.94486,1.13,2.25
2011.02.20 22:12:03.214,0.94443,0.94484,1.50,2.25
2011.02.20 22:12:12.082,0.94438,0.94481,1.50,1.30
2011.02.20 22:12:32.805,0.94439,0.94481,1.13,1.30
2011.02.20 22:12:39.691,0.94442,0.94481,1.13,1.30
2011.02.20 22:13:09.902,0.94439,0.94489,1.13,2.25
2011.02.20 22:13:14.302,0.94442,0.94487,1.13,2.25
2011.02.20 22:13:47.273,0.9444,0.94492,1.50,1.30
2011.02.20 22:13:48.212,0.94441,0.94491,1.13,2.25
2011.02.20 22:13:48.774,0.94443,0.9449,1.13,1.30
2011.02.20 22:13:53.023,0.94443,0.94492,1.13,1.30
2011.02.20 22:14:04.442,0.94443,0.94492,1.13,1.30
2011.02.20 22:14:05.630,0.94443,0.94492,1.13,1.30
2011.02.20 22:14:14.253,0.94439,0.94492,1.50,1.30
2011.02.20 22:14:23.162,0.9444,0.94496,1.50,2.80
2011.02.20 22:14:53.207,0.9444,0.94485,1.50,2.25
2011.02.20 22:14:59.455,0.94444,0.94488,1.50,1.50
2011.02.20 22:14:59.564,0.94444,0.945,1.50,1.30
2011.02.20 22:14:59.894,0.94444,0.94504,1.50,1.30
2011.02.20 22:15:00.002,0.94444,0.94502,1.50,1.30
2011.02.20 22:15:00.348,0.94444,0.94502,1.50,1.30
2011.02.20 22:15:00.684,0.94444,0.94503,1.50,1.30
2011.02.20 22:15:01.343,0.94443,0.94502,1.50,1.30
2011.02.20 22:15:01.453,0.94444,0.94502,1.50,1.30
2011.02.20 22:15:01.573,0.94444,0.94502,1.50,1.30
2011.02.20 22:15:02.841,0.94444,0.94502,1.50,1.30
2011.02.20 22:15:04.093,0.94444,0.94502,1.50,1.30
2011.02.20 22:15:04.314,0.94451,0.94505,1.50,1.30
2011.02.20 22:15:04.533,0.94451,0.94504,1.50,1.30
2011.02.20 22:15:04.866,0.94451,0.94504,1.50,1.30
2011.02.20 22:15:05.302,0.94451,0.94504,1.50,1.30
2011.02.20 22:15:05.810,0.94451,0.94504,1.50,1.30
2011.02.20 22:15:06.964,0.94451,0.94504,1.50,1.30
2011.02.20 22:15:07.184,0.94448,0.94498,1.50,1.13
2011.02.20 22:15:07.404,0.9445,0.94498,1.50,1.13
2011.02.20 22:15:08.272,0.94448,0.94498,1.50,1.13
2011.02.20 22:15:14.393,0.9445,0.94524,1.50,3.08
2011.02.20 22:15:14.726,0.9448,0.94522,1.50,1.30
2011.02.20 22:15:15.293,0.9448,0.94522,1.50,1.34
2011.02.20 22:15:15.734,0.9449,0.94522,1.50,1.30
2011.02.20 22:15:16.065,0.94475,0.94521,1.50,1.30
2011.02.20 22:15:16.176,0.94473,0.94521,1.13,1.30
2011.02.20 22:15:16.283,0.94474,0.94494,1.50,2.25
2011.02.20 22:15:16.953,0.94473,0.94494,1.88,2.25
2011.02.20 22:15:17.503,0.94474,0.94494,1.50,2.25
2011.02.20 22:15:20.633,0.94481,0.94494,2.25,2.25
2011.02.20 22:15:23.054,0.94483,0.94494,1.13,2.25
2011.02.20 22:15:23.410,0.94483,0.94494,1.13,2.25
2011.02.20 22:15:24.036,0.94483,0.94494,1.13,2.25
2011.02.20 22:15:24.159,0.94471,0.94494,2.25,2.25
2011.02.20 22:15:26.306,0.94474,0.94494,1.50,2.25
2011.02.20 22:15:26.415,0.94475,0.945,1.50,2.25
2011.02.20 22:15:27.205,0.94475,0.945,3.00,2.25
2011.02.20 22:15:27.709,0.94475,0.945,2.25,2.25
2011.02.20 22:15:28.847,0.94479,0.94506,1.50,2.25
2011.02.20 22:15:29.293,0.94481,0.94506,2.25,2.25
2011.02.20 22:15:29.812,0.94481,0.94506,2.25,2.25
2011.02.20 22:15:30.944,0.94481,0.94506,2.25,2.25
2011.02.20 22:15:31.495,0.94481,0.94506,2.25,2.25
2011.02.20 22:15:31.603,0.94481,0.94506,2.25,2.25
2011.02.20 22:15:31.934,0.94481,0.94506,1.50,2.25
2011.02.20 22:15:32.043,0.94475,0.94506,3.00,2.25
2011.02.20 22:15:32.373,0.94475,0.945,3.00,2.25
2011.02.20 22:15:32.814,0.94475,0.945,3.00,2.25
2011.02.20 22:15:37.074,0.94476,0.945,2.25,2.25
2011.02.20 22:15:37.293,0.94479,0.94504,1.50,2.25
2011.02.20 22:15:37.514,0.94479,0.94504,1.50,2.25
2011.02.20 22:15:38.623,0.94481,0.94504,1.50,2.25
2011.02.20 22:15:38.733,0.94481,0.94504,2.25,2.25
2011.02.20 22:15:39.393,0.94481,0.94504,2.25,2.25
2011.02.20 22:15:39.722,0.94481,0.94504,2.25,2.25
2011.02.20 22:15:40.273,0.94481,0.94504,2.25,2.25
2011.02.20 22:15:40.933,0.94481,0.94504,2.25,2.25
2011.02.20 22:15:41.465,0.94481,0.94504,2.25,2.25
2011.02.20 22:15:42.124,0.94481,0.94504,2.25,2.25
2011.02.20 22:15:42.454,0.94486,0.94504,2.25,2.25
2011.02.20 22:15:42.787,0.94481,0.94504,2.25,2.80
2011.02.20 22:15:43.343,0.94486,0.94504,2.25,2.80
2011.02.20 22:15:43.785,0.94484,0.94504,1.13,2.25
2011.02.20 22:15:44.004,0.94483,0.94506,1.13,2.25
2011.02.20 22:15:47.274,0.94483,0.94502,1.13,2.25
2011.02.20 22:15:51.515,0.94483,0.94499,1.13,1.50
2011.02.20 22:15:52.661,0.94483,0.94503,1.13,1.50
2011.02.20 22:16:00.905,0.94483,0.94504,1.13,1.50
2011.02.20 22:16:02.230,0.94483,0.94503,1.13,1.50
2011.02.20 22:16:05.684,0.9448,0.94503,1.88,1.50
2011.02.20 22:16:05.903,0.9448,0.94503,1.50,1.50
2011.02.20 22:16:20.133,0.94478,0.94503,1.50,1.50
2011.02.20 22:16:20.381,0.94478,0.94501,1.50,1.50
2011.02.20 22:16:38.554,0.94477,0.94502,2.25,1.50
2011.02.20 22:16:38.885,0.94477,0.94505,2.25,1.50
2011.02.20 22:16:39.194,0.9448,0.94505,1.50,1.50
2011.02.20 22:16:47.755,0.94475,0.94504,2.25,2.25
2011.02.20 22:16:47.864,0.94475,0.94504,2.25,2.25
2011.02.20 22:16:48.303,0.94475,0.94504,2.25,2.25
2011.02.20 22:16:51.442,0.94476,0.94499,2.25,1.50
2011.02.20 22:16:51.783,0.94476,0.94499,2.25,1.50
2011.02.20 22:16:53.023,0.94476,0.94499,2.25,2.25
2011.02.20 22:16:54.023,0.94476,0.94499,2.25,1.50
2011.02.20 22:16:54.559,0.94476,0.94499,2.25,1.50
2011.02.20 22:16:55.113,0.94476,0.94499,2.25,1.50
2011.02.20 22:16:55.439,0.94476,0.94499,2.25,1.50
2011.02.20 22:16:55.993,0.94476,0.94499,2.25,2.25
2011.02.20 22:16:56.613,0.94476,0.94499,2.25,1.50
2011.02.20 22:16:57.123,0.94476,0.94499,2.25,2.25
2011.02.20 22:16:58.703,0.94476,0.94499,2.25,1.50
2011.02.20 22:17:00.170,0.94476,0.94499,2.25,1.50
2011.02.20 22:17:00.753,0.94474,0.94499,2.25,2.25
2011.02.20 22:17:01.506,0.94473,0.94498,2.25,1.50
2011.02.20 22:17:04.662,0.94473,0.94498,2.25,2.25
2011.02.20 22:17:08.113,0.94473,0.94498,2.25,2.25
2011.02.20 22:17:10.144,0.94473,0.94498,2.25,2.25
2011.02.20 22:17:10.583,0.94469,0.94492,2.25,1.50
2011.02.20 22:17:11.200,0.94469,0.94492,2.25,1.50
2011.02.20 22:17:11.535,0.94468,0.94496,2.25,1.50
2011.02.20 22:17:12.084,0.9447,0.94496,1.02,1.50
2011.02.20 22:17:15.133,0.9447,0.94496,1.02,1.50
2011.02.20 22:17:20.303,0.94471,0.94496,2.25,1.50
2011.02.20 22:17:22.079,0.94471,0.94496,2.25,1.50
2011.02.20 22:17:24.004,0.94471,0.94496,2.25,1.50
2011.02.20 22:17:24.573,0.94471,0.94496,2.25,1.50
2011.02.20 22:17:25.103,0.94471,0.94496,2.25,1.50
2011.02.20 22:17:26.039,0.94471,0.94496,2.25,1.50
2011.02.20 22:17:26.783,0.94471,0.94496,2.25,1.50
2011.02.20 22:17:27.293,0.94471,0.94496,2.25,1.50
2011.02.20 22:17:27.512,0.9447,0.94503,3.00,1.50
2011.02.20 22:17:28.174,0.94475,0.94504,3.00,1.50
2011.02.20 22:17:30.282,0.94475,0.94507,3.00,1.50
2011.02.20 22:17:30.914,0.94478,0.94507,1.50,1.50
2011.02.20 22:17:40.215,0.94477,0.9451,2.25,1.50
2011.02.20 22:17:40.672,0.94482,0.94509,1.50,1.50
2011.02.20 22:17:46.145,0.94499,0.9453,1.50,2.05
2011.02.20 22:17:46.254,0.94499,0.94529,1.50,1.50
2011.02.20 22:17:46.362,0.94499,0.94529,1.50,1.50
2011.02.20 22:17:46.923,0.94499,0.9453,1.50,1.50
2011.02.20 22:17:47.812,0.94499,0.9453,1.50,1.50
2011.02.20 22:18:01.282,0.94499,0.9453,1.50,1.50
2011.02.20 22:18:01.633,0.94501,0.94527,2.25,1.50
2011.02.20 22:18:02.303,0.94504,0.94527,1.50,1.50
2011.02.20 22:18:19.194,0.94504,0.94531,2.25,1.50
2011.02.20 22:18:19.522,0.94507,0.9453,1.50,1.50
2011.02.20 22:18:37.124,0.94507,0.9453,2.25,2.25
2011.02.20 22:18:37.818,0.94506,0.94531,2.25,2.25
2011.02.20 22:18:38.723,0.94506,0.94531,2.25,2.25
2011.02.20 22:18:39.275,0.94498,0.94532,2.25,2.25
2011.02.20 22:18:39.602,0.94498,0.94523,2.52,2.25
2011.02.20 22:18:39.714,0.94498,0.94523,2.25,1.50
2011.02.20 22:18:41.325,0.94498,0.94513,2.25,2.25
2011.02.20 22:18:41.546,0.94493,0.94518,1.13,1.50
2011.02.20 22:18:41.764,0.94501,0.94544,1.02,1.30
2011.02.20 22:18:41.873,0.94501,0.94546,1.02,1.30
2011.02.20 22:18:43.442,0.94486,0.94546,1.13,1.30
2011.02.20 22:18:43.553,0.94484,0.94546,1.50,1.30
2011.02.20 22:18:43.663,0.94486,0.94546,1.50,1.30
2011.02.20 22:18:44.044,0.94491,0.94546,1.50,1.30
2011.02.20 22:18:44.823,0.9448,0.94544,1.50,1.30
2011.02.20 22:18:46.753,0.94489,0.94545,1.50,1.30
2011.02.20 22:18:51.254,0.94484,0.94544,1.50,1.30
2011.02.20 22:18:55.945,0.94491,0.94544,1.50,1.30
2011.02.20 22:18:58.983,0.94518,0.94544,1.50,1.30
2011.02.20 22:18:59.204,0.94492,0.94554,1.50,1.50
2011.02.20 22:18:59.313,0.9449,0.94565,1.50,1.30
2011.02.20 22:18:59.422,0.9449,0.94552,1.50,1.30
2011.02.20 22:19:09.285,0.94487,0.94547,1.50,1.30
2011.02.20 22:19:42.793,0.94483,0.94543,1.50,1.30
2011.02.20 22:19:50.713,0.94486,0.94542,1.50,1.30
2011.02.20 22:20:05.593,0.94487,0.94543,1.50,1.30
2011.02.20 22:20:08.612,0.94487,0.94545,1.50,1.30
2011.02.20 22:20:09.184,0.9449,0.94544,1.50,1.30
2011.02.20 22:20:23.892,0.9449,0.94546,1.50,1.30
2011.02.20 22:20:37.823,0.9449,0.94546,1.50,1.30
2011.02.20 22:20:48.682,0.9449,0.94547,1.50,1.30
2011.02.20 22:20:49.244,0.94487,0.94543,1.50,1.30
2011.02.20 22:21:43.783,0.94487,0.94543,1.50,1.30
2011.02.20 22:22:38.822,0.94487,0.94543,1.50,1.30
2011.02.20 22:23:02.488,0.94478,0.94486,1.50,3.75
2011.02.20 22:23:02.819,0.94478,0.94489,1.50,3.75
2011.02.20 22:23:03.147,0.94463,0.94483,1.50,4.77
2011.02.20 22:23:03.256,0.94442,0.94462,1.50,4.77
2011.02.20 22:23:03.365,0.94431,0.94447,1.50,4.77
2011.02.20 22:23:03.476,0.94435,0.94452,1.50,3.75
2011.02.20 22:23:03.595,0.94448,0.94462,1.50,3.75
2011.02.20 22:23:03.706,0.94464,0.94476,1.50,3.75
2011.02.20 22:23:33.057,0.94469,0.94487,1.50,2.44
2011.02.20 22:24:22.082,0.94475,0.94554,1.50,1.30
2011.02.20 22:24:25.915,0.94475,0.94583,1.50,2.25
2011.02.20 22:24:26.443,0.94471,0.94583,1.50,2.25
2011.02.20 22:24:28.992,0.94476,0.94583,1.50,2.25
2011.02.20 22:25:09.071,0.94468,0.94583,2.25,1.50
2011.02.20 22:25:16.070,0.94468,0.94582,2.25,1.50
2011.02.20 22:25:23.040,0.94468,0.94582,2.25,2.25
2011.02.20 22:25:23.601,0.94467,0.94575,2.25,2.25
2011.02.20 22:25:31.291,0.94457,0.94575,2.25,2.25
2011.02.20 22:26:09.173,0.94458,0.94568,2.25,2.25
2011.02.20 22:26:31.261,0.94458,0.94568,2.25,1.50
2011.02.20 22:26:37.661,0.94458,0.94569,2.25,1.50
2011.02.20 22:26:47.701,0.94458,0.94569,2.25,2.25
2011.02.20 22:26:48.035,0.94458,0.94569,2.25,2.25
2011.02.20 22:26:48.372,0.9446,0.94547,1.50,2.25
2011.02.20 22:26:48.481,0.94457,0.94546,1.50,2.25
2011.02.20 22:26:49.049,0.94456,0.94545,1.50,2.25
2011.02.20 22:26:55.185,0.94461,0.94531,1.50,3.00
2011.02.20 22:26:55.512,0.94439,0.94498,1.50,1.13
2011.02.20 22:26:57.193,0.94438,0.94498,1.13,1.13
2011.02.20 22:26:57.854,0.9443,0.94493,1.13,1.13
2011.02.20 22:26:57.963,0.94433,0.94488,1.13,1.13
2011.02.20 22:26:58.512,0.94429,0.94488,1.50,1.24
2011.02.20 22:26:59.893,0.94429,0.94488,1.50,1.13
2011.02.20 22:27:04.093,0.94435,0.94507,1.50,2.25
2011.02.20 22:27:04.426,0.94469,0.94536,1.50,1.50
2011.02.20 22:27:04.654,0.94463,0.94536,1.19,1.50
2011.02.20 22:27:05.092,0.94463,0.94511,1.19,1.50
2011.02.20 22:27:05.475,0.94483,0.94541,1.13,2.25
2011.02.20 22:27:06.282,0.94474,0.94511,1.72,1.50
2011.02.20 22:27:06.512,0.94452,0.94511,3.00,1.50
2011.02.20 22:27:08.992,0.94452,0.94515,3.00,1.50
2011.02.20 22:27:09.431,0.94452,0.94517,3.00,1.50
2011.02.20 22:27:09.981,0.94452,0.94518,3.00,1.50
2011.02.20 22:27:10.594,0.94452,0.9452,3.00,1.50
2011.02.20 22:27:26.061,0.94452,0.9452,3.00,1.50
2011.02.20 22:27:30.202,0.94452,0.94524,3.00,1.50
2011.02.20 22:27:30.913,0.94452,0.94523,3.00,1.50
2011.02.20 22:27:40.191,0.94452,0.94527,3.00,1.50
2011.02.20 22:27:50.222,0.94454,0.9453,2.25,1.50
2011.02.20 22:27:50.491,0.94456,0.94532,2.25,1.50
2011.02.20 22:27:51.062,0.94459,0.94531,1.50,1.50
2011.02.20 22:28:20.512,0.94458,0.94534,2.25,1.50
2011.02.20 22:28:38.335,0.94461,0.94534,1.50,1.50
2011.02.20 22:28:48.341,0.94457,0.94588,2.25,3.00
2011.02.20 22:28:48.451,0.94457,0.94573,3.00,1.50
2011.02.20 22:28:51.863,0.94457,0.94542,4.50,1.50
2011.02.20 22:28:51.974,0.94457,0.94542,4.50,2.25
2011.02.20 22:28:52.303,0.94465,0.94538,1.50,1.50
2011.02.20 22:28:52.523,0.94457,0.94565,3.00,1.50
2011.02.20 22:28:52.851,0.94457,0.94563,2.25,1.50
2011.02.20 22:28:54.911,0.94458,0.94564,2.25,1.50
2011.02.20 22:29:52.941,0.94458,0.94569,2.25,2.25
2011.02.20 22:30:01.731,0.94458,0.94564,3.00,1.50
2011.02.20 22:30:06.284,0.94522,0.94566,1.13,1.50
2011.02.20 22:30:06.502,0.94522,0.94592,1.13,1.50
2011.02.20 22:30:06.614,0.94517,0.94592,1.13,1.50
2011.02.20 22:30:06.942,0.94517,0.94593,1.13,2.63
2011.02.20 22:30:07.275,0.94498,0.94583,1.50,1.50
2011.02.20 22:30:07.494,0.94507,0.94582,1.50,1.50
2011.02.20 22:30:07.666,0.94452,0.94574,2.25,3.00
2011.02.20 22:30:07.785,0.94456,0.94578,2.25,3.00
2011.02.20 22:30:08.112,0.9446,0.94582,2.25,3.75
2011.02.20 22:30:10.923,0.9447,0.94582,2.25,3.00
2011.02.20 22:30:11.694,0.9444,0.94518,2.25,1.13
2011.02.20 22:30:12.025,0.94473,0.9454,3.00,1.13
2011.02.20 22:30:12.134,0.94473,0.94578,3.00,1.13
2011.02.20 22:30:12.245,0.94473,0.94565,3.00,1.50
2011.02.20 22:30:12.355,0.94503,0.94567,3.00,1.50
2011.02.20 22:30:12.682,0.94503,0.94567,2.25,1.50
2011.02.20 22:30:13.253,0.94503,0.94547,3.00,1.50
2011.02.20 22:30:13.913,0.94507,0.94547,2.25,1.50
2011.02.20 22:30:14.024,0.94507,0.94553,3.00,1.50
2011.02.20 22:30:15.022,0.94507,0.94554,3.00,1.50
2011.02.20 22:30:15.572,0.94507,0.94554,3.00,1.50
2011.02.20 22:30:15.699,0.94507,0.94554,3.00,1.50
2011.02.20 22:30:16.142,0.94507,0.94554,2.25,1.50
2011.02.20 22:30:16.252,0.94507,0.94554,3.00,1.50
2011.02.20 22:30:16.691,0.94507,0.94555,3.00,1.50
2011.02.20 22:30:17.022,0.94507,0.94559,3.00,1.50
2011.02.20 22:30:17.133,0.94507,0.94559,2.25,1.50
2011.02.20 22:30:17.243,0.94507,0.94559,3.00,1.50
2011.02.20 22:30:17.792,0.94507,0.94558,3.00,1.50
2011.02.20 22:30:18.693,0.94507,0.94558,3.00,1.50
2011.02.20 22:30:18.913,0.94507,0.94558,3.00,1.50
2011.02.20 22:30:19.133,0.94507,0.94558,2.25,1.50
2011.02.20 22:30:19.242,0.94507,0.94558,3.00,1.50
2011.02.20 22:30:19.682,0.94507,0.94558,3.00,1.50
2011.02.20 22:30:19.792,0.94507,0.94558,3.00,1.50
2011.02.20 22:30:20.055,0.9452,0.94584,3.00,2.25
2011.02.20 22:30:20.383,0.9452,0.94584,3.00,2.25
2011.02.20 22:30:20.732,0.9452,0.94584,3.00,2.25
2011.02.20 22:30:20.843,0.9452,0.94584,3.00,2.25
2011.02.20 22:30:21.063,0.9452,0.94584,3.00,2.25
2011.02.20 22:30:21.282,0.9452,0.94584,3.15,2.25
2011.02.20 22:30:21.392,0.9452,0.94584,3.08,2.25
2011.02.20 22:30:21.732,0.9452,0.94584,3.08,1.50
2011.02.20 22:30:21.843,0.9452,0.94584,3.08,2.25
2011.02.20 22:30:22.172,0.9452,0.94584,3.08,2.25
2011.02.20 22:30:22.613,0.94515,0.94584,3.00,2.25
2011.02.20 22:30:22.943,0.94515,0.94585,3.00,2.25
2011.02.20 22:30:23.163,0.94515,0.94582,3.00,2.25
2011.02.20 22:30:23.382,0.94515,0.94582,3.00,2.25
2011.02.20 22:30:23.712,0.94515,0.94582,3.00,2.25
2011.02.20 22:30:24.042,0.94515,0.94582,3.00,2.25
2011.02.20 22:30:24.152,0.94515,0.94582,3.00,2.25
2011.02.20 22:30:24.703,0.94515,0.94582,3.00,2.25
2011.02.20 22:30:25.033,0.94515,0.94582,3.00,2.25
2011.02.20 22:30:25.254,0.94515,0.94582,3.00,2.25
2011.02.20 22:30:25.363,0.94515,0.94585,3.00,2.25
2011.02.20 22:30:25.472,0.94515,0.94585,3.00,2.25
2011.02.20 22:30:25.802,0.94515,0.94585,3.00,2.25
2011.02.20 22:30:30.642,0.94515,0.94585,3.00,2.25
2011.02.20 22:30:40.668,0.94515,0.94587,3.00,2.25
2011.02.20 22:31:04.199,0.94519,0.94585,2.25,2.25
2011.02.20 22:31:05.203,0.94519,0.94585,2.25,2.25
2011.02.20 22:31:07.413,0.94521,0.94575,1.50,1.50
2011.02.20 22:31:15.063,0.94519,0.94575,2.25,1.50
2011.02.20 22:31:24.553,0.9452,0.94575,2.25,1.50
2011.02.20 22:31:30.569,0.9452,0.94576,2.25,1.50
2011.02.20 22:31:31.035,0.9451,0.94564,2.25,1.50
2011.02.20 22:31:31.369,0.94509,0.94556,1.50,1.50
2011.02.20 22:31:31.923,0.94509,0.9456,1.50,1.50
2011.02.20 22:31:32.498,0.94509,0.9456,1.50,1.50
2011.02.20 22:31:32.618,0.9453,0.94561,3.00,1.50
2011.02.20 22:31:32.735,0.94536,0.94571,1.02,1.13
2011.02.20 22:31:32.954,0.94535,0.94574,1.02,1.50
2011.02.20 22:31:33.503,0.94535,0.94573,1.02,1.50
2011.02.20 22:31:35.786,0.94535,0.94577,1.02,1.50
2011.02.20 22:31:36.015,0.94526,0.94577,3.00,2.25
2011.02.20 22:31:43.492,0.94526,0.94575,1.50,1.50
2011.02.20 22:31:43.603,0.94526,0.94574,1.50,1.50
2011.02.20 22:31:44.643,0.94526,0.94574,1.50,1.50
2011.02.20 22:31:49.869,0.94526,0.94567,1.50,1.50
2011.02.20 22:31:50.205,0.94522,0.94564,2.25,1.50
2011.02.20 22:31:54.414,0.9452,0.94564,1.50,1.50
2011.02.20 22:32:11.783,0.9452,0.94563,3.00,1.50
2011.02.20 22:32:17.097,0.94518,0.94562,1.13,1.50
2011.02.20 22:32:17.436,0.94516,0.94556,2.25,1.50
2011.02.20 22:32:17.965,0.94515,0.94556,3.00,1.50
2011.02.20 22:32:18.556,0.94515,0.94556,3.00,1.50
2011.02.20 22:32:19.082,0.94515,0.94556,3.00,1.50
2011.02.20 22:32:20.503,0.94515,0.94556,3.00,1.50
2011.02.20 22:32:21.063,0.94518,0.94556,2.25,1.50
2011.02.20 22:32:21.543,0.94518,0.94556,2.25,1.50
2011.02.20 22:32:22.103,0.94518,0.94556,2.25,1.50
2011.02.20 22:32:22.664,0.94518,0.94556,2.25,1.50
2011.02.20 22:32:23.003,0.94518,0.94556,2.25,1.50
2011.02.20 22:32:28.445,0.94516,0.94556,1.50,1.50
2011.02.20 22:32:28.666,0.94515,0.94555,1.50,1.50
2011.02.20 22:32:30.204,0.94511,0.94555,1.50,1.50
2011.02.20 22:32:30.964,0.9451,0.94555,1.50,1.50
2011.02.20 22:32:34.446,0.9451,0.94541,1.50,2.25
2011.02.20 22:32:34.553,0.94498,0.94538,1.50,1.50
2011.02.20 22:32:35.303,0.94499,0.94538,1.50,1.50
2011.02.20 22:32:35.413,0.94499,0.94538,1.50,1.50
2011.02.20 22:32:37.703,0.94499,0.94538,1.50,2.25
2011.02.20 22:32:37.813,0.94499,0.94527,1.50,2.25
2011.02.20 22:32:40.253,0.94496,0.94527,1.50,2.63
2011.02.20 22:32:40.803,0.94495,0.94527,1.50,2.63
2011.02.20 22:32:43.463,0.94495,0.94523,1.50,2.25
2011.02.20 22:32:43.684,0.9449,0.94521,1.50,1.13
2011.02.20 22:32:44.453,0.9449,0.94521,2.25,1.13
2011.02.20 22:32:45.466,0.9449,0.94521,2.25,1.13
2011.02.20 22:32:45.696,0.9449,0.94527,2.25,1.13
2011.02.20 22:32:45.923,0.9449,0.94529,2.25,1.13
2011.02.20 22:32:46.147,0.94489,0.94532,1.50,2.63
2011.02.20 22:33:03.914,0.94506,0.94551,3.00,2.25
2011.02.20 22:33:05.014,0.94514,0.94541,1.50,1.50
2011.02.20 22:33:05.125,0.94502,0.94541,1.50,1.50
2011.02.20 22:33:05.452,0.94501,0.94541,1.50,1.50
2011.02.20 22:33:10.315,0.94501,0.94548,1.50,1.50
2011.02.20 22:33:10.425,0.94492,0.94551,2.25,2.25
2011.02.20 22:33:10.534,0.94499,0.94551,3.00,1.50
2011.02.20 22:33:10.645,0.9451,0.94589,1.50,1.58
2011.02.20 22:33:14.763,0.94512,0.94579,1.50,1.50
2011.02.20 22:33:22.624,0.94521,0.94579,1.50,1.50
2011.02.20 22:33:23.734,0.94522,0.94579,1.50,1.50
2011.02.20 22:33:40.623,0.94515,0.94579,1.50,1.50
2011.02.20 22:33:40.733,0.94513,0.94579,1.50,1.50
2011.02.20 22:33:42.425,0.94513,0.94579,1.50,1.50
2011.02.20 22:33:42.533,0.94518,0.94579,1.50,1.50
2011.02.20 22:33:55.303,0.94519,0.94579,1.50,1.50
2011.02.20 22:33:55.523,0.94519,0.94579,1.50,1.50
2011.02.20 22:33:56.553,0.94507,0.9459,1.50,1.50
2011.02.20 22:33:56.662,0.94507,0.9459,1.50,1.50
2011.02.20 22:33:58.033,0.94507,0.94593,1.50,1.50
2011.02.20 22:34:02.125,0.94507,0.94593,1.50,1.50
2011.02.20 22:34:02.563,0.9451,0.94593,1.50,1.50
2011.02.20 22:34:05.204,0.9451,0.94593,1.50,1.50
2011.02.20 22:34:05.423,0.94507,0.94593,1.50,1.50
2011.02.20 22:34:14.167,0.94507,0.94593,1.50,1.50
2011.02.20 22:34:14.614,0.94503,0.9457,1.50,1.50
2011.02.20 22:34:15.254,0.94503,0.94569,1.50,1.50
2011.02.20 22:34:26.584,0.94503,0.94569,1.50,2.25
2011.02.20 22:34:26.803,0.94501,0.94569,2.25,2.25
2011.02.20 22:34:26.924,0.94502,0.94562,1.50,1.50
2011.02.20 22:34:28.625,0.94538,0.94562,3.00,1.50
2011.02.20 22:34:28.955,0.94549,0.94581,1.50,4.50
2011.02.20 22:34:29.654,0.94541,0.94571,1.50,1.50
2011.02.20 22:34:29.765,0.94537,0.94571,1.39,1.50
2011.02.20 22:34:29.875,0.94537,0.94571,1.39,1.50
2011.02.20 22:34:31.264,0.94526,0.94571,1.50,1.50
2011.02.20 22:34:34.596,0.94526,0.9458,1.50,1.13
2011.02.20 22:34:34.705,0.94503,0.9458,2.25,1.13
2011.02.20 22:34:34.815,0.94507,0.94593,1.50,1.50
2011.02.20 22:34:39.763,0.94506,0.94591,1.50,1.50
2011.02.20 22:35:00.684,0.94508,0.94596,1.50,1.50
2011.02.20 22:35:01.244,0.94511,0.94596,1.50,1.50
2011.02.20 22:35:04.024,0.94511,0.94579,1.50,1.50
2011.02.20 22:35:04.356,0.94511,0.94576,1.50,1.50
2011.02.20 22:35:12.174,0.94513,0.94575,2.25,1.50
2011.02.20 22:35:12.503,0.94517,0.94575,1.50,1.50
2011.02.20 22:35:26.264,0.94516,0.94577,1.50,1.50
2011.02.20 22:35:26.823,0.94516,0.94578,1.50,1.50
2011.02.20 22:35:44.594,0.94516,0.94577,1.50,1.50
2011.02.20 22:35:49.574,0.94516,0.94577,1.50,1.50
2011.02.20 22:35:56.153,0.94517,0.94577,1.50,1.50
2011.02.20 22:36:30.775,0.94517,0.94577,1.50,2.25
2011.02.20 22:36:30.885,0.94513,0.94577,1.50,2.25
2011.02.20 22:36:31.213,0.94509,0.94578,1.50,2.25
2011.02.20 22:36:32.004,0.9451,0.94574,1.50,2.25
2011.02.20 22:36:36.084,0.94523,0.94597,1.50,1.50
2011.02.20 22:36:36.194,0.94538,0.94633,2.25,1.50
2011.02.20 22:36:37.514,0.94538,0.94636,2.25,1.50
2011.02.20 22:36:39.632,0.94538,0.94636,2.25,1.50
2011.02.20 22:36:45.882,0.94538,0.94636,2.25,1.50
2011.02.20 22:36:47.603,0.94542,0.94636,2.25,1.50
2011.02.20 22:36:50.071,0.94542,0.94636,2.25,1.50
2011.02.20 22:37:01.483,0.94542,0.94636,2.25,1.50
2011.02.20 22:37:10.982,0.94542,0.94636,3.00,1.50
2011.02.20 22:37:21.162,0.94542,0.94597,3.00,2.09
2011.02.20 22:37:21.722,0.94542,0.94596,3.00,1.67
2011.02.20 22:37:25.943,0.94542,0.94586,3.00,1.67
2011.02.20 22:37:28.914,0.94542,0.94586,2.25,1.67
2011.02.20 22:37:46.283,0.94542,0.94586,3.00,1.67
2011.02.20 22:37:48.243,0.94542,0.94586,2.25,1.67
2011.02.20 22:37:51.252,0.94546,0.94586,1.50,1.67
2011.02.20 22:38:04.444,0.94544,0.94586,1.50,1.67
2011.02.20 22:38:23.112,0.94544,0.9464,1.50,1.50
2011.02.20 22:38:44.019,0.94544,0.94638,1.50,1.13
2011.02.20 22:38:44.713,0.9454,0.94638,1.50,1.13
2011.02.20 22:39:54.263,0.94544,0.94639,1.50,1.13
2011.02.20 22:39:54.812,0.94544,0.94639,1.50,1.13
2011.02.20 22:40:34.162,0.94544,0.94638,1.50,1.13
2011.02.20 22:40:49.341,0.94544,0.94638,1.50,1.13
2011.02.20 22:41:02.673,0.94544,0.94597,1.50,2.09
2011.02.20 22:41:08.887,0.9455,0.94587,1.50,2.09
2011.02.20 22:41:11.934,0.9455,0.94577,1.50,1.28
2011.02.20 22:41:12.267,0.94552,0.94577,1.50,1.28
2011.02.20 22:41:56.304,0.94553,0.94577,1.50,1.28
2011.02.20 22:42:04.333,0.94553,0.94577,1.50,1.26
2011.02.20 22:42:45.762,0.94552,0.94577,1.50,1.26
2011.02.20 22:43:59.112,0.94552,0.94577,1.50,1.26
2011.02.20 22:44:02.342,0.94551,0.94577,1.50,1.26
2011.02.20 22:44:04.352,0.94551,0.94654,1.50,1.13
2011.02.20 22:44:11.351,0.94552,0.94645,1.50,1.50
2011.02.20 22:44:12.422,0.94551,0.94644,1.50,1.13
2011.02.20 22:44:16.623,0.94551,0.94607,1.50,1.34
2011.02.20 22:44:20.412,0.94541,0.94606,1.50,1.20
2011.02.20 22:45:15.531,0.9454,0.94606,1.50,1.20
2011.02.20 22:45:52.822,0.94542,0.94606,1.50,1.20
2011.02.20 22:45:53.028,0.94543,0.94606,1.50,1.20
2011.02.20 22:45:54.372,0.94543,0.94606,1.50,1.20
2011.02.20 22:45:54.481,0.94541,0.94606,1.50,1.20
2011.02.20 22:45:54.591,0.9454,0.94606,1.50,1.20
2011.02.20 22:46:33.662,0.94539,0.94641,1.50,1.13
2011.02.20 22:47:08.481,0.94539,0.94647,1.50,1.88
2011.02.20 22:47:15.923,0.94539,0.94647,1.50,1.50
2011.02.20 22:47:16.033,0.94544,0.94647,1.50,1.50
2011.02.20 22:47:59.852,0.94544,0.94651,1.50,1.50
2011.02.20 22:48:00.721,0.94544,0.94647,1.50,1.50
2011.02.20 22:48:00.852,0.9455,0.94651,1.50,1.50
2011.02.20 22:48:00.980,0.94546,0.94651,1.50,1.50
2011.02.20 22:48:01.092,0.94544,0.94651,1.50,2.25
2011.02.20 22:48:02.602,0.94544,0.94647,1.50,1.50
2011.02.20 22:48:08.600,0.94544,0.94647,1.50,1.50
2011.02.20 22:48:15.733,0.94524,0.94637,3.00,1.50
2011.02.20 22:48:15.843,0.94523,0.94637,1.50,1.50
2011.02.20 22:48:17.443,0.94525,0.94637,1.50,1.88
2011.02.20 22:48:18.002,0.94527,0.94634,1.50,1.50
2011.02.20 22:48:27.673,0.94527,0.94616,1.50,2.25
2011.02.20 22:48:27.782,0.94514,0.94616,1.50,2.25
2011.02.20 22:48:28.222,0.94514,0.94608,1.50,1.13
2011.02.20 22:48:37.104,0.94514,0.94597,1.50,2.25
2011.02.20 22:48:37.873,0.94514,0.94588,1.50,2.25
2011.02.20 22:48:40.753,0.94518,0.94588,1.50,2.25
2011.02.20 22:48:55.174,0.94514,0.94588,1.50,2.25
2011.02.20 22:48:55.502,0.94528,0.94608,1.50,2.33
2011.02.20 22:48:55.942,0.94528,0.94608,1.50,2.25
2011.02.20 22:49:02.484,0.94528,0.94608,2.25,2.25
2011.02.20 22:49:03.032,0.9453,0.94608,1.50,2.25
2011.02.20 22:49:03.973,0.9453,0.94609,1.50,2.25
2011.02.20 22:49:04.523,0.94524,0.94608,1.50,2.25
2011.02.20 22:49:05.423,0.94521,0.94608,1.50,2.25
2011.02.20 22:49:08.903,0.9451,0.94608,1.50,2.25
2011.02.20 22:49:09.342,0.9451,0.94608,1.50,2.25
2011.02.20 22:49:14.023,0.9451,0.94604,1.50,2.25
2011.02.20 22:49:14.383,0.9451,0.94604,1.50,2.25
2011.02.20 22:49:17.643,0.9451,0.94594,1.50,2.25
2011.02.20 22:49:21.857,0.94499,0.94565,1.50,1.50
2011.02.20 22:49:22.084,0.94506,0.94587,1.50,3.75
2011.02.20 22:49:23.604,0.94505,0.9457,1.50,1.50
2011.02.20 22:49:24.262,0.94497,0.9457,1.50,1.50
2011.02.20 22:49:24.943,0.94497,0.9457,1.50,1.50
2011.02.20 22:49:25.163,0.94497,0.9457,1.50,1.50
2011.02.20 22:49:27.941,0.94497,0.9457,1.50,1.50
2011.02.20 22:49:47.762,0.94498,0.94568,1.50,2.25
2011.02.20 22:49:54.963,0.94504,0.94568,1.50,2.25
2011.02.20 22:49:55.843,0.94506,0.94568,1.65,2.25
2011.02.20 22:50:07.203,0.94519,0.94571,8.49,1.50
2011.02.20 22:50:07.532,0.94529,0.94571,1.88,1.50
2011.02.20 22:50:18.002,0.94531,0.94571,1.13,1.77
2011.02.20 22:50:39.132,0.9453,0.9457,1.50,1.50
2011.02.20 22:50:46.084,0.9454,0.94571,1.13,1.77
2011.02.20 22:50:46.522,0.94531,0.94571,1.13,1.77
2011.02.20 22:50:46.853,0.94539,0.94571,1.13,1.77
2011.02.20 22:50:48.303,0.94539,0.94571,1.13,1.77
2011.02.20 22:50:48.633,0.9453,0.94571,1.13,1.77
2011.02.20 22:50:50.657,0.94537,0.94571,1.13,1.77
2011.02.20 22:50:51.082,0.94529,0.94571,1.50,1.77
2011.02.20 22:50:51.412,0.94539,0.94571,1.13,1.77
2011.02.20 22:50:54.692,0.94529,0.94571,1.50,1.77
2011.02.20 22:50:55.023,0.94538,0.94571,1.13,1.77
2011.02.20 22:51:02.373,0.94538,0.94571,1.13,1.77
2011.02.20 22:51:07.714,0.94534,0.94571,1.13,1.77
2011.02.20 22:51:09.104,0.94536,0.94571,1.13,1.02
2011.02.20 22:51:09.543,0.94536,0.94577,1.39,1.02
2011.02.20 22:51:09.874,0.9455,0.94589,1.50,2.25
2011.02.20 22:51:09.985,0.94559,0.94598,1.50,1.50
2011.02.20 22:51:10.103,0.94561,0.94609,1.50,2.25
2011.02.20 22:51:10.214,0.94563,0.94618,1.50,2.25
2011.02.20 22:51:10.340,0.94551,0.94627,1.13,1.13
2011.02.20 22:51:10.564,0.9454,0.9462,1.50,1.13
2011.02.20 22:51:10.674,0.94538,0.94619,3.00,1.13
2011.02.20 22:51:11.562,0.94532,0.94619,1.50,1.13
2011.02.20 22:51:14.452,0.94534,0.94621,1.50,1.13
2011.02.20 22:51:14.672,0.94532,0.94621,1.50,1.13
2011.02.20 22:51:17.533,0.94534,0.94607,1.50,1.46
2011.02.20 22:51:17.862,0.94538,0.94615,1.50,1.62
2011.02.20 22:51:20.575,0.9454,0.94617,1.50,3.33
2011.02.20 22:51:24.143,0.94538,0.94617,2.25,2.58
2011.02.20 22:51:28.483,0.94541,0.94617,3.75,1.92
2011.02.20 22:51:38.482,0.94546,0.94633,2.25,1.13
2011.02.20 22:51:40.322,0.94546,0.94634,3.00,1.13
2011.02.20 22:51:42.251,0.94546,0.94636,3.75,1.13
2011.02.20 22:51:58.213,0.94549,0.94639,1.50,1.13
2011.02.20 22:51:58.322,0.94549,0.94639,1.50,1.13
2011.02.20 22:51:59.812,0.94547,0.94641,1.50,1.13
2011.02.20 22:52:00.692,0.94553,0.94641,1.50,1.13
2011.02.20 22:52:00.802,0.94554,0.94643,1.50,1.13
2011.02.20 22:52:02.833,0.94555,0.94644,1.50,1.13
2011.02.20 22:52:06.643,0.94555,0.94634,1.50,1.50
2011.02.20 22:52:06.976,0.94543,0.94612,1.50,1.50
2011.02.20 22:52:07.205,0.94543,0.94612,1.50,1.50
2011.02.20 22:52:07.316,0.94539,0.94612,1.50,1.50
2011.02.20 22:52:07.788,0.94536,0.94608,1.50,2.25
2011.02.20 22:52:08.174,0.94536,0.94608,1.50,2.25
2011.02.20 22:52:08.724,0.94536,0.94608,1.50,2.25
2011.02.20 22:52:20.294,0.94536,0.94612,1.50,3.00
2011.02.20 22:53:08.843,0.94537,0.9461,1.50,1.50
2011.02.20 22:53:20.782,0.94538,0.94609,1.50,1.50
2011.02.20 22:53:38.493,0.94539,0.94608,1.50,1.50
2011.02.20 22:53:40.752,0.94535,0.94608,3.00,1.50
2011.02.20 22:54:00.679,0.94541,0.94607,1.50,1.50
2011.02.20 22:54:18.541,0.9454,0.94608,1.50,1.50
2011.02.20 22:54:20.881,0.9454,0.94607,1.50,1.50
2011.02.20 22:54:24.162,0.9454,0.94607,2.25,2.25
2011.02.20 22:54:42.052,0.94542,0.94606,2.25,2.25
2011.02.20 22:54:52.604,0.94545,0.94609,1.50,2.25
2011.02.20 22:54:52.934,0.94544,0.94612,3.75,3.00
2011.02.20 22:54:53.264,0.94546,0.94612,1.50,3.00
2011.02.20 22:54:54.146,0.94543,0.94612,2.25,1.50
2011.02.20 22:54:55.672,0.94552,0.94612,1.13,1.50
2011.02.20 22:54:56.008,0.9458,0.9462,1.13,1.50
2011.02.20 22:54:56.234,0.9459,0.94638,1.50,1.13
2011.02.20 22:54:56.565,0.94597,0.94644,1.02,1.88
2011.02.20 22:54:56.675,0.9459,0.94644,1.50,1.77
2011.02.20 22:54:56.788,0.946,0.94648,1.02,1.50
2011.02.20 22:54:57.124,0.94604,0.94651,1.50,1.50
2011.02.20 22:54:57.234,0.94604,0.94651,1.50,1.50
2011.02.20 22:54:57.455,0.94604,0.94651,1.50,1.50
2011.02.20 22:54:58.006,0.94604,0.94651,1.50,1.50
2011.02.20 22:55:04.123,0.94589,0.94646,1.13,1.50
2011.02.20 22:55:04.234,0.9458,0.94646,1.50,1.50
2011.02.20 22:55:04.674,0.94568,0.94646,1.50,1.50
2011.02.20 22:55:05.496,0.94565,0.94646,1.50,1.50
2011.02.20 22:55:06.105,0.94565,0.94646,1.50,1.50
2011.02.20 22:55:06.434,0.94565,0.94646,1.50,1.50
2011.02.20 22:55:18.793,0.94565,0.94645,1.50,1.50
2011.02.20 22:55:24.455,0.94561,0.94637,1.50,1.50
2011.02.20 22:55:38.404,0.9457,0.94645,2.25,1.50
2011.02.20 22:55:43.983,0.94576,0.94638,2.25,2.25
2011.02.20 22:55:44.694,0.94576,0.94638,1.50,2.25
2011.02.20 22:55:45.024,0.94576,0.94638,2.25,2.25
2011.02.20 22:55:48.143,0.94576,0.94638,1.50,2.25
2011.02.20 22:55:49.774,0.94576,0.94638,2.25,2.25
2011.02.20 22:56:14.405,0.94576,0.94639,2.25,2.25
2011.02.20 22:56:38.190,0.94574,0.94635,1.13,1.50
2011.02.20 22:56:38.829,0.94574,0.94636,1.13,1.50
2011.02.20 22:56:40.683,0.94574,0.94635,1.13,1.50
2011.02.20 22:56:40.799,0.94574,0.94632,1.13,1.50
2011.02.20 22:56:44.996,0.94572,0.94632,1.13,1.50
2011.02.20 22:56:47.392,0.94572,0.94632,1.13,1.50
2011.02.20 22:56:52.424,0.94575,0.94632,1.13,1.50
2011.02.20 22:57:00.483,0.94576,0.94634,1.13,1.50
2011.02.20 22:57:00.817,0.94576,0.94636,1.13,1.50
2011.02.20 22:57:00.936,0.94576,0.94636,1.13,2.25
2011.02.20 22:57:04.263,0.94576,0.94635,1.13,2.25
2011.02.20 22:57:12.903,0.94576,0.94631,1.13,1.50
2011.02.20 22:57:13.125,0.94576,0.94641,1.13,2.25
2011.02.20 22:57:13.694,0.94576,0.94646,1.13,1.88
2011.02.20 22:57:20.423,0.94575,0.94635,1.13,1.50
2011.02.20 22:57:20.755,0.94575,0.94635,1.13,1.50
2011.02.20 22:57:24.035,0.94581,0.94635,1.13,1.50
2011.02.20 22:57:36.018,0.9458,0.94635,1.13,1.50
2011.02.20 22:57:36.356,0.94582,0.94635,1.13,1.88
2011.02.20 22:57:38.352,0.94582,0.94635,1.13,1.50
2011.02.20 22:57:44.403,0.94581,0.94635,1.13,1.50
2011.02.20 22:58:24.164,0.94561,0.94635,1.50,1.50
2011.02.20 22:58:27.663,0.94559,0.94635,2.25,1.50
2011.02.20 22:58:28.182,0.94559,0.94635,2.25,1.50
2011.02.20 22:59:27.861,0.94559,0.94645,1.50,1.13
2011.02.20 22:59:33.766,0.94557,0.94666,1.50,1.50
2011.02.20 22:59:52.979,0.94558,0.94667,1.50,3.75
