2014.03.04 21:00:02.052,0.88744,0.88752,0.10,0.15
2014.03.04 21:00:03.027,0.88743,0.88751,0.10,0.10
2014.03.04 21:00:03.549,0.88745,0.88751,0.38,0.10
2014.03.04 21:00:04.918,0.88744,0.88751,0.38,0.10
2014.03.04 21:00:05.441,0.88743,0.88751,0.45,0.10
2014.03.04 21:00:10.023,0.88745,0.88753,0.10,0.45
2014.03.04 21:00:21.712,0.88745,0.88753,0.10,0.10
2014.03.04 21:00:21.813,0.88744,0.8875,0.10,0.10
2014.03.04 21:00:21.864,0.88742,0.8875,0.10,0.10
2014.03.04 21:00:28.118,0.88741,0.88749,0.10,0.10
2014.03.04 21:00:28.656,0.88742,0.8875,0.10,0.10
2014.03.04 21:00:36.903,0.88741,0.88747,0.10,0.10
2014.03.04 21:00:36.956,0.88739,0.88747,0.45,0.10
2014.03.04 21:00:43.940,0.88739,0.88745,0.10,0.15
2014.03.04 21:00:44.092,0.88735,0.88743,0.10,2.33
2014.03.04 21:00:44.295,0.88734,0.88741,0.75,0.10
2014.03.04 21:00:44.548,0.88729,0.88737,0.10,0.10
2014.03.04 21:00:44.751,0.88731,0.88739,0.10,0.10
2014.03.04 21:00:45.256,0.8873,0.88738,0.10,0.10
2014.03.04 21:00:48.687,0.88731,0.88739,0.10,0.10
2014.03.04 21:00:50.188,0.8873,0.88738,0.10,0.45
2014.03.04 21:00:59.195,0.88729,0.88737,0.10,0.10
2014.03.04 21:00:59.945,0.8873,0.88738,0.10,0.10
2014.03.04 21:01:01.028,0.88729,0.88737,0.10,0.10
2014.03.04 21:01:03.448,0.88729,0.88733,0.10,0.38
2014.03.04 21:01:03.752,0.88724,0.88731,0.10,0.75
2014.03.04 21:01:04.257,0.88723,0.88731,0.10,0.83
2014.03.04 21:01:05.951,0.88724,0.88731,0.10,0.75
2014.03.04 21:01:06.560,0.88725,0.88731,0.10,0.75
2014.03.04 21:01:09.588,0.88723,0.88727,0.10,0.75
2014.03.04 21:01:09.639,0.88719,0.88726,0.75,0.83
2014.03.04 21:01:10.161,0.88718,0.88726,0.90,0.83
2014.03.04 21:01:10.708,0.88719,0.88726,0.10,0.75
2014.03.04 21:01:11.404,0.8872,0.88726,0.75,0.75
2014.03.04 21:01:11.455,0.88722,0.88726,2.18,0.75
2014.03.04 21:01:11.505,0.88725,0.8873,0.10,0.75
2014.03.04 21:01:11.809,0.88726,0.88734,0.10,0.83
2014.03.04 21:01:12.011,0.88725,0.88732,0.83,0.10
2014.03.04 21:01:12.163,0.88726,0.88734,0.10,0.10
2014.03.04 21:01:12.366,0.88728,0.88736,0.10,1.20
2014.03.04 21:01:13.091,0.88728,0.88735,0.10,0.75
2014.03.04 21:01:13.413,0.88727,0.88733,0.75,0.10
2014.03.04 21:01:13.514,0.88729,0.88736,0.10,0.75
2014.03.04 21:01:14.021,0.88729,0.88737,0.10,0.45
2014.03.04 21:01:14.122,0.88727,0.88735,1.20,0.10
2014.03.04 21:01:17.034,0.88727,0.88732,0.83,0.38
2014.03.04 21:01:17.189,0.88723,0.88729,0.38,0.10
2014.03.04 21:01:18.513,0.88722,0.88729,1.13,0.10
2014.03.04 21:01:19.026,0.88722,0.8873,1.20,0.10
2014.03.04 21:01:23.026,0.88722,0.88729,1.20,0.38
2014.03.04 21:01:23.077,0.88722,0.88727,0.83,1.50
2014.03.04 21:01:23.381,0.8872,0.88724,0.75,0.10
2014.03.04 21:01:24.371,0.88721,0.88725,0.38,0.10
2014.03.04 21:01:24.472,0.88722,0.88727,0.38,0.75
2014.03.04 21:01:25.005,0.88722,0.88728,0.38,0.10
2014.03.04 21:01:27.722,0.88721,0.88728,0.38,0.10
2014.03.04 21:01:29.921,0.8872,0.88728,0.83,0.10
2014.03.04 21:01:30.438,0.88721,0.88729,0.45,0.45
2014.03.04 21:01:34.612,0.88722,0.88729,0.38,0.10
2014.03.04 21:01:35.810,0.88721,0.88728,0.83,0.75
2014.03.04 21:01:35.912,0.8872,0.88724,0.75,0.10
2014.03.04 21:01:36.063,0.88721,0.88726,0.75,0.10
2014.03.04 21:01:36.568,0.88721,0.88728,1.13,0.45
2014.03.04 21:01:41.442,0.88722,0.88728,0.38,0.10
2014.03.04 21:01:41.746,0.88722,0.88726,0.38,1.50
2014.03.04 21:01:41.796,0.8872,0.88726,0.83,2.25
2014.03.04 21:01:41.898,0.88718,0.88725,0.75,0.10
2014.03.04 21:01:41.999,0.8872,0.88725,0.38,0.10
2014.03.04 21:01:42.403,0.8872,0.88727,1.13,0.10
2014.03.04 21:01:43.737,0.88721,0.88728,0.45,0.83
2014.03.04 21:01:44.251,0.88721,0.88729,1.20,0.10
2014.03.04 21:01:58.687,0.88722,0.8873,0.10,0.15
2014.03.04 21:02:13.888,0.88722,0.88729,0.38,0.10
2014.03.04 21:02:14.585,0.88722,0.8873,0.45,0.10
2014.03.04 21:02:15.266,0.88722,0.88729,0.38,0.10
2014.03.04 21:02:16.546,0.88722,0.8873,0.45,0.10
2014.03.04 21:02:17.247,0.88722,0.88729,0.38,0.10
2014.03.04 21:02:18.003,0.88722,0.8873,0.45,0.10
2014.03.04 21:02:19.017,0.88722,0.88729,0.38,0.10
2014.03.04 21:02:19.974,0.88722,0.8873,0.45,0.10
2014.03.04 21:02:22.809,0.88722,0.88729,0.38,0.10
2014.03.04 21:02:23.316,0.88722,0.8873,0.45,0.10
2014.03.04 21:02:24.673,0.88722,0.88729,0.38,0.10
2014.03.04 21:02:25.193,0.88722,0.8873,0.45,0.10
2014.03.04 21:02:26.499,0.88722,0.88729,0.38,0.10
2014.03.04 21:02:29.713,0.88722,0.8873,0.45,0.10
2014.03.04 21:02:55.238,0.88723,0.8873,0.38,0.10
2014.03.04 21:03:06.345,0.88722,0.8873,0.10,0.10
2014.03.04 21:03:07.017,0.88724,0.88732,0.10,0.10
2014.03.04 21:03:09.791,0.88723,0.88731,0.15,0.10
2014.03.04 21:03:10.309,0.88724,0.88732,0.10,0.10
2014.03.04 21:03:10.961,0.88723,0.88731,0.10,0.10
2014.03.04 21:03:11.472,0.88724,0.88732,0.10,0.10
2014.03.04 21:03:13.591,0.88723,0.88731,0.45,0.10
2014.03.04 21:03:15.483,0.88724,0.88732,0.10,0.15
2014.03.04 21:03:16.279,0.88723,0.88731,0.45,0.10
2014.03.04 21:03:16.784,0.88724,0.88732,0.10,0.15
2014.03.04 21:03:45.708,0.88724,0.8873,0.45,1.50
2014.03.04 21:03:46.011,0.88726,0.8873,0.38,2.25
2014.03.04 21:03:46.365,0.88727,0.88733,0.38,0.83
2014.03.04 21:03:47.636,0.8873,0.88738,0.10,3.45
2014.03.04 21:03:47.737,0.88731,0.88738,0.10,0.75
2014.03.04 21:03:48.243,0.8873,0.88737,0.75,0.83
2014.03.04 21:03:50.271,0.8873,0.88736,0.75,0.10
2014.03.04 21:03:51.983,0.8873,0.88737,0.75,0.83
2014.03.04 21:03:53.148,0.8873,0.88736,0.75,0.10
2014.03.04 21:04:13.157,0.8873,0.88738,1.00,2.33
2014.03.04 21:04:16.541,0.8873,0.8874,1.00,2.33
2014.03.04 21:04:17.123,0.8873,0.88739,1.00,2.33
2014.03.04 21:04:17.638,0.8873,0.8874,1.00,2.33
2014.03.04 21:04:27.117,0.8873,0.88739,1.00,2.33
2014.03.04 21:04:29.075,0.8873,0.8874,1.10,2.33
2014.03.04 21:04:29.668,0.8873,0.88741,1.95,3.08
2014.03.04 21:04:30.493,0.8873,0.88741,1.95,3.08
2014.03.04 21:04:39.286,0.8873,0.88739,1.10,2.70
2014.03.04 21:04:39.790,0.8873,0.88738,1.00,2.70
2014.03.04 21:04:40.738,0.8873,0.88737,1.00,2.70
2014.03.04 21:04:41.273,0.8873,0.88738,1.00,2.70
2014.03.04 21:04:47.742,0.88728,0.88738,1.00,2.33
2014.03.04 21:04:48.070,0.88731,0.88738,1.00,2.33
2014.03.04 21:04:48.273,0.88731,0.8874,1.50,2.70
2014.03.04 21:04:48.325,0.88734,0.8874,1.00,2.70
2014.03.04 21:04:49.436,0.88734,0.88741,1.00,2.33
2014.03.04 21:04:49.981,0.88731,0.8874,1.38,2.33
2014.03.04 21:04:51.698,0.88732,0.8874,1.13,2.33
2014.03.04 21:04:52.360,0.88732,0.88741,1.13,2.33
2014.03.04 21:04:53.110,0.88732,0.8874,1.13,2.33
2014.03.04 21:04:57.552,0.88732,0.88741,1.13,2.33
2014.03.04 21:05:00.392,0.88731,0.88741,1.13,2.33
2014.03.04 21:05:01.037,0.88731,0.8874,1.00,2.33
2014.03.04 21:05:01.305,0.88728,0.8874,1.18,2.70
2014.03.04 21:05:02.009,0.88728,0.88739,1.10,2.70
2014.03.04 21:05:03.922,0.88728,0.88739,1.58,2.33
2014.03.04 21:05:11.609,0.88728,0.8874,1.65,2.70
2014.03.04 21:05:13.582,0.88728,0.8874,2.40,2.33
2014.03.04 21:05:19.334,0.8873,0.8874,1.13,2.33
2014.03.04 21:05:19.865,0.88726,0.8874,5.33,2.33
2014.03.04 21:05:28.079,0.88732,0.8874,1.30,2.33
2014.03.04 21:05:28.181,0.88735,0.88743,1.30,1.65
2014.03.04 21:05:28.283,0.8874,0.88747,1.00,3.08
2014.03.04 21:05:28.384,0.8874,0.8875,1.00,4.58
2014.03.04 21:05:35.429,0.8874,0.88749,1.00,2.33
2014.03.04 21:05:35.480,0.88738,0.88748,1.10,1.15
2014.03.04 21:05:35.531,0.88738,0.88747,1.00,2.33
2014.03.04 21:05:35.783,0.88735,0.88745,1.65,1.18
2014.03.04 21:05:36.302,0.88735,0.88745,1.58,1.15
2014.03.04 21:05:37.901,0.88733,0.88743,3.08,1.00
2014.03.04 21:05:38.426,0.88738,0.88747,1.00,3.83
2014.03.04 21:05:38.580,0.88738,0.88747,1.10,1.18
2014.03.04 21:05:45.997,0.88735,0.88745,3.08,1.13
2014.03.04 21:05:46.099,0.88735,0.88745,1.18,1.18
2014.03.04 21:05:50.869,0.88735,0.88745,2.03,1.10
2014.03.04 21:05:51.629,0.88735,0.88745,2.03,1.08
2014.03.04 21:05:55.039,0.88734,0.88743,1.53,1.00
2014.03.04 21:05:55.501,0.88738,0.88747,1.00,2.70
2014.03.04 21:05:57.793,0.8874,0.88747,1.00,2.70
2014.03.04 21:05:57.945,0.8874,0.88749,1.00,2.70
2014.03.04 21:05:58.098,0.88738,0.88748,1.10,1.53
2014.03.04 21:06:00.616,0.88738,0.88747,1.00,2.70
2014.03.04 21:06:01.119,0.88738,0.88748,1.00,3.45
2014.03.04 21:06:03.504,0.8874,0.88748,1.00,2.33
2014.03.04 21:06:03.707,0.88738,0.88748,1.00,3.45
2014.03.04 21:06:04.785,0.88738,0.88747,1.00,2.70
2014.03.04 21:06:05.492,0.88738,0.88748,1.00,5.63
2014.03.04 21:06:08.965,0.88738,0.88747,1.00,2.70
2014.03.04 21:06:09.493,0.88738,0.88748,1.00,3.45
2014.03.04 21:06:11.428,0.8874,0.88748,1.00,2.70
2014.03.04 21:06:11.630,0.88738,0.88748,1.10,1.28
2014.03.04 21:06:27.830,0.88738,0.88747,1.00,2.70
2014.03.04 21:06:33.447,0.88738,0.88748,1.00,5.63
2014.03.04 21:06:36.678,0.88738,0.88747,1.00,2.70
2014.03.04 21:06:39.593,0.88738,0.88748,1.00,5.63
2014.03.04 21:06:54.462,0.88738,0.88747,1.00,2.70
2014.03.04 21:07:04.753,0.88738,0.88748,1.00,3.45
2014.03.04 21:07:11.698,0.88734,0.88748,3.08,2.70
2014.03.04 21:07:14.084,0.88736,0.88747,1.10,3.45
2014.03.04 21:07:14.593,0.88736,0.88747,1.18,1.28
2014.03.04 21:07:16.280,0.88739,0.88748,1.00,2.70
2014.03.04 21:07:16.381,0.88737,0.88748,1.10,3.45
2014.03.04 21:07:20.498,0.88737,0.88748,1.10,3.45
2014.03.04 21:07:20.801,0.88737,0.88748,1.10,3.45
2014.03.04 21:07:22.057,0.88737,0.88747,1.10,3.45
2014.03.04 21:07:22.309,0.88737,0.88745,1.00,2.70
2014.03.04 21:07:29.290,0.88733,0.88744,1.10,3.45
2014.03.04 21:07:32.257,0.88733,0.88744,1.70,3.45
2014.03.04 21:07:32.358,0.88736,0.88747,1.10,4.20
2014.03.04 21:07:32.510,0.88733,0.88744,3.00,1.28
2014.03.04 21:07:33.727,0.88733,0.88744,1.65,1.18
2014.03.04 21:07:34.755,0.88733,0.88744,3.45,1.20
2014.03.04 21:07:35.257,0.88737,0.88746,1.00,2.70
2014.03.04 21:07:36.631,0.88737,0.88747,1.00,2.70
2014.03.04 21:07:44.074,0.88737,0.88748,1.18,1.53
2014.03.04 21:07:44.580,0.88739,0.88749,1.00,2.70
2014.03.04 21:07:54.579,0.88737,0.88748,1.18,1.15
2014.03.04 21:07:56.738,0.88737,0.88747,1.10,2.33
2014.03.04 21:08:08.298,0.88737,0.88748,1.10,5.63
2014.03.04 21:08:08.626,0.88739,0.88748,1.00,2.70
2014.03.04 21:08:08.677,0.88737,0.88748,1.10,3.45
2014.03.04 21:08:10.985,0.88739,0.88748,1.00,2.70
2014.03.04 21:08:33.714,0.88739,0.8875,1.15,1.28
2014.03.04 21:08:34.310,0.88739,0.8875,3.08,1.20
2014.03.04 21:08:34.637,0.88739,0.8875,1.18,1.28
2014.03.04 21:08:42.629,0.88739,0.8875,1.28,1.53
2014.03.04 21:08:43.204,0.88739,0.8875,1.28,1.53
2014.03.04 21:08:43.825,0.88739,0.8875,1.18,1.53
2014.03.04 21:08:44.335,0.88739,0.88749,1.18,1.28
2014.03.04 21:08:58.805,0.8874,0.8875,1.58,1.18
2014.03.04 21:08:58.957,0.88742,0.88752,1.95,1.28
2014.03.04 21:08:59.261,0.88745,0.88754,1.28,1.10
2014.03.04 21:09:06.534,0.88747,0.88755,1.00,1.18
2014.03.04 21:09:07.043,0.88747,0.88757,1.10,1.65
2014.03.04 21:09:14.857,0.88747,0.88757,1.18,1.65
2014.03.04 21:09:16.142,0.88747,0.88757,1.18,1.18
2014.03.04 21:09:27.330,0.88747,0.88757,4.05,1.13
2014.03.04 21:09:28.408,0.88747,0.88757,4.05,1.38
2014.03.04 21:09:28.663,0.88749,0.88759,1.53,1.20
2014.03.04 21:09:29.319,0.88749,0.88759,1.15,1.48
2014.03.04 21:09:29.836,0.88749,0.88759,1.15,1.48
2014.03.04 21:09:30.351,0.88749,0.88759,1.18,1.55
2014.03.04 21:09:33.104,0.88749,0.88759,1.18,1.75
2014.03.04 21:09:38.340,0.88748,0.88758,1.15,1.10
2014.03.04 21:09:38.895,0.88749,0.88759,1.10,1.73
2014.03.04 21:09:42.884,0.88749,0.88759,1.00,3.60
2014.03.04 21:09:44.394,0.88749,0.88759,1.10,1.73
2014.03.04 21:09:45.054,0.88749,0.88759,1.00,3.60
2014.03.04 21:09:53.476,0.88749,0.88759,1.10,1.35
2014.03.04 21:10:14.144,0.88749,0.88759,1.08,1.35
2014.03.04 21:10:34.206,0.88749,0.88759,1.10,1.35
2014.03.04 21:10:44.763,0.88748,0.8876,1.15,2.55
2014.03.04 21:10:44.915,0.88749,0.88763,2.33,5.55
2014.03.04 21:10:45.469,0.88751,0.88761,1.10,1.15
2014.03.04 21:10:45.570,0.88752,0.88761,1.18,1.10
2014.03.04 21:11:06.353,0.88751,0.88761,1.08,3.00
2014.03.04 21:11:06.859,0.88751,0.88761,1.18,1.18
2014.03.04 21:11:10.041,0.88751,0.88761,1.15,1.10
2014.03.04 21:11:17.068,0.88751,0.88761,1.18,1.18
2014.03.04 21:11:25.550,0.88751,0.88761,1.20,1.18
2014.03.04 21:11:28.972,0.88751,0.88761,1.00,3.08
2014.03.04 21:11:29.498,0.88751,0.88761,1.10,1.15
2014.03.04 21:11:30.011,0.88751,0.88761,1.00,3.08
2014.03.04 21:11:30.671,0.88751,0.88761,1.10,1.15
2014.03.04 21:11:34.617,0.88751,0.88761,1.00,3.08
2014.03.04 21:11:35.186,0.88751,0.88761,1.10,1.15
2014.03.04 21:11:35.702,0.88751,0.88761,1.00,3.08
2014.03.04 21:11:39.631,0.88751,0.88761,1.10,1.15
2014.03.04 21:11:41.651,0.88751,0.88761,1.00,3.08
2014.03.04 21:11:42.223,0.88751,0.88761,1.10,1.15
2014.03.04 21:11:54.510,0.88747,0.88761,4.95,2.33
2014.03.04 21:11:58.198,0.88748,0.88762,3.45,3.68
2014.03.04 21:11:58.704,0.88748,0.88761,1.53,2.70
2014.03.04 21:11:59.350,0.88748,0.88762,3.45,3.68
2014.03.04 21:11:59.873,0.88748,0.88761,1.53,2.70
2014.03.04 21:12:00.381,0.88748,0.88762,3.45,3.68
2014.03.04 21:12:01.133,0.88748,0.88761,1.53,2.70
2014.03.04 21:12:01.705,0.88748,0.88762,3.45,3.68
2014.03.04 21:12:05.609,0.88748,0.88761,1.53,2.70
2014.03.04 21:12:07.189,0.88748,0.8876,1.20,2.70
2014.03.04 21:12:07.240,0.88748,0.88759,1.20,2.33
2014.03.04 21:12:07.871,0.88748,0.8876,1.28,3.08
2014.03.04 21:12:13.401,0.88749,0.88759,1.00,3.08
2014.03.04 21:12:14.399,0.88749,0.88759,1.10,1.15
2014.03.04 21:12:25.402,0.88749,0.88759,1.00,3.08
2014.03.04 21:12:29.659,0.88749,0.88759,1.10,1.15
2014.03.04 21:12:29.861,0.88751,0.8876,1.13,2.33
2014.03.04 21:12:30.013,0.88752,0.88762,1.18,1.28
2014.03.04 21:12:42.140,0.88753,0.88764,1.28,3.00
2014.03.04 21:12:48.593,0.88754,0.88764,1.18,1.43
2014.03.04 21:12:48.694,0.88754,0.88764,1.15,1.10
2014.03.04 21:12:49.217,0.88753,0.88764,1.28,1.50
2014.03.04 21:12:49.268,0.88753,0.88764,1.28,3.68
2014.03.04 21:12:49.774,0.88753,0.88764,1.20,3.68
2014.03.04 21:12:57.213,0.88753,0.88761,1.18,1.00
2014.03.04 21:12:57.722,0.88753,0.88761,1.15,1.00
2014.03.04 21:12:58.602,0.88753,0.88764,1.15,1.18
2014.03.04 21:12:59.357,0.88755,0.88761,1.10,1.00
2014.03.04 21:13:02.953,0.88755,0.88765,1.18,3.15
2014.03.04 21:13:03.496,0.88755,0.88765,1.10,3.15
2014.03.04 21:13:03.766,0.88755,0.88761,1.10,1.00
2014.03.04 21:13:09.029,0.88755,0.88761,1.18,1.00
2014.03.04 21:13:09.079,0.88755,0.88766,1.18,3.83
2014.03.04 21:13:09.130,0.88755,0.88766,1.15,1.65
2014.03.04 21:13:15.858,0.88755,0.88766,1.10,3.83
2014.03.04 21:13:17.577,0.88755,0.88766,1.18,1.65
2014.03.04 21:13:19.542,0.88755,0.88766,1.10,3.83
2014.03.04 21:13:20.875,0.88755,0.88766,1.18,1.65
2014.03.04 21:13:40.848,0.88759,0.88766,1.00,1.28
2014.03.04 21:13:48.398,0.8876,0.88766,1.00,1.28
2014.03.04 21:13:51.643,0.88759,0.88766,1.00,3.45
2014.03.04 21:13:51.745,0.8876,0.88766,1.00,1.28
2014.03.04 21:13:53.904,0.88759,0.88766,1.00,3.45
2014.03.04 21:14:02.599,0.88759,0.88766,1.50,2.70
2014.03.04 21:14:07.280,0.8876,0.88766,1.00,2.33
2014.03.04 21:14:07.869,0.8876,0.88767,1.00,3.08
2014.03.04 21:14:12.976,0.88756,0.88767,1.10,3.08
2014.03.04 21:14:17.384,0.88758,0.88767,1.00,3.08
2014.03.04 21:14:28.178,0.88758,0.88768,1.00,2.33
2014.03.04 21:14:31.563,0.88758,0.88769,1.10,5.33
2014.03.04 21:14:32.290,0.88758,0.88768,1.00,2.33
2014.03.04 21:14:33.229,0.88758,0.88768,1.88,2.33
2014.03.04 21:14:37.675,0.88758,0.88769,1.95,4.58
2014.03.04 21:14:41.716,0.88758,0.88768,1.88,2.33
2014.03.04 21:14:44.399,0.88758,0.88768,1.88,2.33
2014.03.04 21:14:44.459,0.88758,0.88769,2.03,1.28
2014.03.04 21:14:46.044,0.88758,0.88769,2.03,3.45
2014.03.04 21:14:46.817,0.88758,0.88769,2.03,1.28
2014.03.04 21:14:48.530,0.88758,0.88769,2.03,1.65
2014.03.04 21:14:54.364,0.88758,0.88769,2.03,1.15
2014.03.04 21:14:54.618,0.88759,0.88769,2.70,1.50
2014.03.04 21:15:01.611,0.88759,0.8877,3.45,2.33
2014.03.04 21:15:01.866,0.88759,0.8877,3.75,3.83
2014.03.04 21:15:02.170,0.88759,0.88768,1.00,2.33
2014.03.04 21:15:02.715,0.88759,0.88768,1.38,2.33
2014.03.04 21:15:10.077,0.88759,0.88768,1.38,2.33
2014.03.04 21:15:10.381,0.88758,0.88766,1.38,4.50
2014.03.04 21:15:10.685,0.88755,0.88763,1.88,2.33
2014.03.04 21:15:10.736,0.88758,0.88766,1.38,2.33
2014.03.04 21:15:12.041,0.88757,0.88766,1.50,2.33
2014.03.04 21:15:12.566,0.88757,0.88766,1.50,2.33
2014.03.04 21:15:13.014,0.88757,0.88766,1.13,2.33
2014.03.04 21:15:13.116,0.88754,0.88763,1.58,2.25
2014.03.04 21:15:13.167,0.88755,0.88763,1.13,2.33
2014.03.04 21:15:13.695,0.88754,0.88763,1.13,2.33
2014.03.04 21:15:14.100,0.88754,0.88763,1.75,2.33
2014.03.04 21:15:16.906,0.88755,0.88763,1.00,2.33
2014.03.04 21:15:18.284,0.88754,0.88763,1.50,2.33
2014.03.04 21:15:20.113,0.88755,0.88763,1.00,2.33
2014.03.04 21:15:20.266,0.88755,0.88765,1.18,1.18
2014.03.04 21:15:20.771,0.88756,0.88766,1.13,2.33
2014.03.04 21:15:30.538,0.88756,0.88766,1.38,2.33
2014.03.04 21:15:31.047,0.88756,0.88766,1.13,2.33
2014.03.04 21:15:34.730,0.88759,0.88766,1.00,2.33
2014.03.04 21:15:44.258,0.88758,0.88766,1.13,2.33
2014.03.04 21:16:00.854,0.88759,0.88766,1.00,2.33
2014.03.04 21:16:00.956,0.88759,0.88767,1.00,1.15
2014.03.04 21:16:04.086,0.8876,0.88767,1.00,1.15
2014.03.04 21:16:04.187,0.88757,0.88767,1.58,1.15
2014.03.04 21:16:15.646,0.88757,0.88766,1.38,2.33
2014.03.04 21:16:16.931,0.88757,0.88766,1.38,2.33
2014.03.04 21:16:20.948,0.88757,0.88767,1.45,3.08
2014.03.04 21:16:20.999,0.88758,0.88767,1.10,1.18
2014.03.04 21:16:22.269,0.88757,0.88767,1.58,1.18
2014.03.04 21:16:22.790,0.88757,0.88767,1.38,3.08
2014.03.04 21:17:03.541,0.88754,0.88768,4.95,3.08
2014.03.04 21:17:23.783,0.88754,0.88768,4.20,3.08
2014.03.04 21:17:25.076,0.88754,0.88768,4.20,3.08
2014.03.04 21:17:35.432,0.88758,0.88768,1.20,1.15
2014.03.04 21:17:37.018,0.88758,0.88768,1.58,1.15
2014.03.04 21:17:39.651,0.88758,0.88768,1.58,1.15
2014.03.04 21:17:39.904,0.8876,0.88768,1.00,1.15
2014.03.04 21:17:40.056,0.8876,0.8877,1.10,1.28
2014.03.04 21:17:40.158,0.8876,0.88769,1.00,2.33
2014.03.04 21:17:40.794,0.8876,0.8877,1.00,3.08
2014.03.04 21:17:48.436,0.8876,0.88769,1.00,2.33
2014.03.04 21:17:48.967,0.8876,0.8877,1.00,3.08
2014.03.04 21:17:49.474,0.8876,0.88769,1.00,2.33
2014.03.04 21:17:49.677,0.88758,0.88769,1.20,3.83
2014.03.04 21:17:50.212,0.88758,0.88768,1.38,2.33
2014.03.04 21:17:52.206,0.88758,0.88768,1.38,2.33
2014.03.04 21:17:52.722,0.88758,0.88769,1.48,3.83
2014.03.04 21:17:57.384,0.88758,0.88769,1.48,3.83
2014.03.04 21:17:57.486,0.88758,0.88768,1.13,2.33
2014.03.04 21:17:58.442,0.88758,0.88768,1.38,2.33
2014.03.04 21:17:58.950,0.88758,0.88769,1.20,3.83
2014.03.04 21:17:59.660,0.88758,0.88768,1.13,2.33
2014.03.04 21:18:00.272,0.88758,0.88769,1.20,3.83
2014.03.04 21:18:00.857,0.88758,0.88768,1.13,2.33
2014.03.04 21:18:01.405,0.88758,0.88769,1.20,3.83
2014.03.04 21:18:02.529,0.88758,0.88768,1.13,2.33
2014.03.04 21:18:03.272,0.88758,0.88769,1.20,3.83
2014.03.04 21:18:06.617,0.88758,0.88768,1.50,2.33
2014.03.04 21:18:06.719,0.88758,0.88769,1.65,1.15
2014.03.04 21:18:08.622,0.88758,0.88769,1.58,3.08
2014.03.04 21:18:09.186,0.88758,0.88769,1.58,3.08
2014.03.04 21:18:18.795,0.88758,0.88764,1.58,1.00
2014.03.04 21:18:25.118,0.88758,0.88764,1.58,1.00
2014.03.04 21:18:26.350,0.88758,0.88764,1.58,1.00
2014.03.04 21:18:31.018,0.88758,0.88764,1.50,1.10
2014.03.04 21:18:31.322,0.88756,0.88762,1.20,1.00
2014.03.04 21:18:31.963,0.88756,0.88761,1.00,1.00
2014.03.04 21:19:12.969,0.88756,0.88762,1.00,1.10
2014.03.04 21:19:13.121,0.88757,0.88764,1.13,1.58
2014.03.04 21:19:14.373,0.88757,0.88762,1.13,1.00
2014.03.04 21:19:14.678,0.88752,0.88758,2.40,1.00
2014.03.04 21:19:15.181,0.88754,0.88758,1.00,1.00
2014.03.04 21:19:19.591,0.88756,0.88762,1.58,1.10
2014.03.04 21:19:20.109,0.88757,0.88763,1.20,1.00
2014.03.04 21:19:38.995,0.88757,0.88763,2.40,1.00
2014.03.04 21:19:39.097,0.88757,0.88763,2.33,1.00
2014.03.04 21:19:40.166,0.88757,0.88763,2.40,1.00
2014.03.04 21:19:52.119,0.88757,0.88763,1.20,1.00
2014.03.04 21:19:58.855,0.88757,0.88763,1.18,1.00
2014.03.04 21:19:59.471,0.88757,0.88763,1.10,1.00
2014.03.04 21:20:00.687,0.88757,0.88763,1.15,1.00
2014.03.04 21:20:01.894,0.88757,0.88763,1.10,1.00
2014.03.04 21:20:18.558,0.88757,0.88763,1.18,1.00
2014.03.04 21:20:19.277,0.88757,0.88763,1.10,1.00
2014.03.04 21:20:23.111,0.88757,0.88763,1.18,1.00
2014.03.04 21:20:23.639,0.88757,0.88763,1.10,1.00
2014.03.04 21:20:29.788,0.88757,0.88764,1.10,1.50
2014.03.04 21:20:33.347,0.88757,0.88764,1.18,1.00
2014.03.04 21:20:34.133,0.88757,0.88764,1.10,1.00
2014.03.04 21:20:35.759,0.88756,0.88764,1.15,1.00
2014.03.04 21:20:39.109,0.88756,0.88764,3.45,1.00
2014.03.04 21:20:59.053,0.88756,0.88763,3.08,1.00
2014.03.04 21:21:05.983,0.88756,0.88763,1.15,1.00
2014.03.04 21:21:10.950,0.88755,0.88763,1.88,1.00
2014.03.04 21:21:13.646,0.88755,0.88763,4.05,1.00
2014.03.04 21:21:24.590,0.88755,0.88763,1.88,1.00
2014.03.04 21:21:25.101,0.88755,0.88763,4.05,1.00
2014.03.04 21:21:34.152,0.88759,0.88763,1.00,1.00
2014.03.04 21:21:34.304,0.88756,0.8876,1.00,1.00
2014.03.04 21:21:34.357,0.88754,0.8876,2.78,1.00
2014.03.04 21:21:34.510,0.8875,0.88756,2.25,1.00
2014.03.04 21:21:35.174,0.88747,0.88753,1.00,1.00
2014.03.04 21:21:35.699,0.88747,0.88752,1.00,1.00
2014.03.04 21:21:39.807,0.88748,0.88753,1.00,1.00
2014.03.04 21:21:39.908,0.88748,0.88758,1.00,3.08
2014.03.04 21:21:40.891,0.88748,0.88757,1.00,2.33
2014.03.04 21:21:41.567,0.88748,0.88758,1.00,3.08
2014.03.04 21:21:43.429,0.88748,0.88757,1.00,2.33
2014.03.04 21:21:44.207,0.88748,0.88758,1.00,3.45
2014.03.04 21:21:47.504,0.88748,0.88757,1.00,2.33
2014.03.04 21:21:48.030,0.88748,0.88758,1.00,5.25
2014.03.04 21:21:51.297,0.88748,0.88757,1.00,2.33
2014.03.04 21:21:57.116,0.88748,0.88758,1.00,3.83
2014.03.04 21:22:01.186,0.88748,0.88757,1.00,2.33
2014.03.04 21:22:06.055,0.88748,0.88758,1.00,3.83
2014.03.04 21:22:06.655,0.88748,0.88757,1.00,2.33
2014.03.04 21:22:29.737,0.88748,0.88758,1.00,6.00
2014.03.04 21:22:30.239,0.88747,0.88757,1.00,3.45
2014.03.04 21:22:31.339,0.88745,0.88755,1.28,1.18
2014.03.04 21:22:31.997,0.88745,0.88755,1.10,3.08
2014.03.04 21:22:32.658,0.88745,0.88754,1.00,2.33
2014.03.04 21:22:38.392,0.88743,0.88753,1.10,1.15
2014.03.04 21:23:34.184,0.88743,0.88753,1.00,1.00
2014.03.04 21:23:37.755,0.88747,0.88753,1.50,1.00
2014.03.04 21:23:37.907,0.88749,0.88757,1.00,1.65
2014.03.04 21:23:38.009,0.88745,0.88755,1.08,2.25
2014.03.04 21:23:38.060,0.88747,0.88755,1.00,2.33
2014.03.04 21:24:05.870,0.88745,0.88755,1.00,3.08
2014.03.04 21:24:06.422,0.88745,0.88754,1.00,2.33
2014.03.04 21:24:09.536,0.88745,0.88755,1.00,3.83
2014.03.04 21:24:13.607,0.88745,0.88754,1.00,2.33
2014.03.04 21:24:16.246,0.88745,0.88755,1.00,3.83
2014.03.04 21:24:31.785,0.88745,0.88754,1.00,2.33
2014.03.04 21:24:35.327,0.88745,0.88755,1.00,3.83
2014.03.04 21:24:35.830,0.88745,0.88754,1.00,2.33
2014.03.04 21:24:38.624,0.88743,0.88754,1.10,3.08
2014.03.04 21:24:44.479,0.88744,0.88754,1.00,3.08
2014.03.04 21:24:44.580,0.88745,0.88754,1.43,2.25
2014.03.04 21:24:44.682,0.88747,0.88758,1.10,3.83
2014.03.04 21:25:00.660,0.88747,0.88758,1.65,1.65
2014.03.04 21:25:01.349,0.88747,0.88758,1.65,1.65
2014.03.04 21:25:01.978,0.88747,0.88758,1.18,2.03
2014.03.04 21:25:03.379,0.88747,0.88758,1.20,3.83
2014.03.04 21:25:20.746,0.88745,0.88756,1.08,1.15
2014.03.04 21:25:20.797,0.88745,0.88756,1.10,3.08
2014.03.04 21:25:23.967,0.88743,0.88752,1.28,1.00
2014.03.04 21:25:24.675,0.88743,0.88753,1.28,1.10
2014.03.04 21:25:25.181,0.88743,0.88752,1.28,1.00
2014.03.04 21:25:25.838,0.88743,0.88753,1.28,1.10
2014.03.04 21:25:36.938,0.88743,0.88753,4.20,1.00
2014.03.04 21:25:37.343,0.88743,0.88753,1.65,1.18
2014.03.04 21:25:54.892,0.88744,0.88755,1.18,3.08
2014.03.04 21:25:54.943,0.88744,0.88755,1.15,1.18
2014.03.04 21:25:55.044,0.88744,0.88755,1.10,3.08
2014.03.04 21:26:07.878,0.88746,0.88757,1.28,1.18
2014.03.04 21:26:09.304,0.88746,0.88757,1.28,1.15
2014.03.04 21:26:11.989,0.88747,0.88757,1.18,1.18
2014.03.04 21:26:15.862,0.88747,0.88757,1.10,1.15
2014.03.04 21:26:18.523,0.88749,0.88758,1.00,2.33
2014.03.04 21:26:25.726,0.88749,0.88759,1.00,3.83
2014.03.04 21:26:26.246,0.88749,0.88758,1.00,2.33
2014.03.04 21:26:30.613,0.88749,0.88754,1.00,1.08
2014.03.04 21:26:30.769,0.88743,0.88752,1.50,1.15
2014.03.04 21:26:30.871,0.88743,0.88752,1.65,1.10
2014.03.04 21:26:30.973,0.88743,0.88752,1.50,1.15
2014.03.04 21:26:31.573,0.88742,0.88752,1.10,1.15
2014.03.04 21:26:39.027,0.88742,0.88752,1.00,3.08
2014.03.04 21:26:40.722,0.88742,0.88752,1.10,1.15
2014.03.04 21:26:41.407,0.88742,0.88752,1.00,3.08
2014.03.04 21:26:43.447,0.88742,0.88752,1.10,1.15
2014.03.04 21:27:43.521,0.88739,0.88754,3.00,1.88
2014.03.04 21:27:53.220,0.88739,0.88753,2.25,1.00
2014.03.04 21:27:56.162,0.88739,0.88754,2.25,1.88
2014.03.04 21:27:57.198,0.88739,0.88753,2.25,1.00
2014.03.04 21:27:57.881,0.88744,0.88754,1.00,1.50
2014.03.04 21:27:58.185,0.88744,0.88754,1.10,1.15
2014.03.04 21:27:59.574,0.88747,0.88754,1.00,1.15
2014.03.04 21:28:03.199,0.88746,0.88754,1.00,1.15
2014.03.04 21:28:21.602,0.88746,0.88754,1.00,3.08
2014.03.04 21:28:23.007,0.88746,0.88754,1.00,1.15
2014.03.04 21:28:37.650,0.88745,0.88753,1.00,1.18
2014.03.04 21:28:38.045,0.88744,0.88753,1.00,7.13
2014.03.04 21:28:38.577,0.88744,0.88752,1.00,2.70
2014.03.04 21:28:39.418,0.88744,0.88753,1.00,4.95
2014.03.04 21:28:40.029,0.88744,0.88752,1.00,2.70
2014.03.04 21:28:41.657,0.88743,0.88752,1.50,2.70
2014.03.04 21:28:54.789,0.88743,0.88753,1.00,7.88
2014.03.04 21:28:56.556,0.88743,0.88752,1.00,2.70
2014.03.04 21:29:13.188,0.88743,0.88753,1.00,7.88
2014.03.04 21:29:13.694,0.88743,0.88752,1.00,2.70
2014.03.04 21:29:14.902,0.88743,0.88753,1.00,5.70
2014.03.04 21:29:15.676,0.88743,0.88752,1.00,2.70
2014.03.04 21:29:21.846,0.8874,0.8875,1.28,1.65
2014.03.04 21:29:21.897,0.8874,0.8875,1.00,3.83
2014.03.04 21:29:22.302,0.88737,0.88745,1.08,1.00
2014.03.04 21:29:22.758,0.88737,0.88743,1.00,1.00
2014.03.04 21:29:23.113,0.88733,0.88743,1.65,1.10
2014.03.04 21:29:23.214,0.88734,0.88743,2.33,1.00
2014.03.04 21:29:23.266,0.88735,0.88745,1.15,1.10
2014.03.04 21:29:23.805,0.88735,0.88745,3.08,1.00
2014.03.04 21:29:24.606,0.88735,0.88741,3.08,1.00
2014.03.04 21:29:42.668,0.88736,0.88741,2.25,1.00
2014.03.04 21:29:43.332,0.88735,0.88742,3.08,1.00
2014.03.04 21:29:52.238,0.88735,0.88743,3.08,1.00
2014.03.04 21:29:52.339,0.8874,0.88744,1.10,1.00
2014.03.04 21:30:00.471,0.88739,0.88743,1.10,1.00
2014.03.04 21:30:14.865,0.88735,0.88743,2.33,1.00
2014.03.04 21:30:17.891,0.88734,0.88743,3.83,1.00
2014.03.04 21:30:18.397,0.88734,0.88742,1.15,1.00
2014.03.04 21:30:18.935,0.88734,0.88742,3.08,1.00
2014.03.04 21:30:20.514,0.88734,0.88742,1.15,1.00
2014.03.04 21:30:24.282,0.88734,0.88741,1.15,1.00
2014.03.04 21:30:24.789,0.88732,0.8874,3.45,1.00
2014.03.04 21:30:34.651,0.88733,0.8874,2.33,1.00
2014.03.04 21:30:35.229,0.88732,0.8874,3.45,1.00
2014.03.04 21:30:35.839,0.88733,0.8874,2.33,1.00
2014.03.04 21:30:36.924,0.88732,0.8874,3.45,1.00
2014.03.04 21:30:37.668,0.88733,0.8874,2.33,1.00
2014.03.04 21:30:39.514,0.88735,0.88739,1.00,1.00
2014.03.04 21:30:44.900,0.88735,0.88739,1.00,1.00
2014.03.04 21:30:45.002,0.88739,0.88745,1.50,2.33
2014.03.04 21:30:45.053,0.88743,0.88749,1.08,2.18
2014.03.04 21:30:45.104,0.88744,0.88749,1.58,2.18
2014.03.04 21:30:45.206,0.88747,0.88752,1.58,1.50
2014.03.04 21:30:46.149,0.88747,0.88754,3.53,1.00
2014.03.04 21:30:46.301,0.88747,0.88754,6.08,1.00
2014.03.04 21:30:46.655,0.88747,0.88754,3.90,1.00
2014.03.04 21:30:49.625,0.88747,0.88754,3.90,1.00
2014.03.04 21:30:50.197,0.88747,0.88754,3.90,1.00
2014.03.04 21:30:50.707,0.88747,0.88754,3.90,1.00
2014.03.04 21:30:52.495,0.88747,0.88754,3.90,1.00
2014.03.04 21:30:53.054,0.88747,0.88754,3.90,1.00
2014.03.04 21:30:54.692,0.88747,0.88754,3.90,1.00
2014.03.04 21:30:56.075,0.88747,0.88754,3.90,1.00
2014.03.04 21:30:57.575,0.88747,0.88754,3.90,1.00
2014.03.04 21:30:59.997,0.88747,0.88754,3.90,1.00
2014.03.04 21:31:02.273,0.88753,0.88761,4.06,2.55
2014.03.04 21:31:02.324,0.88757,0.88761,1.88,2.18
2014.03.04 21:31:02.375,0.88758,0.88765,4.43,1.88
2014.03.04 21:31:02.426,0.88758,0.88767,4.43,1.50
2014.03.04 21:31:02.578,0.88763,0.88767,1.00,1.13
2014.03.04 21:31:02.934,0.8876,0.88767,2.70,1.13
2014.03.04 21:31:03.294,0.8876,0.8877,3.45,1.38
2014.03.04 21:31:03.801,0.88763,0.8877,3.08,1.13
2014.03.04 21:31:04.304,0.88763,0.8877,1.15,1.88
2014.03.04 21:31:06.471,0.88763,0.88771,1.53,1.50
2014.03.04 21:31:06.779,0.88763,0.8877,3.08,1.00
2014.03.04 21:31:07.677,0.88763,0.8877,3.08,1.00
2014.03.04 21:31:08.031,0.88763,0.8877,3.15,1.00
2014.03.04 21:31:13.072,0.88763,0.88772,3.08,1.88
2014.03.04 21:31:13.174,0.88763,0.88768,1.10,1.00
2014.03.04 21:31:13.377,0.8876,0.88765,2.25,1.00
2014.03.04 21:31:13.427,0.88758,0.88765,2.33,1.00
2014.03.04 21:31:13.478,0.88757,0.88763,2.33,1.00
2014.03.04 21:31:13.580,0.88753,0.8876,1.15,1.00
2014.03.04 21:31:14.086,0.88753,0.8876,3.08,1.00
2014.03.04 21:31:26.986,0.88759,0.88766,1.21,1.08
2014.03.04 21:31:27.038,0.88763,0.88767,1.00,3.30
2014.03.04 21:31:27.089,0.88764,0.88771,2.55,1.00
2014.03.04 21:31:27.241,0.88765,0.88772,2.93,1.00
2014.03.04 21:31:27.394,0.88766,0.88775,2.70,1.50
2014.03.04 21:31:27.698,0.88765,0.88775,1.53,1.10
2014.03.04 21:31:28.002,0.88765,0.88777,3.45,1.65
2014.03.04 21:31:28.308,0.88769,0.88777,3.45,1.00
2014.03.04 21:31:28.816,0.88769,0.88778,3.83,1.00
2014.03.04 21:31:33.225,0.8877,0.88778,3.08,1.00
2014.03.04 21:31:33.732,0.88771,0.88779,2.70,1.00
2014.03.04 21:31:34.247,0.88772,0.88779,2.33,1.00
2014.03.04 21:31:34.789,0.88771,0.88779,1.53,1.00
2014.03.04 21:31:39.185,0.88771,0.88779,3.08,1.00
2014.03.04 21:31:39.388,0.88771,0.88779,1.18,1.00
2014.03.04 21:31:41.593,0.88771,0.88779,3.08,1.00
2014.03.04 21:31:41.796,0.88769,0.88778,1.28,1.00
2014.03.04 21:31:43.635,0.88769,0.88777,1.28,1.00
2014.03.04 21:31:44.317,0.88771,0.88777,1.18,1.00
2014.03.04 21:31:45.220,0.88769,0.88778,2.63,1.10
2014.03.04 21:31:45.373,0.88771,0.88781,3.45,1.00
2014.03.04 21:31:45.932,0.88771,0.88781,1.53,1.10
2014.03.04 21:31:46.436,0.88771,0.88779,4.20,1.00
2014.03.04 21:31:46.960,0.88771,0.88779,2.78,1.00
2014.03.04 21:31:54.425,0.88771,0.88779,4.95,1.00
2014.03.04 21:32:01.979,0.88771,0.8878,4.95,1.00
2014.03.04 21:32:02.132,0.88778,0.88785,3.53,1.50
2014.03.04 21:32:02.436,0.88777,0.88784,2.03,1.13
2014.03.04 21:32:02.589,0.88774,0.88782,1.45,1.50
2014.03.04 21:32:02.640,0.88774,0.88782,1.08,1.50
2014.03.04 21:32:02.691,0.88774,0.88782,1.10,1.58
2014.03.04 21:32:02.995,0.88775,0.88782,1.18,1.50
2014.03.04 21:32:03.097,0.88775,0.88787,1.18,3.83
2014.03.04 21:32:03.604,0.88777,0.88785,1.88,1.58
2014.03.04 21:32:03.706,0.88778,0.88789,1.55,1.15
2014.03.04 21:32:09.773,0.88778,0.88789,2.03,1.28
2014.03.04 21:32:10.348,0.88778,0.88789,2.40,1.15
2014.03.04 21:32:15.413,0.8878,0.88789,1.08,1.20
2014.03.04 21:32:15.464,0.8878,0.88789,1.15,1.13
2014.03.04 21:32:15.566,0.88778,0.88789,2.40,1.28
2014.03.04 21:32:16.335,0.88778,0.88786,2.40,1.00
2014.03.04 21:32:18.136,0.88778,0.88784,2.03,1.00
2014.03.04 21:32:18.642,0.88778,0.88787,3.45,1.18
2014.03.04 21:32:19.330,0.88778,0.88787,3.08,1.18
2014.03.04 21:32:19.381,0.88778,0.88787,5.33,1.00
2014.03.04 21:32:19.432,0.88778,0.88789,3.08,1.10
2014.03.04 21:32:19.483,0.88778,0.88789,1.10,3.08
2014.03.04 21:32:19.788,0.88778,0.88785,1.00,1.15
2014.03.04 21:32:20.449,0.88778,0.88786,3.08,1.58
2014.03.04 21:32:30.201,0.8878,0.88789,1.40,2.33
2014.03.04 21:32:30.252,0.88781,0.8879,1.08,2.33
2014.03.04 21:32:30.354,0.88781,0.8879,3.00,1.13
2014.03.04 21:32:30.659,0.88782,0.88788,2.33,1.00
2014.03.04 21:32:30.912,0.88777,0.88782,1.10,1.00
2014.03.04 21:32:32.626,0.88773,0.8878,1.53,1.00
2014.03.04 21:32:32.778,0.88771,0.88777,2.03,1.00
2014.03.04 21:32:35.477,0.88773,0.88777,1.00,1.00
2014.03.04 21:32:37.833,0.88769,0.88777,3.08,1.00
2014.03.04 21:32:37.935,0.88766,0.88775,2.70,1.00
2014.03.04 21:32:38.443,0.88766,0.88774,2.70,1.00
2014.03.04 21:32:40.235,0.88765,0.88774,2.70,1.00
2014.03.04 21:32:41.546,0.88766,0.88774,2.70,1.00
2014.03.04 21:32:44.009,0.88765,0.88774,4.50,1.00
2014.03.04 21:32:46.376,0.88764,0.88774,4.76,1.10
2014.03.04 21:32:46.427,0.88764,0.88772,2.58,1.00
2014.03.04 21:32:53.431,0.88763,0.8877,2.25,1.10
2014.03.04 21:32:53.482,0.88762,0.8877,1.00,1.18
2014.03.04 21:32:53.534,0.88759,0.88767,1.15,1.00
2014.03.04 21:32:53.687,0.88759,0.88766,1.20,1.00
2014.03.04 21:32:58.483,0.88756,0.88767,2.70,1.10
2014.03.04 21:33:04.683,0.88758,0.88771,2.70,2.70
2014.03.04 21:33:05.226,0.88758,0.88772,2.70,4.95
2014.03.04 21:33:05.871,0.88757,0.88771,5.63,2.70
2014.03.04 21:33:08.176,0.88756,0.88767,2.33,1.08
2014.03.04 21:33:08.227,0.88755,0.88767,1.15,1.15
2014.03.04 21:33:10.575,0.88755,0.88767,3.08,1.18
2014.03.04 21:33:11.133,0.88755,0.88768,1.15,2.33
2014.03.04 21:33:12.641,0.88755,0.88769,3.08,3.08
2014.03.04 21:33:13.958,0.88755,0.88768,1.15,2.33
2014.03.04 21:33:14.009,0.88755,0.88763,1.15,1.00
2014.03.04 21:33:14.518,0.88755,0.88763,3.08,1.00
2014.03.04 21:33:15.128,0.88755,0.88763,1.15,1.00
2014.03.04 21:33:20.201,0.88755,0.88761,1.15,1.00
2014.03.04 21:33:26.625,0.88755,0.88761,1.18,1.00
2014.03.04 21:33:26.929,0.88752,0.88758,2.33,1.00
2014.03.04 21:33:30.635,0.88752,0.88757,2.25,1.00
2014.03.04 21:33:30.838,0.88751,0.88757,1.18,1.00
2014.03.04 21:33:31.579,0.88751,0.88757,1.15,1.00
2014.03.04 21:33:32.305,0.88751,0.88757,1.18,1.00
2014.03.04 21:33:33.595,0.88753,0.88757,2.18,1.00
2014.03.04 21:33:34.286,0.88752,0.88759,2.33,1.00
2014.03.04 21:33:36.272,0.88753,0.88758,2.25,1.00
2014.03.04 21:33:42.143,0.88752,0.88759,4.50,1.00
2014.03.04 21:33:42.667,0.88753,0.8876,2.33,1.00
2014.03.04 21:33:46.554,0.88758,0.88766,1.38,1.65
2014.03.04 21:33:46.657,0.88758,0.88763,1.45,1.00
2014.03.04 21:33:52.536,0.88757,0.88763,1.53,1.00
2014.03.04 21:34:00.061,0.88758,0.88764,1.55,1.00
2014.03.04 21:34:00.571,0.88762,0.88766,1.00,1.00
2014.03.04 21:34:05.546,0.88761,0.88765,1.20,1.00
2014.03.04 21:34:06.311,0.88761,0.88766,1.48,1.00
2014.03.04 21:34:09.068,0.88761,0.88765,1.10,1.00
2014.03.04 21:34:16.537,0.88762,0.88766,1.00,1.00
2014.03.04 21:34:39.092,0.88759,0.88765,1.53,1.00
2014.03.04 21:34:42.097,0.88762,0.88766,1.28,1.50
2014.03.04 21:34:42.626,0.88763,0.88767,1.00,1.00
2014.03.04 21:34:53.622,0.88761,0.88766,1.28,1.00
2014.03.04 21:35:03.511,0.88761,0.88767,1.15,1.00
2014.03.04 21:35:04.079,0.88761,0.88766,1.18,1.00
2014.03.04 21:35:08.709,0.88761,0.88767,1.65,1.00
2014.03.04 21:35:09.361,0.88761,0.88766,1.65,1.00
2014.03.04 21:35:10.637,0.88761,0.88767,1.65,1.00
2014.03.04 21:35:10.688,0.88761,0.88773,1.65,2.33
2014.03.04 21:35:10.739,0.88765,0.88773,1.00,2.33
2014.03.04 21:35:56.160,0.88765,0.88774,1.08,2.33
2014.03.04 21:35:56.512,0.88769,0.88777,1.00,3.08
2014.03.04 21:35:57.652,0.88769,0.88776,1.00,2.70
2014.03.04 21:36:00.518,0.88769,0.88777,1.00,3.08
2014.03.04 21:36:05.793,0.88769,0.88778,1.00,1.28
2014.03.04 21:36:06.298,0.8877,0.88778,1.00,1.28
2014.03.04 21:36:23.482,0.8877,0.88779,1.00,1.53
2014.03.04 21:36:23.985,0.8877,0.88779,1.00,3.45
2014.03.04 21:36:40.737,0.8877,0.88779,1.00,1.53
2014.03.04 21:36:41.808,0.8877,0.88779,1.00,3.45
2014.03.04 21:36:43.474,0.88769,0.88775,1.00,1.53
2014.03.04 21:36:44.117,0.88769,0.88775,1.00,1.53
2014.03.04 21:36:48.234,0.8877,0.88777,1.00,2.70
2014.03.04 21:36:53.536,0.88769,0.88776,1.00,1.53
2014.03.04 21:36:53.890,0.88769,0.88776,1.00,1.20
2014.03.04 21:36:54.411,0.8877,0.88778,1.00,2.03
2014.03.04 21:37:04.123,0.8877,0.88778,1.00,2.03
2014.03.04 21:37:04.376,0.88769,0.88775,1.50,1.48
2014.03.04 21:37:09.434,0.88769,0.88773,1.00,1.10
2014.03.04 21:37:11.549,0.88768,0.88773,1.00,1.48
2014.03.04 21:37:13.280,0.88769,0.88775,1.00,1.55
2014.03.04 21:38:36.740,0.88769,0.88776,1.00,2.40
2014.03.04 21:38:37.043,0.88771,0.88778,1.00,1.55
2014.03.04 21:38:52.211,0.88772,0.88778,1.00,1.65
2014.03.04 21:39:21.009,0.88772,0.88778,1.00,1.18
2014.03.04 21:39:21.065,0.8877,0.88778,1.00,1.65
2014.03.04 21:39:21.576,0.8877,0.88778,1.00,3.45
2014.03.04 21:39:21.678,0.88766,0.88777,1.18,2.40
2014.03.04 21:39:21.830,0.88766,0.88774,1.18,1.38
2014.03.04 21:39:21.881,0.88769,0.88774,1.00,1.38
2014.03.04 21:39:23.006,0.88769,0.88774,1.00,1.00
2014.03.04 21:39:23.158,0.88764,0.88774,1.18,1.18
2014.03.04 21:39:23.563,0.88765,0.88774,1.18,1.58
2014.03.04 21:39:23.817,0.88765,0.88774,1.10,1.18
2014.03.04 21:39:27.896,0.88765,0.88774,1.10,2.03
2014.03.04 21:39:28.049,0.88765,0.88774,1.15,1.50
2014.03.04 21:39:28.150,0.88765,0.88774,1.10,1.65
2014.03.04 21:39:30.979,0.88765,0.88771,1.10,1.00
2014.03.04 21:39:32.270,0.88765,0.88771,1.10,1.38
2014.03.04 21:39:32.575,0.88769,0.88774,1.00,1.10
2014.03.04 21:39:35.145,0.88768,0.88774,1.50,1.18
2014.03.04 21:39:35.449,0.88764,0.88771,1.00,2.70
2014.03.04 21:39:35.601,0.88766,0.88773,1.00,2.70
2014.03.04 21:39:38.207,0.88766,0.88774,1.00,3.45
2014.03.04 21:39:40.158,0.88766,0.88773,1.00,2.70
2014.03.04 21:39:45.023,0.88764,0.88771,1.00,2.70
2014.03.04 21:39:45.277,0.88762,0.88769,1.00,3.08
2014.03.04 21:39:45.784,0.88762,0.88769,1.50,1.15
2014.03.04 21:39:45.886,0.88764,0.88769,1.00,1.08
2014.03.04 21:39:46.393,0.88764,0.88769,1.00,1.18
2014.03.04 21:39:48.629,0.88764,0.88772,1.00,4.88
2014.03.04 21:39:50.362,0.88762,0.88769,1.00,3.00
2014.03.04 21:39:50.818,0.88756,0.88764,1.50,2.33
2014.03.04 21:39:50.969,0.8876,0.88767,1.00,2.33
2014.03.04 21:39:51.778,0.8876,0.88768,1.38,5.25
2014.03.04 21:39:52.458,0.88762,0.88769,1.00,1.15
2014.03.04 21:39:53.198,0.88762,0.88771,1.00,2.70
2014.03.04 21:39:53.986,0.88762,0.88772,1.00,3.45
2014.03.04 21:39:58.067,0.88762,0.88771,1.00,2.70
2014.03.04 21:39:58.607,0.88762,0.88772,1.00,3.45
2014.03.04 21:40:00.215,0.88762,0.88771,1.00,2.70
2014.03.04 21:40:00.771,0.88762,0.88772,1.00,5.63
2014.03.04 21:40:01.076,0.88762,0.88773,1.15,1.65
2014.03.04 21:40:01.584,0.88762,0.88773,1.10,3.83
2014.03.04 21:40:06.830,0.8876,0.88768,1.00,2.33
2014.03.04 21:40:32.264,0.8876,0.88769,1.00,2.33
2014.03.04 21:40:32.814,0.8876,0.88768,1.00,2.33
2014.03.04 21:40:41.613,0.8876,0.88769,1.00,2.33
2014.03.04 21:40:53.404,0.88755,0.88769,6.08,2.33
2014.03.04 21:40:55.234,0.88759,0.88769,1.00,2.33
2014.03.04 21:41:33.013,0.88755,0.88769,5.70,2.33
2014.03.04 21:41:35.383,0.88759,0.88769,1.00,2.33
2014.03.04 21:41:38.544,0.88755,0.88764,2.33,1.00
2014.03.04 21:41:38.595,0.88753,0.88764,2.70,3.08
2014.03.04 21:41:38.901,0.88752,0.88762,1.10,1.15
2014.03.04 21:41:39.256,0.88747,0.88759,3.45,1.18
2014.03.04 21:41:40.475,0.88748,0.88759,2.70,1.10
2014.03.04 21:41:40.987,0.88747,0.88759,3.83,1.18
2014.03.04 21:41:43.727,0.88754,0.88759,1.00,1.18
2014.03.04 21:41:44.770,0.88753,0.88759,1.00,1.18
2014.03.04 21:41:44.821,0.88748,0.88759,2.33,1.20
2014.03.04 21:41:45.557,0.88747,0.88759,3.08,1.18
2014.03.04 21:41:45.810,0.8875,0.88759,1.08,1.08
2014.03.04 21:41:46.272,0.88746,0.88759,3.83,1.15
2014.03.04 21:41:57.019,0.88746,0.88757,1.28,1.28
2014.03.04 21:41:57.968,0.88746,0.88757,2.70,1.95
2014.03.04 21:41:58.424,0.88745,0.88754,2.40,1.00
2014.03.04 21:42:01.933,0.88745,0.88754,3.08,1.00
2014.03.04 21:42:07.521,0.88751,0.88757,1.00,1.65
2014.03.04 21:42:20.957,0.8875,0.88754,1.00,1.10
2014.03.04 21:42:54.096,0.88749,0.88756,1.00,2.40
2014.03.04 21:42:54.665,0.88749,0.88756,1.00,4.58
2014.03.04 21:42:57.243,0.88749,0.88756,1.00,2.40
2014.03.04 21:43:01.434,0.88749,0.88756,1.00,4.58
2014.03.04 21:43:02.259,0.88749,0.88756,1.00,2.40
2014.03.04 21:43:03.344,0.88749,0.88756,1.00,4.58
2014.03.04 21:43:04.747,0.88749,0.88755,1.00,2.78
2014.03.04 21:43:05.254,0.88749,0.88754,1.00,1.18
2014.03.04 21:43:07.929,0.8875,0.88755,1.00,1.55
2014.03.04 21:43:15.781,0.88749,0.88755,1.50,3.00
2014.03.04 21:43:22.777,0.8875,0.88755,1.00,1.48
2014.03.04 21:43:23.390,0.88749,0.88755,1.00,3.15
2014.03.04 21:43:27.633,0.88749,0.88755,1.00,1.18
2014.03.04 21:43:27.836,0.8875,0.88757,1.00,1.28
2014.03.04 21:43:32.917,0.8875,0.88757,1.00,1.28
2014.03.04 21:43:33.534,0.8875,0.88757,1.00,1.28
2014.03.04 21:43:36.157,0.88749,0.88757,1.50,1.28
2014.03.04 21:43:49.002,0.88749,0.88757,1.00,1.28
2014.03.04 21:43:50.279,0.8875,0.88757,1.00,1.20
2014.03.04 21:43:50.330,0.8875,0.88757,1.00,1.10
2014.03.04 21:43:50.836,0.88751,0.88759,1.00,2.33
2014.03.04 21:43:51.623,0.88752,0.88762,1.00,3.08
2014.03.04 21:43:59.479,0.88752,0.88761,1.00,2.33
2014.03.04 21:44:00.321,0.88752,0.88762,1.00,5.33
2014.03.04 21:44:02.704,0.88752,0.88761,1.00,2.70
2014.03.04 21:44:03.241,0.88751,0.88761,1.00,4.58
2014.03.04 21:44:04.975,0.88751,0.88755,1.00,1.00
2014.03.04 21:44:05.177,0.88749,0.88755,1.00,1.08
2014.03.04 21:44:05.723,0.88748,0.88755,1.00,2.78
2014.03.04 21:44:06.319,0.88748,0.88755,1.00,2.40
2014.03.04 21:44:06.723,0.88743,0.88755,2.78,2.40
2014.03.04 21:44:07.418,0.88744,0.88755,2.78,2.40
2014.03.04 21:44:18.441,0.88744,0.88755,2.78,1.95
2014.03.04 21:44:18.594,0.88744,0.88755,2.78,2.70
2014.03.04 21:44:18.908,0.88746,0.8875,2.18,1.00
2014.03.04 21:44:20.305,0.88745,0.88752,2.33,1.00
2014.03.04 21:44:20.854,0.88744,0.88751,2.60,1.75
2014.03.04 21:44:21.891,0.88744,0.88748,2.53,1.00
2014.03.04 21:44:24.665,0.88743,0.88751,2.68,1.38
2014.03.04 21:44:25.020,0.88738,0.88748,2.33,1.00
2014.03.04 21:44:25.528,0.88737,0.88749,2.33,3.53
2014.03.04 21:44:26.055,0.88738,0.88749,2.33,3.53
2014.03.04 21:44:26.564,0.88739,0.88749,2.33,3.38
2014.03.04 21:44:27.077,0.88738,0.88749,2.33,3.45
2014.03.04 21:44:27.584,0.88739,0.88749,2.33,3.38
2014.03.04 21:44:28.195,0.88738,0.88749,2.33,3.45
2014.03.04 21:44:33.202,0.88738,0.88747,2.33,1.00
2014.03.04 21:44:33.658,0.88735,0.88747,2.33,2.40
2014.03.04 21:44:34.165,0.88736,0.88747,2.33,2.33
2014.03.04 21:44:34.721,0.88735,0.88747,2.33,2.40
2014.03.04 21:44:35.526,0.88736,0.88747,2.33,2.40
2014.03.04 21:44:36.036,0.88735,0.88747,2.33,2.40
2014.03.04 21:44:36.778,0.88736,0.88747,2.33,2.33
2014.03.04 21:44:37.540,0.88736,0.88743,2.33,1.00
2014.03.04 21:44:38.053,0.88736,0.88742,2.33,1.00
2014.03.04 21:44:38.582,0.88735,0.88742,2.33,1.00
2014.03.04 21:44:39.256,0.88735,0.88747,2.33,3.15
2014.03.04 21:44:39.801,0.88739,0.88747,1.00,2.40
2014.03.04 21:44:40.694,0.8874,0.88747,1.00,1.65
2014.03.04 21:44:43.283,0.88741,0.88749,1.00,2.33
2014.03.04 21:44:43.385,0.88741,0.8875,1.00,3.15
2014.03.04 21:44:45.838,0.88741,0.8875,1.00,4.58
2014.03.04 21:44:56.289,0.88744,0.88751,1.00,2.70
2014.03.04 21:44:56.341,0.88744,0.88752,1.00,1.53
2014.03.04 21:45:00.839,0.88745,0.88752,1.00,1.53
2014.03.04 21:45:01.347,0.88746,0.88752,1.10,1.38
2014.03.04 21:45:03.216,0.88746,0.88752,1.10,1.38
2014.03.04 21:45:03.317,0.88748,0.88752,1.00,1.13
2014.03.04 21:45:04.204,0.88748,0.88753,1.00,1.13
2014.03.04 21:45:05.388,0.88748,0.88753,1.10,1.38
2014.03.04 21:45:13.376,0.88748,0.88753,1.10,1.00
2014.03.04 21:45:14.279,0.88748,0.88753,1.65,1.00
2014.03.04 21:45:14.483,0.8875,0.88757,1.00,1.95
2014.03.04 21:45:17.118,0.8875,0.88757,1.15,1.50
2014.03.04 21:45:17.219,0.8875,0.88757,1.10,1.88
2014.03.04 21:45:17.726,0.88751,0.88757,1.00,1.88
2014.03.04 21:45:18.674,0.8875,0.88756,1.08,1.38
2014.03.04 21:45:18.775,0.8875,0.88755,1.00,1.13
2014.03.04 21:45:24.963,0.88749,0.88753,1.10,1.00
2014.03.04 21:45:25.167,0.88748,0.88753,1.10,1.00
2014.03.04 21:46:01.940,0.88748,0.88753,1.08,1.00
2014.03.04 21:46:02.447,0.88748,0.88753,1.00,1.38
2014.03.04 21:46:02.998,0.88748,0.88753,1.00,1.13
2014.03.04 21:46:03.521,0.88748,0.88753,1.00,1.38
2014.03.04 21:46:04.792,0.88745,0.8875,1.00,1.38
2014.03.04 21:46:05.299,0.88747,0.88751,1.00,1.00
2014.03.04 21:46:08.175,0.88745,0.8875,1.00,1.95
2014.03.04 21:46:08.277,0.88744,0.8875,1.00,1.38
2014.03.04 21:46:08.785,0.88743,0.8875,1.00,1.20
2014.03.04 21:46:10.166,0.88743,0.88748,1.00,1.00
2014.03.04 21:46:10.867,0.88744,0.88748,1.00,1.10
2014.03.04 21:46:11.576,0.88744,0.8875,1.00,1.55
2014.03.04 21:46:12.336,0.88744,0.8875,1.00,1.10
2014.03.04 21:46:14.660,0.88744,0.8875,1.50,1.18
2014.03.04 21:46:15.205,0.88745,0.8875,1.00,1.10
2014.03.04 21:46:16.814,0.88745,0.8875,1.00,1.18
2014.03.04 21:46:17.179,0.88745,0.88753,1.00,1.65
2014.03.04 21:46:17.846,0.88745,0.88753,1.00,1.65
2014.03.04 21:46:18.856,0.88744,0.88752,1.00,1.18
2014.03.04 21:46:19.059,0.88746,0.88752,1.00,1.28
2014.03.04 21:46:19.969,0.88746,0.88752,1.00,1.55
2014.03.04 21:46:20.273,0.88744,0.8875,1.00,1.13
2014.03.04 21:46:20.795,0.88744,0.8875,1.00,1.48
2014.03.04 21:46:29.339,0.88744,0.8875,1.00,1.65
2014.03.04 21:46:29.390,0.88738,0.88745,3.00,1.00
2014.03.04 21:46:29.442,0.88737,0.88747,1.18,1.55
2014.03.04 21:46:29.696,0.88741,0.88747,1.00,1.18
2014.03.04 21:46:30.227,0.88741,0.88747,1.00,1.20
2014.03.04 21:46:30.741,0.88741,0.88747,1.00,1.18
2014.03.04 21:46:31.247,0.88741,0.88747,1.00,1.10
2014.03.04 21:46:32.516,0.88741,0.88747,1.00,1.08
2014.03.04 21:46:33.023,0.88741,0.88747,1.00,1.10
2014.03.04 21:46:34.071,0.88741,0.88747,1.00,1.18
2014.03.04 21:46:35.208,0.8874,0.88746,1.00,2.13
2014.03.04 21:46:35.310,0.88738,0.88742,1.58,1.10
2014.03.04 21:46:35.817,0.88737,0.88741,1.00,1.00
2014.03.04 21:46:35.919,0.88735,0.88741,1.00,1.00
2014.03.04 21:46:36.123,0.88734,0.88741,1.00,3.45
2014.03.04 21:46:36.629,0.88733,0.8874,1.00,1.65
2014.03.04 21:46:37.145,0.88733,0.8874,1.00,1.65
2014.03.04 21:46:37.448,0.88732,0.8874,1.00,2.03
2014.03.04 21:46:38.927,0.88732,0.8874,1.50,2.03
2014.03.04 21:46:39.428,0.88731,0.8874,1.50,2.03
2014.03.04 21:46:39.951,0.88731,0.8874,1.10,3.53
2014.03.04 21:46:42.738,0.8873,0.88737,1.00,1.55
2014.03.04 21:46:44.860,0.88731,0.8874,1.00,3.45
2014.03.04 21:46:45.012,0.88731,0.88741,1.00,3.45
2014.03.04 21:46:45.063,0.88734,0.88741,1.00,3.45
2014.03.04 21:46:45.115,0.88734,0.88742,1.00,1.53
2014.03.04 21:46:45.649,0.88734,0.88742,1.00,3.45
2014.03.04 21:46:48.175,0.88734,0.88742,1.00,1.28
2014.03.04 21:46:49.059,0.88734,0.88739,1.00,1.00
2014.03.04 21:46:53.190,0.88735,0.88739,1.00,1.00
2014.03.04 21:46:55.241,0.88735,0.88742,1.00,1.20
2014.03.04 21:46:56.160,0.88735,0.88742,1.00,1.20
2014.03.04 21:46:56.363,0.88731,0.88735,1.00,1.13
2014.03.04 21:46:56.414,0.88731,0.88736,1.00,1.38
2014.03.04 21:46:56.617,0.88729,0.88736,1.10,2.25
2014.03.04 21:47:01.924,0.88727,0.88732,1.00,1.38
2014.03.04 21:47:02.230,0.88726,0.88732,1.00,1.00
2014.03.04 21:47:02.536,0.88721,0.88727,1.08,1.38
2014.03.04 21:47:02.588,0.88721,0.88728,1.15,1.00
2014.03.04 21:47:02.639,0.88724,0.88729,1.00,1.00
2014.03.04 21:47:02.690,0.88722,0.88729,1.00,1.15
2014.03.04 21:47:02.994,0.88721,0.88727,1.10,1.38
2014.03.04 21:47:06.133,0.88722,0.88729,1.00,1.10
2014.03.04 21:47:06.235,0.88724,0.88729,1.00,1.00
2014.03.04 21:47:06.852,0.88725,0.88729,1.00,1.00
2014.03.04 21:47:09.869,0.88725,0.88732,1.00,1.90
2014.03.04 21:47:10.839,0.88725,0.88729,1.00,1.13
2014.03.04 21:47:10.942,0.88727,0.88731,1.00,1.00
2014.03.04 21:47:10.993,0.88727,0.88735,1.00,4.58
2014.03.04 21:47:11.095,0.88728,0.88735,1.00,1.55
2014.03.04 21:47:14.075,0.88728,0.88732,1.00,1.00
2014.03.04 21:47:16.721,0.88729,0.88737,1.00,3.08
2014.03.04 21:47:16.924,0.88731,0.88735,1.00,1.10
2014.03.04 21:47:18.989,0.8873,0.88735,1.00,1.48
2014.03.04 21:47:19.143,0.88725,0.88732,1.65,1.00
2014.03.04 21:47:19.663,0.88729,0.88734,1.00,1.10
2014.03.04 21:47:22.186,0.88727,0.88732,1.00,1.50
2014.03.04 21:47:22.491,0.88727,0.88731,1.00,1.00
2014.03.04 21:47:24.103,0.88727,0.88732,1.00,1.38
2014.03.04 21:47:28.740,0.88727,0.88732,1.00,1.50
2014.03.04 21:47:29.171,0.88727,0.88731,1.00,1.00
2014.03.04 21:47:50.137,0.88727,0.88731,1.00,1.13
2014.03.04 21:47:59.191,0.88727,0.88732,1.00,1.50
2014.03.04 21:47:59.649,0.88729,0.88735,1.00,1.90
2014.03.04 21:48:00.227,0.88729,0.88734,1.00,1.13
2014.03.04 21:48:00.735,0.8873,0.88734,1.00,1.13
2014.03.04 21:48:02.735,0.8873,0.88737,1.00,1.90
2014.03.04 21:48:02.838,0.88728,0.88734,1.00,1.00
2014.03.04 21:48:02.889,0.88728,0.88734,1.00,1.38
2014.03.04 21:48:04.240,0.8873,0.88734,1.00,1.00
2014.03.04 21:48:07.450,0.8873,0.88734,1.00,1.00
2014.03.04 21:48:08.704,0.88729,0.88734,1.00,1.38
2014.03.04 21:48:08.755,0.88728,0.88732,1.00,1.00
2014.03.04 21:48:22.794,0.88727,0.88732,1.00,1.00
2014.03.04 21:48:43.776,0.88726,0.8873,1.00,1.00
2014.03.04 21:49:03.714,0.88727,0.88732,1.00,1.88
2014.03.04 21:49:04.340,0.88727,0.88732,1.00,1.00
2014.03.04 21:49:09.078,0.88727,0.88734,1.00,1.38
2014.03.04 21:49:34.561,0.88727,0.88735,1.50,1.27
2014.03.04 21:49:34.865,0.88729,0.88736,1.00,1.65
2014.03.04 21:49:35.169,0.88732,0.88738,1.10,1.38
2014.03.04 21:49:35.901,0.88733,0.88737,1.00,1.00
2014.03.04 21:49:36.498,0.88734,0.88739,1.00,1.38
2014.03.04 21:49:37.002,0.88734,0.88739,1.00,1.38
2014.03.04 21:49:41.669,0.88734,0.88739,1.00,1.38
2014.03.04 21:49:42.731,0.88733,0.88738,1.00,1.38
2014.03.04 21:49:44.119,0.88732,0.88737,1.10,1.38
2014.03.04 21:49:44.170,0.88732,0.88739,1.00,1.90
2014.03.04 21:49:44.692,0.88732,0.88737,1.00,1.38
2014.03.04 21:49:49.935,0.88733,0.88737,1.00,1.00
2014.03.04 21:50:00.731,0.88733,0.88737,1.00,1.13
2014.03.04 21:50:00.984,0.88734,0.88742,1.08,1.00
2014.03.04 21:50:01.561,0.88734,0.88742,1.10,1.10
2014.03.04 21:50:06.745,0.88734,0.8874,1.18,1.00
2014.03.04 21:50:11.761,0.88734,0.88741,1.10,1.50
2014.03.04 21:50:12.284,0.88734,0.88742,1.18,1.50
2014.03.04 21:50:16.202,0.88734,0.88739,1.10,1.38
2014.03.04 21:50:17.691,0.88735,0.88739,1.00,1.00
2014.03.04 21:50:29.816,0.88734,0.88738,1.10,1.13
2014.03.04 21:50:33.813,0.88732,0.88738,1.08,1.38
2014.03.04 21:50:53.391,0.88735,0.88742,1.00,1.10
2014.03.04 21:50:58.687,0.88735,0.88739,1.00,1.00
2014.03.04 21:50:58.788,0.8873,0.88739,2.33,1.38
2014.03.04 21:50:58.839,0.88735,0.88739,1.00,1.00
2014.03.04 21:50:58.991,0.88735,0.88739,1.00,1.13
2014.03.04 21:51:00.115,0.88734,0.88739,1.10,1.38
2014.03.04 21:51:02.749,0.88735,0.88739,1.10,1.00
2014.03.04 21:51:02.902,0.88735,0.88741,1.00,1.13
2014.03.04 21:51:05.679,0.88735,0.8874,1.10,1.00
2014.03.04 21:51:09.717,0.88735,0.88742,1.10,1.00
2014.03.04 21:51:16.455,0.88735,0.8874,1.00,1.00
2014.03.04 21:51:28.088,0.88735,0.88742,1.10,1.00
2014.03.04 21:51:30.305,0.88735,0.88743,1.18,1.00
2014.03.04 21:51:30.457,0.88739,0.88744,1.00,1.10
2014.03.04 21:51:31.317,0.88739,0.88743,1.00,1.00
2014.03.04 21:51:56.695,0.88738,0.88742,1.00,1.13
2014.03.04 21:51:57.009,0.88738,0.88745,1.00,1.53
2014.03.04 21:52:00.206,0.88738,0.88742,1.00,1.13
2014.03.04 21:52:03.496,0.88738,0.88742,1.00,1.00
2014.03.04 21:52:04.002,0.88739,0.88743,1.00,1.00
2014.03.04 21:52:07.718,0.88736,0.8874,1.00,1.00
2014.03.04 21:52:11.251,0.88734,0.8874,1.18,1.00
2014.03.04 21:52:11.302,0.88734,0.8874,1.18,1.00
2014.03.04 21:52:18.281,0.88734,0.8874,1.20,1.13
2014.03.04 21:52:18.383,0.88734,0.8874,1.08,1.00
2014.03.04 21:52:18.960,0.88734,0.8874,1.18,1.00
2014.03.04 21:52:25.881,0.88734,0.8874,1.15,1.00
2014.03.04 21:52:38.819,0.88734,0.8874,1.15,1.13
2014.03.04 21:52:40.017,0.88734,0.88745,3.08,1.48
2014.03.04 21:52:40.518,0.88735,0.8874,1.18,1.13
2014.03.04 21:52:44.757,0.88735,0.88745,1.15,1.48
2014.03.04 21:52:45.368,0.88735,0.8874,1.18,1.13
2014.03.04 21:52:47.443,0.88735,0.88745,1.18,1.58
2014.03.04 21:52:50.540,0.88735,0.8874,1.18,1.13
2014.03.04 21:52:54.912,0.88735,0.88742,1.15,1.38
2014.03.04 21:52:55.495,0.88735,0.8874,1.18,1.00
2014.03.04 21:53:00.326,0.88735,0.88742,1.18,1.38
2014.03.04 21:53:00.866,0.88735,0.8874,1.18,1.00
2014.03.04 21:53:01.370,0.88735,0.88745,1.15,1.48
2014.03.04 21:53:25.232,0.88735,0.88745,1.15,1.85
2014.03.04 21:54:01.673,0.88732,0.88745,1.50,1.75
2014.03.04 21:54:08.558,0.88733,0.88746,1.00,1.75
2014.03.04 21:54:12.853,0.88733,0.88746,1.00,1.75
2014.03.04 21:54:20.545,0.88736,0.88746,2.25,1.75
2014.03.04 21:54:28.833,0.88735,0.88746,2.33,1.85
2014.03.04 21:54:29.471,0.88736,0.88746,2.33,1.75
2014.03.04 21:54:36.220,0.88736,0.88746,2.33,2.25
2014.03.04 21:54:36.321,0.88736,0.88742,2.25,1.50
2014.03.04 21:54:36.676,0.88734,0.88746,1.15,3.15
2014.03.04 21:54:37.181,0.88734,0.88746,3.08,2.40
2014.03.04 21:54:38.322,0.88736,0.88746,2.33,1.85
2014.03.04 21:54:39.602,0.88735,0.88746,2.33,1.85
2014.03.04 21:54:49.341,0.88734,0.88746,1.18,3.83
2014.03.04 21:54:49.872,0.88734,0.88746,1.15,1.90
2014.03.04 21:54:51.299,0.88734,0.88746,3.08,1.93
2014.03.04 21:55:04.923,0.88735,0.88746,1.15,1.65
2014.03.04 21:55:04.973,0.88735,0.88743,3.08,1.00
2014.03.04 21:55:05.491,0.88736,0.88743,2.33,1.00
2014.03.04 21:55:07.188,0.88735,0.88743,5.25,1.00
2014.03.04 21:55:07.701,0.88736,0.88743,2.33,1.00
2014.03.04 21:55:10.725,0.88736,0.88742,2.33,1.00
2014.03.04 21:55:36.589,0.88735,0.88742,2.33,1.00
2014.03.04 21:55:36.893,0.88736,0.88743,2.33,1.00
2014.03.04 21:55:38.620,0.88735,0.88743,2.33,1.38
2014.03.04 21:55:39.106,0.88735,0.88742,4.50,1.00
2014.03.04 21:55:39.625,0.88736,0.88744,2.33,1.38
2014.03.04 21:55:50.429,0.88736,0.88743,2.33,1.13
2014.03.04 21:55:51.008,0.88735,0.88743,2.33,1.00
2014.03.04 21:56:12.551,0.88735,0.88743,2.33,1.38
2014.03.04 21:56:13.113,0.88735,0.88743,2.33,1.38
2014.03.04 21:56:13.960,0.88735,0.88743,2.33,1.38
2014.03.04 21:56:14.781,0.88735,0.88743,2.33,1.38
2014.03.04 21:56:22.055,0.88735,0.88743,2.33,1.38
2014.03.04 21:56:26.683,0.88735,0.88743,2.33,1.00
2014.03.04 21:56:31.225,0.88738,0.88746,2.33,1.38
2014.03.04 21:56:31.277,0.88738,0.88745,2.33,1.00
2014.03.04 21:56:31.801,0.88739,0.88747,3.08,1.38
2014.03.04 21:56:34.684,0.88739,0.88746,3.08,1.13
2014.03.04 21:56:46.453,0.88739,0.88745,3.08,1.00
2014.03.04 21:56:59.392,0.88739,0.88746,3.08,1.13
2014.03.04 21:57:01.398,0.88739,0.88746,3.08,1.38
2014.03.04 21:57:02.110,0.88739,0.88746,3.08,1.13
2014.03.04 21:57:02.465,0.88739,0.88746,3.08,1.00
2014.03.04 21:57:03.654,0.88739,0.88746,3.08,1.38
2014.03.04 21:57:04.821,0.88739,0.88746,3.08,1.13
2014.03.04 21:57:13.141,0.8874,0.8875,2.33,1.00
2014.03.04 21:57:14.370,0.8874,0.88745,2.25,1.00
2014.03.04 21:57:27.349,0.8874,0.88746,2.33,1.00
2014.03.04 21:57:35.773,0.88741,0.8875,2.33,1.38
2014.03.04 21:57:36.294,0.8874,0.8875,2.33,1.38
2014.03.04 21:57:39.461,0.8874,0.8875,2.33,1.38
2014.03.04 21:57:39.562,0.88738,0.88749,2.33,1.10
2014.03.04 21:57:41.885,0.88738,0.88745,2.33,1.38
2014.03.04 21:57:42.239,0.88736,0.88749,2.33,1.65
2014.03.04 21:57:42.339,0.88735,0.88743,2.33,1.38
2014.03.04 21:57:42.869,0.88736,0.88743,2.33,1.00
2014.03.04 21:57:47.647,0.88735,0.88743,4.50,1.38
2014.03.04 21:57:58.322,0.88736,0.88743,2.33,1.00
2014.03.04 21:57:59.622,0.88735,0.88743,2.33,1.38
2014.03.04 21:58:00.901,0.88735,0.88742,2.33,1.13
2014.03.04 21:58:07.582,0.88735,0.88746,2.33,2.33
2014.03.04 21:58:16.092,0.88735,0.88744,2.33,1.75
2014.03.04 21:58:16.396,0.88733,0.88741,2.33,1.38
2014.03.04 21:58:19.469,0.88734,0.88741,2.33,1.00
2014.03.04 21:58:25.348,0.88733,0.88741,2.33,1.38
2014.03.04 21:58:25.904,0.88734,0.88739,2.18,1.38
2014.03.04 21:58:32.747,0.88734,0.88739,2.25,1.00
2014.03.04 21:58:34.517,0.88731,0.88739,2.33,1.38
2014.03.04 21:58:35.076,0.88732,0.88741,2.33,1.38
2014.03.04 21:58:37.815,0.88733,0.88741,2.33,1.38
2014.03.04 21:58:38.321,0.88732,0.88741,2.33,1.38
2014.03.04 21:58:40.132,0.88733,0.88741,2.33,1.00
2014.03.04 21:58:40.183,0.88733,0.88741,2.33,1.38
2014.03.04 21:58:40.730,0.88732,0.88743,2.33,1.85
2014.03.04 21:58:41.765,0.88732,0.88743,2.33,1.85
2014.03.04 21:58:42.302,0.88732,0.88743,2.33,1.85
2014.03.04 21:58:44.295,0.88732,0.88743,2.33,1.85
2014.03.04 21:58:44.985,0.88732,0.88743,2.33,1.85
2014.03.04 21:58:45.628,0.88732,0.88743,2.33,2.70
2014.03.04 21:58:47.648,0.88732,0.88743,2.33,1.85
2014.03.04 21:58:53.631,0.88732,0.88743,2.33,1.85
2014.03.04 21:58:53.783,0.88731,0.88743,4.50,1.83
2014.03.04 21:58:54.557,0.88732,0.88743,2.33,1.85
2014.03.04 21:58:55.701,0.88732,0.88743,2.33,1.85
2014.03.04 21:59:01.079,0.88732,0.88743,2.33,1.48
2014.03.04 21:59:02.510,0.88734,0.88742,0.15,0.45
2014.03.04 21:59:02.611,0.88737,0.88742,0.10,0.38
2014.03.04 21:59:06.426,0.88736,0.88742,0.10,0.38
2014.03.04 21:59:10.840,0.88737,0.88742,0.10,0.38
2014.03.04 21:59:13.859,0.88737,0.88743,0.10,0.38
2014.03.04 21:59:15.684,0.88737,0.88745,0.10,0.10
2014.03.04 21:59:15.927,0.88739,0.88746,0.10,0.10
2014.03.04 21:59:16.677,0.88739,0.88747,0.10,0.10
2014.03.04 21:59:17.769,0.88739,0.88746,0.10,0.38
2014.03.04 21:59:21.930,0.88739,0.88747,0.10,0.10
2014.03.04 21:59:22.234,0.88741,0.88746,0.10,0.38
2014.03.04 21:59:22.335,0.88739,0.88746,0.10,0.38
2014.03.04 21:59:30.526,0.88739,0.88747,0.10,0.10
2014.03.04 21:59:30.982,0.88741,0.88748,0.10,0.38
2014.03.04 21:59:31.285,0.88739,0.88747,0.10,0.10
2014.03.04 21:59:32.043,0.8874,0.88748,0.10,0.45
2014.03.04 21:59:32.554,0.88741,0.88748,0.10,0.38
2014.03.04 21:59:32.857,0.88739,0.88747,0.10,0.10
2014.03.04 21:59:33.851,0.88741,0.88748,0.10,0.38
2014.03.04 21:59:34.356,0.8874,0.88748,0.10,0.45
2014.03.04 21:59:34.861,0.88741,0.88748,0.10,0.38
2014.03.04 21:59:35.540,0.8874,0.88748,0.10,0.45
2014.03.04 21:59:36.882,0.88739,0.88747,0.10,0.10
2014.03.04 21:59:52.219,0.88738,0.88746,0.15,0.10
2014.03.04 21:59:52.920,0.88738,0.88745,0.10,0.75
2014.03.04 21:59:54.250,0.88738,0.88746,0.10,0.10
2014.03.04 21:59:55.909,0.88738,0.88745,0.10,0.75
2014.03.04 21:59:56.368,0.88739,0.88747,0.10,0.83
2014.03.04 21:59:56.571,0.88741,0.88747,0.10,0.75
2014.03.04 21:59:57.179,0.8874,0.88745,0.10,0.75
2014.03.04 21:59:57.949,0.8874,0.88748,0.10,0.75
2014.03.04 21:59:58.408,0.88738,0.88745,0.10,0.75
2014.03.04 21:59:59.175,0.88737,0.88745,2.35,0.75
2014.03.04 21:59:59.894,0.88737,0.88745,0.10,0.75
