2018.02.14 21:00:00.086,0.9291,0.92918,0.75,0.19
2018.02.14 21:00:00.138,0.9291,0.92921,0.94,0.10
2018.02.14 21:00:00.301,0.92911,0.92923,0.75,1.01
2018.02.14 21:00:01.413,0.92911,0.92924,0.94,2.98
2018.02.14 21:00:01.886,0.92908,0.9292,0.37,0.10
2018.02.14 21:00:01.938,0.92906,0.92919,0.22,0.19
2018.02.14 21:00:02.321,0.92897,0.92909,0.37,0.45
2018.02.14 21:00:02.373,0.92895,0.92909,1.69,0.10
2018.02.14 21:00:02.427,0.92897,0.92909,0.19,0.10
2018.02.14 21:00:02.533,0.92894,0.92907,0.56,0.45
2018.02.14 21:00:02.585,0.92895,0.92905,0.75,0.10
2018.02.14 21:00:02.989,0.92899,0.92908,0.75,1.31
2018.02.14 21:00:03.042,0.92896,0.92908,0.19,1.12
2018.02.14 21:00:03.404,0.92898,0.92908,0.19,0.75
2018.02.14 21:00:03.611,0.92896,0.92909,0.75,1.12
2018.02.14 21:00:04.088,0.92898,0.92909,0.19,1.12
2018.02.14 21:00:04.451,0.92896,0.92909,0.94,0.75
2018.02.14 21:00:04.502,0.92898,0.92909,0.19,0.75
2018.02.14 21:00:04.899,0.929,0.9291,0.19,0.75
2018.02.14 21:00:05.087,0.929,0.92912,0.37,1.95
2018.02.14 21:00:05.745,0.92901,0.92912,0.19,1.57
2018.02.14 21:00:06.294,0.929,0.92912,0.37,0.10
2018.02.14 21:00:06.808,0.929,0.92913,0.37,3.25
2018.02.14 21:00:07.310,0.929,0.92912,1.12,0.75
2018.02.14 21:00:07.950,0.92902,0.92912,0.19,0.75
2018.02.14 21:00:08.493,0.92901,0.92912,0.37,0.75
2018.02.14 21:00:09.024,0.92901,0.92913,0.94,0.92
2018.02.14 21:00:09.655,0.92902,0.92913,0.19,0.75
2018.02.14 21:00:10.190,0.92902,0.92912,0.19,0.75
2018.02.14 21:00:10.916,0.92901,0.92912,0.19,0.75
2018.02.14 21:00:11.253,0.92903,0.92912,0.19,0.75
2018.02.14 21:00:11.792,0.92903,0.92913,0.19,1.12
2018.02.14 21:00:12.340,0.92901,0.92913,1.69,1.12
2018.02.14 21:00:12.881,0.92902,0.92913,0.94,0.37
2018.02.14 21:00:16.848,0.92902,0.92911,0.19,0.37
2018.02.14 21:00:17.139,0.929,0.92911,0.19,1.12
2018.02.14 21:00:17.714,0.92901,0.92911,0.19,1.12
2018.02.14 21:00:17.866,0.92899,0.92911,1.12,1.12
2018.02.14 21:00:18.576,0.929,0.92911,0.37,1.12
2018.02.14 21:00:19.236,0.92901,0.92911,0.19,1.12
2018.02.14 21:00:20.077,0.92902,0.92912,0.37,0.26
2018.02.14 21:00:20.182,0.929,0.92911,1.20,0.37
2018.02.14 21:00:20.683,0.92901,0.92912,0.19,0.94
2018.02.14 21:00:21.404,0.929,0.92912,1.12,1.12
2018.02.14 21:00:22.081,0.92901,0.92912,0.19,1.12
2018.02.14 21:00:23.158,0.929,0.92912,0.94,1.12
2018.02.14 21:00:23.695,0.929,0.92911,0.19,0.37
2018.02.14 21:00:24.197,0.929,0.92912,0.19,1.69
2018.02.14 21:00:24.798,0.92899,0.92912,0.37,2.89
2018.02.14 21:00:26.132,0.92899,0.92911,0.37,0.56
2018.02.14 21:00:30.876,0.92897,0.92909,1.50,0.75
2018.02.14 21:00:31.405,0.92898,0.92909,0.37,0.94
2018.02.14 21:00:32.003,0.92898,0.9291,1.12,1.57
2018.02.14 21:00:34.499,0.92899,0.9291,0.19,1.39
2018.02.14 21:00:36.120,0.92901,0.92911,0.19,1.12
2018.02.14 21:00:36.813,0.929,0.92911,1.87,0.37
2018.02.14 21:00:41.288,0.929,0.9291,0.19,0.75
2018.02.14 21:00:42.056,0.92899,0.92911,1.31,1.50
2018.02.14 21:00:42.603,0.92898,0.9291,1.12,1.12
2018.02.14 21:00:43.363,0.92899,0.9291,0.19,1.12
2018.02.14 21:00:45.402,0.92898,0.9291,1.50,1.12
2018.02.14 21:00:45.993,0.92899,0.9291,0.19,1.12
2018.02.14 21:00:46.525,0.92898,0.9291,1.50,1.31
2018.02.14 21:00:50.562,0.92898,0.92909,1.31,0.75
2018.02.14 21:01:18.698,0.92905,0.92911,1.50,1.95
2018.02.14 21:01:18.750,0.92903,0.92911,0.19,0.94
2018.02.14 21:01:18.803,0.92901,0.92913,1.13,3.75
2018.02.14 21:01:19.074,0.92903,0.92912,0.19,0.75
2018.02.14 21:01:19.126,0.92901,0.92912,0.75,0.75
2018.02.14 21:01:19.178,0.92903,0.92912,0.19,0.75
2018.02.14 21:01:19.347,0.92901,0.92912,0.94,0.75
2018.02.14 21:01:19.895,0.92901,0.92911,0.75,0.75
2018.02.14 21:01:20.574,0.929,0.92911,0.94,0.75
2018.02.14 21:01:21.317,0.92904,0.92911,0.38,0.75
2018.02.14 21:01:21.472,0.92902,0.92911,0.94,0.75
2018.02.14 21:01:21.627,0.92904,0.92911,0.38,0.75
2018.02.14 21:01:21.680,0.92902,0.92911,0.37,0.75
2018.02.14 21:01:21.733,0.92904,0.92912,0.38,2.62
2018.02.14 21:01:22.028,0.92902,0.92912,1.12,2.62
2018.02.14 21:01:22.081,0.92904,0.92912,0.38,2.62
2018.02.14 21:01:22.196,0.92902,0.92912,1.12,2.62
2018.02.14 21:01:22.248,0.92904,0.92912,0.38,2.25
2018.02.14 21:01:22.544,0.92902,0.92912,0.75,1.50
2018.02.14 21:01:22.596,0.92904,0.92912,0.38,2.25
2018.02.14 21:01:23.232,0.92905,0.92913,0.19,0.75
2018.02.14 21:01:23.440,0.92905,0.92916,1.31,0.94
2018.02.14 21:01:23.493,0.92907,0.92916,0.75,0.94
2018.02.14 21:01:23.807,0.92908,0.92918,0.94,0.19
2018.02.14 21:01:23.860,0.92909,0.9292,0.19,2.70
2018.02.14 21:01:23.912,0.92911,0.9292,0.38,2.32
2018.02.14 21:01:24.209,0.92912,0.92922,0.19,0.38
2018.02.14 21:01:24.805,0.92912,0.92923,1.31,0.37
2018.02.14 21:01:25.117,0.92914,0.92924,0.19,1.20
2018.02.14 21:01:25.664,0.92913,0.92924,0.19,1.01
2018.02.14 21:01:26.194,0.92914,0.92924,0.19,1.01
2018.02.14 21:01:26.299,0.92912,0.92924,1.50,0.75
2018.02.14 21:01:26.352,0.92914,0.92925,0.19,1.20
2018.02.14 21:01:26.875,0.92917,0.92927,0.19,0.94
2018.02.14 21:01:27.197,0.92919,0.92931,0.19,1.20
2018.02.14 21:01:27.249,0.92921,0.92931,0.38,0.82
2018.02.14 21:01:27.796,0.9292,0.92931,0.38,0.75
2018.02.14 21:01:28.128,0.92922,0.92932,0.19,1.01
2018.02.14 21:01:30.123,0.92922,0.92933,0.38,1.50
2018.02.14 21:01:30.758,0.92923,0.92933,0.19,1.88
2018.02.14 21:01:32.211,0.92922,0.92933,0.19,1.50
2018.02.14 21:01:32.778,0.92921,0.92933,0.94,0.94
2018.02.14 21:01:35.413,0.92922,0.92934,1.12,1.20
2018.02.14 21:01:35.932,0.92923,0.92934,0.37,1.20
2018.02.14 21:01:38.926,0.92922,0.92934,1.31,1.12
2018.02.14 21:01:39.752,0.92924,0.92935,0.19,1.69
2018.02.14 21:01:40.289,0.92923,0.92935,1.31,1.20
2018.02.14 21:01:40.801,0.92924,0.92935,0.19,1.39
2018.02.14 21:01:41.463,0.92923,0.92934,1.31,0.10
2018.02.14 21:01:42.476,0.92923,0.92932,0.19,0.75
2018.02.14 21:01:42.527,0.92921,0.92932,0.37,2.25
2018.02.14 21:01:51.973,0.92918,0.9293,0.56,1.12
2018.02.14 21:01:52.076,0.92916,0.92927,0.56,0.75
2018.02.14 21:01:52.280,0.92917,0.92929,0.94,1.76
2018.02.14 21:01:56.215,0.92916,0.92929,1.50,1.76
2018.02.14 21:01:57.859,0.92916,0.92927,1.69,0.37
2018.02.14 21:01:58.211,0.92914,0.92925,0.75,0.37
2018.02.14 21:01:58.523,0.92917,0.92925,0.19,0.75
2018.02.14 21:02:00.089,0.92915,0.92925,0.19,0.75
2018.02.14 21:02:00.642,0.92916,0.92925,0.38,0.75
2018.02.14 21:02:07.541,0.92913,0.92921,0.19,0.75
2018.02.14 21:02:15.056,0.92912,0.92921,0.75,0.75
2018.02.14 21:02:17.342,0.92913,0.92921,0.19,0.75
2018.02.14 21:02:18.139,0.92912,0.92921,0.19,0.75
2018.02.14 21:02:18.713,0.92911,0.92921,0.94,0.75
2018.02.14 21:02:19.358,0.92912,0.92921,0.19,0.75
2018.02.14 21:02:24.483,0.92913,0.92921,0.38,0.75
2018.02.14 21:02:26.313,0.92912,0.92921,1.13,0.75
2018.02.14 21:02:26.617,0.92914,0.92921,0.38,0.75
2018.02.14 21:02:27.270,0.92913,0.92921,0.37,0.75
2018.02.14 21:02:27.800,0.92914,0.92921,0.38,0.75
2018.02.14 21:02:27.852,0.92914,0.92923,0.38,0.75
2018.02.14 21:02:28.592,0.92915,0.92923,0.38,0.75
2018.02.14 21:02:29.322,0.92914,0.92923,0.38,0.75
2018.02.14 21:02:29.872,0.92915,0.92924,0.56,0.75
2018.02.14 21:02:31.681,0.92914,0.92924,1.31,0.75
2018.02.14 21:02:32.198,0.92915,0.92924,0.56,0.75
2018.02.14 21:02:33.572,0.92914,0.92924,1.69,0.75
2018.02.14 21:02:34.185,0.92915,0.92924,0.37,0.75
2018.02.14 21:02:35.593,0.92917,0.92924,0.19,0.75
2018.02.14 21:02:37.746,0.92916,0.92924,0.19,0.75
2018.02.14 21:02:41.297,0.92915,0.92924,0.38,0.75
2018.02.14 21:02:42.895,0.92915,0.92925,0.94,0.75
2018.02.14 21:02:43.213,0.9292,0.92929,1.31,0.75
2018.02.14 21:02:45.570,0.92919,0.92929,2.25,0.75
2018.02.14 21:02:46.366,0.9292,0.92929,0.19,0.75
2018.02.14 21:02:47.153,0.92919,0.92929,2.06,0.75
2018.02.14 21:02:47.660,0.9292,0.92929,0.38,0.75
2018.02.14 21:02:50.712,0.92923,0.92932,0.19,0.19
2018.02.14 21:02:51.009,0.92922,0.92934,0.94,0.75
2018.02.14 21:02:51.516,0.92923,0.92934,0.19,0.94
2018.02.14 21:02:52.269,0.92922,0.92933,0.94,0.19
2018.02.14 21:02:52.853,0.92922,0.92934,0.94,0.75
2018.02.14 21:02:53.407,0.92923,0.92933,0.19,0.38
2018.02.14 21:02:55.228,0.92922,0.92933,0.85,0.19
2018.02.14 21:02:55.849,0.92923,0.92934,0.75,1.50
2018.02.14 21:03:02.067,0.92923,0.92935,1.13,1.12
2018.02.14 21:03:02.583,0.92924,0.92935,0.37,1.12
2018.02.14 21:03:05.061,0.92923,0.92935,1.12,1.12
2018.02.14 21:03:05.604,0.92924,0.92935,0.38,1.12
2018.02.14 21:03:06.820,0.92925,0.92935,0.19,1.12
2018.02.14 21:03:11.184,0.9293,0.92938,0.19,0.19
2018.02.14 21:03:11.288,0.92929,0.92941,0.75,2.25
2018.02.14 21:03:11.392,0.92931,0.92941,0.19,0.19
2018.02.14 21:03:11.708,0.92936,0.92946,1.50,2.14
2018.02.14 21:03:12.225,0.92936,0.92945,3.00,0.37
2018.02.14 21:03:12.725,0.92936,0.92947,3.19,1.13
2018.02.14 21:03:13.241,0.92937,0.92948,0.75,0.75
2018.02.14 21:03:13.346,0.92938,0.9295,1.12,1.20
2018.02.14 21:03:14.448,0.92938,0.92949,0.94,0.19
2018.02.14 21:03:15.756,0.92938,0.9295,0.94,1.57
2018.02.14 21:03:16.873,0.92938,0.92949,0.94,0.19
2018.02.14 21:03:19.220,0.92938,0.9295,1.31,1.01
2018.02.14 21:03:19.772,0.92939,0.92951,0.75,1.50
2018.02.14 21:03:25.294,0.92939,0.9295,0.75,0.19
2018.02.14 21:03:26.293,0.92939,0.92951,0.75,1.12
2018.02.14 21:03:29.997,0.92938,0.9295,0.94,0.94
2018.02.14 21:03:30.531,0.92939,0.9295,0.17,0.75
2018.02.14 21:03:31.344,0.92938,0.9295,1.11,0.75
2018.02.14 21:03:31.920,0.92939,0.92951,0.75,1.12
2018.02.14 21:03:33.883,0.92939,0.9295,0.75,0.19
2018.02.14 21:03:35.293,0.92938,0.9295,0.94,0.75
2018.02.14 21:03:36.740,0.92941,0.92952,0.94,0.10
2018.02.14 21:03:37.062,0.92945,0.92956,1.87,0.37
2018.02.14 21:03:37.640,0.92945,0.92957,1.87,2.62
2018.02.14 21:03:38.149,0.92945,0.92955,0.75,0.37
2018.02.14 21:03:38.658,0.92944,0.92955,0.19,1.31
2018.02.14 21:03:40.249,0.92946,0.92956,0.19,0.10
2018.02.14 21:03:40.773,0.92947,0.92957,0.18,1.12
2018.02.14 21:03:45.273,0.92946,0.92957,1.30,1.12
2018.02.14 21:03:45.836,0.92947,0.92957,0.19,1.12
2018.02.14 21:03:46.795,0.92946,0.92957,1.12,1.12
2018.02.14 21:03:47.448,0.92947,0.92957,0.19,1.12
2018.02.14 21:03:50.930,0.9295,0.92959,1.50,0.10
2018.02.14 21:03:51.086,0.92952,0.92962,0.19,0.45
2018.02.14 21:03:51.633,0.92952,0.92963,1.10,0.19
2018.02.14 21:03:52.773,0.92953,0.92964,0.19,0.75
2018.02.14 21:03:54.945,0.92955,0.92965,1.50,0.10
2018.02.14 21:03:55.465,0.92955,0.92966,2.32,0.10
2018.02.14 21:03:55.683,0.92947,0.92961,0.37,1.31
2018.02.14 21:03:55.995,0.92948,0.92959,0.75,1.13
2018.02.14 21:03:56.513,0.92947,0.92959,0.75,1.12
2018.02.14 21:03:57.052,0.92947,0.92958,0.75,0.19
2018.02.14 21:04:00.920,0.92947,0.92959,0.75,2.06
2018.02.14 21:04:01.500,0.92948,0.92958,0.38,0.19
2018.02.14 21:04:02.027,0.92947,0.92959,1.31,1.13
2018.02.14 21:04:02.563,0.92947,0.92959,1.25,1.38
2018.02.14 21:04:09.125,0.92947,0.92959,1.00,1.69
2018.02.14 21:04:09.660,0.92947,0.92959,1.13,1.88
2018.02.14 21:04:10.528,0.92947,0.92959,1.38,1.25
2018.02.14 21:04:10.736,0.92949,0.92961,1.13,2.63
2018.02.14 21:04:11.313,0.92949,0.92961,1.63,2.70
2018.02.14 21:04:11.478,0.92951,0.92962,1.44,1.01
2018.02.14 21:04:12.071,0.92951,0.92962,1.31,1.00
2018.02.14 21:04:15.539,0.9295,0.92962,1.13,3.38
2018.02.14 21:04:16.301,0.92948,0.9296,1.50,1.00
2018.02.14 21:04:16.874,0.92949,0.92961,1.00,3.08
2018.02.14 21:04:17.786,0.92949,0.92961,1.56,1.87
2018.02.14 21:04:18.028,0.92949,0.92963,2.06,2.63
2018.02.14 21:04:18.543,0.92949,0.92963,1.50,1.69
2018.02.14 21:04:19.069,0.92949,0.92962,1.50,1.25
2018.02.14 21:04:19.583,0.92948,0.92962,2.25,3.26
2018.02.14 21:04:19.893,0.92948,0.92962,2.63,3.08
2018.02.14 21:04:20.257,0.92948,0.92961,1.50,1.13
2018.02.14 21:04:20.362,0.92947,0.92959,1.63,1.25
2018.02.14 21:04:24.545,0.92949,0.9296,2.06,1.00
2018.02.14 21:04:25.048,0.9295,0.9296,1.81,1.00
2018.02.14 21:04:25.154,0.9295,0.9296,1.50,1.00
2018.02.14 21:04:26.836,0.9295,0.92961,2.44,1.00
2018.02.14 21:04:26.889,0.92953,0.92961,1.31,1.00
2018.02.14 21:04:26.942,0.92955,0.92966,1.44,1.50
2018.02.14 21:04:27.543,0.92955,0.92967,1.25,1.31
2018.02.14 21:04:28.194,0.92955,0.92967,1.25,2.44
2018.02.14 21:04:33.855,0.92956,0.92967,1.00,2.06
2018.02.14 21:04:34.380,0.92955,0.92966,1.25,1.25
2018.02.14 21:04:34.910,0.92955,0.92967,1.44,1.00
2018.02.14 21:04:36.333,0.92955,0.92966,1.44,1.00
2018.02.14 21:04:44.145,0.92955,0.92967,1.44,1.69
2018.02.14 21:04:50.245,0.92955,0.92966,1.00,1.44
2018.02.14 21:04:50.811,0.92955,0.92966,1.50,1.25
2018.02.14 21:04:51.971,0.92955,0.92967,1.31,2.63
2018.02.14 21:04:52.476,0.92955,0.92967,1.31,2.44
2018.02.14 21:04:58.535,0.92958,0.92969,1.00,1.20
2018.02.14 21:04:59.082,0.92958,0.92969,2.25,1.25
2018.02.14 21:04:59.625,0.92956,0.92968,1.37,1.88
2018.02.14 21:04:59.782,0.92955,0.92967,1.87,1.50
2018.02.14 21:05:00.913,0.92955,0.92967,1.30,1.88
2018.02.14 21:05:01.704,0.92955,0.92967,1.11,1.88
2018.02.14 21:05:02.424,0.92955,0.92967,1.30,1.88
2018.02.14 21:05:03.003,0.92955,0.92966,1.11,1.00
2018.02.14 21:05:03.470,0.92953,0.92964,1.69,1.13
2018.02.14 21:05:03.524,0.92951,0.92963,1.39,1.87
2018.02.14 21:05:03.661,0.9295,0.92962,1.69,1.69
2018.02.14 21:05:07.244,0.9295,0.9296,1.11,1.00
2018.02.14 21:05:13.921,0.9295,0.9296,1.36,1.00
2018.02.14 21:05:18.386,0.9295,0.9296,1.42,1.00
2018.02.14 21:05:19.249,0.9295,0.9296,1.25,1.00
2018.02.14 21:05:26.278,0.92948,0.92959,1.88,1.00
2018.02.14 21:05:26.605,0.92949,0.92959,1.19,1.00
2018.02.14 21:05:28.058,0.92949,0.92959,1.31,1.00
2018.02.14 21:05:36.632,0.92949,0.92959,1.63,1.00
2018.02.14 21:05:37.264,0.92951,0.9296,1.00,1.00
2018.02.14 21:05:37.767,0.92951,0.92961,1.00,2.62
2018.02.14 21:05:38.459,0.92952,0.92961,1.25,1.00
2018.02.14 21:05:39.249,0.92952,0.92961,1.50,1.00
2018.02.14 21:05:41.222,0.92952,0.92961,1.31,1.00
2018.02.14 21:05:41.429,0.92954,0.92965,3.75,1.12
2018.02.14 21:05:42.051,0.92956,0.92965,1.25,1.00
2018.02.14 21:05:42.967,0.92956,0.92965,1.44,1.00
2018.02.14 21:05:43.761,0.92956,0.92965,1.25,1.00
2018.02.14 21:05:45.220,0.92956,0.92965,1.00,1.44
2018.02.14 21:05:45.735,0.92956,0.92965,1.00,1.50
2018.02.14 21:06:01.410,0.92956,0.92965,1.49,1.00
2018.02.14 21:06:02.079,0.92956,0.92965,1.25,1.00
2018.02.14 21:06:03.058,0.92956,0.92965,1.49,1.00
2018.02.14 21:06:13.088,0.92956,0.92965,1.00,1.00
2018.02.14 21:06:28.545,0.92956,0.92965,1.44,1.00
2018.02.14 21:06:29.387,0.92956,0.92965,1.13,1.00
2018.02.14 21:06:29.543,0.92957,0.92965,1.38,1.00
2018.02.14 21:06:29.751,0.92957,0.92967,1.50,1.00
2018.02.14 21:06:32.877,0.92957,0.92967,1.00,1.00
2018.02.14 21:06:33.404,0.92956,0.92967,2.48,1.00
2018.02.14 21:06:33.920,0.92957,0.92967,1.00,1.00
2018.02.14 21:06:34.488,0.92957,0.92967,1.38,1.00
2018.02.14 21:06:36.771,0.92957,0.92967,1.25,1.00
2018.02.14 21:06:37.407,0.92957,0.92967,1.31,1.00
2018.02.14 21:06:37.736,0.92957,0.92968,2.81,1.00
2018.02.14 21:06:41.220,0.92959,0.92968,1.25,1.00
2018.02.14 21:06:41.539,0.92962,0.92971,1.25,1.00
2018.02.14 21:06:45.130,0.92961,0.92971,2.25,1.00
2018.02.14 21:06:45.183,0.92963,0.92974,1.25,1.20
2018.02.14 21:06:45.235,0.92964,0.92976,1.00,2.62
2018.02.14 21:06:46.175,0.92964,0.92976,1.00,3.38
2018.02.14 21:06:46.987,0.92963,0.92976,1.25,3.26
2018.02.14 21:06:49.218,0.92963,0.92976,1.24,3.45
2018.02.14 21:06:50.004,0.92963,0.92975,1.24,1.00
2018.02.14 21:06:52.138,0.92963,0.92976,1.31,2.32
2018.02.14 21:06:52.749,0.92963,0.92976,1.62,2.70
2018.02.14 21:06:55.506,0.92963,0.92977,1.69,2.70
2018.02.14 21:06:58.705,0.92963,0.92976,1.50,1.50
2018.02.14 21:06:59.207,0.92963,0.92975,1.25,2.14
2018.02.14 21:07:04.565,0.92963,0.92975,1.25,2.51
2018.02.14 21:07:05.199,0.92963,0.92975,1.25,2.89
2018.02.14 21:07:07.723,0.92963,0.92975,1.50,1.95
2018.02.14 21:07:10.383,0.92964,0.92975,1.00,1.20
2018.02.14 21:07:14.562,0.92964,0.92974,1.00,1.00
2018.02.14 21:07:17.245,0.92963,0.92974,1.31,1.00
2018.02.14 21:07:18.567,0.92963,0.92975,1.31,2.14
2018.02.14 21:07:24.847,0.92963,0.92975,1.25,3.08
2018.02.14 21:07:25.368,0.92963,0.92974,1.25,1.00
2018.02.14 21:07:25.900,0.92964,0.92974,1.13,1.00
2018.02.14 21:07:27.373,0.92964,0.92974,1.44,1.00
2018.02.14 21:07:29.014,0.9296,0.9297,1.81,1.00
2018.02.14 21:07:29.066,0.92959,0.92969,1.25,1.00
2018.02.14 21:07:29.225,0.92957,0.92968,2.06,1.00
2018.02.14 21:07:29.328,0.92955,0.92966,4.95,1.00
2018.02.14 21:07:29.854,0.92956,0.92968,1.50,2.06
2018.02.14 21:07:30.361,0.92956,0.92968,1.50,2.44
2018.02.14 21:07:30.718,0.92956,0.92967,1.31,1.25
2018.02.14 21:07:31.128,0.92956,0.92967,1.31,2.81
2018.02.14 21:07:31.643,0.92954,0.92963,5.62,1.00
2018.02.14 21:07:32.217,0.92954,0.92963,4.50,1.00
2018.02.14 21:07:32.443,0.92952,0.92962,1.88,1.25
2018.02.14 21:07:33.108,0.92951,0.92962,1.25,2.25
2018.02.14 21:07:33.957,0.9295,0.92962,1.50,2.62
2018.02.14 21:07:34.496,0.92951,0.92961,1.00,1.00
2018.02.14 21:07:34.705,0.92949,0.92962,2.06,1.69
2018.02.14 21:07:35.292,0.9295,0.92962,1.13,1.87
2018.02.14 21:07:36.680,0.92949,0.92962,2.06,1.69
2018.02.14 21:07:36.784,0.9295,0.92961,1.44,1.25
2018.02.14 21:07:37.306,0.92949,0.92961,2.81,1.00
2018.02.14 21:07:38.115,0.9295,0.92961,1.50,1.13
2018.02.14 21:07:40.023,0.92947,0.92955,1.50,1.25
2018.02.14 21:07:40.181,0.92934,0.92946,1.01,1.31
2018.02.14 21:07:40.234,0.92931,0.92943,4.58,1.00
2018.02.14 21:07:40.288,0.92933,0.92945,1.25,1.12
2018.02.14 21:07:40.396,0.92934,0.92946,1.31,1.10
2018.02.14 21:07:40.925,0.92935,0.92947,1.63,1.13
2018.02.14 21:07:41.578,0.92934,0.92947,1.63,1.00
2018.02.14 21:07:42.183,0.92935,0.92947,1.50,1.00
2018.02.14 21:07:45.123,0.92935,0.92947,1.00,1.00
2018.02.14 21:07:45.175,0.92933,0.92946,1.12,1.00
2018.02.14 21:07:45.552,0.92931,0.92942,1.00,1.00
2018.02.14 21:07:46.264,0.92931,0.92942,1.88,1.31
2018.02.14 21:07:47.580,0.92932,0.92942,1.25,1.12
2018.02.14 21:07:48.625,0.92931,0.92942,1.88,1.12
2018.02.14 21:07:49.141,0.92929,0.92942,1.31,1.00
2018.02.14 21:07:49.336,0.92929,0.92942,1.63,1.69
2018.02.14 21:07:50.072,0.92929,0.92942,1.44,1.50
2018.02.14 21:07:54.509,0.92931,0.92943,1.00,2.81
2018.02.14 21:07:55.021,0.92932,0.92942,1.25,1.12
2018.02.14 21:07:55.341,0.92929,0.92941,1.13,1.00
2018.02.14 21:07:55.444,0.9293,0.92942,1.44,1.87
2018.02.14 21:07:59.269,0.92932,0.92943,1.88,1.56
2018.02.14 21:08:00.203,0.92932,0.92943,1.00,1.37
2018.02.14 21:08:00.371,0.9293,0.92942,1.00,2.06
2018.02.14 21:08:00.920,0.9293,0.92942,1.44,1.87
2018.02.14 21:08:01.291,0.92931,0.92942,1.63,1.12
2018.02.14 21:08:03.140,0.92932,0.92943,1.69,1.69
2018.02.14 21:08:03.790,0.92932,0.92943,1.88,1.25
2018.02.14 21:08:05.215,0.92932,0.92943,1.88,1.69
2018.02.14 21:08:05.921,0.92932,0.92943,1.88,1.31
2018.02.14 21:08:14.710,0.9293,0.92942,1.44,1.88
2018.02.14 21:08:15.122,0.92929,0.92942,1.13,1.87
2018.02.14 21:08:18.674,0.92929,0.92942,1.69,1.13
2018.02.14 21:08:19.259,0.92929,0.92942,1.25,2.06
2018.02.14 21:08:20.202,0.92929,0.92941,1.50,1.25
2018.02.14 21:08:21.160,0.92929,0.92942,1.13,2.62
2018.02.14 21:08:21.676,0.92929,0.92942,1.31,2.63
2018.02.14 21:08:22.592,0.92929,0.92942,1.13,2.44
2018.02.14 21:08:23.115,0.92929,0.92942,1.50,3.00
2018.02.14 21:08:24.795,0.92929,0.92942,1.25,2.06
2018.02.14 21:08:25.449,0.9293,0.92942,1.00,2.25
2018.02.14 21:08:28.335,0.92929,0.92942,1.25,2.25
2018.02.14 21:08:28.801,0.92929,0.92942,1.50,2.63
2018.02.14 21:08:29.721,0.92929,0.92942,1.12,2.25
2018.02.14 21:08:30.269,0.92929,0.92941,1.38,1.00
2018.02.14 21:08:30.856,0.9293,0.92942,1.31,2.25
2018.02.14 21:08:31.030,0.9293,0.92942,1.63,1.87
2018.02.14 21:08:34.154,0.9293,0.92942,1.31,1.87
2018.02.14 21:08:42.760,0.92932,0.92942,2.25,1.12
2018.02.14 21:08:42.828,0.92934,0.92945,1.13,1.01
2018.02.14 21:08:42.881,0.92937,0.92947,1.25,1.95
2018.02.14 21:08:42.933,0.92937,0.9295,3.19,1.25
2018.02.14 21:08:42.984,0.92939,0.9295,1.44,1.25
2018.02.14 21:08:43.507,0.92938,0.9295,1.63,2.81
2018.02.14 21:08:47.269,0.9294,0.92953,1.25,2.14
2018.02.14 21:08:47.818,0.92941,0.92953,1.25,2.81
2018.02.14 21:08:51.519,0.9294,0.92952,1.63,1.00
2018.02.14 21:08:51.774,0.92939,0.92952,1.25,2.44
2018.02.14 21:08:52.375,0.9294,0.92952,1.13,2.81
2018.02.14 21:08:52.427,0.9294,0.92952,1.38,2.44
2018.02.14 21:08:55.026,0.9294,0.92952,1.44,2.63
2018.02.14 21:08:59.664,0.92939,0.9295,1.44,1.13
2018.02.14 21:09:00.186,0.92939,0.92951,1.44,1.12
2018.02.14 21:09:01.732,0.92939,0.92951,1.00,1.12
2018.02.14 21:09:02.287,0.92939,0.92951,1.38,1.25
2018.02.14 21:09:02.904,0.92939,0.92951,1.44,1.25
2018.02.14 21:09:03.441,0.92939,0.92951,1.38,1.25
2018.02.14 21:09:11.228,0.92941,0.92952,1.63,1.00
2018.02.14 21:09:11.668,0.9294,0.92952,1.25,1.87
2018.02.14 21:09:12.220,0.9294,0.92952,1.38,1.88
2018.02.14 21:09:34.665,0.9294,0.92951,1.00,1.50
2018.02.14 21:09:35.643,0.9294,0.92951,1.38,1.00
2018.02.14 21:09:36.259,0.9294,0.92951,1.25,1.00
2018.02.14 21:09:37.380,0.92939,0.92951,1.69,2.81
2018.02.14 21:09:38.185,0.92939,0.92951,1.31,1.88
2018.02.14 21:09:38.719,0.92938,0.9295,1.69,1.25
2018.02.14 21:09:39.338,0.92939,0.92951,1.31,1.88
2018.02.14 21:09:40.471,0.92939,0.92951,1.31,2.44
2018.02.14 21:09:40.870,0.92938,0.92948,1.00,1.25
2018.02.14 21:09:41.399,0.92937,0.92948,2.44,1.00
2018.02.14 21:09:42.481,0.92937,0.92947,1.31,1.25
2018.02.14 21:09:43.963,0.92935,0.92946,1.00,1.00
2018.02.14 21:09:44.016,0.92933,0.92944,1.57,1.00
2018.02.14 21:09:44.640,0.92934,0.92944,1.25,1.00
2018.02.14 21:09:53.230,0.92934,0.92944,1.69,1.00
2018.02.14 21:09:53.389,0.92934,0.92944,1.25,1.00
2018.02.14 21:09:57.458,0.92934,0.92944,1.44,1.00
2018.02.14 21:09:59.238,0.92934,0.92944,1.00,1.00
2018.02.14 21:09:59.891,0.92934,0.92944,1.44,1.00
2018.02.14 21:10:01.642,0.92934,0.92944,1.00,1.00
2018.02.14 21:10:02.194,0.92933,0.92944,1.88,1.00
2018.02.14 21:10:02.403,0.92933,0.92943,1.50,1.00
2018.02.14 21:10:02.737,0.92933,0.92943,1.31,1.00
2018.02.14 21:10:03.598,0.92932,0.92943,1.87,1.00
2018.02.14 21:10:04.173,0.92932,0.92943,2.25,1.00
2018.02.14 21:10:04.958,0.92932,0.92943,2.25,1.00
2018.02.14 21:10:05.477,0.92933,0.92943,1.13,1.00
2018.02.14 21:10:06.158,0.92933,0.92943,1.38,1.00
2018.02.14 21:10:06.350,0.92932,0.92943,1.25,1.00
2018.02.14 21:10:06.454,0.92932,0.92943,1.88,1.00
2018.02.14 21:10:06.636,0.92932,0.92943,1.88,1.00
2018.02.14 21:10:07.315,0.92932,0.92943,1.88,1.00
2018.02.14 21:10:14.284,0.92933,0.92943,1.31,1.00
2018.02.14 21:10:14.962,0.92933,0.92943,1.88,1.00
2018.02.14 21:10:15.867,0.92934,0.92943,1.50,1.00
2018.02.14 21:10:17.312,0.92934,0.92943,2.06,1.00
2018.02.14 21:10:17.826,0.92934,0.92943,1.13,1.00
2018.02.14 21:10:18.403,0.92934,0.92943,1.63,1.00
2018.02.14 21:10:22.336,0.92934,0.92943,1.13,1.00
2018.02.14 21:10:22.439,0.92934,0.92946,1.63,1.50
2018.02.14 21:10:22.766,0.92933,0.92945,1.87,1.00
2018.02.14 21:10:30.370,0.92932,0.92943,1.00,1.50
2018.02.14 21:10:30.945,0.92931,0.92942,1.50,1.00
2018.02.14 21:10:37.377,0.92931,0.92942,1.19,1.50
2018.02.14 21:10:38.208,0.92931,0.92942,1.25,1.50
2018.02.14 21:10:53.340,0.9293,0.92942,1.12,2.44
2018.02.14 21:10:57.317,0.92931,0.92941,1.00,1.00
2018.02.14 21:11:05.532,0.9293,0.92941,1.69,1.00
2018.02.14 21:11:06.126,0.9293,0.92941,1.69,1.00
2018.02.14 21:11:06.712,0.9293,0.92941,1.69,1.00
2018.02.14 21:11:07.103,0.9293,0.92939,1.00,1.00
2018.02.14 21:11:07.617,0.9293,0.92941,1.00,2.44
2018.02.14 21:11:08.127,0.9293,0.92941,1.00,1.25
2018.02.14 21:11:11.793,0.92935,0.92942,1.00,1.12
2018.02.14 21:11:11.969,0.92937,0.92947,1.00,4.12
2018.02.14 21:11:12.023,0.92939,0.92948,1.00,1.87
2018.02.14 21:11:12.339,0.92944,0.92949,1.00,1.12
2018.02.14 21:11:12.600,0.92943,0.92954,1.00,1.31
2018.02.14 21:11:13.203,0.92943,0.92952,1.00,1.25
2018.02.14 21:11:13.721,0.92943,0.92951,1.00,1.00
2018.02.14 21:11:14.791,0.92941,0.92951,1.00,2.44
2018.02.14 21:11:16.420,0.92941,0.92952,1.00,1.00
2018.02.14 21:11:16.938,0.92942,0.92953,1.00,1.00
2018.02.14 21:11:20.224,0.92942,0.92953,2.62,1.00
2018.02.14 21:11:20.277,0.92947,0.92958,2.44,1.50
2018.02.14 21:11:20.434,0.92946,0.92958,1.25,1.00
2018.02.14 21:11:34.138,0.92942,0.92952,1.00,1.50
2018.02.14 21:11:34.192,0.9294,0.92952,1.87,2.25
2018.02.14 21:11:34.910,0.92939,0.92951,1.87,1.12
2018.02.14 21:11:37.973,0.92939,0.92951,1.87,1.12
2018.02.14 21:11:39.012,0.92939,0.92951,1.87,1.12
2018.02.14 21:11:40.188,0.92939,0.92951,1.87,1.12
2018.02.14 21:11:40.929,0.92939,0.92951,1.87,1.00
2018.02.14 21:11:47.163,0.92939,0.92951,1.50,3.37
2018.02.14 21:11:48.560,0.92939,0.9295,1.00,1.87
2018.02.14 21:11:50.894,0.92938,0.9295,1.00,1.87
2018.02.14 21:12:03.520,0.9294,0.9295,1.00,4.12
2018.02.14 21:12:28.646,0.92937,0.92948,1.00,1.69
2018.02.14 21:12:30.969,0.92936,0.92948,1.50,1.31
2018.02.14 21:12:32.867,0.92936,0.92948,1.50,1.50
2018.02.14 21:12:59.762,0.92936,0.92948,1.50,1.31
2018.02.14 21:13:12.156,0.92937,0.92948,1.00,1.69
2018.02.14 21:13:12.662,0.92937,0.92948,1.00,1.87
2018.02.14 21:13:20.504,0.92938,0.92951,1.25,4.01
2018.02.14 21:13:20.557,0.92941,0.92951,1.00,2.06
2018.02.14 21:13:23.446,0.92945,0.92952,1.50,1.00
2018.02.14 21:13:23.723,0.92947,0.92958,1.00,1.69
2018.02.14 21:13:26.189,0.92946,0.92954,1.25,1.00
2018.02.14 21:13:26.917,0.92945,0.92955,1.31,1.50
2018.02.14 21:13:27.965,0.92945,0.92954,2.81,1.00
2018.02.14 21:13:29.129,0.92943,0.92954,1.00,1.38
2018.02.14 21:13:29.649,0.92942,0.92953,1.00,1.69
2018.02.14 21:13:30.574,0.92942,0.92953,1.00,2.44
2018.02.14 21:13:32.411,0.92942,0.92953,1.00,1.31
2018.02.14 21:13:39.130,0.92943,0.92954,1.13,2.06
2018.02.14 21:13:47.276,0.92943,0.92954,1.69,1.13
2018.02.14 21:13:56.858,0.92945,0.92955,1.00,1.69
2018.02.14 21:13:58.370,0.92945,0.92955,1.00,1.31
2018.02.14 21:13:59.802,0.92946,0.92956,1.00,1.50
2018.02.14 21:14:00.013,0.92946,0.92959,1.13,3.38
2018.02.14 21:14:00.570,0.92947,0.92958,1.00,1.69
2018.02.14 21:14:01.372,0.92946,0.92958,1.88,1.25
2018.02.14 21:14:02.884,0.92946,0.92958,1.88,1.38
2018.02.14 21:14:03.197,0.92944,0.92954,1.00,2.25
2018.02.14 21:14:03.302,0.92942,0.92953,1.00,2.63
2018.02.14 21:14:04.554,0.92943,0.92954,1.13,1.88
2018.02.14 21:14:08.339,0.92943,0.92952,1.50,1.13
2018.02.14 21:14:08.446,0.92943,0.92954,1.25,1.87
2018.02.14 21:14:08.948,0.92944,0.92955,1.00,3.00
2018.02.14 21:14:13.089,0.92944,0.92954,1.00,1.44
2018.02.14 21:14:13.947,0.92944,0.92954,1.00,1.25
2018.02.14 21:14:16.851,0.92944,0.92954,1.00,2.25
2018.02.14 21:14:17.400,0.92944,0.92954,1.00,2.06
2018.02.14 21:14:17.822,0.92943,0.92951,1.00,1.25
2018.02.14 21:14:19.211,0.92943,0.92952,1.00,1.25
2018.02.14 21:14:19.889,0.92943,0.92953,1.00,2.06
2018.02.14 21:14:22.386,0.92943,0.92954,1.25,3.19
2018.02.14 21:14:23.013,0.92943,0.92954,1.00,3.56
2018.02.14 21:14:23.853,0.92943,0.92954,1.00,2.63
2018.02.14 21:14:24.205,0.92945,0.92955,1.00,1.88
2018.02.14 21:14:24.709,0.92946,0.92957,1.00,1.39
2018.02.14 21:14:39.034,0.92946,0.92957,1.00,3.38
2018.02.14 21:14:39.784,0.92946,0.92957,1.00,2.63
2018.02.14 21:15:00.021,0.92946,0.92957,1.00,3.00
2018.02.14 21:15:00.232,0.92946,0.92957,1.00,3.00
2018.02.14 21:15:00.748,0.92946,0.92956,1.00,1.13
2018.02.14 21:15:01.419,0.92946,0.92957,1.00,1.87
2018.02.14 21:15:02.025,0.92946,0.92957,1.00,3.00
2018.02.14 21:15:04.741,0.92946,0.92955,1.00,1.00
2018.02.14 21:15:05.532,0.92945,0.92955,1.00,1.88
2018.02.14 21:15:06.074,0.92945,0.92953,1.00,1.00
2018.02.14 21:15:11.709,0.92945,0.92954,1.00,1.69
2018.02.14 21:15:21.285,0.92945,0.92955,1.00,2.25
2018.02.14 21:15:21.819,0.92945,0.92955,1.00,2.44
2018.02.14 21:15:22.378,0.92945,0.92955,1.00,2.25
2018.02.14 21:15:22.682,0.92944,0.92954,1.00,2.06
2018.02.14 21:15:29.199,0.92944,0.92954,1.00,2.44
2018.02.14 21:15:29.890,0.92944,0.92954,1.00,2.44
2018.02.14 21:15:35.269,0.92942,0.92951,1.00,1.25
2018.02.14 21:15:35.905,0.92941,0.92951,1.00,1.44
2018.02.14 21:15:36.954,0.92942,0.92952,1.00,1.00
2018.02.14 21:15:47.111,0.92942,0.92953,1.00,1.69
2018.02.14 21:16:03.161,0.92943,0.92955,1.00,2.25
2018.02.14 21:16:03.317,0.92945,0.92955,1.00,2.25
2018.02.14 21:16:04.427,0.92945,0.92955,1.00,1.13
2018.02.14 21:16:16.294,0.92945,0.92956,1.00,1.69
2018.02.14 21:16:16.997,0.92945,0.92956,1.00,2.44
2018.02.14 21:16:25.321,0.92945,0.92956,1.00,1.50
2018.02.14 21:16:26.197,0.92945,0.92956,1.00,2.44
2018.02.14 21:16:27.181,0.92945,0.92956,1.00,3.94
2018.02.14 21:16:27.859,0.92945,0.92955,1.00,1.13
2018.02.14 21:16:40.714,0.92945,0.92954,1.00,1.00
2018.02.14 21:16:42.615,0.92943,0.92954,1.00,2.63
2018.02.14 21:16:43.380,0.92943,0.92954,1.00,1.69
2018.02.14 21:16:43.970,0.92943,0.92954,1.00,1.88
2018.02.14 21:16:44.483,0.92943,0.92954,1.25,1.69
2018.02.14 21:16:45.893,0.92943,0.92953,1.00,1.12
2018.02.14 21:16:47.232,0.92943,0.92954,1.13,1.25
2018.02.14 21:16:47.757,0.92944,0.92954,1.00,1.69
2018.02.14 21:17:28.320,0.92947,0.92956,1.00,1.00
2018.02.14 21:17:28.710,0.92947,0.92958,1.44,1.69
2018.02.14 21:17:29.282,0.92947,0.92958,1.13,2.44
2018.02.14 21:17:30.482,0.92948,0.92958,1.00,1.13
2018.02.14 21:17:32.417,0.92946,0.92956,1.00,1.00
2018.02.14 21:17:32.949,0.92945,0.92955,1.00,1.50
2018.02.14 21:17:33.159,0.92942,0.92953,1.13,2.25
2018.02.14 21:17:33.914,0.92942,0.92953,1.00,3.38
2018.02.14 21:17:34.432,0.92942,0.92953,1.00,3.19
2018.02.14 21:17:40.017,0.92942,0.92953,1.44,2.25
2018.02.14 21:17:40.539,0.92942,0.92953,1.25,2.63
2018.02.14 21:17:43.443,0.92942,0.92952,1.00,1.50
2018.02.14 21:17:46.537,0.92942,0.92953,1.00,1.69
2018.02.14 21:17:48.418,0.92942,0.92952,1.00,1.00
2018.02.14 21:17:48.963,0.92942,0.92953,1.13,1.50
2018.02.14 21:17:51.037,0.92942,0.92953,1.00,2.06
2018.02.14 21:17:51.550,0.92942,0.92953,1.00,2.44
2018.02.14 21:18:04.231,0.92942,0.92952,1.50,1.00
2018.02.14 21:18:08.333,0.92942,0.92953,1.00,1.31
2018.02.14 21:18:17.492,0.92942,0.92952,1.00,1.00
2018.02.14 21:18:18.048,0.92942,0.92953,1.25,2.06
2018.02.14 21:18:24.235,0.92942,0.92953,1.00,3.00
2018.02.14 21:18:27.998,0.92942,0.92953,1.25,3.00
2018.02.14 21:18:28.954,0.92942,0.92953,1.00,3.38
2018.02.14 21:18:33.165,0.92941,0.92953,1.13,2.81
2018.02.14 21:18:38.196,0.9294,0.92953,1.20,2.44
2018.02.14 21:18:39.221,0.9294,0.92953,1.48,2.63
2018.02.14 21:18:39.326,0.92943,0.92954,1.00,1.12
2018.02.14 21:18:41.482,0.92943,0.92954,1.13,1.87
2018.02.14 21:18:50.964,0.92943,0.92954,1.13,1.50
2018.02.14 21:19:14.010,0.92943,0.92954,1.25,2.63
2018.02.14 21:19:14.787,0.92943,0.92954,1.25,1.88
2018.02.14 21:19:39.223,0.92943,0.92954,1.13,3.19
2018.02.14 21:19:40.020,0.92943,0.92954,1.13,1.87
2018.02.14 21:19:59.139,0.92943,0.92954,1.00,1.50
2018.02.14 21:19:59.642,0.92943,0.92954,1.13,1.25
2018.02.14 21:20:11.539,0.92944,0.92955,1.00,1.12
2018.02.14 21:20:12.040,0.92944,0.92956,1.50,2.81
2018.02.14 21:20:12.701,0.92944,0.92955,1.00,1.00
2018.02.14 21:20:19.152,0.92943,0.92954,1.88,1.00
2018.02.14 21:20:19.691,0.92943,0.92954,1.88,1.00
2018.02.14 21:20:23.765,0.92943,0.92954,1.69,1.12
2018.02.14 21:20:24.284,0.92943,0.92955,1.88,1.00
2018.02.14 21:20:29.328,0.92943,0.92955,1.69,1.50
2018.02.14 21:20:29.916,0.92943,0.92955,1.88,1.50
2018.02.14 21:20:38.771,0.92943,0.92955,1.69,1.00
2018.02.14 21:20:39.853,0.92943,0.92955,1.88,1.00
2018.02.14 21:20:40.463,0.92943,0.92955,1.88,1.00
2018.02.14 21:20:42.380,0.92943,0.92955,1.88,1.00
2018.02.14 21:20:43.013,0.92943,0.92955,1.69,1.00
2018.02.14 21:20:43.614,0.92943,0.92955,1.88,1.00
2018.02.14 21:20:44.609,0.92943,0.92955,1.69,1.00
2018.02.14 21:20:45.202,0.92943,0.92955,1.88,1.00
2018.02.14 21:20:46.293,0.92943,0.92955,1.88,1.12
2018.02.14 21:20:46.976,0.92943,0.92955,1.88,1.12
2018.02.14 21:20:51.591,0.92948,0.92957,1.25,1.00
2018.02.14 21:20:52.143,0.92948,0.92958,1.13,1.00
2018.02.14 21:20:56.512,0.92947,0.92958,1.25,1.00
2018.02.14 21:20:57.014,0.92947,0.92958,1.38,1.00
2018.02.14 21:21:14.078,0.92947,0.92958,1.50,1.00
2018.02.14 21:21:26.481,0.92953,0.9296,1.69,1.00
2018.02.14 21:21:26.534,0.92955,0.92964,1.25,1.00
2018.02.14 21:21:26.758,0.92956,0.92967,1.13,1.25
2018.02.14 21:21:27.130,0.92958,0.92968,1.13,1.12
2018.02.14 21:21:27.390,0.92958,0.9297,1.31,1.50
2018.02.14 21:21:28.594,0.92959,0.92971,1.00,1.20
2018.02.14 21:21:29.203,0.92957,0.9297,2.32,1.25
2018.02.14 21:21:29.386,0.92959,0.92971,1.88,1.25
2018.02.14 21:21:32.013,0.9296,0.92972,1.00,1.00
2018.02.14 21:21:32.222,0.92958,0.92971,1.00,1.00
2018.02.14 21:21:32.693,0.92959,0.9297,1.38,1.00
2018.02.14 21:21:32.744,0.92959,0.92972,1.38,1.88
2018.02.14 21:21:33.682,0.9296,0.92974,1.38,2.81
2018.02.14 21:21:38.948,0.9296,0.92974,1.63,1.50
2018.02.14 21:21:39.103,0.9296,0.92973,1.00,1.00
2018.02.14 21:21:39.621,0.92961,0.92973,1.25,1.00
2018.02.14 21:21:39.673,0.92961,0.92973,1.38,1.00
2018.02.14 21:21:40.349,0.92962,0.92974,1.44,1.13
2018.02.14 21:21:45.058,0.92961,0.92974,1.44,1.00
2018.02.14 21:21:45.678,0.92961,0.92974,1.38,1.12
2018.02.14 21:21:47.859,0.92961,0.92974,1.38,1.00
2018.02.14 21:21:48.373,0.92961,0.92974,1.38,1.12
2018.02.14 21:21:50.437,0.9296,0.92974,2.14,1.12
2018.02.14 21:21:50.982,0.9296,0.92974,1.63,1.12
2018.02.14 21:21:51.590,0.92962,0.92974,1.44,1.25
2018.02.14 21:21:52.111,0.92962,0.92974,1.00,1.25
2018.02.14 21:21:52.620,0.92961,0.92973,1.00,1.25
2018.02.14 21:22:17.566,0.92962,0.92973,1.00,1.00
2018.02.14 21:22:17.618,0.92964,0.92973,1.00,1.00
2018.02.14 21:22:18.157,0.92964,0.92974,1.00,1.12
2018.02.14 21:22:21.277,0.92964,0.92974,1.00,1.69
2018.02.14 21:22:21.848,0.92964,0.92974,1.00,1.69
2018.02.14 21:22:22.449,0.92964,0.92974,1.00,1.69
2018.02.14 21:22:24.548,0.92964,0.92974,1.00,2.06
2018.02.14 21:22:25.091,0.92964,0.92974,1.00,2.25
2018.02.14 21:22:27.621,0.92964,0.92974,1.00,2.06
2018.02.14 21:22:30.751,0.92964,0.92974,1.00,2.63
2018.02.14 21:22:31.362,0.92964,0.92972,1.00,1.31
2018.02.14 21:22:36.435,0.92964,0.92972,1.00,1.25
2018.02.14 21:22:37.919,0.92962,0.92972,1.00,1.25
2018.02.14 21:22:40.226,0.92962,0.92971,1.00,1.00
2018.02.14 21:22:40.331,0.9296,0.92971,1.69,1.50
2018.02.14 21:22:43.054,0.9296,0.9297,1.00,1.00
2018.02.14 21:22:44.652,0.92959,0.9297,1.00,2.06
2018.02.14 21:22:45.214,0.92959,0.9297,1.00,2.62
2018.02.14 21:22:45.983,0.92959,0.9297,1.00,3.19
2018.02.14 21:22:46.809,0.92959,0.9297,1.00,2.25
2018.02.14 21:22:47.335,0.92959,0.92968,1.00,1.00
2018.02.14 21:22:47.884,0.92958,0.92969,1.00,2.25
2018.02.14 21:22:48.622,0.92958,0.92968,1.00,1.00
2018.02.14 21:22:50.534,0.92957,0.92968,1.00,1.69
2018.02.14 21:22:53.407,0.92957,0.92967,1.00,1.31
2018.02.14 21:22:54.996,0.92956,0.92967,1.00,1.69
2018.02.14 21:22:56.356,0.92956,0.92967,1.00,3.19
2018.02.14 21:22:56.770,0.92956,0.92967,1.00,2.63
2018.02.14 21:22:56.822,0.92955,0.92965,1.50,1.00
2018.02.14 21:22:56.928,0.9295,0.92963,1.57,3.75
2018.02.14 21:22:56.980,0.92949,0.9296,1.57,1.00
2018.02.14 21:22:57.874,0.92949,0.92961,1.39,1.31
2018.02.14 21:22:59.650,0.92949,0.92961,1.00,1.25
2018.02.14 21:23:00.198,0.92949,0.92961,1.19,1.25
2018.02.14 21:23:01.645,0.92949,0.92961,1.25,1.50
2018.02.14 21:23:03.298,0.92949,0.92961,1.38,1.25
2018.02.14 21:23:04.126,0.92949,0.92961,1.13,1.25
2018.02.14 21:23:04.645,0.9295,0.92962,1.13,2.81
2018.02.14 21:23:06.853,0.92948,0.92962,1.39,2.44
2018.02.14 21:23:07.469,0.9295,0.92962,1.25,2.81
2018.02.14 21:23:08.392,0.92948,0.9296,1.38,1.50
2018.02.14 21:23:09.116,0.92948,0.9296,1.25,1.00
2018.02.14 21:23:09.773,0.92948,0.9296,1.44,1.00
2018.02.14 21:23:12.521,0.92948,0.9296,1.25,1.69
2018.02.14 21:23:13.052,0.92949,0.92961,1.00,1.31
2018.02.14 21:23:13.626,0.92949,0.92961,1.25,1.50
2018.02.14 21:23:15.384,0.92949,0.92961,1.00,1.25
2018.02.14 21:23:16.080,0.92949,0.92961,1.38,1.13
2018.02.14 21:23:16.489,0.92948,0.9296,1.00,1.25
2018.02.14 21:23:16.645,0.92949,0.92961,1.38,1.13
2018.02.14 21:23:17.262,0.9295,0.92962,1.44,3.19
2018.02.14 21:23:18.124,0.9295,0.92962,1.44,1.69
2018.02.14 21:23:20.019,0.9295,0.92962,1.00,1.50
2018.02.14 21:23:39.771,0.92949,0.92963,1.13,3.00
2018.02.14 21:23:42.730,0.92948,0.9296,1.50,1.69
2018.02.14 21:23:51.321,0.92948,0.92959,1.88,1.00
2018.02.14 21:23:51.644,0.92949,0.92959,1.44,1.00
2018.02.14 21:23:52.203,0.92949,0.9296,1.88,1.25
2018.02.14 21:23:55.756,0.92949,0.9296,2.06,1.00
2018.02.14 21:23:56.269,0.92949,0.9296,2.06,1.00
2018.02.14 21:24:01.164,0.92949,0.9296,1.87,1.00
2018.02.14 21:24:01.726,0.92949,0.9296,2.25,1.00
2018.02.14 21:24:02.818,0.92949,0.9296,1.12,1.00
2018.02.14 21:24:11.486,0.92948,0.92959,1.69,1.00
2018.02.14 21:24:14.310,0.92949,0.92959,1.38,1.00
2018.02.14 21:24:14.509,0.92949,0.92961,1.88,1.00
2018.02.14 21:24:14.717,0.92951,0.92962,1.38,1.00
2018.02.14 21:24:15.184,0.92955,0.92966,1.00,3.75
2018.02.14 21:24:15.567,0.92957,0.92966,1.00,1.00
2018.02.14 21:24:16.108,0.92957,0.92967,1.00,1.00
2018.02.14 21:24:18.343,0.92958,0.92968,1.00,2.44
2018.02.14 21:24:20.584,0.92958,0.92968,1.00,1.00
2018.02.14 21:24:27.772,0.92958,0.92968,1.00,1.38
2018.02.14 21:24:31.549,0.92958,0.92968,1.00,1.13
2018.02.14 21:24:37.730,0.92958,0.92967,1.00,1.00
2018.02.14 21:24:38.236,0.92957,0.92967,1.00,1.69
2018.02.14 21:24:38.708,0.92959,0.9297,1.00,4.69
2018.02.14 21:24:43.838,0.92959,0.92969,1.00,1.88
2018.02.14 21:24:44.476,0.92959,0.92969,1.00,1.69
2018.02.14 21:24:45.034,0.92959,0.92969,1.00,1.69
2018.02.14 21:24:45.587,0.92959,0.92969,1.00,1.50
2018.02.14 21:24:46.276,0.92956,0.92968,1.88,1.13
2018.02.14 21:24:46.815,0.92956,0.92969,1.88,2.81
2018.02.14 21:24:47.928,0.92956,0.92969,1.69,2.25
2018.02.14 21:24:48.447,0.92956,0.92969,1.88,2.44
2018.02.14 21:24:51.211,0.92956,0.92967,1.69,1.88
2018.02.14 21:24:52.192,0.92956,0.92967,1.25,1.25
2018.02.14 21:24:54.873,0.92958,0.92969,1.69,1.00
2018.02.14 21:24:56.749,0.92958,0.92969,1.00,2.44
2018.02.14 21:24:57.381,0.92958,0.92969,1.00,2.06
2018.02.14 21:24:58.171,0.92958,0.92969,1.00,3.19
2018.02.14 21:24:59.544,0.92958,0.92967,1.00,1.00
2018.02.14 21:25:00.530,0.92958,0.92969,1.00,3.37
2018.02.14 21:25:01.040,0.92958,0.92969,1.00,1.50
2018.02.14 21:25:02.925,0.92958,0.92969,1.19,1.00
2018.02.14 21:25:03.482,0.92959,0.9297,1.00,1.25
2018.02.14 21:25:11.012,0.92959,0.9297,1.00,3.94
2018.02.14 21:25:11.522,0.92959,0.9297,1.00,1.69
2018.02.14 21:25:12.152,0.92959,0.9297,1.00,3.75
2018.02.14 21:25:14.214,0.92959,0.9297,1.00,1.69
2018.02.14 21:25:20.294,0.92959,0.9297,1.00,1.88
2018.02.14 21:25:20.827,0.92959,0.9297,1.00,1.69
2018.02.14 21:25:44.596,0.92959,0.9297,1.25,1.88
2018.02.14 21:25:45.019,0.92957,0.92969,1.44,2.44
2018.02.14 21:25:45.560,0.92957,0.92968,1.88,1.25
2018.02.14 21:25:46.108,0.92957,0.92968,1.88,1.25
2018.02.14 21:25:46.612,0.92957,0.92968,1.00,1.31
2018.02.14 21:25:47.712,0.92957,0.92968,1.00,2.81
2018.02.14 21:25:48.448,0.92957,0.92968,1.00,2.81
2018.02.14 21:25:49.120,0.92957,0.92968,1.00,2.81
2018.02.14 21:25:55.982,0.92957,0.92968,1.00,3.37
2018.02.14 21:25:56.608,0.92956,0.92967,1.69,1.25
2018.02.14 21:25:57.235,0.92955,0.92967,2.06,1.50
2018.02.14 21:25:57.798,0.92955,0.92967,2.06,1.69
2018.02.14 21:25:58.825,0.92955,0.92967,2.06,2.06
2018.02.14 21:26:01.642,0.92955,0.92967,2.06,2.06
2018.02.14 21:26:02.168,0.92953,0.92964,1.00,1.12
2018.02.14 21:26:02.431,0.92951,0.92963,1.13,1.69
2018.02.14 21:26:02.946,0.92951,0.92963,1.38,1.69
2018.02.14 21:26:03.153,0.9295,0.92962,1.88,1.00
2018.02.14 21:26:04.361,0.9295,0.92962,2.06,1.25
2018.02.14 21:26:05.075,0.92952,0.92963,1.44,1.00
2018.02.14 21:26:05.757,0.92952,0.92963,1.38,1.00
2018.02.14 21:26:08.663,0.92953,0.92963,1.00,1.00
2018.02.14 21:26:10.086,0.92953,0.92964,1.50,1.00
2018.02.14 21:26:10.394,0.92955,0.92965,1.00,1.00
2018.02.14 21:26:12.409,0.92954,0.92965,1.12,1.00
2018.02.14 21:26:31.698,0.92955,0.92965,1.25,1.00
2018.02.14 21:26:32.581,0.92954,0.92965,1.13,1.00
2018.02.14 21:26:34.800,0.92955,0.92966,1.00,3.00
2018.02.14 21:26:41.592,0.92954,0.92965,1.00,1.00
2018.02.14 21:26:43.164,0.92955,0.92965,1.00,1.00
2018.02.14 21:26:46.912,0.92952,0.92963,1.00,1.25
2018.02.14 21:26:47.432,0.92952,0.92962,1.25,1.25
2018.02.14 21:26:51.831,0.92952,0.92963,1.00,1.69
2018.02.14 21:26:55.778,0.92952,0.92963,1.00,2.06
2018.02.14 21:26:56.317,0.92952,0.92963,1.00,2.06
2018.02.14 21:26:57.048,0.92952,0.92962,1.00,1.00
2018.02.14 21:26:59.681,0.92952,0.92962,1.00,1.44
2018.02.14 21:27:00.272,0.92952,0.92962,1.00,1.25
2018.02.14 21:27:06.860,0.92952,0.92962,1.00,1.50
2018.02.14 21:27:06.913,0.92949,0.92959,1.00,1.00
2018.02.14 21:27:07.421,0.92948,0.92958,1.00,1.50
2018.02.14 21:27:08.231,0.92948,0.92958,1.00,1.31
2018.02.14 21:27:09.419,0.92948,0.92958,1.00,1.31
2018.02.14 21:27:10.810,0.92948,0.92959,1.00,1.12
2018.02.14 21:27:11.149,0.92948,0.92961,1.87,1.12
2018.02.14 21:27:11.654,0.92948,0.9296,1.69,1.00
2018.02.14 21:27:12.292,0.92948,0.9296,1.88,1.00
2018.02.14 21:27:12.878,0.92948,0.9296,1.88,1.00
2018.02.14 21:27:13.631,0.92948,0.9296,1.69,1.00
2018.02.14 21:27:14.317,0.92948,0.9296,1.88,1.00
2018.02.14 21:27:14.854,0.92948,0.9296,1.88,1.00
2018.02.14 21:27:15.640,0.92948,0.9296,1.88,1.00
2018.02.14 21:27:16.190,0.92948,0.9296,1.88,1.00
2018.02.14 21:27:16.722,0.92948,0.9296,1.88,1.00
2018.02.14 21:27:17.297,0.92948,0.9296,1.88,1.00
2018.02.14 21:27:18.727,0.92949,0.92961,1.88,2.06
2018.02.14 21:27:19.240,0.92949,0.9296,1.00,1.00
2018.02.14 21:27:20.062,0.92949,0.9296,1.44,1.00
2018.02.14 21:27:20.885,0.92949,0.92961,1.88,1.87
2018.02.14 21:27:23.204,0.92949,0.9296,1.25,1.00
2018.02.14 21:27:24.837,0.92949,0.9296,1.44,1.00
2018.02.14 21:27:26.197,0.92949,0.9296,1.25,1.00
2018.02.14 21:27:32.803,0.92949,0.9296,1.38,1.12
2018.02.14 21:27:34.600,0.92952,0.92962,1.00,1.69
2018.02.14 21:27:35.116,0.92953,0.92963,1.25,1.00
2018.02.14 21:27:36.168,0.92953,0.92964,1.38,1.50
2018.02.14 21:27:37.232,0.92953,0.92964,1.00,1.50
2018.02.14 21:27:37.737,0.92953,0.92963,1.00,1.00
2018.02.14 21:27:46.016,0.92949,0.92961,2.44,1.00
2018.02.14 21:27:46.123,0.92948,0.9296,1.50,2.25
2018.02.14 21:27:46.629,0.92948,0.92959,1.00,1.00
2018.02.14 21:27:47.792,0.92947,0.92958,1.25,1.50
2018.02.14 21:27:50.015,0.92945,0.92954,1.00,1.12
2018.02.14 21:27:50.547,0.92945,0.92955,1.25,1.00
2018.02.14 21:27:53.209,0.92946,0.92955,1.00,1.00
2018.02.14 21:28:09.198,0.92945,0.92955,1.31,1.00
2018.02.14 21:28:09.606,0.92946,0.92956,1.44,1.00
2018.02.14 21:28:09.761,0.92946,0.92958,1.38,1.50
2018.02.14 21:28:10.284,0.92946,0.92957,1.25,1.12
2018.02.14 21:28:12.065,0.92946,0.92957,1.88,1.00
2018.02.14 21:28:12.623,0.92945,0.92956,2.63,1.12
2018.02.14 21:28:13.772,0.92945,0.92956,1.87,1.00
2018.02.14 21:28:14.647,0.92945,0.92956,2.06,1.00
2018.02.14 21:28:18.405,0.92945,0.92956,2.06,1.00
2018.02.14 21:28:19.190,0.92945,0.92956,2.06,1.00
2018.02.14 21:28:20.186,0.92945,0.92956,1.87,1.00
2018.02.14 21:28:21.413,0.92945,0.92956,2.06,1.00
2018.02.14 21:28:26.514,0.92945,0.92955,1.25,1.00
2018.02.14 21:28:27.027,0.92944,0.92955,4.12,1.87
2018.02.14 21:28:29.921,0.92942,0.92953,1.19,1.00
2018.02.14 21:28:30.450,0.92942,0.92953,1.25,3.37
2018.02.14 21:28:34.086,0.92941,0.92952,1.43,2.25
2018.02.14 21:28:34.631,0.92942,0.92952,1.25,1.12
2018.02.14 21:28:36.732,0.92941,0.92952,1.13,1.12
2018.02.14 21:28:37.817,0.92942,0.92952,1.44,1.00
2018.02.14 21:28:38.701,0.92942,0.92952,1.25,1.00
2018.02.14 21:28:41.239,0.92941,0.92952,1.25,1.87
2018.02.14 21:28:48.881,0.92941,0.92952,1.88,2.25
2018.02.14 21:28:50.165,0.92941,0.92952,1.69,1.12
2018.02.14 21:28:50.948,0.92941,0.92952,1.88,1.12
2018.02.14 21:28:51.996,0.92941,0.92952,1.69,1.00
2018.02.14 21:28:52.610,0.92941,0.92953,1.38,2.63
2018.02.14 21:28:57.437,0.92941,0.92952,1.88,1.12
2018.02.14 21:29:01.353,0.92941,0.92952,1.88,1.12
2018.02.14 21:29:02.704,0.92941,0.92952,1.88,1.00
2018.02.14 21:29:03.723,0.92941,0.92952,1.50,1.00
2018.02.14 21:29:04.275,0.92941,0.92952,1.88,1.00
2018.02.14 21:29:08.278,0.92943,0.92952,1.88,1.00
2018.02.14 21:29:08.834,0.92944,0.92952,1.00,1.00
2018.02.14 21:29:12.218,0.92942,0.92952,1.25,1.00
2018.02.14 21:29:13.956,0.92941,0.92952,1.88,1.00
2018.02.14 21:29:14.835,0.92941,0.92952,1.88,1.00
2018.02.14 21:29:15.406,0.92941,0.92952,1.13,1.50
2018.02.14 21:29:16.776,0.92941,0.92952,1.38,1.87
2018.02.14 21:29:17.317,0.9294,0.92951,2.44,1.00
2018.02.14 21:29:24.453,0.9294,0.92951,2.25,1.12
2018.02.14 21:29:25.421,0.9294,0.92951,2.44,1.12
2018.02.14 21:29:26.327,0.9294,0.92951,1.88,1.12
2018.02.14 21:29:27.212,0.9294,0.92951,2.06,1.12
2018.02.14 21:29:27.796,0.9294,0.92951,2.06,1.12
2018.02.14 21:29:28.349,0.9294,0.92951,2.06,1.12
2018.02.14 21:29:32.370,0.92941,0.92951,1.38,1.00
2018.02.14 21:29:34.281,0.92941,0.92951,1.00,1.00
2018.02.14 21:29:35.414,0.92941,0.92951,1.44,1.00
2018.02.14 21:29:41.265,0.92941,0.92951,1.00,1.00
2018.02.14 21:29:41.817,0.92941,0.92951,1.38,1.00
2018.02.14 21:29:42.010,0.92941,0.92951,1.00,1.00
2018.02.14 21:29:48.584,0.9294,0.92951,1.13,1.12
2018.02.14 21:29:49.264,0.9294,0.92951,1.31,1.31
2018.02.14 21:29:51.424,0.9294,0.92951,1.25,1.12
2018.02.14 21:29:52.422,0.92944,0.92953,3.56,1.00
2018.02.14 21:29:52.527,0.92946,0.92956,1.00,1.12
2018.02.14 21:30:03.321,0.92946,0.92958,1.30,2.32
2018.02.14 21:30:03.477,0.92947,0.92958,1.44,1.47
2018.02.14 21:30:06.753,0.92946,0.92958,1.49,2.32
2018.02.14 21:30:07.290,0.92946,0.92958,1.93,2.25
2018.02.14 21:30:07.815,0.92947,0.92959,1.99,1.50
2018.02.14 21:30:08.359,0.92948,0.9296,1.80,3.64
2018.02.14 21:30:08.725,0.92947,0.9296,1.55,3.64
2018.02.14 21:30:14.553,0.92949,0.9296,1.42,3.37
2018.02.14 21:30:15.700,0.92949,0.9296,1.99,3.37
2018.02.14 21:30:16.230,0.92949,0.9296,1.49,2.62
2018.02.14 21:30:17.898,0.92949,0.92961,1.93,1.50
2018.02.14 21:30:18.001,0.92949,0.92961,1.68,1.50
2018.02.14 21:30:18.731,0.92949,0.92961,2.18,1.50
2018.02.14 21:30:21.020,0.92949,0.92961,1.36,1.47
2018.02.14 21:30:21.523,0.92949,0.92961,1.23,1.57
2018.02.14 21:30:21.885,0.92949,0.92961,1.61,1.12
2018.02.14 21:30:22.790,0.92949,0.92961,1.30,1.57
2018.02.14 21:30:26.163,0.92949,0.92961,1.68,1.87
2018.02.14 21:30:26.651,0.92949,0.92961,1.74,1.12
2018.02.14 21:30:27.174,0.92949,0.92962,1.99,1.57
2018.02.14 21:30:30.567,0.92949,0.92962,1.31,4.20
2018.02.14 21:30:41.613,0.92948,0.9296,2.25,1.50
2018.02.14 21:30:42.500,0.92949,0.92961,1.00,4.95
2018.02.14 21:30:48.216,0.92949,0.9296,1.00,1.39
2018.02.14 21:30:48.526,0.92949,0.9296,1.00,1.45
2018.02.14 21:30:51.941,0.92948,0.9296,1.87,1.12
2018.02.14 21:30:52.570,0.92948,0.9296,2.06,1.50
2018.02.14 21:30:53.089,0.92949,0.92961,1.13,2.32
2018.02.14 21:30:55.338,0.92949,0.92961,1.13,1.95
2018.02.14 21:30:56.963,0.92949,0.92961,1.00,1.47
2018.02.14 21:30:57.479,0.92949,0.92961,1.38,2.32
2018.02.14 21:30:59.057,0.92949,0.92961,1.38,2.32
2018.02.14 21:30:59.745,0.92949,0.92961,1.38,2.32
2018.02.14 21:31:06.817,0.92949,0.92961,1.25,1.57
2018.02.14 21:31:10.162,0.92948,0.9296,1.87,1.12
2018.02.14 21:31:10.675,0.92948,0.9296,2.06,1.00
2018.02.14 21:31:11.354,0.92949,0.92961,1.44,4.12
2018.02.14 21:31:12.707,0.92949,0.92961,1.44,1.50
2018.02.14 21:31:13.236,0.92949,0.92961,1.44,4.12
2018.02.14 21:31:13.695,0.92947,0.92959,1.00,3.38
2018.02.14 21:31:15.414,0.92946,0.92959,1.88,1.95
2018.02.14 21:31:20.860,0.92948,0.9296,1.13,4.57
2018.02.14 21:31:21.381,0.92948,0.92959,1.38,1.57
2018.02.14 21:31:21.704,0.92946,0.9296,1.50,3.82
2018.02.14 21:31:22.245,0.92948,0.9296,1.13,2.32
2018.02.14 21:31:22.351,0.92948,0.9296,1.50,2.32
2018.02.14 21:31:23.707,0.92949,0.92961,1.31,1.95
2018.02.14 21:31:31.512,0.9295,0.92962,1.13,3.26
2018.02.14 21:31:34.653,0.9295,0.92961,1.25,1.50
2018.02.14 21:31:35.188,0.92949,0.9296,1.25,1.76
2018.02.14 21:31:39.807,0.92949,0.92961,1.00,2.51
2018.02.14 21:31:40.318,0.92949,0.92961,1.38,2.32
2018.02.14 21:31:40.422,0.92949,0.92961,1.13,2.32
2018.02.14 21:31:40.981,0.92949,0.92961,1.38,1.95
2018.02.14 21:31:42.919,0.92949,0.92961,1.38,1.20
2018.02.14 21:31:43.988,0.92949,0.92961,1.38,1.57
2018.02.14 21:31:48.194,0.92949,0.92962,1.38,4.76
2018.02.14 21:31:51.906,0.9295,0.92961,1.25,1.57
2018.02.14 21:31:58.180,0.92948,0.92961,1.69,1.57
2018.02.14 21:31:58.716,0.92948,0.92961,2.06,2.32
2018.02.14 21:31:58.820,0.92948,0.92961,2.06,1.85
2018.02.14 21:32:03.446,0.92948,0.92962,2.63,5.51
2018.02.14 21:32:04.073,0.92948,0.92962,1.63,3.82
2018.02.14 21:32:04.642,0.92948,0.92962,2.63,4.76
2018.02.14 21:32:05.662,0.9295,0.92962,1.50,2.32
2018.02.14 21:32:06.265,0.9295,0.92962,1.44,2.51
2018.02.14 21:32:12.759,0.9295,0.92962,1.44,1.39
2018.02.14 21:32:16.239,0.9295,0.92962,1.31,1.76
2018.02.14 21:32:17.682,0.9295,0.92962,1.56,2.32
2018.02.14 21:32:18.276,0.9295,0.92962,1.81,2.32
2018.02.14 21:32:28.967,0.92951,0.92963,1.25,4.57
2018.02.14 21:32:30.214,0.92951,0.92962,1.69,1.57
2018.02.14 21:32:30.746,0.92951,0.92963,1.69,1.57
2018.02.14 21:32:31.510,0.92951,0.92963,1.12,2.70
2018.02.14 21:32:31.667,0.92949,0.92961,1.31,1.20
2018.02.14 21:32:32.165,0.92949,0.92961,1.50,1.10
2018.02.14 21:32:32.442,0.92949,0.92961,1.31,1.10
2018.02.14 21:32:32.959,0.92949,0.92961,1.50,1.10
2018.02.14 21:32:33.728,0.92949,0.92961,1.13,1.57
2018.02.14 21:32:35.665,0.92949,0.92961,1.44,2.32
2018.02.14 21:32:40.208,0.92949,0.92961,1.31,2.32
2018.02.14 21:32:40.783,0.92949,0.92961,1.31,1.95
2018.02.14 21:32:41.496,0.92949,0.92961,1.31,1.95
2018.02.14 21:32:44.288,0.9295,0.92962,1.50,2.32
2018.02.14 21:32:44.474,0.92949,0.92961,1.44,1.20
2018.02.14 21:32:44.997,0.92949,0.92961,1.13,1.20
2018.02.14 21:32:45.151,0.92949,0.92961,1.63,1.20
2018.02.14 21:32:46.534,0.9295,0.92962,1.63,1.20
2018.02.14 21:32:46.588,0.9295,0.92962,1.12,1.12
2018.02.14 21:32:47.128,0.9295,0.92962,1.31,1.20
2018.02.14 21:32:47.609,0.9295,0.92962,1.56,1.12
2018.02.14 21:32:47.922,0.92947,0.92961,1.13,5.25
2018.02.14 21:32:48.210,0.92949,0.92961,1.44,4.57
2018.02.14 21:32:52.752,0.92949,0.92961,1.25,3.82
2018.02.14 21:32:55.319,0.92949,0.92961,1.44,4.57
2018.02.14 21:32:55.840,0.92948,0.9296,1.25,1.57
2018.02.14 21:32:56.408,0.92949,0.92961,1.13,4.57
2018.02.14 21:32:58.332,0.92948,0.92959,1.44,1.50
2018.02.14 21:33:00.319,0.9295,0.9296,1.31,1.10
2018.02.14 21:33:00.446,0.92949,0.92961,1.25,1.95
2018.02.14 21:33:00.992,0.9295,0.92962,1.44,3.45
2018.02.14 21:33:01.527,0.92951,0.92963,1.63,3.07
2018.02.14 21:33:03.152,0.92953,0.92964,1.44,1.57
2018.02.14 21:33:03.692,0.92954,0.92965,1.25,3.45
2018.02.14 21:33:05.018,0.92953,0.92965,1.31,1.76
2018.02.14 21:33:06.975,0.92951,0.92963,1.12,2.25
2018.02.14 21:33:07.490,0.9295,0.92962,1.88,2.32
2018.02.14 21:33:08.108,0.92951,0.92962,1.31,1.57
2018.02.14 21:33:08.730,0.92951,0.92962,1.12,1.57
2018.02.14 21:33:09.306,0.9295,0.92962,1.00,1.57
2018.02.14 21:33:09.616,0.9295,0.92963,1.81,4.20
2018.02.14 21:33:13.661,0.9295,0.92962,1.25,2.25
2018.02.14 21:33:14.186,0.92949,0.92961,1.69,1.12
2018.02.14 21:33:17.478,0.9295,0.92962,1.56,2.32
2018.02.14 21:33:17.994,0.92951,0.92963,1.31,2.70
2018.02.14 21:33:18.581,0.92949,0.92961,1.31,2.25
2018.02.14 21:33:19.160,0.92949,0.92961,1.88,2.32
2018.02.14 21:33:19.317,0.9295,0.92961,1.50,1.50
2018.02.14 21:33:19.943,0.9295,0.92961,1.50,1.50
2018.02.14 21:33:20.049,0.9295,0.92962,1.31,2.32
2018.02.14 21:33:20.550,0.92949,0.92961,1.31,1.10
2018.02.14 21:33:20.653,0.92947,0.9296,1.62,1.57
2018.02.14 21:33:20.860,0.92951,0.92963,1.25,2.25
2018.02.14 21:33:21.014,0.9295,0.92961,1.00,1.50
2018.02.14 21:33:21.527,0.9295,0.92962,1.00,3.45
2018.02.14 21:33:26.270,0.92949,0.92961,1.25,1.20
2018.02.14 21:33:26.873,0.92949,0.92961,1.38,1.20
2018.02.14 21:33:27.238,0.92949,0.92961,1.25,1.20
2018.02.14 21:33:27.754,0.9295,0.92961,1.25,1.57
2018.02.14 21:33:30.986,0.9295,0.92962,1.13,1.20
2018.02.14 21:33:33.823,0.9295,0.92962,1.63,1.20
2018.02.14 21:33:35.040,0.92951,0.92963,1.25,3.08
2018.02.14 21:33:37.295,0.9295,0.92963,1.25,2.70
2018.02.14 21:33:43.750,0.9295,0.92963,1.81,1.57
2018.02.14 21:33:43.955,0.92953,0.92965,1.31,1.76
2018.02.14 21:33:44.110,0.92951,0.92964,1.25,2.32
2018.02.14 21:33:44.650,0.9295,0.92962,1.31,1.10
2018.02.14 21:33:45.239,0.92951,0.92963,1.13,1.50
2018.02.14 21:33:46.714,0.92951,0.92963,1.25,1.58
2018.02.14 21:33:48.861,0.92951,0.92962,1.25,1.50
2018.02.14 21:33:49.382,0.92951,0.92963,1.25,1.58
2018.02.14 21:33:49.929,0.9295,0.92964,1.31,2.51
2018.02.14 21:33:50.489,0.9295,0.92963,1.50,1.33
2018.02.14 21:33:52.284,0.92951,0.92963,1.00,1.58
2018.02.14 21:33:53.855,0.92951,0.92963,1.00,1.57
2018.02.14 21:33:57.519,0.92951,0.92963,1.00,2.70
2018.02.14 21:33:58.187,0.92951,0.92963,1.00,2.70
2018.02.14 21:33:59.056,0.9295,0.92962,1.13,2.70
2018.02.14 21:33:59.639,0.92951,0.92961,1.00,1.57
2018.02.14 21:34:00.187,0.92951,0.92963,1.44,4.76
2018.02.14 21:34:05.040,0.92951,0.92963,1.00,1.57
2018.02.14 21:34:07.970,0.92951,0.92962,1.00,1.57
2018.02.14 21:34:08.474,0.9295,0.92962,1.00,1.39
2018.02.14 21:34:09.041,0.9295,0.92962,1.31,2.14
2018.02.14 21:34:09.681,0.92951,0.92963,1.31,1.10
2018.02.14 21:34:10.186,0.92952,0.92963,1.25,1.57
2018.02.14 21:34:10.445,0.9295,0.92962,1.31,2.32
2018.02.14 21:34:10.965,0.92949,0.92961,1.31,1.57
2018.02.14 21:34:11.486,0.9295,0.92962,1.50,2.32
2018.02.14 21:34:11.825,0.9295,0.92962,1.50,2.32
2018.02.14 21:34:12.336,0.92951,0.92962,1.00,1.57
2018.02.14 21:34:12.717,0.9295,0.92961,1.25,1.85
2018.02.14 21:34:13.237,0.9295,0.92961,1.25,1.57
2018.02.14 21:34:14.036,0.9295,0.92961,1.31,1.20
2018.02.14 21:34:19.095,0.9295,0.92963,1.50,3.45
2018.02.14 21:34:20.046,0.92949,0.92962,1.63,3.08
2018.02.14 21:34:20.549,0.92951,0.92962,1.00,1.10
2018.02.14 21:34:26.220,0.92951,0.92962,1.00,1.20
2018.02.14 21:34:26.745,0.92951,0.92963,1.00,3.45
2018.02.14 21:34:30.110,0.92951,0.92963,1.31,3.26
2018.02.14 21:34:30.214,0.92949,0.92963,1.50,3.07
2018.02.14 21:34:30.525,0.92948,0.92961,1.12,1.50
2018.02.14 21:34:31.087,0.92949,0.92961,1.13,2.25
2018.02.14 21:34:31.564,0.9295,0.92962,1.44,2.70
2018.02.14 21:34:32.087,0.9295,0.92962,1.31,2.32
2018.02.14 21:34:32.836,0.9295,0.92962,1.31,2.32
2018.02.14 21:34:34.395,0.9295,0.92962,1.44,1.20
2018.02.14 21:34:35.039,0.9295,0.92962,1.25,1.20
2018.02.14 21:34:35.767,0.9295,0.92963,1.25,1.95
2018.02.14 21:34:42.969,0.92951,0.92963,1.00,1.58
2018.02.14 21:34:45.904,0.92951,0.92963,1.44,1.39
2018.02.14 21:34:46.410,0.92952,0.92964,1.31,2.89
2018.02.14 21:34:46.724,0.92955,0.92966,1.50,3.82
2018.02.14 21:34:52.263,0.92954,0.92965,1.12,1.50
2018.02.14 21:35:03.851,0.92954,0.92965,1.63,1.50
2018.02.14 21:35:04.405,0.92954,0.92965,1.00,1.50
2018.02.14 21:35:09.877,0.92954,0.92964,1.00,1.50
2018.02.14 21:35:10.705,0.92954,0.92965,1.31,1.50
2018.02.14 21:35:12.124,0.92954,0.92966,1.81,3.45
2018.02.14 21:35:12.640,0.92953,0.92966,3.94,3.45
2018.02.14 21:35:12.896,0.92953,0.92966,3.94,3.45
2018.02.14 21:35:19.049,0.92953,0.92966,3.94,3.37
2018.02.14 21:35:20.646,0.92955,0.92966,1.00,4.58
2018.02.14 21:35:23.804,0.92955,0.92966,1.63,3.45
2018.02.14 21:35:24.451,0.92955,0.92966,1.25,3.64
2018.02.14 21:35:27.592,0.92955,0.92966,1.63,3.45
2018.02.14 21:35:30.761,0.92955,0.92966,1.00,1.10
2018.02.14 21:35:49.883,0.92954,0.92966,1.50,3.45
2018.02.14 21:35:52.157,0.92956,0.92967,2.63,1.10
2018.02.14 21:35:52.673,0.92956,0.92967,1.13,1.85
2018.02.14 21:35:53.676,0.92955,0.92967,2.44,1.85
2018.02.14 21:35:56.209,0.92958,0.92968,1.25,1.07
2018.02.14 21:35:57.030,0.92958,0.92969,1.00,1.47
2018.02.14 21:35:59.317,0.92956,0.92968,1.25,2.89
2018.02.14 21:36:00.871,0.92957,0.92967,1.25,1.07
2018.02.14 21:36:01.373,0.92957,0.92968,1.25,1.95
2018.02.14 21:36:01.623,0.92955,0.92967,1.13,2.51
2018.02.14 21:36:02.218,0.92955,0.92967,1.13,4.01
2018.02.14 21:36:07.593,0.92954,0.92966,1.25,1.95
2018.02.14 21:36:08.122,0.92954,0.92966,1.44,2.70
2018.02.14 21:36:08.640,0.92955,0.92966,1.44,1.95
2018.02.14 21:36:10.867,0.92957,0.92967,1.44,1.57
2018.02.14 21:36:10.981,0.92957,0.92967,1.44,1.57
2018.02.14 21:36:11.238,0.92962,0.92971,1.00,2.32
2018.02.14 21:36:11.340,0.92962,0.92971,1.00,1.10
2018.02.14 21:36:11.392,0.92959,0.9297,1.12,1.50
2018.02.14 21:36:12.656,0.92959,0.9297,1.44,1.95
2018.02.14 21:36:17.753,0.92959,0.92971,1.81,2.32
2018.02.14 21:36:17.859,0.9296,0.92971,1.00,1.07
2018.02.14 21:36:18.068,0.92958,0.9297,1.19,3.07
2018.02.14 21:36:18.628,0.92959,0.9297,1.50,1.57
2018.02.14 21:36:19.152,0.92959,0.92971,1.13,4.39
2018.02.14 21:36:19.921,0.92959,0.92971,1.25,4.39
2018.02.14 21:36:20.025,0.92959,0.9297,1.25,1.10
2018.02.14 21:36:20.416,0.92959,0.9297,1.25,1.57
2018.02.14 21:36:22.798,0.92959,0.9297,1.25,1.07
2018.02.14 21:36:23.575,0.92959,0.92971,1.25,3.08
2018.02.14 21:36:23.903,0.92959,0.9297,1.13,1.57
2018.02.14 21:36:24.566,0.92959,0.9297,1.13,1.20
2018.02.14 21:36:26.269,0.92958,0.92969,1.44,1.57
2018.02.14 21:36:26.820,0.92958,0.92969,1.00,1.70
2018.02.14 21:36:27.327,0.92958,0.92969,1.00,1.57
2018.02.14 21:36:29.771,0.92957,0.92968,1.00,1.95
2018.02.14 21:36:30.908,0.92957,0.92968,1.19,1.07
2018.02.14 21:36:31.501,0.92957,0.92968,1.25,1.07
2018.02.14 21:36:32.094,0.92958,0.92968,1.00,1.07
2018.02.14 21:36:32.675,0.92958,0.92969,1.00,1.95
2018.02.14 21:36:33.177,0.92958,0.92968,1.00,1.07
2018.02.14 21:36:34.224,0.92958,0.92969,1.13,2.70
2018.02.14 21:36:34.996,0.92956,0.9297,1.25,1.95
2018.02.14 21:36:35.548,0.92956,0.9297,2.06,1.95
2018.02.14 21:36:35.601,0.92956,0.9297,1.88,1.95
2018.02.14 21:36:37.696,0.92958,0.92969,1.25,1.07
2018.02.14 21:36:41.129,0.92958,0.92969,1.44,1.07
2018.02.14 21:36:42.954,0.92958,0.9297,1.25,4.39
2018.02.14 21:36:43.476,0.92958,0.92969,1.00,1.70
2018.02.14 21:36:44.011,0.92958,0.9297,1.00,3.45
2018.02.14 21:36:44.576,0.92958,0.92969,1.00,1.45
2018.02.14 21:36:44.681,0.92958,0.9297,1.13,1.07
2018.02.14 21:36:44.734,0.92958,0.92971,1.38,3.83
2018.02.14 21:36:46.306,0.92958,0.92971,1.25,3.82
2018.02.14 21:36:46.896,0.92958,0.92971,1.38,3.64
2018.02.14 21:36:47.401,0.92958,0.92969,1.13,1.07
2018.02.14 21:36:55.258,0.92958,0.92969,1.13,1.57
2018.02.14 21:36:55.771,0.92956,0.92968,2.63,2.51
2018.02.14 21:36:55.824,0.92957,0.92968,1.44,1.07
2018.02.14 21:36:56.329,0.92958,0.92968,1.38,1.07
2018.02.14 21:36:59.859,0.92954,0.92967,1.13,1.07
2018.02.14 21:36:59.966,0.92957,0.92968,1.31,1.07
2018.02.14 21:37:00.333,0.92958,0.92969,1.56,1.07
2018.02.14 21:37:00.867,0.92959,0.92969,1.25,1.07
2018.02.14 21:37:05.469,0.92957,0.92969,1.25,1.95
2018.02.14 21:37:05.982,0.92956,0.92967,1.00,1.57
2018.02.14 21:37:06.460,0.92955,0.92966,1.13,1.07
2018.02.14 21:37:06.965,0.92953,0.92966,3.00,2.51
2018.02.14 21:37:07.750,0.92953,0.92966,2.06,1.45
2018.02.14 21:37:08.722,0.92953,0.92965,2.06,2.33
2018.02.14 21:37:09.261,0.92953,0.92965,2.06,1.95
2018.02.14 21:37:10.650,0.92953,0.92964,1.87,1.45
2018.02.14 21:37:10.703,0.9295,0.9296,1.12,1.57
2018.02.14 21:37:10.808,0.92947,0.92959,4.12,1.76
2018.02.14 21:37:11.172,0.92946,0.92958,1.25,1.20
2018.02.14 21:37:11.699,0.92945,0.92957,1.44,1.58
2018.02.14 21:37:12.320,0.92945,0.92957,1.13,1.20
2018.02.14 21:37:12.885,0.92945,0.92957,1.44,1.39
2018.02.14 21:37:13.828,0.92945,0.92957,1.38,1.00
2018.02.14 21:37:14.445,0.92944,0.92958,2.25,2.70
2018.02.14 21:37:15.114,0.92944,0.92958,3.00,4.57
2018.02.14 21:37:16.083,0.92944,0.92958,3.75,3.83
2018.02.14 21:37:17.273,0.92944,0.92957,2.25,1.39
2018.02.14 21:37:18.108,0.92944,0.92957,1.87,1.20
2018.02.14 21:37:18.657,0.92944,0.92958,1.50,4.39
2018.02.14 21:37:25.318,0.92946,0.92958,1.00,4.95
2018.02.14 21:37:26.660,0.92945,0.92957,1.13,1.39
2018.02.14 21:37:28.784,0.92943,0.92952,1.12,1.39
2018.02.14 21:37:28.890,0.92934,0.92946,1.69,2.14
2018.02.14 21:37:29.099,0.92934,0.92945,1.00,2.32
2018.02.14 21:37:29.912,0.92934,0.92945,2.06,1.57
2018.02.14 21:37:30.439,0.92934,0.92946,3.00,2.32
2018.02.14 21:37:30.541,0.92934,0.92946,1.88,2.70
2018.02.14 21:37:31.188,0.92934,0.92946,2.06,3.07
2018.02.14 21:37:34.064,0.92934,0.92946,3.00,1.57
2018.02.14 21:37:34.375,0.92938,0.92948,1.56,4.20
2018.02.14 21:37:34.481,0.9294,0.9295,1.63,1.20
2018.02.14 21:37:34.586,0.9294,0.92952,1.13,2.70
2018.02.14 21:37:35.089,0.9294,0.92952,1.63,2.32
2018.02.14 21:37:39.656,0.92941,0.92952,1.00,2.32
2018.02.14 21:37:39.916,0.92938,0.92951,2.25,1.39
2018.02.14 21:37:40.126,0.92938,0.92951,3.19,1.20
2018.02.14 21:37:44.832,0.92941,0.92952,1.19,3.82
2018.02.14 21:37:45.447,0.92941,0.92952,1.00,1.95
2018.02.14 21:37:45.986,0.9294,0.92952,1.88,1.20
2018.02.14 21:37:50.326,0.9294,0.92952,1.88,1.57
2018.02.14 21:37:50.432,0.92939,0.92951,1.00,1.95
2018.02.14 21:37:50.641,0.92938,0.9295,1.31,1.95
2018.02.14 21:37:50.990,0.92938,0.9295,2.06,2.70
2018.02.14 21:37:51.093,0.92938,0.9295,2.06,1.57
2018.02.14 21:37:51.599,0.92938,0.9295,2.63,1.20
2018.02.14 21:37:55.907,0.92939,0.92951,1.75,3.45
2018.02.14 21:37:56.480,0.9294,0.92952,1.50,1.95
2018.02.14 21:37:56.982,0.9294,0.92952,1.50,1.95
2018.02.14 21:37:59.518,0.9294,0.92952,1.63,3.07
2018.02.14 21:38:00.075,0.92939,0.92951,1.81,2.70
2018.02.14 21:38:00.645,0.92939,0.92951,1.94,1.95
2018.02.14 21:38:02.231,0.92939,0.92951,1.63,2.70
2018.02.14 21:38:02.779,0.92941,0.92952,1.81,1.57
2018.02.14 21:38:02.831,0.92941,0.92952,1.56,1.07
2018.02.14 21:38:04.382,0.92941,0.92952,1.63,1.07
2018.02.14 21:38:05.592,0.92941,0.92952,1.44,1.07
2018.02.14 21:38:09.145,0.92941,0.92952,1.50,1.57
2018.02.14 21:38:10.495,0.92941,0.92952,1.31,1.20
2018.02.14 21:38:11.033,0.9294,0.92952,1.44,2.14
2018.02.14 21:38:11.511,0.92939,0.92951,1.12,1.20
2018.02.14 21:38:12.039,0.92938,0.92951,1.31,2.32
2018.02.14 21:38:12.091,0.92938,0.92951,2.25,2.70
2018.02.14 21:38:12.400,0.92939,0.92951,1.88,1.20
2018.02.14 21:38:16.462,0.9294,0.92952,1.44,2.70
2018.02.14 21:38:16.979,0.9294,0.92952,2.44,2.32
2018.02.14 21:38:17.366,0.9294,0.92952,2.06,2.32
2018.02.14 21:38:18.159,0.9294,0.92952,2.25,2.32
2018.02.14 21:38:18.306,0.92942,0.92953,1.44,1.20
2018.02.14 21:38:18.821,0.9294,0.92953,2.81,3.45
2018.02.14 21:38:20.308,0.92942,0.92953,1.31,2.70
2018.02.14 21:38:20.362,0.92943,0.92953,1.50,1.10
2018.02.14 21:38:20.913,0.92943,0.92955,1.13,1.95
2018.02.14 21:38:21.019,0.92943,0.92955,1.13,3.07
2018.02.14 21:38:23.213,0.92941,0.92955,3.00,4.57
2018.02.14 21:38:23.266,0.92943,0.92955,1.19,3.07
2018.02.14 21:38:23.781,0.92941,0.92954,2.25,1.95
2018.02.14 21:38:24.863,0.92941,0.92954,1.31,1.95
2018.02.14 21:38:25.019,0.92939,0.92953,1.56,1.57
2018.02.14 21:38:25.327,0.92938,0.92951,1.62,2.32
2018.02.14 21:38:25.890,0.92939,0.92951,1.50,1.20
2018.02.14 21:38:26.435,0.92939,0.92951,1.81,1.20
2018.02.14 21:38:27.420,0.9294,0.92952,1.13,1.57
2018.02.14 21:38:27.530,0.92941,0.92954,1.81,3.07
2018.02.14 21:38:28.067,0.92943,0.92955,1.44,2.32
2018.02.14 21:38:28.659,0.92943,0.92955,1.69,1.57
2018.02.14 21:38:28.815,0.92944,0.92956,1.38,3.45
2018.02.14 21:38:29.391,0.92944,0.92955,1.63,1.07
2018.02.14 21:38:31.781,0.92944,0.92956,1.69,4.20
2018.02.14 21:38:33.926,0.92944,0.92955,1.13,1.57
2018.02.14 21:38:34.701,0.92944,0.92954,1.63,1.20
2018.02.14 21:38:35.920,0.92943,0.92954,1.31,2.70
2018.02.14 21:38:36.683,0.92943,0.92954,1.69,2.70
2018.02.14 21:38:37.266,0.92943,0.92954,1.69,1.07
2018.02.14 21:38:37.370,0.92944,0.92955,1.94,1.45
2018.02.14 21:38:37.593,0.92944,0.92956,2.44,1.95
2018.02.14 21:38:37.698,0.92946,0.92957,1.75,1.95
2018.02.14 21:38:37.751,0.92946,0.92958,2.63,1.57
2018.02.14 21:38:38.333,0.92946,0.92958,3.00,1.07
2018.02.14 21:38:41.559,0.92948,0.92958,1.50,1.07
2018.02.14 21:38:42.004,0.92951,0.92959,1.00,1.07
2018.02.14 21:38:42.112,0.9295,0.9296,2.25,1.10
2018.02.14 21:38:42.281,0.9295,0.92962,1.69,1.45
2018.02.14 21:38:42.695,0.9295,0.92963,2.06,3.07
2018.02.14 21:38:43.172,0.9295,0.92963,1.87,1.57
2018.02.14 21:38:43.714,0.92951,0.92963,1.12,2.70
2018.02.14 21:38:44.276,0.92951,0.92963,1.31,1.57
2018.02.14 21:38:44.934,0.92952,0.92963,1.00,1.20
2018.02.14 21:38:45.137,0.92952,0.92964,1.50,1.95
2018.02.14 21:38:45.240,0.92952,0.92964,1.12,1.07
2018.02.14 21:38:45.748,0.92951,0.92964,1.81,2.70
2018.02.14 21:38:45.800,0.92951,0.92964,1.75,3.07
2018.02.14 21:38:45.954,0.92953,0.92965,1.63,2.32
2018.02.14 21:38:46.679,0.92952,0.92965,1.31,3.82
2018.02.14 21:38:46.935,0.92952,0.92964,1.37,1.57
2018.02.14 21:38:47.830,0.92952,0.92965,1.37,3.07
2018.02.14 21:38:48.353,0.92952,0.92965,1.88,3.07
2018.02.14 21:38:48.730,0.92953,0.92966,1.63,2.32
2018.02.14 21:38:49.560,0.92954,0.92966,1.00,3.07
2018.02.14 21:38:50.155,0.92954,0.92965,1.00,1.45
2018.02.14 21:38:50.446,0.92951,0.92963,1.37,1.95
2018.02.14 21:38:50.593,0.9295,0.92963,1.37,4.20
2018.02.14 21:38:51.104,0.9295,0.92963,1.75,3.45
2018.02.14 21:38:51.625,0.9295,0.92963,2.25,2.32
2018.02.14 21:38:52.137,0.9295,0.92963,1.88,3.82
2018.02.14 21:38:52.825,0.9295,0.92962,1.69,1.45
2018.02.14 21:38:56.213,0.9295,0.92962,1.31,1.57
2018.02.14 21:38:56.820,0.9295,0.92962,1.31,1.45
2018.02.14 21:38:57.733,0.9295,0.92963,1.88,3.82
2018.02.14 21:38:58.042,0.92951,0.92963,1.63,2.70
2018.02.14 21:38:58.634,0.9295,0.92963,1.50,2.32
2018.02.14 21:38:59.149,0.92951,0.92963,1.88,3.82
2018.02.14 21:39:01.160,0.9295,0.92963,1.12,4.20
2018.02.14 21:39:01.693,0.9295,0.92962,1.12,2.70
2018.02.14 21:39:02.347,0.92951,0.92962,1.00,2.70
2018.02.14 21:39:02.400,0.9295,0.92962,2.63,1.95
2018.02.14 21:39:02.915,0.9295,0.92963,1.69,2.70
2018.02.14 21:39:03.646,0.9295,0.92963,2.81,2.70
2018.02.14 21:39:05.653,0.92951,0.92963,2.25,1.95
2018.02.14 21:39:06.241,0.92951,0.92963,1.88,1.07
2018.02.14 21:39:06.917,0.92952,0.92963,1.69,1.45
2018.02.14 21:39:07.627,0.92952,0.92964,1.44,2.32
2018.02.14 21:39:11.198,0.92952,0.92963,1.31,1.57
2018.02.14 21:39:11.911,0.92951,0.92963,2.25,2.32
2018.02.14 21:39:12.627,0.92951,0.92963,1.88,3.07
2018.02.14 21:39:13.506,0.92951,0.92963,2.19,1.20
2018.02.14 21:39:24.531,0.92951,0.92963,1.69,1.57
2018.02.14 21:39:24.843,0.9295,0.92962,1.37,1.57
2018.02.14 21:39:25.169,0.92952,0.92962,1.56,1.45
2018.02.14 21:39:25.220,0.92953,0.92964,1.38,1.95
2018.02.14 21:39:25.687,0.92952,0.92964,1.12,1.95
2018.02.14 21:39:26.205,0.92951,0.92963,2.00,2.70
2018.02.14 21:39:26.259,0.92951,0.92963,1.94,1.95
2018.02.14 21:39:26.459,0.92953,0.92964,1.69,1.07
2018.02.14 21:39:27.588,0.92954,0.92965,1.50,1.20
2018.02.14 21:39:30.098,0.92954,0.92965,1.56,1.45
2018.02.14 21:39:30.617,0.92954,0.92966,1.63,2.70
2018.02.14 21:39:32.267,0.92955,0.92965,1.56,1.07
2018.02.14 21:39:32.478,0.92955,0.92967,2.25,1.20
2018.02.14 21:39:32.710,0.92956,0.92967,3.19,1.07
2018.02.14 21:39:33.989,0.92956,0.92967,3.37,1.07
2018.02.14 21:39:34.138,0.92957,0.92967,1.00,1.45
2018.02.14 21:39:34.295,0.92957,0.92968,1.37,1.57
2018.02.14 21:39:35.220,0.92958,0.92968,1.56,1.07
2018.02.14 21:39:35.831,0.92959,0.92969,1.63,2.32
2018.02.14 21:39:36.576,0.92958,0.92968,1.56,1.45
2018.02.14 21:39:37.975,0.92958,0.92968,1.25,1.57
2018.02.14 21:39:38.603,0.92958,0.92968,1.44,1.45
2018.02.14 21:39:41.435,0.92958,0.92968,1.25,1.57
2018.02.14 21:39:42.168,0.92958,0.92968,1.44,1.57
2018.02.14 21:39:45.480,0.92956,0.92967,1.37,1.07
2018.02.14 21:39:45.533,0.92955,0.92967,1.50,1.07
2018.02.14 21:39:45.692,0.92956,0.92967,1.37,1.57
2018.02.14 21:39:50.088,0.92956,0.92967,1.44,1.57
2018.02.14 21:39:50.433,0.92956,0.92968,1.37,1.95
2018.02.14 21:39:52.132,0.92956,0.92968,1.50,1.95
2018.02.14 21:39:55.654,0.92956,0.92968,1.50,2.32
2018.02.14 21:39:55.862,0.92956,0.92967,1.50,1.07
2018.02.14 21:40:00.769,0.92956,0.92968,1.44,1.95
2018.02.14 21:40:01.274,0.92956,0.92967,1.44,1.45
2018.02.14 21:40:01.950,0.92956,0.92968,1.37,2.32
2018.02.14 21:40:05.882,0.92957,0.92969,1.50,1.95
2018.02.14 21:40:06.222,0.92962,0.92974,1.50,1.57
2018.02.14 21:40:08.098,0.92962,0.92974,1.87,3.07
2018.02.14 21:40:09.249,0.92962,0.92974,1.87,3.45
2018.02.14 21:40:10.454,0.92962,0.92974,1.69,3.45
2018.02.14 21:40:10.905,0.92961,0.92973,1.62,2.32
2018.02.14 21:40:11.433,0.92961,0.92973,1.62,2.32
2018.02.14 21:40:11.944,0.92961,0.92972,1.25,1.45
2018.02.14 21:40:12.449,0.92961,0.92973,1.44,2.32
2018.02.14 21:40:13.964,0.92962,0.92973,1.31,1.07
2018.02.14 21:40:14.277,0.92962,0.92974,1.50,1.57
2018.02.14 21:40:14.835,0.92962,0.92974,1.56,1.45
2018.02.14 21:40:15.930,0.92962,0.92974,1.62,4.20
2018.02.14 21:40:16.929,0.92961,0.92973,1.62,3.07
2018.02.14 21:40:19.405,0.92959,0.92972,2.06,2.32
2018.02.14 21:40:19.458,0.92957,0.92969,2.81,5.51
2018.02.14 21:40:19.510,0.92956,0.92967,1.00,1.10
2018.02.14 21:40:19.563,0.92955,0.92967,1.31,2.32
2018.02.14 21:40:20.069,0.92956,0.92967,1.25,2.32
2018.02.14 21:40:21.030,0.92955,0.92967,1.50,1.57
2018.02.14 21:40:23.322,0.92955,0.92967,1.50,1.20
2018.02.14 21:40:25.149,0.92955,0.92968,1.50,1.95
2018.02.14 21:40:28.345,0.92955,0.92968,1.12,3.45
2018.02.14 21:40:28.942,0.92956,0.92968,1.25,1.95
2018.02.14 21:40:30.111,0.92955,0.92967,1.31,1.57
2018.02.14 21:40:30.426,0.92956,0.92968,1.44,1.95
2018.02.14 21:40:30.981,0.92956,0.92968,1.25,1.95
2018.02.14 21:40:31.507,0.92956,0.92968,1.19,1.95
2018.02.14 21:40:32.168,0.92956,0.92968,1.25,1.95
2018.02.14 21:40:50.505,0.92956,0.92968,1.44,1.07
2018.02.14 21:40:53.463,0.92958,0.92968,1.00,1.07
2018.02.14 21:40:53.782,0.92958,0.92969,2.62,2.25
2018.02.14 21:40:54.116,0.92956,0.92968,1.25,1.57
2018.02.14 21:41:00.820,0.92956,0.92968,1.44,2.70
2018.02.14 21:41:01.408,0.92956,0.92968,1.12,2.70
2018.02.14 21:41:01.920,0.92956,0.92968,1.50,2.70
2018.02.14 21:41:02.476,0.92956,0.92968,1.50,2.70
2018.02.14 21:41:13.164,0.92956,0.92968,1.44,1.45
2018.02.14 21:41:13.848,0.92956,0.92968,1.12,1.45
2018.02.14 21:41:28.935,0.92956,0.92968,1.44,1.45
2018.02.14 21:41:29.125,0.92955,0.92967,1.00,1.57
2018.02.14 21:41:29.181,0.92953,0.92966,1.69,1.57
2018.02.14 21:41:31.310,0.92953,0.92966,1.31,2.14
2018.02.14 21:41:35.568,0.92953,0.92966,1.19,1.95
2018.02.14 21:41:36.347,0.92953,0.92966,1.00,1.95
2018.02.14 21:41:39.214,0.92952,0.92965,2.25,1.57
2018.02.14 21:41:47.196,0.92952,0.92965,2.25,1.57
2018.02.14 21:41:47.738,0.92952,0.92965,2.25,1.57
2018.02.14 21:41:48.263,0.92952,0.92965,2.25,1.57
2018.02.14 21:41:48.988,0.92952,0.92965,1.87,1.57
2018.02.14 21:41:57.777,0.92953,0.92965,1.00,1.10
2018.02.14 21:42:06.527,0.92953,0.92966,1.31,2.51
2018.02.14 21:42:07.535,0.92953,0.92966,1.31,2.51
2018.02.14 21:42:07.913,0.9295,0.92963,1.31,1.10
2018.02.14 21:42:07.965,0.9295,0.92963,1.12,1.57
2018.02.14 21:42:08.490,0.9295,0.92963,1.31,2.14
2018.02.14 21:42:10.124,0.92948,0.92961,2.06,1.95
2018.02.14 21:42:10.280,0.92949,0.9296,1.12,1.57
2018.02.14 21:42:11.451,0.92948,0.9296,2.06,1.07
2018.02.14 21:42:13.548,0.92947,0.9296,2.81,2.51
2018.02.14 21:42:13.954,0.92947,0.9296,2.81,2.89
2018.02.14 21:42:14.501,0.92947,0.9296,2.81,4.01
2018.02.14 21:42:15.516,0.92947,0.92959,1.19,1.57
2018.02.14 21:42:16.117,0.92947,0.92959,1.25,1.57
2018.02.14 21:42:24.464,0.92947,0.92959,1.00,1.39
2018.02.14 21:42:25.102,0.92947,0.92959,1.00,1.57
2018.02.14 21:42:28.941,0.92946,0.92959,1.25,4.39
2018.02.14 21:42:29.784,0.92945,0.92958,2.62,1.76
2018.02.14 21:42:30.092,0.92935,0.92943,4.12,1.00
2018.02.14 21:42:30.143,0.92937,0.92949,1.56,3.45
2018.02.14 21:42:30.653,0.92936,0.9295,1.72,3.07
2018.02.14 21:42:31.257,0.92935,0.92949,5.25,1.95
2018.02.14 21:42:32.577,0.92935,0.92949,5.25,2.70
2018.02.14 21:42:36.028,0.92935,0.92948,3.00,1.07
2018.02.14 21:42:42.461,0.92936,0.92948,1.87,1.10
2018.02.14 21:42:42.571,0.92938,0.9295,1.37,2.70
2018.02.14 21:42:42.919,0.92939,0.9295,1.25,1.10
2018.02.14 21:42:43.078,0.92939,0.92951,2.25,1.57
2018.02.14 21:42:43.525,0.92939,0.92951,2.62,1.20
2018.02.14 21:42:44.073,0.9294,0.92952,1.12,1.95
2018.02.14 21:42:44.602,0.9294,0.92951,1.12,1.07
2018.02.14 21:42:52.722,0.9294,0.92952,1.12,1.20
2018.02.14 21:42:53.336,0.9294,0.92953,1.12,4.20
2018.02.14 21:42:56.369,0.9294,0.92953,1.12,4.20
2018.02.14 21:42:57.078,0.9294,0.92951,1.12,1.07
2018.02.14 21:42:57.670,0.9294,0.92951,1.87,1.07
2018.02.14 21:42:58.194,0.9294,0.92951,1.87,1.07
2018.02.14 21:42:58.900,0.9294,0.92951,1.12,1.07
2018.02.14 21:42:59.859,0.9294,0.92951,1.12,1.07
2018.02.14 21:43:00.640,0.9294,0.92951,1.12,1.07
2018.02.14 21:43:01.248,0.9294,0.92951,1.12,1.07
2018.02.14 21:43:01.961,0.9294,0.92951,1.12,1.07
2018.02.14 21:43:02.508,0.9294,0.92951,1.12,1.07
2018.02.14 21:43:12.978,0.9294,0.92951,1.12,1.07
2018.02.14 21:43:13.597,0.92939,0.9295,1.37,1.07
2018.02.14 21:43:14.106,0.92938,0.9295,1.75,1.57
2018.02.14 21:43:14.828,0.92938,0.9295,1.12,1.57
2018.02.14 21:43:19.007,0.92938,0.9295,1.12,1.45
2018.02.14 21:43:24.438,0.92938,0.9295,1.87,1.57
2018.02.14 21:43:25.886,0.92938,0.9295,2.25,1.45
2018.02.14 21:43:26.390,0.92938,0.9295,2.25,1.20
2018.02.14 21:43:26.966,0.92938,0.92951,1.81,3.07
2018.02.14 21:43:30.979,0.92937,0.92951,2.44,3.82
2018.02.14 21:43:31.501,0.92936,0.92949,4.69,1.45
2018.02.14 21:43:32.037,0.92936,0.9295,3.56,1.95
2018.02.14 21:43:45.327,0.92936,0.9295,4.50,3.07
2018.02.14 21:43:54.318,0.92936,0.9295,4.87,1.95
2018.02.14 21:43:57.578,0.92938,0.9295,1.31,1.57
2018.02.14 21:44:15.413,0.92938,0.9295,2.00,1.07
2018.02.14 21:44:18.561,0.92938,0.9295,2.44,1.07
2018.02.14 21:44:22.013,0.92939,0.92951,2.81,1.57
2018.02.14 21:44:22.319,0.92939,0.92952,4.31,1.57
2018.02.14 21:44:23.046,0.9294,0.92953,1.69,1.07
2018.02.14 21:44:25.831,0.9294,0.92954,2.06,2.32
2018.02.14 21:44:26.416,0.9294,0.92954,2.06,2.32
2018.02.14 21:44:27.911,0.9294,0.92954,2.06,2.32
2018.02.14 21:44:30.060,0.92944,0.92954,1.19,1.00
2018.02.14 21:44:30.113,0.92944,0.92957,1.19,2.32
2018.02.14 21:44:30.657,0.92943,0.92957,3.56,1.20
2018.02.14 21:44:37.338,0.92944,0.92957,1.12,3.82
2018.02.14 21:44:51.363,0.92943,0.92956,1.31,2.32
2018.02.14 21:44:51.784,0.92942,0.92956,1.69,3.07
2018.02.14 21:44:52.378,0.92942,0.92956,1.87,3.07
2018.02.14 21:44:53.971,0.92942,0.92956,1.87,3.07
2018.02.14 21:44:56.386,0.92942,0.92956,1.87,3.07
2018.02.14 21:44:58.249,0.92942,0.92955,1.37,1.45
2018.02.14 21:45:02.300,0.92943,0.92956,1.00,1.95
2018.02.14 21:45:02.868,0.92943,0.92956,1.19,1.95
2018.02.14 21:45:04.465,0.92943,0.92956,1.19,2.70
2018.02.14 21:45:04.886,0.9294,0.92951,1.31,4.39
2018.02.14 21:45:06.331,0.92936,0.9295,6.22,1.57
2018.02.14 21:45:07.061,0.92936,0.9295,6.22,1.57
2018.02.14 21:45:08.934,0.92938,0.9295,1.00,1.57
2018.02.14 21:45:10.353,0.92936,0.9295,3.37,1.45
2018.02.14 21:45:11.397,0.92936,0.9295,2.62,1.45
2018.02.14 21:45:15.012,0.92937,0.9295,1.31,1.57
2018.02.14 21:45:16.030,0.92938,0.9295,1.00,1.57
2018.02.14 21:45:17.134,0.92938,0.9295,1.19,1.57
2018.02.14 21:45:17.698,0.92938,0.9295,1.00,1.57
2018.02.14 21:45:18.216,0.92936,0.9295,4.12,2.51
2018.02.14 21:45:20.488,0.92934,0.92945,1.56,1.57
2018.02.14 21:45:20.541,0.92933,0.92945,1.12,3.45
2018.02.14 21:45:20.593,0.92933,0.92944,1.25,2.32
2018.02.14 21:45:21.137,0.92932,0.92943,1.87,1.07
2018.02.14 21:45:21.682,0.92932,0.92943,1.87,1.07
2018.02.14 21:45:23.051,0.92932,0.92943,1.81,1.07
2018.02.14 21:45:23.561,0.92932,0.92943,2.00,1.07
2018.02.14 21:45:24.492,0.92933,0.92944,1.00,1.57
2018.02.14 21:45:25.225,0.92932,0.92944,2.00,1.57
2018.02.14 21:45:25.786,0.92932,0.92945,1.81,6.82
2018.02.14 21:45:27.236,0.92931,0.92944,1.56,3.07
2018.02.14 21:45:27.798,0.92931,0.92943,1.69,3.07
2018.02.14 21:45:28.299,0.92931,0.92942,1.19,1.45
2018.02.14 21:45:28.858,0.92931,0.92942,1.25,1.45
2018.02.14 21:45:34.327,0.92929,0.92942,1.81,1.95
2018.02.14 21:45:36.670,0.92929,0.92942,1.50,3.82
2018.02.14 21:45:36.776,0.92927,0.92941,1.69,1.10
2018.02.14 21:45:36.829,0.92928,0.92942,1.19,4.20
2018.02.14 21:45:37.175,0.92929,0.92942,1.31,1.07
2018.02.14 21:45:37.753,0.92929,0.92942,1.62,1.20
2018.02.14 21:45:47.774,0.9293,0.92943,2.00,3.82
2018.02.14 21:45:48.722,0.9293,0.92943,1.87,2.70
2018.02.14 21:45:49.279,0.92931,0.92943,1.12,1.20
2018.02.14 21:45:50.193,0.92932,0.92943,1.69,1.20
2018.02.14 21:45:50.455,0.92932,0.92946,2.44,3.82
2018.02.14 21:45:51.056,0.92932,0.92946,1.94,3.07
2018.02.14 21:45:51.885,0.9293,0.92944,1.69,1.07
2018.02.14 21:45:52.061,0.9293,0.92943,2.06,1.45
2018.02.14 21:45:52.589,0.9293,0.92942,2.06,1.45
2018.02.14 21:45:52.983,0.9293,0.92942,1.12,2.32
2018.02.14 21:45:53.497,0.92931,0.92942,1.00,3.07
2018.02.14 21:45:54.178,0.92929,0.92942,1.56,3.07
2018.02.14 21:45:58.032,0.92929,0.92941,1.50,1.45
2018.02.14 21:45:58.188,0.92929,0.92942,1.31,2.70
2018.02.14 21:45:59.083,0.92929,0.92942,1.31,1.95
2018.02.14 21:46:03.120,0.92931,0.92942,1.00,2.32
2018.02.14 21:46:14.110,0.9293,0.92942,1.69,2.70
2018.02.14 21:46:15.298,0.9293,0.92943,1.12,3.45
2018.02.14 21:46:19.134,0.9293,0.92943,1.44,3.45
2018.02.14 21:46:21.984,0.9293,0.92942,1.25,1.20
2018.02.14 21:46:22.331,0.92932,0.92945,2.06,1.45
2018.02.14 21:46:22.867,0.92934,0.92946,1.19,3.07
2018.02.14 21:46:23.447,0.92934,0.92946,1.19,2.32
2018.02.14 21:46:24.945,0.92933,0.92946,1.94,3.07
2018.02.14 21:46:25.465,0.92933,0.92946,2.00,2.32
2018.02.14 21:46:43.881,0.92934,0.92946,1.00,1.57
2018.02.14 21:46:44.418,0.92934,0.92946,1.19,1.45
2018.02.14 21:46:44.949,0.92932,0.92946,1.50,2.32
2018.02.14 21:46:45.761,0.92933,0.92946,1.31,2.32
2018.02.14 21:46:46.474,0.92933,0.92947,1.12,4.57
2018.02.14 21:46:47.080,0.92933,0.92946,1.31,1.45
2018.02.14 21:46:47.687,0.92934,0.92947,1.00,4.57
2018.02.14 21:46:48.798,0.92933,0.92946,1.31,2.32
2018.02.14 21:46:49.802,0.92933,0.92946,1.12,1.95
2018.02.14 21:46:50.382,0.92933,0.92946,1.31,2.32
2018.02.14 21:46:50.922,0.92934,0.92946,1.00,2.32
2018.02.14 21:46:51.702,0.92933,0.92946,1.31,2.32
2018.02.14 21:46:52.086,0.92931,0.92944,2.06,1.45
2018.02.14 21:46:52.141,0.9293,0.92943,1.69,2.32
2018.02.14 21:46:52.310,0.9293,0.92943,1.69,3.45
2018.02.14 21:46:57.552,0.92927,0.92941,2.62,1.20
2018.02.14 21:47:08.615,0.92923,0.92934,1.12,1.20
2018.02.14 21:47:08.682,0.92922,0.92932,1.00,1.00
2018.02.14 21:47:09.206,0.9292,0.92932,1.50,1.20
2018.02.14 21:47:10.125,0.9292,0.92932,1.00,1.20
2018.02.14 21:47:14.415,0.9292,0.92933,1.44,4.57
2018.02.14 21:47:16.580,0.9292,0.92932,1.87,1.95
2018.02.14 21:47:17.187,0.9292,0.92932,1.87,1.95
2018.02.14 21:47:18.007,0.9292,0.92932,1.87,1.95
2018.02.14 21:47:23.059,0.92919,0.92932,1.81,3.07
2018.02.14 21:47:44.109,0.9292,0.92932,1.00,3.07
2018.02.14 21:47:52.879,0.92919,0.92932,2.06,2.70
2018.02.14 21:47:58.336,0.92919,0.92932,1.50,3.07
2018.02.14 21:48:00.313,0.9292,0.92932,1.50,2.32
2018.02.14 21:48:00.419,0.9292,0.92935,3.94,1.95
2018.02.14 21:48:01.515,0.92921,0.92934,3.00,1.57
2018.02.14 21:48:02.066,0.92921,0.92934,3.00,1.57
2018.02.14 21:48:02.572,0.92921,0.92934,3.00,1.57
2018.02.14 21:48:03.284,0.92921,0.92934,2.62,1.57
2018.02.14 21:48:34.649,0.9292,0.92933,1.56,1.10
2018.02.14 21:48:35.373,0.9292,0.92933,1.62,1.10
2018.02.14 21:48:36.029,0.9292,0.92933,1.56,1.10
2018.02.14 21:48:36.641,0.9292,0.92933,1.69,1.10
2018.02.14 21:48:37.147,0.9292,0.92933,1.56,1.10
2018.02.14 21:48:37.744,0.9292,0.92933,1.56,1.10
2018.02.14 21:48:38.268,0.92923,0.92934,1.69,1.07
2018.02.14 21:48:38.321,0.92924,0.92936,1.87,1.95
2018.02.14 21:48:38.967,0.92924,0.92936,1.69,1.50
2018.02.14 21:48:44.695,0.92924,0.92937,1.69,1.57
2018.02.14 21:48:49.443,0.92924,0.92936,1.87,1.00
2018.02.14 21:48:57.005,0.92923,0.92936,1.31,1.00
2018.02.14 21:49:01.342,0.92923,0.92937,2.06,1.57
2018.02.14 21:49:10.373,0.92923,0.92936,1.87,1.00
2018.02.14 21:49:13.723,0.92923,0.92936,3.75,1.00
2018.02.14 21:49:14.280,0.92923,0.92937,6.19,1.57
2018.02.14 21:49:14.819,0.92924,0.92937,2.81,1.57
2018.02.14 21:49:15.354,0.92924,0.92937,2.81,1.57
2018.02.14 21:49:17.818,0.92924,0.92937,1.56,1.57
2018.02.14 21:49:19.427,0.92923,0.92937,3.19,1.57
2018.02.14 21:49:19.964,0.92923,0.92937,2.81,1.07
2018.02.14 21:49:32.239,0.92923,0.92937,2.81,1.10
2018.02.14 21:49:41.952,0.92926,0.92937,1.56,1.10
2018.02.14 21:49:42.005,0.92926,0.9294,1.56,2.32
2018.02.14 21:49:42.775,0.92926,0.9294,1.69,1.10
2018.02.14 21:49:46.262,0.92926,0.9294,1.87,1.00
2018.02.14 21:49:46.429,0.92926,0.9294,2.06,1.00
2018.02.14 21:49:47.950,0.92927,0.92941,2.81,1.10
2018.02.14 21:49:48.843,0.92929,0.92942,1.56,1.57
2018.02.14 21:49:49.393,0.92929,0.92942,1.62,1.57
2018.02.14 21:49:55.208,0.9293,0.92942,2.06,1.10
2018.02.14 21:49:55.804,0.92928,0.92942,3.19,1.57
2018.02.14 21:50:08.157,0.92929,0.92942,1.44,1.57
2018.02.14 21:50:12.873,0.92929,0.92942,1.19,1.57
2018.02.14 21:50:13.510,0.92929,0.92942,1.19,1.57
2018.02.14 21:50:20.003,0.92929,0.92943,1.44,1.95
2018.02.14 21:50:20.353,0.92926,0.9294,2.25,1.00
2018.02.14 21:50:21.042,0.92926,0.9294,2.06,1.95
2018.02.14 21:50:38.276,0.92926,0.9294,2.06,1.57
2018.02.14 21:50:39.275,0.92926,0.9294,2.06,1.57
2018.02.14 21:50:40.076,0.92926,0.9294,2.06,1.50
2018.02.14 21:50:40.672,0.92926,0.9294,2.06,1.57
2018.02.14 21:50:57.489,0.92925,0.92938,3.00,1.57
2018.02.14 21:50:57.594,0.92925,0.92937,1.12,1.20
2018.02.14 21:50:57.993,0.92923,0.92936,2.06,1.57
2018.02.14 21:50:59.036,0.92923,0.92935,1.50,1.00
2018.02.14 21:50:59.592,0.92923,0.92937,1.50,1.39
2018.02.14 21:51:00.368,0.92923,0.92937,1.50,1.39
2018.02.14 21:51:00.926,0.92923,0.92938,1.12,4.20
2018.02.14 21:51:02.675,0.92923,0.92937,1.50,1.39
2018.02.14 21:51:02.728,0.92925,0.92937,1.44,1.07
2018.02.14 21:51:03.072,0.92925,0.92939,1.69,1.07
2018.02.14 21:51:17.768,0.92924,0.92938,1.69,1.20
2018.02.14 21:51:21.276,0.92924,0.92938,1.69,1.07
2018.02.14 21:51:24.288,0.92924,0.92939,1.69,1.95
2018.02.14 21:51:28.869,0.92924,0.92938,1.00,1.10
2018.02.14 21:51:29.025,0.92923,0.92938,1.94,1.10
2018.02.14 21:51:29.420,0.92922,0.92937,4.12,1.07
2018.02.14 21:51:31.059,0.92922,0.92937,3.19,1.10
2018.02.14 21:51:32.941,0.92922,0.92937,1.69,1.07
2018.02.14 21:51:45.070,0.92923,0.92938,1.56,1.20
2018.02.14 21:51:45.608,0.92925,0.92939,1.62,2.14
2018.02.14 21:51:45.927,0.92929,0.92943,1.56,1.95
2018.02.14 21:52:08.069,0.92929,0.92943,1.12,1.57
2018.02.14 21:52:10.040,0.92929,0.92943,1.44,1.95
2018.02.14 21:52:13.419,0.92929,0.92943,1.12,2.89
2018.02.14 21:52:16.694,0.92928,0.92941,1.12,1.57
2018.02.14 21:52:18.595,0.92928,0.92941,1.00,2.32
2018.02.14 21:52:24.516,0.92923,0.92938,1.56,1.10
2018.02.14 21:52:24.621,0.92923,0.92937,1.37,1.76
2018.02.14 21:52:24.726,0.92923,0.92937,1.31,2.14
2018.02.14 21:52:30.647,0.92922,0.92936,1.37,1.07
2018.02.14 21:52:31.191,0.92922,0.92936,1.37,1.10
2018.02.14 21:52:42.047,0.92928,0.9294,1.00,1.57
2018.02.14 21:52:42.458,0.92929,0.92941,1.00,3.07
2018.02.14 21:52:47.263,0.92928,0.92941,1.44,1.45
2018.02.14 21:52:47.874,0.92929,0.92941,1.25,1.95
2018.02.14 21:52:51.801,0.92929,0.92941,1.25,1.45
2018.02.14 21:52:53.539,0.92929,0.92941,1.25,1.20
2018.02.14 21:52:53.869,0.9293,0.92942,2.06,2.70
2018.02.14 21:52:56.282,0.9293,0.92942,1.25,2.70
2018.02.14 21:52:56.786,0.9293,0.92942,1.44,2.70
2018.02.14 21:52:58.014,0.9293,0.92942,1.25,2.70
2018.02.14 21:52:58.914,0.92936,0.92943,1.50,1.20
2018.02.14 21:52:58.968,0.92936,0.92946,2.25,1.57
2018.02.14 21:52:59.078,0.92936,0.92949,3.37,1.45
2018.02.14 21:52:59.598,0.92938,0.9295,1.00,2.70
2018.02.14 21:53:04.365,0.92938,0.9295,1.00,1.95
2018.02.14 21:53:16.640,0.92937,0.9295,1.25,1.95
2018.02.14 21:53:26.741,0.92937,0.92951,1.44,4.39
2018.02.14 21:53:45.951,0.92936,0.9295,3.75,1.10
2018.02.14 21:53:46.055,0.92936,0.9295,2.06,1.20
2018.02.14 21:54:00.132,0.92936,0.92946,2.44,1.10
2018.02.14 21:54:00.187,0.92929,0.92943,1.31,1.10
2018.02.14 21:54:00.239,0.92928,0.92943,1.87,2.32
2018.02.14 21:54:05.779,0.92928,0.92942,1.81,1.95
2018.02.14 21:54:07.257,0.92925,0.9294,2.81,1.57
2018.02.14 21:54:07.828,0.92926,0.9294,1.42,1.50
2018.02.14 21:54:23.078,0.92926,0.92941,1.50,1.50
2018.02.14 21:54:23.183,0.92926,0.92941,1.69,1.10
2018.02.14 21:54:25.301,0.92926,0.92941,2.66,1.00
2018.02.14 21:54:26.251,0.92928,0.92943,1.50,1.95
2018.02.14 21:54:26.848,0.92928,0.92943,1.50,1.57
2018.02.14 21:54:28.447,0.92928,0.92943,1.69,1.57
2018.02.14 21:54:28.960,0.92928,0.92943,1.31,1.57
2018.02.14 21:54:31.635,0.92927,0.92942,3.94,1.00
2018.02.14 21:54:39.318,0.92927,0.92942,1.81,1.25
2018.02.14 21:54:54.327,0.92927,0.92942,2.00,1.25
2018.02.14 21:55:00.050,0.92927,0.92942,1.69,1.00
2018.02.14 21:55:00.366,0.92925,0.9294,3.00,1.95
2018.02.14 21:55:00.896,0.92925,0.9294,1.87,1.50
2018.02.14 21:55:01.276,0.92928,0.92942,1.44,1.57
2018.02.14 21:55:05.896,0.92928,0.92942,1.37,1.50
2018.02.14 21:55:06.504,0.92928,0.92942,1.37,1.50
2018.02.14 21:55:07.743,0.92928,0.92942,1.44,1.50
2018.02.14 21:55:08.423,0.92928,0.92943,1.44,1.57
2018.02.14 21:55:09.399,0.92928,0.92943,1.25,1.76
2018.02.14 21:55:10.225,0.92928,0.92942,1.00,1.69
2018.02.14 21:55:10.752,0.92927,0.92941,1.12,1.50
2018.02.14 21:55:21.240,0.92927,0.92942,1.12,1.76
2018.02.14 21:55:24.431,0.92927,0.92942,1.31,1.01
2018.02.14 21:55:24.483,0.92927,0.92942,1.31,1.01
2018.02.14 21:55:25.021,0.92927,0.92942,1.31,1.69
2018.02.14 21:55:28.196,0.92927,0.92942,1.12,1.76
2018.02.14 21:55:28.847,0.92927,0.92942,1.44,1.76
2018.02.14 21:55:33.507,0.92927,0.92942,2.25,1.50
2018.02.14 21:55:44.111,0.92923,0.92932,1.00,1.00
2018.02.14 21:55:44.165,0.92919,0.92931,2.62,1.00
2018.02.14 21:55:44.218,0.92916,0.9293,1.50,1.00
2018.02.14 21:55:44.273,0.92919,0.92929,1.00,1.00
2018.02.14 21:55:44.360,0.92917,0.92929,1.50,1.00
2018.02.14 21:55:44.416,0.92919,0.92932,1.00,1.00
2018.02.14 21:55:44.940,0.92919,0.92933,1.00,2.44
2018.02.14 21:55:45.758,0.92918,0.92932,1.00,1.50
2018.02.14 21:55:49.065,0.92919,0.92933,3.19,1.50
2018.02.14 21:55:49.117,0.92921,0.92933,1.00,1.50
2018.02.14 21:55:49.695,0.92921,0.92934,1.00,3.00
2018.02.14 21:55:57.635,0.9292,0.92934,1.25,2.25
2018.02.14 21:55:58.080,0.9292,0.92932,1.00,1.50
2018.02.14 21:56:00.371,0.9292,0.92936,1.00,1.50
2018.02.14 21:56:00.424,0.92918,0.92934,2.44,1.00
2018.02.14 21:56:00.790,0.92918,0.92932,2.44,1.00
2018.02.14 21:56:01.328,0.92918,0.92933,2.25,1.50
2018.02.14 21:56:02.027,0.92918,0.92933,2.25,1.50
2018.02.14 21:56:02.746,0.9292,0.92933,1.00,1.50
2018.02.14 21:56:04.930,0.9292,0.92932,1.00,1.00
2018.02.14 21:56:13.098,0.92919,0.92932,1.25,1.00
2018.02.14 21:56:14.544,0.92918,0.92932,1.31,1.00
2018.02.14 21:56:14.925,0.92918,0.92932,1.50,1.00
2018.02.14 21:56:15.030,0.9292,0.92934,1.44,1.50
2018.02.14 21:56:19.765,0.92919,0.92933,1.69,1.00
2018.02.14 21:56:20.306,0.92919,0.92933,1.25,1.50
2018.02.14 21:56:23.187,0.92918,0.92933,1.31,1.50
2018.02.14 21:56:27.950,0.92919,0.92933,2.44,1.00
2018.02.14 21:56:29.600,0.9292,0.92933,1.69,1.00
2018.02.14 21:56:30.151,0.9292,0.92934,1.31,1.00
2018.02.14 21:56:30.282,0.92922,0.92935,1.50,1.00
2018.02.14 21:56:30.610,0.92923,0.92938,1.37,1.00
2018.02.14 21:56:31.485,0.92923,0.92938,1.44,1.50
2018.02.14 21:56:32.045,0.92923,0.92938,1.44,1.50
2018.02.14 21:56:32.661,0.92923,0.92938,1.44,1.50
2018.02.14 21:56:33.009,0.92921,0.92935,1.25,1.50
2018.02.14 21:56:39.988,0.92919,0.92934,1.25,1.00
2018.02.14 21:56:53.792,0.92921,0.92935,1.00,1.50
2018.02.14 21:56:55.933,0.92919,0.92934,1.19,1.00
2018.02.14 21:56:56.629,0.92919,0.92934,1.25,1.00
2018.02.14 21:57:00.350,0.9292,0.92935,1.25,1.50
2018.02.14 21:57:01.679,0.92922,0.92935,1.25,1.00
2018.02.14 21:57:01.787,0.92923,0.92938,1.31,1.00
2018.02.14 21:57:02.290,0.92923,0.92938,2.44,1.00
2018.02.14 21:57:02.829,0.92923,0.92938,2.44,1.00
2018.02.14 21:57:03.356,0.92923,0.92937,1.69,1.00
2018.02.14 21:57:03.823,0.92927,0.92937,1.00,1.00
2018.02.14 21:57:03.880,0.92927,0.92942,1.25,1.00
2018.02.14 21:57:04.601,0.92927,0.92941,1.25,1.00
2018.02.14 21:57:05.129,0.92927,0.92942,1.25,1.00
2018.02.14 21:57:08.346,0.92927,0.92942,1.19,1.00
2018.02.14 21:57:08.888,0.92927,0.92942,1.25,1.00
2018.02.14 21:57:09.432,0.92928,0.92943,1.50,1.50
2018.02.14 21:57:29.612,0.92923,0.92935,1.87,1.50
2018.02.14 21:57:29.792,0.92926,0.92944,1.69,1.57
2018.02.14 21:57:29.846,0.92926,0.92941,1.69,1.00
2018.02.14 21:57:31.155,0.92927,0.92942,1.25,1.00
2018.02.14 21:57:31.816,0.92927,0.92943,1.69,1.00
2018.02.14 21:57:33.241,0.92927,0.92944,1.69,1.87
2018.02.14 21:57:33.795,0.92927,0.92943,1.69,1.00
2018.02.14 21:57:34.320,0.92928,0.92943,1.50,1.50
2018.02.14 21:57:38.454,0.92928,0.92943,1.69,1.50
2018.02.14 21:57:38.958,0.92928,0.92943,1.69,1.50
2018.02.14 21:57:39.510,0.92928,0.92943,1.69,1.50
2018.02.14 21:57:40.070,0.92928,0.92943,1.50,1.50
2018.02.14 21:57:43.083,0.92928,0.92943,1.25,1.87
2018.02.14 21:57:43.630,0.92928,0.92943,1.25,1.87
2018.02.14 21:57:48.137,0.92929,0.92943,1.00,1.69
2018.02.14 21:57:50.195,0.92929,0.92943,1.00,1.87
2018.02.14 21:57:50.703,0.92929,0.92943,1.00,1.69
2018.02.14 21:58:00.072,0.92927,0.92943,1.31,1.50
2018.02.14 21:58:00.404,0.92926,0.92935,1.50,1.00
2018.02.14 21:58:00.457,0.92922,0.92935,1.12,1.00
2018.02.14 21:58:00.510,0.92921,0.92937,1.00,1.25
2018.02.14 21:58:01.056,0.92921,0.92937,2.25,1.00
2018.02.14 21:58:05.442,0.92921,0.92938,1.87,1.44
2018.02.14 21:58:06.291,0.92921,0.92937,1.50,1.00
2018.02.14 21:58:06.814,0.92923,0.92938,1.12,1.00
2018.02.14 21:58:07.331,0.92924,0.92938,1.00,1.00
2018.02.14 21:58:07.890,0.92924,0.92939,2.06,1.00
2018.02.14 21:58:10.473,0.92923,0.92939,2.25,1.00
2018.02.14 21:58:10.987,0.92924,0.92939,1.00,1.00
2018.02.14 21:58:14.363,0.92923,0.92939,2.44,1.00
2018.02.14 21:58:14.872,0.92924,0.92939,1.00,1.00
2018.02.14 21:58:15.943,0.92924,0.92939,1.69,1.00
2018.02.14 21:58:16.457,0.92924,0.92939,1.69,1.00
2018.02.14 21:58:22.976,0.92921,0.92938,1.31,1.00
2018.02.14 21:58:28.854,0.92921,0.92934,1.50,1.00
2018.02.14 21:58:28.906,0.92921,0.92936,1.50,1.00
2018.02.14 21:58:30.437,0.92921,0.92937,1.50,1.25
2018.02.14 21:58:31.177,0.92921,0.92936,1.50,1.00
2018.02.14 21:58:45.443,0.92921,0.92936,1.12,1.00
2018.02.14 21:58:47.327,0.9292,0.92934,2.25,1.00
2018.02.14 21:58:49.593,0.9292,0.92936,2.25,1.00
2018.02.14 21:58:51.180,0.92918,0.92935,2.81,1.00
2018.02.14 21:58:51.495,0.92918,0.92934,2.06,1.87
2018.02.14 21:58:52.225,0.92918,0.92932,1.25,1.25
2018.02.14 21:58:59.563,0.92919,0.92932,1.87,1.00
2018.02.14 21:58:59.616,0.92919,0.92935,2.44,1.00
2018.02.14 21:59:00.121,0.92919,0.92934,1.00,1.00
2018.02.14 21:59:01.109,0.92922,0.92937,0.19,0.75
2018.02.14 21:59:01.212,0.92922,0.92939,0.19,0.75
2018.02.14 21:59:01.264,0.92922,0.92937,0.19,0.75
2018.02.14 21:59:01.724,0.92922,0.92939,0.19,0.75
2018.02.14 21:59:01.776,0.92922,0.92937,0.19,0.75
2018.02.14 21:59:02.457,0.92922,0.92938,0.19,0.75
2018.02.14 21:59:03.119,0.92922,0.92937,0.19,0.75
2018.02.14 21:59:03.777,0.92922,0.92938,0.19,0.75
2018.02.14 21:59:15.201,0.92922,0.92939,0.19,0.75
2018.02.14 21:59:25.618,0.92923,0.92939,0.37,0.75
2018.02.14 21:59:26.172,0.92923,0.9294,0.37,0.75
2018.02.14 21:59:28.941,0.92922,0.9294,0.56,0.75
2018.02.14 21:59:29.482,0.92922,0.92941,0.56,0.75
2018.02.14 21:59:30.149,0.92928,0.92945,0.94,0.75
2018.02.14 21:59:31.759,0.92928,0.92946,0.19,0.75
2018.02.14 21:59:33.016,0.92927,0.92946,0.75,0.75
2018.02.14 21:59:34.179,0.92927,0.92947,0.75,0.75
2018.02.14 21:59:34.772,0.92927,0.92946,0.75,0.75
2018.02.14 21:59:38.576,0.92927,0.92948,0.75,1.50
2018.02.14 21:59:39.094,0.92927,0.92947,0.75,0.75
2018.02.14 21:59:39.870,0.92927,0.92948,0.75,1.50
2018.02.14 21:59:40.384,0.92926,0.92947,1.69,0.75
2018.02.14 21:59:40.897,0.92927,0.92947,0.75,1.50
2018.02.14 21:59:44.050,0.92935,0.92947,0.75,1.50
2018.02.14 21:59:44.102,0.92929,0.92952,0.75,0.75
2018.02.14 21:59:44.157,0.92928,0.92949,0.75,0.75
2018.02.14 21:59:44.209,0.92924,0.9295,0.75,0.75
2018.02.14 21:59:44.673,0.92924,0.92947,0.75,0.75
2018.02.14 21:59:44.829,0.92921,0.92946,0.75,1.50
2018.02.14 21:59:45.353,0.9292,0.92945,0.75,0.75
2018.02.14 21:59:46.646,0.92921,0.92945,0.75,1.50
2018.02.14 21:59:49.209,0.92921,0.92943,0.75,0.75
2018.02.14 21:59:49.261,0.92921,0.92945,0.75,2.25
2018.02.14 21:59:50.004,0.92921,0.92944,0.75,0.75
2018.02.14 21:59:50.760,0.92921,0.92945,0.75,1.50
2018.02.14 21:59:50.954,0.92923,0.92948,0.75,1.50
2018.02.14 21:59:54.800,0.92921,0.92947,0.75,0.75
2018.02.14 21:59:55.338,0.92922,0.92948,0.75,1.50
2018.02.14 21:59:55.442,0.92922,0.92946,0.75,0.75
2018.02.14 21:59:55.968,0.92922,0.92947,0.75,0.75
2018.02.14 21:59:56.226,0.92924,0.9295,1.50,0.75
2018.02.14 21:59:56.278,0.92924,0.92948,0.75,0.75
2018.02.14 21:59:56.619,0.92925,0.92943,0.75,0.75
2018.02.14 21:59:59.064,0.92925,0.92948,0.75,0.75
2018.02.14 21:59:59.585,0.92925,0.92947,0.75,0.75
