2014.04.17 01:00:00.349,0.88053,0.88062,1.00,1.72
2014.04.17 01:00:01.480,0.88053,0.88062,1.00,1.72
2014.04.17 01:00:01.981,0.88053,0.88062,1.00,1.72
2014.04.17 01:00:02.491,0.88053,0.88062,1.00,1.72
2014.04.17 01:00:02.996,0.88053,0.88061,1.00,1.74
2014.04.17 01:00:13.905,0.88053,0.8806,1.00,2.14
2014.04.17 01:00:14.158,0.88048,0.88056,1.10,1.63
2014.04.17 01:00:14.209,0.88045,0.88056,2.52,1.63
2014.04.17 01:00:29.154,0.88048,0.88056,1.10,1.63
2014.04.17 01:00:29.660,0.88048,0.88052,1.10,1.00
2014.04.17 01:00:32.426,0.88048,0.88057,1.18,1.57
2014.04.17 01:00:32.477,0.88048,0.88057,1.18,1.32
2014.04.17 01:00:33.021,0.88048,0.88058,1.18,1.63
2014.04.17 01:00:33.691,0.88048,0.88058,1.84,1.38
2014.04.17 01:00:34.564,0.88048,0.88058,1.84,1.38
2014.04.17 01:00:34.767,0.88048,0.88058,1.84,1.00
2014.04.17 01:00:39.017,0.88048,0.88056,1.84,1.00
2014.04.17 01:00:41.747,0.88048,0.88056,1.02,1.00
2014.04.17 01:00:45.539,0.88048,0.88052,1.25,1.00
2014.04.17 01:00:51.422,0.88048,0.88055,1.18,1.38
2014.04.17 01:00:51.997,0.8805,0.88055,1.00,1.38
2014.04.17 01:00:57.157,0.88052,0.88058,1.00,1.57
2014.04.17 01:00:57.715,0.8805,0.88055,1.00,1.00
2014.04.17 01:01:00.191,0.88045,0.88057,7.09,1.57
2014.04.17 01:01:00.293,0.8805,0.88057,1.00,1.57
2014.04.17 01:01:13.349,0.8805,0.88058,1.00,1.67
2014.04.17 01:01:14.511,0.8805,0.88059,1.00,1.47
2014.04.17 01:01:16.277,0.8805,0.88059,1.00,1.47
2014.04.17 01:01:16.379,0.8805,0.88059,1.00,1.47
2014.04.17 01:01:17.845,0.8805,0.88059,1.00,1.39
2014.04.17 01:01:23.328,0.88052,0.88061,1.00,2.14
2014.04.17 01:01:33.494,0.88052,0.88061,1.00,2.22
2014.04.17 01:01:55.372,0.88052,0.88061,1.00,1.72
2014.04.17 01:01:55.889,0.88052,0.88061,1.00,1.72
2014.04.17 01:02:09.671,0.88052,0.88061,1.00,1.72
2014.04.17 01:02:10.757,0.88052,0.88061,1.00,1.72
2014.04.17 01:02:23.468,0.8805,0.88062,1.32,2.59
2014.04.17 01:02:24.078,0.8805,0.88062,1.32,2.59
2014.04.17 01:02:24.870,0.8805,0.88062,2.07,2.59
2014.04.17 01:02:25.496,0.8805,0.88062,2.07,2.22
2014.04.17 01:02:26.022,0.88051,0.88062,1.19,1.40
2014.04.17 01:02:28.940,0.8805,0.88062,2.07,2.59
2014.04.17 01:02:33.663,0.88051,0.88062,1.19,1.78
2014.04.17 01:02:36.668,0.8805,0.88062,2.44,2.22
2014.04.17 01:03:01.785,0.8805,0.88061,1.69,1.34
2014.04.17 01:03:06.235,0.8805,0.88062,2.44,2.22
2014.04.17 01:03:06.754,0.8805,0.88062,2.52,2.22
2014.04.17 01:03:14.141,0.88059,0.88067,1.57,2.55
2014.04.17 01:03:14.192,0.8806,0.88069,1.09,1.50
2014.04.17 01:03:14.294,0.8806,0.8807,2.22,1.32
2014.04.17 01:03:14.769,0.88059,0.88068,1.62,1.13
2014.04.17 01:03:15.023,0.88057,0.88068,2.97,1.48
2014.04.17 01:03:16.345,0.88057,0.88068,2.22,1.39
2014.04.17 01:03:16.858,0.88057,0.88068,2.97,1.39
2014.04.17 01:03:17.364,0.88057,0.88068,2.97,1.39
2014.04.17 01:03:23.637,0.88057,0.88068,2.22,2.14
2014.04.17 01:03:28.736,0.88058,0.88068,1.29,1.20
2014.04.17 01:03:34.785,0.88057,0.88068,2.59,1.39
2014.04.17 01:03:43.215,0.88057,0.88068,1.84,1.20
2014.04.17 01:03:46.289,0.8806,0.88068,1.00,1.00
2014.04.17 01:03:46.340,0.8806,0.88068,1.08,1.00
2014.04.17 01:03:46.593,0.8806,0.8807,2.59,1.13
2014.04.17 01:03:47.098,0.88063,0.88073,1.18,1.63
2014.04.17 01:03:47.757,0.88065,0.88075,1.00,2.22
2014.04.17 01:03:47.821,0.88065,0.88075,1.00,2.22
2014.04.17 01:03:55.810,0.88065,0.88075,1.33,1.39
2014.04.17 01:03:55.869,0.88065,0.88075,1.09,1.32
2014.04.17 01:03:56.376,0.88065,0.88075,1.02,1.02
2014.04.17 01:03:57.202,0.88066,0.88075,1.19,1.48
2014.04.17 01:03:57.457,0.88065,0.88075,1.02,1.39
2014.04.17 01:04:06.340,0.88065,0.88075,1.02,1.39
2014.04.17 01:04:07.770,0.88065,0.88075,1.09,1.63
2014.04.17 01:04:09.346,0.88065,0.88075,1.09,1.63
2014.04.17 01:04:13.442,0.88065,0.88075,1.02,5.14
2014.04.17 01:04:13.493,0.88065,0.88073,1.02,1.50
2014.04.17 01:04:13.595,0.88064,0.88072,1.00,2.15
2014.04.17 01:04:13.646,0.88063,0.88072,1.00,3.34
2014.04.17 01:04:13.697,0.88063,0.8807,1.00,1.84
2014.04.17 01:04:13.748,0.88058,0.88068,1.84,1.38
2014.04.17 01:04:14.272,0.8806,0.8807,1.00,2.22
2014.04.17 01:04:15.326,0.8806,0.8807,1.00,2.22
2014.04.17 01:04:19.816,0.8806,0.8807,1.00,1.55
2014.04.17 01:04:22.384,0.8806,0.8807,1.00,1.47
2014.04.17 01:04:22.955,0.8806,0.8807,1.33,1.20
2014.04.17 01:04:23.360,0.88063,0.88073,1.18,2.07
2014.04.17 01:04:23.613,0.88065,0.88075,1.00,2.22
2014.04.17 01:04:35.401,0.88065,0.88075,1.08,2.14
2014.04.17 01:04:35.604,0.88065,0.88075,1.15,2.07
2014.04.17 01:04:36.282,0.88065,0.88075,1.40,1.38
2014.04.17 01:04:40.861,0.88065,0.88075,1.40,1.13
2014.04.17 01:04:54.557,0.88068,0.88078,1.00,2.22
2014.04.17 01:04:54.912,0.88065,0.88075,1.84,1.00
2014.04.17 01:05:17.279,0.88065,0.88075,1.09,1.25
2014.04.17 01:05:55.178,0.88065,0.88077,1.37,1.74
2014.04.17 01:05:55.792,0.88065,0.88075,1.84,1.00
2014.04.17 01:05:58.921,0.88065,0.88075,1.84,1.38
2014.04.17 01:05:59.477,0.88065,0.88075,1.09,1.48
2014.04.17 01:06:00.011,0.88065,0.88075,1.09,1.38
2014.04.17 01:06:00.520,0.88065,0.88075,1.09,1.38
2014.04.17 01:06:02.507,0.88065,0.88075,1.09,1.39
2014.04.17 01:06:05.024,0.88065,0.88075,1.08,2.07
2014.04.17 01:06:05.928,0.88065,0.88075,1.09,1.39
2014.04.17 01:06:07.963,0.88065,0.88075,1.09,1.63
2014.04.17 01:06:10.782,0.88065,0.88075,1.02,1.39
2014.04.17 01:06:13.268,0.88065,0.88075,1.09,1.63
2014.04.17 01:06:14.028,0.88065,0.88075,1.02,1.39
2014.04.17 01:06:14.916,0.88065,0.88075,1.09,1.63
2014.04.17 01:06:16.011,0.88065,0.88075,1.09,1.39
2014.04.17 01:06:18.334,0.88065,0.88075,1.02,1.39
2014.04.17 01:06:18.856,0.88063,0.88073,1.37,1.13
2014.04.17 01:06:19.371,0.88063,0.88073,1.37,1.38
2014.04.17 01:06:23.478,0.88065,0.88075,1.00,1.74
2014.04.17 01:06:27.809,0.88065,0.88075,1.00,1.74
2014.04.17 01:06:32.506,0.88065,0.88074,1.00,1.67
2014.04.17 01:06:42.797,0.88065,0.88074,1.00,1.67
2014.04.17 01:06:48.484,0.88062,0.88073,1.09,2.07
2014.04.17 01:06:49.023,0.88062,0.88073,1.09,2.14
2014.04.17 01:06:50.408,0.88062,0.88073,1.09,2.07
2014.04.17 01:06:50.916,0.88062,0.88073,1.09,2.14
2014.04.17 01:06:53.053,0.88062,0.88073,1.40,2.07
2014.04.17 01:06:55.117,0.88062,0.88073,1.09,2.14
2014.04.17 01:06:55.639,0.88061,0.88071,1.19,1.55
2014.04.17 01:06:56.333,0.8806,0.88071,1.02,1.47
2014.04.17 01:06:56.944,0.8806,0.88071,1.02,1.47
2014.04.17 01:07:03.532,0.8806,0.88071,1.33,2.22
2014.04.17 01:07:04.207,0.8806,0.88071,1.02,1.74
2014.04.17 01:07:06.392,0.8806,0.88071,1.33,2.22
2014.04.17 01:07:07.179,0.8806,0.88071,1.02,2.22
2014.04.17 01:07:08.256,0.8806,0.88071,1.33,2.22
2014.04.17 01:07:09.557,0.8806,0.88071,1.09,2.14
2014.04.17 01:07:12.424,0.8806,0.88071,1.09,2.14
2014.04.17 01:07:12.936,0.8806,0.88071,1.40,2.07
2014.04.17 01:07:21.888,0.8806,0.88071,1.84,1.32
2014.04.17 01:07:26.304,0.8806,0.88071,1.77,1.47
2014.04.17 01:07:26.811,0.8806,0.88071,1.77,1.47
2014.04.17 01:07:30.917,0.8806,0.88071,2.22,1.39
2014.04.17 01:07:33.574,0.8806,0.88071,5.59,1.02
2014.04.17 01:07:33.677,0.88062,0.88073,2.22,1.10
2014.04.17 01:07:34.182,0.88065,0.88075,1.13,1.47
2014.04.17 01:07:34.689,0.88065,0.88074,1.13,1.29
2014.04.17 01:07:35.744,0.88065,0.88075,1.00,1.72
2014.04.17 01:07:37.956,0.88064,0.88074,1.13,1.74
2014.04.17 01:07:38.617,0.88064,0.88074,1.13,1.74
2014.04.17 01:07:40.154,0.88064,0.88074,1.20,1.67
2014.04.17 01:07:47.615,0.88064,0.88075,1.39,1.74
2014.04.17 01:07:48.121,0.88064,0.88075,2.14,1.18
2014.04.17 01:07:48.930,0.88065,0.88075,1.32,1.18
2014.04.17 01:08:00.930,0.88066,0.88075,1.19,1.18
2014.04.17 01:08:01.935,0.88065,0.88075,1.32,1.18
2014.04.17 01:08:04.488,0.88065,0.88075,1.32,1.55
2014.04.17 01:08:04.589,0.88064,0.88075,1.20,2.22
2014.04.17 01:08:05.139,0.88064,0.88075,2.14,1.47
2014.04.17 01:08:07.549,0.88065,0.88075,1.32,1.55
2014.04.17 01:08:08.136,0.88065,0.88075,1.32,2.03
2014.04.17 01:08:08.238,0.88064,0.88074,1.02,1.55
2014.04.17 01:08:08.464,0.88061,0.88072,1.64,1.18
2014.04.17 01:08:08.966,0.88062,0.88073,1.32,1.15
2014.04.17 01:08:09.269,0.88062,0.88072,1.13,1.72
2014.04.17 01:08:10.268,0.88062,0.88072,1.13,1.47
2014.04.17 01:08:10.458,0.88062,0.88072,1.13,1.72
2014.04.17 01:08:12.377,0.88062,0.88072,1.13,1.72
2014.04.17 01:08:12.548,0.88062,0.88071,1.13,1.74
2014.04.17 01:08:14.355,0.88062,0.88072,1.13,1.72
2014.04.17 01:08:14.944,0.88062,0.88072,1.13,1.72
2014.04.17 01:08:16.367,0.88062,0.88072,1.13,2.22
2014.04.17 01:08:19.882,0.8806,0.8807,1.58,1.39
2014.04.17 01:08:20.539,0.8806,0.88069,1.95,1.57
2014.04.17 01:08:23.019,0.8806,0.88068,1.20,1.57
2014.04.17 01:08:27.094,0.8806,0.88068,1.48,1.57
2014.04.17 01:08:43.958,0.8806,0.88068,1.58,1.57
2014.04.17 01:08:50.049,0.88057,0.88068,2.22,1.63
2014.04.17 01:08:52.987,0.88057,0.88068,2.97,1.38
2014.04.17 01:08:53.960,0.8806,0.8807,1.95,2.14
2014.04.17 01:08:59.116,0.8806,0.88067,1.13,2.07
2014.04.17 01:09:04.675,0.8806,0.88067,1.13,1.32
2014.04.17 01:09:05.239,0.8806,0.88069,1.13,1.74
2014.04.17 01:09:06.262,0.8806,0.88069,1.13,1.74
2014.04.17 01:09:08.106,0.8806,0.88068,1.13,1.39
2014.04.17 01:09:15.163,0.8806,0.8807,1.13,3.34
2014.04.17 01:09:15.696,0.8806,0.8807,1.13,3.34
2014.04.17 01:09:16.524,0.8806,0.8807,1.13,3.34
2014.04.17 01:09:17.028,0.8806,0.8807,1.13,1.74
2014.04.17 01:09:19.047,0.8806,0.88071,1.32,2.22
2014.04.17 01:09:20.572,0.8806,0.8807,1.13,1.74
2014.04.17 01:09:21.241,0.8806,0.8807,1.13,1.74
2014.04.17 01:09:22.189,0.88063,0.88071,1.08,1.33
2014.04.17 01:09:22.240,0.88063,0.88073,2.03,2.82
2014.04.17 01:09:22.292,0.88063,0.88073,2.22,1.00
2014.04.17 01:09:22.825,0.88065,0.88075,1.28,2.07
2014.04.17 01:09:27.705,0.88065,0.88075,1.47,1.63
2014.04.17 01:09:29.375,0.88065,0.88075,2.22,1.13
2014.04.17 01:09:45.755,0.88065,0.88075,1.47,1.63
2014.04.17 01:09:50.530,0.88065,0.88074,1.28,1.57
2014.04.17 01:09:50.834,0.88065,0.88074,1.00,1.74
2014.04.17 01:09:51.088,0.88063,0.88073,1.10,1.39
2014.04.17 01:09:52.134,0.88063,0.88073,1.00,1.84
2014.04.17 01:09:58.148,0.88063,0.88073,1.38,1.09
2014.04.17 01:09:58.682,0.88065,0.88074,1.13,1.34
2014.04.17 01:10:12.215,0.88065,0.88073,1.13,1.37
2014.04.17 01:10:14.956,0.88065,0.88073,1.13,1.34
2014.04.17 01:10:15.426,0.88065,0.88075,1.20,1.77
2014.04.17 01:10:15.932,0.88065,0.88075,1.20,1.02
2014.04.17 01:10:16.774,0.88065,0.88075,2.14,1.10
2014.04.17 01:10:18.791,0.88065,0.88075,1.39,1.02
2014.04.17 01:10:34.480,0.88065,0.88075,1.39,1.09
2014.04.17 01:10:35.246,0.88065,0.88075,1.32,1.40
2014.04.17 01:10:43.588,0.88065,0.88075,1.32,1.09
2014.04.17 01:11:28.643,0.88062,0.88075,1.72,1.37
2014.04.17 01:11:30.067,0.88064,0.88076,1.29,1.34
2014.04.17 01:11:41.108,0.88065,0.88077,1.32,1.34
2014.04.17 01:11:42.397,0.88064,0.88076,1.67,1.34
2014.04.17 01:11:43.573,0.88064,0.88076,1.57,1.19
2014.04.17 01:11:45.415,0.88065,0.88077,1.39,1.34
2014.04.17 01:11:51.348,0.88068,0.88077,1.00,1.34
2014.04.17 01:11:55.192,0.88065,0.88075,1.02,1.02
2014.04.17 01:12:24.909,0.88065,0.88075,1.10,1.77
2014.04.17 01:12:59.409,0.88064,0.88077,1.67,1.34
2014.04.17 01:13:00.340,0.88063,0.88076,2.22,1.34
2014.04.17 01:13:04.046,0.88065,0.88077,1.32,1.34
2014.04.17 01:13:09.420,0.88065,0.88077,1.19,1.34
2014.04.17 01:13:10.067,0.88064,0.88076,1.29,1.34
2014.04.17 01:13:18.096,0.88065,0.88076,1.02,1.84
2014.04.17 01:13:19.207,0.88065,0.88076,1.09,1.77
2014.04.17 01:13:19.713,0.88065,0.88076,1.84,1.10
2014.04.17 01:13:20.821,0.88066,0.88076,1.29,1.10
2014.04.17 01:13:27.442,0.88065,0.88076,1.84,1.02
2014.04.17 01:13:33.386,0.88066,0.88076,1.29,1.10
2014.04.17 01:13:39.382,0.88065,0.88076,1.84,1.02
2014.04.17 01:13:48.824,0.88066,0.88076,1.29,1.10
2014.04.17 01:13:51.455,0.88065,0.88076,2.22,1.02
2014.04.17 01:13:53.430,0.88066,0.88076,1.29,1.10
2014.04.17 01:13:56.482,0.88065,0.88076,2.22,1.02
2014.04.17 01:13:58.678,0.88067,0.88076,1.25,1.10
2014.04.17 01:13:59.858,0.88067,0.88076,1.19,1.10
2014.04.17 01:14:00.507,0.88066,0.88076,1.29,1.10
2014.04.17 01:14:02.471,0.88065,0.88076,2.22,1.02
2014.04.17 01:14:04.919,0.88067,0.88076,1.19,1.10
2014.04.17 01:14:05.929,0.88066,0.88076,1.29,1.10
2014.04.17 01:14:07.979,0.88066,0.88076,1.19,1.08
2014.04.17 01:14:08.518,0.88066,0.88076,1.29,1.10
2014.04.17 01:14:09.049,0.88065,0.88076,2.22,1.02
2014.04.17 01:14:10.550,0.88066,0.88076,1.29,1.10
2014.04.17 01:14:11.513,0.88067,0.88076,1.19,1.18
2014.04.17 01:14:12.372,0.88067,0.88079,1.19,2.59
2014.04.17 01:14:13.142,0.88066,0.88078,1.29,1.34
2014.04.17 01:14:14.564,0.88067,0.88079,1.19,2.97
2014.04.17 01:14:17.424,0.88067,0.88079,1.19,2.59
2014.04.17 01:14:17.966,0.88066,0.88078,1.19,1.34
2014.04.17 01:14:18.479,0.88066,0.88078,1.29,1.34
2014.04.17 01:14:19.011,0.88067,0.88079,1.19,2.59
2014.04.17 01:14:20.686,0.88067,0.88079,1.19,2.59
2014.04.17 01:14:21.878,0.88067,0.88079,1.19,2.59
2014.04.17 01:14:22.577,0.88066,0.88078,1.29,1.34
2014.04.17 01:14:25.214,0.88066,0.88078,1.19,1.34
2014.04.17 01:14:27.672,0.88066,0.88079,2.44,1.84
2014.04.17 01:14:29.130,0.88067,0.88079,1.19,2.59
2014.04.17 01:14:29.886,0.88065,0.88077,1.47,1.37
2014.04.17 01:14:36.992,0.88064,0.88079,1.74,2.97
2014.04.17 01:14:37.586,0.88064,0.88079,1.72,2.97
2014.04.17 01:14:38.725,0.88065,0.88077,1.39,1.34
2014.04.17 01:14:39.230,0.88065,0.88077,1.47,1.37
2014.04.17 01:14:40.929,0.88065,0.88077,1.39,1.34
2014.04.17 01:14:41.785,0.88066,0.88078,1.19,1.72
2014.04.17 01:14:45.118,0.88066,0.88078,1.29,1.72
2014.04.17 01:14:45.684,0.88066,0.88078,1.19,1.34
2014.04.17 01:14:47.301,0.88065,0.88077,1.39,1.72
2014.04.17 01:14:56.119,0.88065,0.88074,1.39,1.00
2014.04.17 01:14:57.305,0.88064,0.88074,1.74,1.00
2014.04.17 01:15:01.287,0.88064,0.88076,1.74,1.74
2014.04.17 01:15:02.325,0.88065,0.88077,1.39,1.72
2014.04.17 01:15:03.328,0.88064,0.88076,1.74,1.74
2014.04.17 01:15:07.755,0.88066,0.88079,1.25,2.59
2014.04.17 01:15:13.085,0.88065,0.88077,1.39,1.72
2014.04.17 01:15:13.238,0.88062,0.88076,2.22,1.34
2014.04.17 01:15:13.743,0.88062,0.88076,1.72,1.34
2014.04.17 01:15:26.244,0.88063,0.88076,1.55,1.28
2014.04.17 01:15:26.764,0.88063,0.88076,1.48,1.28
2014.04.17 01:15:27.280,0.88063,0.88076,1.55,1.28
2014.04.17 01:15:31.588,0.88063,0.88076,1.28,1.28
2014.04.17 01:15:32.433,0.88061,0.88076,2.03,1.28
2014.04.17 01:15:32.948,0.88061,0.88076,2.03,1.28
2014.04.17 01:15:35.691,0.88061,0.88076,2.40,1.15
2014.04.17 01:15:38.369,0.88061,0.88076,2.40,1.15
2014.04.17 01:15:39.100,0.88061,0.88076,4.65,1.15
2014.04.17 01:15:39.202,0.88062,0.88076,1.53,1.15
2014.04.17 01:15:39.253,0.88062,0.88076,1.90,1.10
2014.04.17 01:15:39.303,0.88068,0.88076,1.00,1.10
2014.04.17 01:15:41.747,0.88068,0.88076,1.00,1.18
2014.04.17 01:15:42.262,0.88068,0.88076,1.00,1.10
2014.04.17 01:15:43.078,0.88068,0.88076,1.00,1.08
2014.04.17 01:15:46.448,0.88068,0.88076,1.00,1.09
2014.04.17 01:15:46.950,0.88068,0.88076,1.00,1.09
2014.04.17 01:15:54.904,0.88065,0.88075,1.02,1.02
2014.04.17 01:15:55.480,0.88065,0.88075,1.09,1.25
2014.04.17 01:15:56.191,0.88065,0.88075,1.02,1.02
2014.04.17 01:16:01.700,0.88068,0.88076,1.00,1.84
2014.04.17 01:16:02.837,0.88065,0.88075,1.02,1.02
2014.04.17 01:16:09.214,0.88068,0.88076,1.00,1.84
2014.04.17 01:16:37.272,0.88068,0.88076,1.00,1.37
2014.04.17 01:17:03.076,0.88068,0.88076,1.00,1.29
2014.04.17 01:17:03.582,0.88068,0.88078,1.00,2.22
2014.04.17 01:17:09.219,0.88065,0.88077,2.97,1.47
2014.04.17 01:17:10.222,0.88065,0.88077,2.97,1.47
2014.04.17 01:17:12.119,0.88064,0.88076,1.47,1.37
2014.04.17 01:17:13.130,0.88065,0.88077,1.29,1.47
2014.04.17 01:17:15.133,0.88064,0.88076,1.37,1.37
2014.04.17 01:17:18.421,0.88064,0.88076,1.37,1.39
2014.04.17 01:17:18.994,0.88064,0.88076,1.37,1.37
2014.04.17 01:17:20.590,0.88064,0.88076,1.37,1.39
2014.04.17 01:17:21.303,0.88064,0.88076,1.37,1.37
2014.04.17 01:17:21.445,0.88064,0.88076,1.74,1.37
2014.04.17 01:17:21.547,0.88065,0.8808,2.97,2.59
2014.04.17 01:17:21.720,0.8807,0.88078,1.00,1.57
2014.04.17 01:17:21.922,0.88068,0.88078,1.00,2.22
2014.04.17 01:17:23.522,0.88068,0.88078,1.00,2.22
2014.04.17 01:17:24.518,0.88068,0.88077,1.00,1.37
2014.04.17 01:17:25.183,0.88068,0.88076,1.00,1.29
2014.04.17 01:17:44.249,0.88068,0.88077,1.00,1.37
2014.04.17 01:17:45.314,0.88068,0.88076,1.00,1.29
2014.04.17 01:17:47.687,0.88068,0.88077,1.00,1.37
2014.04.17 01:17:53.512,0.88068,0.88077,1.00,1.37
2014.04.17 01:17:57.925,0.88068,0.88078,3.08,1.08
2014.04.17 01:17:57.976,0.88068,0.88078,3.15,1.00
2014.04.17 01:17:58.493,0.8807,0.8808,1.18,2.07
2014.04.17 01:17:59.037,0.8807,0.8808,1.18,1.32
2014.04.17 01:18:01.627,0.88073,0.88081,1.00,1.67
2014.04.17 01:18:02.538,0.88073,0.8808,1.00,1.32
2014.04.17 01:18:07.733,0.88073,0.88081,1.00,1.67
2014.04.17 01:18:12.396,0.88073,0.88082,1.00,1.74
2014.04.17 01:18:16.544,0.88073,0.88082,1.00,1.72
2014.04.17 01:18:17.623,0.88073,0.8808,1.00,1.39
2014.04.17 01:18:21.427,0.88073,0.88081,1.00,1.74
2014.04.17 01:18:22.039,0.88073,0.8808,1.00,1.39
2014.04.17 01:18:22.653,0.88073,0.88082,1.00,1.74
2014.04.17 01:18:32.351,0.88073,0.88078,1.00,1.00
2014.04.17 01:18:41.564,0.88073,0.88081,1.00,2.14
2014.04.17 01:18:42.218,0.88073,0.88081,1.00,2.14
2014.04.17 01:18:43.992,0.88073,0.88082,1.00,2.22
2014.04.17 01:18:46.355,0.88073,0.88082,1.00,2.22
2014.04.17 01:18:46.861,0.88073,0.88082,1.00,2.22
2014.04.17 01:18:49.749,0.88073,0.88083,1.25,1.47
2014.04.17 01:18:50.300,0.88073,0.88083,1.25,1.40
2014.04.17 01:18:58.013,0.88073,0.88083,1.25,1.40
2014.04.17 01:18:59.627,0.88073,0.88083,1.00,2.59
2014.04.17 01:19:01.146,0.88073,0.88083,1.00,2.97
2014.04.17 01:19:01.670,0.88071,0.88083,1.29,2.22
2014.04.17 01:19:02.357,0.88071,0.88083,1.19,2.22
2014.04.17 01:19:02.998,0.8807,0.88082,1.27,1.72
2014.04.17 01:19:04.440,0.8807,0.88082,1.29,1.72
2014.04.17 01:19:06.699,0.88071,0.88083,1.19,2.22
2014.04.17 01:19:09.826,0.88071,0.88078,1.19,1.00
2014.04.17 01:19:10.945,0.88069,0.88078,1.84,1.00
2014.04.17 01:19:14.731,0.8807,0.88078,1.29,1.00
2014.04.17 01:19:16.436,0.8807,0.88081,1.39,1.70
2014.04.17 01:19:17.212,0.8807,0.88081,1.37,1.39
2014.04.17 01:19:17.735,0.8807,0.88081,1.29,1.47
2014.04.17 01:19:18.747,0.88071,0.88081,1.19,1.28
2014.04.17 01:19:19.476,0.88071,0.88081,1.29,1.20
2014.04.17 01:19:19.988,0.8807,0.88081,1.37,1.39
2014.04.17 01:19:23.304,0.8807,0.88081,1.29,1.47
2014.04.17 01:19:23.875,0.8807,0.88081,1.37,1.39
2014.04.17 01:19:24.922,0.8807,0.88081,1.37,1.39
2014.04.17 01:19:27.439,0.88069,0.88081,1.84,2.22
2014.04.17 01:19:29.424,0.8807,0.88081,1.29,1.47
2014.04.17 01:19:32.839,0.88069,0.88081,1.84,2.22
2014.04.17 01:19:37.775,0.88069,0.88081,1.84,2.22
2014.04.17 01:19:38.281,0.88069,0.88076,1.37,1.00
2014.04.17 01:19:39.980,0.88071,0.88076,1.00,1.00
2014.04.17 01:20:02.419,0.88071,0.8808,1.00,1.67
2014.04.17 01:20:36.318,0.8807,0.88078,1.02,1.00
2014.04.17 01:20:40.273,0.88072,0.88078,1.00,1.00
2014.04.17 01:20:41.541,0.88072,0.8808,1.00,1.39
2014.04.17 01:20:50.649,0.88072,0.8808,1.00,1.39
2014.04.17 01:21:40.264,0.88069,0.8808,1.19,1.32
2014.04.17 01:21:43.784,0.88069,0.88081,1.34,1.67
2014.04.17 01:22:00.060,0.88069,0.88081,1.37,2.22
2014.04.17 01:22:09.151,0.8807,0.88081,1.29,1.47
2014.04.17 01:22:13.266,0.88069,0.88081,1.37,2.22
2014.04.17 01:22:19.016,0.88069,0.88081,1.34,2.14
2014.04.17 01:22:21.974,0.88069,0.88081,1.37,2.22
2014.04.17 01:22:22.635,0.8807,0.88081,1.29,1.47
2014.04.17 01:22:24.161,0.88069,0.88081,1.37,2.22
2014.04.17 01:22:25.841,0.88069,0.88081,1.34,2.14
2014.04.17 01:22:32.973,0.88069,0.88081,1.34,2.14
2014.04.17 01:22:35.196,0.8807,0.88081,1.29,1.47
2014.04.17 01:22:47.109,0.8807,0.88081,1.29,1.47
2014.04.17 01:22:47.311,0.88068,0.88081,1.34,2.22
2014.04.17 01:22:47.867,0.88068,0.88081,1.34,2.14
2014.04.17 01:22:48.390,0.88068,0.8808,1.34,1.67
2014.04.17 01:22:52.401,0.88068,0.8808,1.34,1.67
2014.04.17 01:23:10.819,0.88068,0.8808,1.34,1.57
2014.04.17 01:23:11.325,0.88068,0.8808,1.34,1.67
2014.04.17 01:23:22.574,0.88072,0.8808,1.00,1.67
2014.04.17 01:23:55.648,0.88072,0.8808,1.00,1.74
2014.04.17 01:23:57.043,0.88072,0.88079,1.00,1.67
2014.04.17 01:23:58.743,0.88072,0.88081,1.00,1.74
2014.04.17 01:23:59.250,0.88072,0.88081,1.00,1.47
2014.04.17 01:24:02.633,0.88072,0.88082,1.00,1.72
2014.04.17 01:24:04.533,0.88072,0.88082,1.00,1.72
2014.04.17 01:24:06.391,0.88072,0.88082,1.00,1.47
2014.04.17 01:24:06.925,0.88072,0.88082,1.00,1.47
2014.04.17 01:24:08.414,0.88072,0.88082,1.10,1.67
2014.04.17 01:24:17.548,0.88072,0.88083,1.02,2.97
2014.04.17 01:24:18.449,0.88072,0.88082,1.10,1.39
2014.04.17 01:24:20.450,0.88072,0.88083,1.02,2.97
2014.04.17 01:24:20.965,0.88072,0.88083,1.02,2.97
2014.04.17 01:24:29.284,0.8807,0.88082,1.34,1.64
2014.04.17 01:24:32.083,0.88071,0.88083,1.29,2.22
2014.04.17 01:24:34.087,0.8807,0.88082,1.37,1.74
2014.04.17 01:24:36.095,0.88071,0.88083,1.29,2.22
2014.04.17 01:24:42.113,0.8807,0.88082,1.37,1.74
2014.04.17 01:25:40.280,0.8807,0.88082,1.29,1.72
2014.04.17 01:25:41.511,0.8807,0.88082,1.37,1.74
2014.04.17 01:25:49.611,0.8807,0.88082,1.37,1.74
2014.04.17 01:25:51.914,0.88069,0.88081,1.37,1.74
2014.04.17 01:25:57.773,0.88069,0.88081,1.47,1.29
2014.04.17 01:25:58.298,0.88069,0.88081,1.47,1.37
2014.04.17 01:25:59.115,0.8807,0.88082,1.29,1.47
2014.04.17 01:26:00.739,0.88069,0.88081,1.47,1.37
2014.04.17 01:26:09.308,0.88069,0.88081,1.34,1.39
2014.04.17 01:26:09.843,0.88069,0.88081,1.37,1.47
2014.04.17 01:26:10.651,0.88069,0.88081,1.34,1.39
2014.04.17 01:26:11.295,0.88069,0.88081,1.37,1.47
2014.04.17 01:26:16.312,0.88069,0.88081,1.37,1.47
2014.04.17 01:26:16.907,0.88069,0.88081,1.37,1.47
2014.04.17 01:26:17.419,0.8807,0.88082,1.37,1.74
2014.04.17 01:26:18.189,0.8807,0.88082,1.29,1.72
2014.04.17 01:26:18.889,0.88069,0.88081,1.37,1.47
2014.04.17 01:26:20.059,0.88069,0.88081,1.37,1.47
2014.04.17 01:26:20.868,0.88069,0.88081,1.37,1.47
2014.04.17 01:26:27.530,0.88068,0.8808,4.47,1.29
2014.04.17 01:26:32.393,0.88068,0.8808,4.47,1.19
2014.04.17 01:26:32.978,0.88068,0.88081,4.47,1.39
2014.04.17 01:26:33.527,0.88068,0.88081,4.47,1.74
2014.04.17 01:26:34.782,0.88068,0.88081,4.09,1.74
2014.04.17 01:26:41.171,0.88069,0.88081,1.34,1.67
2014.04.17 01:26:45.194,0.88069,0.88081,1.34,1.67
2014.04.17 01:26:46.886,0.88069,0.88081,1.37,1.74
2014.04.17 01:26:47.402,0.88069,0.88081,1.34,1.67
2014.04.17 01:26:47.996,0.88069,0.88081,1.37,1.74
2014.04.17 01:26:48.528,0.88069,0.88081,1.34,1.67
2014.04.17 01:26:50.801,0.88069,0.88081,1.34,1.67
2014.04.17 01:26:52.861,0.88069,0.88081,1.34,1.67
2014.04.17 01:26:53.864,0.88069,0.88081,1.34,1.67
2014.04.17 01:26:54.433,0.88068,0.88081,4.09,1.67
2014.04.17 01:26:55.625,0.8807,0.88082,1.37,1.74
2014.04.17 01:26:56.518,0.88069,0.88081,1.34,1.39
2014.04.17 01:26:59.247,0.88069,0.88081,1.37,1.74
2014.04.17 01:26:59.764,0.8807,0.88081,1.09,2.14
2014.04.17 01:27:02.740,0.8807,0.88081,1.47,1.02
2014.04.17 01:27:14.780,0.8807,0.88081,1.47,1.77
2014.04.17 01:27:15.468,0.8807,0.88081,2.97,1.02
2014.04.17 01:27:18.394,0.8807,0.88079,2.22,1.00
2014.04.17 01:27:29.251,0.88071,0.88079,1.32,1.00
2014.04.17 01:27:30.240,0.8807,0.88079,2.14,1.00
2014.04.17 01:27:31.032,0.88072,0.88079,1.19,1.00
2014.04.17 01:27:32.143,0.88071,0.88079,1.32,1.00
2014.04.17 01:27:34.276,0.8807,0.88079,2.14,1.00
2014.04.17 01:27:37.257,0.88071,0.88079,1.32,1.00
2014.04.17 01:27:37.822,0.88072,0.88079,1.19,1.00
2014.04.17 01:27:40.286,0.88071,0.88079,1.32,1.00
2014.04.17 01:27:44.299,0.8807,0.88079,2.14,1.00
2014.04.17 01:27:45.314,0.88071,0.88079,1.32,1.00
2014.04.17 01:27:47.290,0.8807,0.88079,2.14,1.00
2014.04.17 01:27:49.316,0.88071,0.88079,1.32,1.00
2014.04.17 01:27:54.364,0.8807,0.88079,2.14,1.00
2014.04.17 01:27:58.330,0.88071,0.88079,1.32,1.00
2014.04.17 01:28:08.353,0.8807,0.88079,2.14,1.00
2014.04.17 01:28:18.707,0.8807,0.88082,1.39,2.59
2014.04.17 01:28:21.485,0.8807,0.88082,1.47,2.59
2014.04.17 01:28:22.227,0.8807,0.88082,1.39,2.59
2014.04.17 01:28:28.524,0.88069,0.88081,1.74,1.37
2014.04.17 01:28:31.474,0.8807,0.88082,1.29,2.97
2014.04.17 01:28:44.524,0.88069,0.88081,1.74,1.37
2014.04.17 01:28:58.524,0.8807,0.88082,1.29,2.97
2014.04.17 01:28:59.530,0.88069,0.88081,1.47,1.37
2014.04.17 01:29:00.139,0.88069,0.88081,1.47,1.29
2014.04.17 01:29:00.675,0.88069,0.88081,1.47,1.37
2014.04.17 01:29:04.284,0.88069,0.88081,1.47,1.39
2014.04.17 01:29:04.825,0.88069,0.88081,1.47,1.47
2014.04.17 01:29:06.401,0.88069,0.88081,1.37,1.74
2014.04.17 01:29:06.909,0.88069,0.88081,1.37,2.97
2014.04.17 01:29:09.571,0.8807,0.88081,1.29,2.22
2014.04.17 01:29:12.237,0.8807,0.88081,1.29,2.22
2014.04.17 01:29:14.280,0.88069,0.88081,1.84,2.97
2014.04.17 01:29:18.541,0.88069,0.88081,1.84,2.97
2014.04.17 01:29:19.515,0.8807,0.88081,1.29,2.22
2014.04.17 01:29:20.503,0.88069,0.88081,1.84,2.97
2014.04.17 01:29:23.731,0.88069,0.88081,1.84,2.97
2014.04.17 01:29:26.357,0.8807,0.88081,1.29,2.03
2014.04.17 01:29:37.555,0.88069,0.88081,1.37,2.97
2014.04.17 01:29:40.777,0.88069,0.88081,1.37,2.97
2014.04.17 01:29:41.432,0.88069,0.88081,1.37,2.97
2014.04.17 01:29:45.134,0.88069,0.88081,1.37,2.97
2014.04.17 01:29:51.131,0.88069,0.88081,1.37,1.74
2014.04.17 01:29:51.556,0.88068,0.88082,1.53,2.03
2014.04.17 01:29:53.068,0.88068,0.88082,1.53,2.03
2014.04.17 01:29:54.040,0.88068,0.88082,1.28,2.03
2014.04.17 01:30:00.310,0.88068,0.88082,1.53,2.03
2014.04.17 01:30:03.133,0.88068,0.88082,1.53,2.03
2014.04.17 01:30:04.017,0.88068,0.88082,1.53,2.03
2014.04.17 01:30:04.773,0.88068,0.88082,1.53,2.03
2014.04.17 01:30:05.345,0.88068,0.88082,1.53,2.03
2014.04.17 01:30:08.013,0.8807,0.88081,1.02,2.22
2014.04.17 01:30:20.706,0.8807,0.88081,1.02,2.22
2014.04.17 01:30:21.218,0.8807,0.88081,1.77,1.28
2014.04.17 01:30:21.912,0.88071,0.88081,1.19,1.28
2014.04.17 01:30:23.241,0.8807,0.88081,1.77,1.47
2014.04.17 01:30:25.250,0.8807,0.88081,1.02,2.22
2014.04.17 01:30:27.230,0.8807,0.88081,1.77,1.47
2014.04.17 01:30:30.252,0.8807,0.88081,1.02,2.22
2014.04.17 01:30:33.090,0.8807,0.88081,1.33,3.72
2014.04.17 01:30:33.731,0.8807,0.88081,1.02,3.72
2014.04.17 01:30:45.412,0.8807,0.88081,1.09,3.64
2014.04.17 01:30:48.319,0.8807,0.88081,1.02,3.72
2014.04.17 01:30:50.677,0.8807,0.88081,1.09,3.64
2014.04.17 01:30:51.226,0.8807,0.88081,1.02,3.72
2014.04.17 01:30:54.439,0.8807,0.88081,1.77,2.97
2014.04.17 01:30:56.455,0.8807,0.88081,1.02,3.72
2014.04.17 01:31:00.460,0.8807,0.88081,1.77,2.97
2014.04.17 01:31:03.489,0.8807,0.88081,1.02,3.72
2014.04.17 01:31:12.061,0.88069,0.88081,1.47,2.89
2014.04.17 01:31:13.068,0.88069,0.88081,1.47,2.89
2014.04.17 01:31:17.824,0.88069,0.88081,1.47,2.97
2014.04.17 01:31:18.622,0.88069,0.88081,1.47,2.97
2014.04.17 01:31:22.994,0.88069,0.88081,1.37,2.97
2014.04.17 01:31:23.248,0.88069,0.88081,1.34,1.64
2014.04.17 01:31:23.349,0.88069,0.88081,2.22,1.47
2014.04.17 01:31:42.825,0.88069,0.88081,2.14,1.47
2014.04.17 01:31:50.843,0.88069,0.88081,1.32,1.47
2014.04.17 01:31:51.630,0.88069,0.88081,1.39,1.47
2014.04.17 01:31:53.668,0.88069,0.88081,2.14,1.34
2014.04.17 01:31:54.184,0.88072,0.88082,1.00,1.65
2014.04.17 01:31:57.666,0.88072,0.88079,1.00,1.08
2014.04.17 01:31:58.178,0.88072,0.88079,1.25,1.00
2014.04.17 01:32:08.961,0.88072,0.88082,1.69,1.40
2014.04.17 01:32:09.934,0.88072,0.88082,1.69,1.15
2014.04.17 01:32:13.913,0.88072,0.88082,1.69,1.40
2014.04.17 01:32:39.490,0.88072,0.88082,2.07,1.09
2014.04.17 01:32:39.998,0.88072,0.88082,2.44,1.15
2014.04.17 01:32:40.499,0.88072,0.88082,2.44,1.18
2014.04.17 01:32:41.007,0.88072,0.88082,2.44,1.15
2014.04.17 01:32:44.663,0.88072,0.88082,1.69,1.40
2014.04.17 01:32:56.382,0.88072,0.88082,1.00,1.84
2014.04.17 01:32:57.028,0.88072,0.88082,1.00,1.84
2014.04.17 01:33:01.766,0.88072,0.88082,1.69,1.15
2014.04.17 01:33:02.847,0.88072,0.88082,1.25,1.40
2014.04.17 01:33:03.483,0.88072,0.88082,1.25,2.22
2014.04.17 01:33:04.004,0.8807,0.88079,1.32,1.18
2014.04.17 01:33:04.773,0.8807,0.88079,1.32,1.18
2014.04.17 01:33:05.321,0.8807,0.88079,1.25,1.18
2014.04.17 01:33:05.852,0.8807,0.88079,1.25,1.18
2014.04.17 01:33:06.802,0.88069,0.88079,1.25,1.09
2014.04.17 01:33:08.794,0.88069,0.88079,1.69,1.18
2014.04.17 01:33:09.887,0.88069,0.88079,1.25,1.09
2014.04.17 01:33:15.226,0.88069,0.88079,1.69,1.65
2014.04.17 01:33:21.884,0.88069,0.88078,1.25,1.10
2014.04.17 01:33:32.932,0.88069,0.88078,1.69,1.10
2014.04.17 01:33:36.272,0.88069,0.88079,1.69,1.93
2014.04.17 01:33:36.577,0.88067,0.88076,2.44,2.03
2014.04.17 01:33:36.679,0.88065,0.88074,2.44,1.55
2014.04.17 01:33:37.671,0.88065,0.88074,1.00,1.55
2014.04.17 01:33:38.843,0.88065,0.88074,1.00,1.78
2014.04.17 01:33:40.671,0.88064,0.88074,1.32,1.78
2014.04.17 01:33:43.351,0.88064,0.88074,1.32,1.47
2014.04.17 01:33:43.901,0.88064,0.88074,1.32,1.47
2014.04.17 01:33:45.872,0.88064,0.88074,1.32,1.47
2014.04.17 01:33:46.691,0.88064,0.88074,2.07,1.28
2014.04.17 01:33:48.736,0.88064,0.88074,1.25,1.47
2014.04.17 01:33:49.746,0.88064,0.88074,1.47,1.32
2014.04.17 01:33:50.101,0.88067,0.88076,1.00,1.47
2014.04.17 01:33:58.661,0.88067,0.88076,1.00,1.47
2014.04.17 01:33:59.338,0.88067,0.88076,1.00,1.47
2014.04.17 01:34:05.596,0.88067,0.88076,1.00,1.47
2014.04.17 01:34:06.260,0.88067,0.88076,1.00,1.47
2014.04.17 01:34:08.473,0.88064,0.88074,1.63,1.47
2014.04.17 01:34:12.013,0.88064,0.88074,1.32,1.47
2014.04.17 01:34:14.368,0.88064,0.88074,2.07,1.28
2014.04.17 01:34:14.627,0.88067,0.88076,1.00,3.72
2014.04.17 01:34:31.281,0.88067,0.88076,1.00,1.34
2014.04.17 01:34:31.818,0.88067,0.88076,1.00,1.34
2014.04.17 01:34:33.814,0.88067,0.88075,1.00,1.37
2014.04.17 01:34:34.331,0.88067,0.88075,1.00,1.34
2014.04.17 01:34:35.758,0.88067,0.88075,1.00,1.37
2014.04.17 01:34:36.440,0.88067,0.88075,1.00,1.34
2014.04.17 01:34:44.923,0.88067,0.88075,1.00,1.34
2014.04.17 01:34:45.515,0.88067,0.88075,1.00,1.34
2014.04.17 01:34:53.545,0.88067,0.88075,1.00,1.34
2014.04.17 01:34:54.097,0.88067,0.88075,1.00,1.34
2014.04.17 01:34:56.961,0.88067,0.88076,1.00,2.97
2014.04.17 01:34:58.349,0.88067,0.88075,1.00,1.34
2014.04.17 01:35:00.609,0.88067,0.88075,1.00,1.34
2014.04.17 01:35:10.876,0.88065,0.88074,1.00,2.22
2014.04.17 01:35:15.774,0.88065,0.88074,1.00,3.34
2014.04.17 01:35:16.294,0.88065,0.88074,1.00,3.34
2014.04.17 01:35:16.973,0.88065,0.88074,1.00,1.37
2014.04.17 01:35:17.479,0.88065,0.88074,1.00,2.97
2014.04.17 01:35:17.580,0.88063,0.88073,1.32,1.47
2014.04.17 01:35:18.035,0.88065,0.88073,1.00,1.09
2014.04.17 01:35:21.322,0.88065,0.88074,1.00,2.07
2014.04.17 01:35:21.425,0.88062,0.88068,1.32,1.00
2014.04.17 01:35:21.578,0.88063,0.88073,1.39,1.02
2014.04.17 01:35:22.272,0.88063,0.88073,1.39,1.02
2014.04.17 01:35:23.095,0.88063,0.88073,1.63,1.09
2014.04.17 01:35:26.179,0.88063,0.88073,1.25,2.59
2014.04.17 01:35:26.230,0.88063,0.88069,1.25,1.00
2014.04.17 01:35:26.383,0.8806,0.88069,2.82,1.18
2014.04.17 01:35:26.847,0.88059,0.88068,1.63,1.65
2014.04.17 01:35:29.042,0.88058,0.88068,1.63,1.84
2014.04.17 01:35:32.167,0.88058,0.88067,1.25,1.18
2014.04.17 01:35:57.046,0.88058,0.88067,1.00,1.09
2014.04.17 01:35:57.568,0.88058,0.88067,1.00,1.09
2014.04.17 01:35:58.088,0.88058,0.88067,1.00,1.40
2014.04.17 01:36:00.452,0.88058,0.88067,1.00,1.40
2014.04.17 01:36:01.287,0.88056,0.88067,1.39,2.59
2014.04.17 01:36:09.585,0.88056,0.88067,1.63,2.59
2014.04.17 01:36:10.091,0.88056,0.88067,1.39,2.59
2014.04.17 01:36:10.810,0.88056,0.88067,1.39,2.59
2014.04.17 01:36:11.316,0.88056,0.88067,1.32,2.59
2014.04.17 01:36:23.948,0.88056,0.88067,2.82,1.84
2014.04.17 01:36:32.487,0.88056,0.88066,2.07,1.09
2014.04.17 01:36:51.292,0.88056,0.88066,1.25,1.47
2014.04.17 01:37:07.590,0.88055,0.88066,1.74,1.39
2014.04.17 01:37:07.641,0.88057,0.88066,1.19,1.20
2014.04.17 01:37:07.965,0.8806,0.88066,1.00,1.20
2014.04.17 01:37:08.554,0.8806,0.88066,1.00,1.20
2014.04.17 01:37:09.287,0.8806,0.88066,1.00,1.20
2014.04.17 01:37:16.963,0.8806,0.88066,1.00,1.18
2014.04.17 01:37:17.490,0.8806,0.88067,1.00,1.84
2014.04.17 01:37:18.013,0.8806,0.88067,1.00,1.84
2014.04.17 01:37:18.527,0.8806,0.88067,1.00,1.84
2014.04.17 01:37:23.359,0.8806,0.88067,1.00,1.84
2014.04.17 01:37:23.888,0.8806,0.88067,1.00,1.47
2014.04.17 01:37:24.473,0.8806,0.88067,1.00,1.84
2014.04.17 01:37:25.010,0.8806,0.88067,1.00,1.84
2014.04.17 01:37:33.424,0.8806,0.88067,1.00,2.59
2014.04.17 01:37:33.942,0.8806,0.88066,1.00,1.84
2014.04.17 01:37:33.993,0.88055,0.88065,1.29,1.58
2014.04.17 01:37:34.678,0.88055,0.88062,1.29,1.20
2014.04.17 01:37:34.729,0.88054,0.88062,1.00,1.28
2014.04.17 01:37:34.881,0.88052,0.88062,2.07,3.53
2014.04.17 01:37:35.134,0.88052,0.8806,2.07,1.95
2014.04.17 01:37:39.535,0.88052,0.88062,1.38,2.97
2014.04.17 01:37:41.616,0.88052,0.88062,1.63,1.84
2014.04.17 01:37:42.147,0.88054,0.88062,1.88,1.18
2014.04.17 01:37:43.271,0.88051,0.88062,1.77,2.59
2014.04.17 01:37:44.662,0.88051,0.88062,1.32,3.34
2014.04.17 01:37:49.640,0.88051,0.88062,1.25,4.09
2014.04.17 01:38:26.313,0.88051,0.8806,1.00,1.09
2014.04.17 01:38:30.805,0.88048,0.88057,1.39,1.00
2014.04.17 01:38:34.678,0.88049,0.88057,1.19,1.00
2014.04.17 01:38:37.729,0.88048,0.88057,1.29,1.00
2014.04.17 01:38:51.471,0.88049,0.88057,1.77,1.00
2014.04.17 01:38:52.441,0.88049,0.88057,1.77,1.00
2014.04.17 01:38:54.451,0.88049,0.88057,1.77,1.00
2014.04.17 01:38:55.473,0.88049,0.88057,1.02,1.00
2014.04.17 01:39:08.026,0.88049,0.88057,1.29,1.00
2014.04.17 01:39:09.318,0.88048,0.88057,1.77,1.00
2014.04.17 01:39:30.920,0.88048,0.88059,1.84,1.39
2014.04.17 01:39:43.081,0.88048,0.88057,1.39,1.00
2014.04.17 01:39:43.589,0.88046,0.88057,1.47,1.32
2014.04.17 01:39:50.190,0.88047,0.88057,1.02,1.33
2014.04.17 01:39:50.697,0.88047,0.88057,1.02,1.02
2014.04.17 01:39:51.202,0.88047,0.88058,1.25,2.97
2014.04.17 01:39:51.558,0.88045,0.88056,1.37,2.52
2014.04.17 01:39:51.811,0.88044,0.88054,1.77,1.20
2014.04.17 01:39:51.862,0.88044,0.88051,1.02,1.00
2014.04.17 01:39:52.609,0.88044,0.88054,1.77,1.20
2014.04.17 01:39:53.157,0.88044,0.88054,2.52,1.20
2014.04.17 01:39:56.595,0.88048,0.88057,1.00,2.97
2014.04.17 01:39:57.101,0.88048,0.88057,1.00,1.74
2014.04.17 01:40:11.505,0.88048,0.88057,1.00,2.97
2014.04.17 01:40:14.424,0.88048,0.88057,1.00,2.97
2014.04.17 01:40:43.076,0.88046,0.88057,1.69,1.47
2014.04.17 01:40:47.658,0.88047,0.88057,1.19,1.28
2014.04.17 01:40:48.669,0.88046,0.88057,1.69,1.47
2014.04.17 01:40:50.805,0.88047,0.88057,1.19,1.28
2014.04.17 01:40:52.793,0.88046,0.88057,1.69,1.47
2014.04.17 01:40:58.036,0.88046,0.88057,1.69,1.32
2014.04.17 01:41:03.432,0.88047,0.88057,1.19,1.13
2014.04.17 01:41:10.444,0.88046,0.88057,1.69,1.32
2014.04.17 01:41:12.348,0.88046,0.88057,1.69,1.63
2014.04.17 01:41:12.702,0.88046,0.88057,1.69,1.70
2014.04.17 01:41:13.227,0.88046,0.88057,1.25,2.22
2014.04.17 01:41:18.998,0.88046,0.88056,1.00,1.47
2014.04.17 01:41:29.175,0.88046,0.88057,1.25,2.22
2014.04.17 01:41:30.275,0.88046,0.88056,1.00,1.47
2014.04.17 01:41:31.265,0.88046,0.88056,1.00,1.47
2014.04.17 01:41:32.223,0.88046,0.88057,1.25,1.78
2014.04.17 01:41:33.296,0.88046,0.88057,1.69,1.78
2014.04.17 01:41:40.369,0.88046,0.88057,1.77,1.47
2014.04.17 01:42:04.831,0.88045,0.88057,4.47,1.47
2014.04.17 01:42:05.378,0.88045,0.88057,4.39,1.47
2014.04.17 01:42:08.578,0.88045,0.88057,5.22,1.47
2014.04.17 01:42:09.113,0.88046,0.88058,1.19,4.47
2014.04.17 01:42:10.749,0.88047,0.88058,1.19,3.72
2014.04.17 01:42:11.644,0.88047,0.88058,1.19,3.72
2014.04.17 01:42:12.194,0.88046,0.88058,1.29,4.47
2014.04.17 01:42:14.505,0.88046,0.88058,1.19,4.47
2014.04.17 01:42:15.055,0.88046,0.88058,1.29,4.47
2014.04.17 01:42:15.641,0.88046,0.88058,1.19,4.47
2014.04.17 01:42:18.734,0.88046,0.88058,1.19,4.47
2014.04.17 01:42:19.703,0.88046,0.88058,1.19,4.47
2014.04.17 01:42:22.797,0.88047,0.88058,1.19,3.34
2014.04.17 01:42:34.965,0.88046,0.88058,1.19,4.47
2014.04.17 01:42:40.053,0.88046,0.88058,1.19,2.97
2014.04.17 01:42:43.339,0.88046,0.88058,1.19,2.97
2014.04.17 01:42:43.927,0.88046,0.88058,1.19,3.72
2014.04.17 01:42:44.434,0.88046,0.88057,1.19,1.78
2014.04.17 01:42:48.375,0.88046,0.88057,1.19,1.47
2014.04.17 01:42:51.032,0.88045,0.88057,5.07,2.22
2014.04.17 01:42:52.162,0.88045,0.88057,5.07,2.22
2014.04.17 01:42:53.287,0.88046,0.88057,1.19,1.78
2014.04.17 01:42:55.287,0.88045,0.88055,4.13,1.34
2014.04.17 01:42:56.896,0.88047,0.88055,1.00,1.34
2014.04.17 01:42:57.222,0.88049,0.88055,1.00,1.40
2014.04.17 01:43:00.371,0.88045,0.88056,3.94,2.59
2014.04.17 01:43:02.210,0.88045,0.88055,3.00,2.59
2014.04.17 01:43:02.918,0.88045,0.88056,3.19,1.34
2014.04.17 01:43:08.088,0.88045,0.88055,3.19,1.40
2014.04.17 01:43:08.699,0.88045,0.88055,3.19,1.40
2014.04.17 01:43:12.725,0.88045,0.88055,3.19,1.40
2014.04.17 01:43:13.499,0.88045,0.88056,3.19,1.34
2014.04.17 01:43:14.159,0.88045,0.88056,3.19,1.34
2014.04.17 01:43:14.791,0.88045,0.88056,3.19,1.34
2014.04.17 01:43:16.748,0.88045,0.88056,3.19,2.59
2014.04.17 01:43:21.952,0.88045,0.88056,2.82,1.34
2014.04.17 01:43:22.004,0.88045,0.88056,3.57,1.34
2014.04.17 01:43:22.562,0.88045,0.88051,1.50,1.65
2014.04.17 01:43:22.664,0.88041,0.8805,1.02,1.58
2014.04.17 01:43:22.716,0.88041,0.8805,1.10,1.58
2014.04.17 01:43:23.245,0.88039,0.8805,2.07,1.15
2014.04.17 01:43:23.754,0.88039,0.8805,1.32,1.15
2014.04.17 01:43:24.357,0.88039,0.8805,1.32,1.84
2014.04.17 01:43:26.035,0.88039,0.8805,1.32,1.84
2014.04.17 01:43:26.575,0.88039,0.8805,1.32,1.84
2014.04.17 01:43:27.702,0.88039,0.8805,2.07,1.84
2014.04.17 01:43:27.905,0.88039,0.8805,2.07,1.84
2014.04.17 01:43:28.413,0.88039,0.8805,2.82,1.40
2014.04.17 01:43:28.972,0.8804,0.8805,1.63,1.40
2014.04.17 01:43:36.485,0.8804,0.8805,1.38,1.84
2014.04.17 01:43:36.687,0.88041,0.8805,1.38,1.34
2014.04.17 01:43:40.295,0.8804,0.8805,1.38,1.84
2014.04.17 01:43:43.035,0.88039,0.8805,2.07,1.84
2014.04.17 01:43:43.542,0.88039,0.8805,2.07,1.84
2014.04.17 01:43:45.308,0.8804,0.8805,1.32,1.15
2014.04.17 01:43:48.123,0.8804,0.8805,1.57,1.15
2014.04.17 01:43:48.664,0.8804,0.8805,2.44,1.15
2014.04.17 01:43:57.952,0.88042,0.88051,1.13,1.34
2014.04.17 01:43:58.408,0.88039,0.8805,2.07,1.40
2014.04.17 01:44:08.779,0.8804,0.8805,1.19,1.15
2014.04.17 01:44:09.283,0.8804,0.8805,1.19,1.15
2014.04.17 01:44:12.715,0.8804,0.8805,1.32,1.40
2014.04.17 01:44:13.264,0.8804,0.8805,2.07,1.15
2014.04.17 01:44:17.808,0.88039,0.8805,2.82,1.40
2014.04.17 01:44:23.221,0.8804,0.8805,1.19,1.15
2014.04.17 01:44:30.300,0.88039,0.88047,1.32,1.00
2014.04.17 01:44:39.506,0.8804,0.88047,1.19,1.00
2014.04.17 01:44:40.537,0.8804,0.88047,1.25,1.00
2014.04.17 01:44:45.525,0.8804,0.88047,1.19,1.00
2014.04.17 01:44:46.515,0.88039,0.88047,1.69,1.00
2014.04.17 01:45:00.767,0.88037,0.88047,1.47,1.00
2014.04.17 01:45:00.818,0.88037,0.88047,1.25,1.15
2014.04.17 01:45:01.324,0.88035,0.88044,1.63,1.10
2014.04.17 01:45:01.830,0.88035,0.88044,1.63,1.18
2014.04.17 01:45:10.794,0.88035,0.88044,1.25,1.18
2014.04.17 01:45:11.309,0.88035,0.88044,1.19,1.18
2014.04.17 01:45:11.916,0.88035,0.88044,1.25,1.18
2014.04.17 01:45:12.954,0.88035,0.88044,1.69,1.18
2014.04.17 01:45:21.145,0.88035,0.88044,1.25,1.18
2014.04.17 01:45:23.947,0.88035,0.88044,1.69,1.18
2014.04.17 01:45:29.305,0.88035,0.88044,1.32,1.18
2014.04.17 01:45:30.970,0.88035,0.88044,2.07,1.18
2014.04.17 01:45:31.491,0.88035,0.88044,1.69,1.15
2014.04.17 01:45:39.522,0.88035,0.88044,1.25,1.15
2014.04.17 01:46:01.134,0.88032,0.88042,1.39,1.77
2014.04.17 01:46:01.438,0.88031,0.88039,1.47,1.00
2014.04.17 01:46:58.294,0.88032,0.88039,1.57,1.00
2014.04.17 01:47:01.237,0.88033,0.88043,1.57,2.03
2014.04.17 01:47:01.747,0.88033,0.88044,1.57,2.22
2014.04.17 01:47:25.398,0.88032,0.88044,2.22,2.59
2014.04.17 01:47:31.446,0.88033,0.88043,1.39,1.58
2014.04.17 01:47:31.598,0.88033,0.88042,1.19,1.18
2014.04.17 01:47:31.699,0.88031,0.88043,2.22,2.22
2014.04.17 01:47:33.877,0.88031,0.88043,1.29,2.59
2014.04.17 01:47:34.414,0.88031,0.88043,1.37,2.59
2014.04.17 01:47:35.822,0.88031,0.88042,1.29,3.34
2014.04.17 01:47:39.866,0.8803,0.88041,1.47,2.14
2014.04.17 01:47:42.072,0.8803,0.88041,1.47,2.07
2014.04.17 01:47:43.027,0.8803,0.88041,1.47,2.14
2014.04.17 01:47:44.027,0.8803,0.88041,1.47,2.07
2014.04.17 01:47:59.613,0.88031,0.88042,1.37,2.52
2014.04.17 01:48:01.416,0.8803,0.88042,1.47,3.64
2014.04.17 01:48:02.413,0.88031,0.88042,1.37,2.89
2014.04.17 01:48:03.387,0.8803,0.88042,1.47,3.64
2014.04.17 01:48:08.048,0.88031,0.88042,1.37,3.27
2014.04.17 01:48:17.132,0.88031,0.88042,1.39,2.97
2014.04.17 01:48:17.638,0.88031,0.88042,1.47,2.89
2014.04.17 01:48:18.449,0.8803,0.88042,1.72,3.64
2014.04.17 01:48:19.454,0.88031,0.88042,1.47,2.89
2014.04.17 01:48:36.528,0.8803,0.88042,1.47,2.52
2014.04.17 01:48:37.534,0.88031,0.88042,1.37,1.77
2014.04.17 01:48:53.750,0.88031,0.88042,1.39,2.14
2014.04.17 01:48:55.719,0.88031,0.88042,1.37,2.14
2014.04.17 01:49:02.019,0.88031,0.88042,1.29,2.22
2014.04.17 01:49:02.553,0.88031,0.88043,1.74,2.59
2014.04.17 01:49:10.517,0.88031,0.88042,1.37,2.89
2014.04.17 01:49:17.527,0.8803,0.88042,1.47,2.52
2014.04.17 01:49:22.325,0.88031,0.88042,1.34,2.44
2014.04.17 01:49:24.306,0.88031,0.88041,1.34,1.00
2014.04.17 01:49:38.190,0.88032,0.88041,1.74,1.00
2014.04.17 01:49:47.337,0.88033,0.88039,1.67,1.00
2014.04.17 01:49:48.280,0.88033,0.8804,1.67,1.00
2014.04.17 01:49:49.270,0.88032,0.88039,1.74,1.00
2014.04.17 01:50:05.291,0.88032,0.88039,1.67,1.00
2014.04.17 01:50:09.390,0.88033,0.88044,1.57,1.84
2014.04.17 01:50:09.491,0.88033,0.88039,2.07,1.00
2014.04.17 01:50:13.616,0.88033,0.88045,2.07,5.67
2014.04.17 01:50:17.293,0.88033,0.88039,1.57,1.00
2014.04.17 01:50:35.761,0.88032,0.88039,1.57,1.00
2014.04.17 01:50:39.507,0.88032,0.88039,1.57,1.00
2014.04.17 01:50:49.281,0.88032,0.88044,1.57,2.59
2014.04.17 01:50:59.404,0.88033,0.88043,1.57,2.03
2014.04.17 01:50:59.939,0.88033,0.88043,1.57,2.03
2014.04.17 01:51:11.463,0.88033,0.88044,1.25,2.97
2014.04.17 01:51:11.666,0.88033,0.88044,1.63,1.72
2014.04.17 01:51:11.868,0.88033,0.88043,1.32,2.22
2014.04.17 01:51:12.561,0.88033,0.88043,1.63,2.22
2014.04.17 01:51:13.728,0.88033,0.88043,2.07,2.03
2014.04.17 01:51:14.697,0.88033,0.8804,2.07,1.00
2014.04.17 01:51:15.212,0.88032,0.8804,2.14,1.00
2014.04.17 01:51:19.682,0.88032,0.88039,2.14,1.00
2014.04.17 01:51:24.503,0.88032,0.88039,1.57,1.00
2014.04.17 01:51:31.272,0.88032,0.88039,1.57,1.00
2014.04.17 01:51:39.100,0.88032,0.88039,1.39,1.00
2014.04.17 01:51:39.626,0.88034,0.88039,1.25,1.00
2014.04.17 01:51:40.927,0.88034,0.88039,1.38,1.00
2014.04.17 01:51:41.806,0.88032,0.88044,2.14,2.97
2014.04.17 01:51:42.009,0.88034,0.88042,1.63,1.10
2014.04.17 01:51:42.161,0.88036,0.88045,1.38,3.42
2014.04.17 01:51:42.313,0.88037,0.88044,1.64,1.00
2014.04.17 01:51:42.415,0.88037,0.88047,2.89,1.08
2014.04.17 01:51:42.939,0.88037,0.88047,3.72,1.00
2014.04.17 01:51:43.788,0.88039,0.88047,1.57,1.00
2014.04.17 01:51:49.441,0.88038,0.88047,1.39,1.00
2014.04.17 01:51:50.428,0.88037,0.88047,2.22,1.00
2014.04.17 01:51:59.026,0.88037,0.88047,2.97,1.00
2014.04.17 01:51:59.532,0.8804,0.88047,1.57,1.00
2014.04.17 01:52:01.100,0.8804,0.88047,1.57,1.00
2014.04.17 01:52:02.075,0.8804,0.8805,1.57,1.55
2014.04.17 01:52:03.726,0.88041,0.88047,1.57,1.00
2014.04.17 01:52:04.397,0.88039,0.88047,2.22,1.00
2014.04.17 01:52:08.990,0.8804,0.88047,1.67,1.00
2014.04.17 01:52:16.383,0.8804,0.88047,1.67,1.00
2014.04.17 01:52:17.768,0.88039,0.88047,1.74,1.00
2014.04.17 01:52:18.921,0.88041,0.8805,1.63,1.48
2014.04.17 01:52:19.226,0.88041,0.88052,2.14,1.47
2014.04.17 01:52:19.277,0.88041,0.88049,1.77,1.00
2014.04.17 01:52:20.446,0.88043,0.88053,2.07,1.65
2014.04.17 01:52:20.761,0.88045,0.88049,1.00,1.00
2014.04.17 01:52:20.964,0.88046,0.88052,1.69,1.00
2014.04.17 01:52:21.155,0.88047,0.88057,1.09,1.25
2014.04.17 01:52:22.411,0.88047,0.88057,1.69,1.18
2014.04.17 01:52:22.918,0.88047,0.88054,1.19,1.00
2014.04.17 01:52:23.868,0.88045,0.88054,2.59,1.00
2014.04.17 01:52:28.853,0.88047,0.88057,1.00,3.72
2014.04.17 01:52:41.486,0.88047,0.88055,1.00,1.65
2014.04.17 01:52:41.992,0.88044,0.88054,2.07,1.08
2014.04.17 01:52:42.532,0.88044,0.88054,2.14,1.10
2014.04.17 01:52:43.767,0.88044,0.88054,2.07,1.08
2014.04.17 01:52:44.356,0.88044,0.88054,2.14,1.10
2014.04.17 01:52:44.846,0.88044,0.88052,1.32,1.00
2014.04.17 01:52:45.942,0.88043,0.88052,1.39,1.00
2014.04.17 01:52:49.930,0.88044,0.88052,1.19,1.00
2014.04.17 01:52:50.957,0.88043,0.88052,1.39,1.00
2014.04.17 01:52:52.840,0.88043,0.88052,1.67,1.00
2014.04.17 01:52:58.932,0.88043,0.88052,1.39,1.00
2014.04.17 01:52:59.953,0.88044,0.88052,1.19,1.00
2014.04.17 01:53:04.953,0.88043,0.88052,1.57,1.10
2014.04.17 01:53:18.000,0.88042,0.88052,2.14,1.10
2014.04.17 01:53:18.565,0.88042,0.88052,2.89,1.10
2014.04.17 01:53:19.089,0.88044,0.88052,1.32,1.10
2014.04.17 01:53:21.610,0.88043,0.88052,1.57,1.10
2014.04.17 01:53:26.377,0.88043,0.88052,1.57,1.10
2014.04.17 01:53:28.687,0.88044,0.88052,1.32,1.10
2014.04.17 01:53:29.641,0.88044,0.88052,1.32,1.10
2014.04.17 01:53:38.816,0.88043,0.88052,1.32,1.10
2014.04.17 01:53:40.779,0.88042,0.88052,2.14,1.10
2014.04.17 01:53:41.814,0.88043,0.88052,1.32,1.10
2014.04.17 01:53:42.317,0.88043,0.88052,1.57,1.10
2014.04.17 01:53:49.685,0.88043,0.88055,1.57,2.59
2014.04.17 01:53:50.265,0.88043,0.88055,1.57,1.84
2014.04.17 01:53:50.857,0.88043,0.88055,1.57,2.59
2014.04.17 01:53:57.878,0.88041,0.88055,2.59,2.03
2014.04.17 01:53:58.902,0.88043,0.88054,1.19,1.84
2014.04.17 01:54:00.198,0.88042,0.88054,1.29,3.34
2014.04.17 01:54:04.918,0.88041,0.88054,1.19,1.50
2014.04.17 01:54:08.225,0.88043,0.88054,1.19,1.69
2014.04.17 01:54:09.046,0.88042,0.88054,1.19,2.44
2014.04.17 01:54:14.062,0.88042,0.88054,1.19,2.07
2014.04.17 01:54:16.944,0.88042,0.88054,1.19,2.44
2014.04.17 01:54:18.857,0.88042,0.88054,1.19,1.69
2014.04.17 01:54:22.004,0.88042,0.88054,1.19,2.07
2014.04.17 01:54:23.311,0.88042,0.88054,1.19,2.82
2014.04.17 01:54:24.983,0.88041,0.88054,1.19,2.07
2014.04.17 01:54:27.329,0.88044,0.88055,1.00,4.32
2014.04.17 01:54:27.890,0.88044,0.88055,1.00,4.32
2014.04.17 01:54:38.904,0.88044,0.88053,1.00,1.00
2014.04.17 01:54:39.667,0.88045,0.88053,1.00,1.00
2014.04.17 01:54:39.989,0.88046,0.88054,1.28,1.00
2014.04.17 01:54:40.293,0.88046,0.88057,1.28,2.14
2014.04.17 01:54:50.872,0.88046,0.88057,2.22,1.20
2014.04.17 01:54:52.567,0.88046,0.88057,1.47,1.95
2014.04.17 01:54:58.572,0.88046,0.88057,2.22,1.95
2014.04.17 01:55:04.448,0.88049,0.88057,1.00,1.13
2014.04.17 01:55:04.974,0.88049,0.88057,1.00,1.38
2014.04.17 01:55:08.824,0.88046,0.88057,1.67,2.03
2014.04.17 01:55:09.697,0.88046,0.88057,1.39,2.22
2014.04.17 01:55:10.242,0.88049,0.88057,1.00,1.63
2014.04.17 01:55:12.582,0.88046,0.88057,2.22,1.88
2014.04.17 01:55:29.375,0.88046,0.88057,1.47,1.13
2014.04.17 01:55:34.370,0.88046,0.88057,1.47,1.88
2014.04.17 01:55:49.134,0.88046,0.88057,1.47,1.88
2014.04.17 01:55:49.868,0.88046,0.88057,1.47,1.88
2014.04.17 01:55:59.409,0.88047,0.88057,1.37,1.38
2014.04.17 01:56:06.799,0.88047,0.88057,1.40,1.13
2014.04.17 01:56:07.103,0.8805,0.88059,1.00,2.22
2014.04.17 01:56:19.132,0.88052,0.88059,1.00,1.48
2014.04.17 01:56:24.478,0.88051,0.88059,1.00,1.48
2014.04.17 01:56:27.259,0.88049,0.88059,1.10,1.47
2014.04.17 01:56:30.190,0.88049,0.8806,1.10,2.97
2014.04.17 01:56:32.019,0.88049,0.8806,1.00,3.72
2014.04.17 01:56:33.953,0.8805,0.8806,1.00,2.97
2014.04.17 01:56:34.307,0.88052,0.8806,1.00,2.97
2014.04.17 01:56:35.371,0.8805,0.8806,1.00,2.22
2014.04.17 01:56:38.235,0.8805,0.8806,1.00,2.97
2014.04.17 01:56:38.898,0.8805,0.8806,1.00,2.97
2014.04.17 01:56:41.349,0.8805,0.8806,1.00,2.97
2014.04.17 01:56:41.451,0.88052,0.8806,1.00,2.97
2014.04.17 01:56:42.725,0.88052,0.8806,1.00,2.22
2014.04.17 01:56:42.896,0.8805,0.8806,1.00,2.59
2014.04.17 01:56:49.398,0.8805,0.8806,1.00,2.97
2014.04.17 01:56:50.260,0.8805,0.8806,1.00,3.34
2014.04.17 01:56:59.873,0.8805,0.8806,1.00,2.22
2014.04.17 01:57:00.388,0.8805,0.8806,1.00,2.22
2014.04.17 01:57:05.949,0.8805,0.8806,1.00,2.97
2014.04.17 01:57:06.483,0.8805,0.8806,1.00,2.97
2014.04.17 01:57:14.019,0.8805,0.8806,1.00,2.22
2014.04.17 01:57:14.715,0.8805,0.8806,1.00,2.22
2014.04.17 01:57:15.223,0.8805,0.8806,1.00,2.22
2014.04.17 01:57:15.754,0.8805,0.8806,1.00,2.22
2014.04.17 01:57:16.363,0.8805,0.8806,1.00,2.22
2014.04.17 01:57:25.279,0.8805,0.8806,1.00,2.22
2014.04.17 01:57:25.939,0.8805,0.8806,1.00,2.22
2014.04.17 01:57:26.872,0.8805,0.8806,1.00,2.22
2014.04.17 01:57:34.505,0.8805,0.8806,1.00,2.22
2014.04.17 01:57:39.399,0.8805,0.8806,1.00,2.22
2014.04.17 01:57:43.105,0.88048,0.8806,1.84,1.47
2014.04.17 01:57:46.887,0.88053,0.8806,1.00,1.47
2014.04.17 01:58:13.587,0.88053,0.8806,1.00,1.02
2014.04.17 01:58:40.326,0.88051,0.8806,1.88,1.02
2014.04.17 01:58:42.396,0.88049,0.8806,2.97,1.58
2014.04.17 01:58:44.354,0.88049,0.8806,1.18,1.77
2014.04.17 01:58:46.315,0.88049,0.88059,1.00,2.59
2014.04.17 01:58:55.175,0.88049,0.88059,1.88,1.40
2014.04.17 01:58:55.682,0.88049,0.88059,1.13,1.40
2014.04.17 01:59:07.283,0.88049,0.88059,1.25,1.18
2014.04.17 01:59:30.160,0.88049,0.88056,1.00,1.15
2014.04.17 01:59:30.709,0.88048,0.88056,1.32,1.15
2014.04.17 01:59:31.056,0.88051,0.88061,1.15,1.69
2014.04.17 01:59:31.361,0.88052,0.88062,2.33,2.44
2014.04.17 01:59:31.565,0.88051,0.88062,1.47,2.44
2014.04.17 01:59:31.719,0.8805,0.8806,1.84,1.00
2014.04.17 01:59:32.663,0.88051,0.88062,1.47,3.00
2014.04.17 01:59:34.806,0.88051,0.88062,2.22,1.50
2014.04.17 01:59:37.537,0.88052,0.88062,1.47,1.00
2014.04.17 01:59:37.690,0.88052,0.88062,1.47,1.00
2014.04.17 01:59:38.264,0.88052,0.88062,1.47,1.00
2014.04.17 01:59:39.175,0.88052,0.88063,2.22,1.10
2014.04.17 01:59:40.030,0.88052,0.88063,2.14,1.58
2014.04.17 01:59:40.369,0.88052,0.88063,2.07,1.65
2014.04.17 01:59:40.520,0.88052,0.88063,2.07,1.65
2014.04.17 01:59:42.401,0.88057,0.88063,1.00,1.15
2014.04.17 01:59:43.778,0.88056,0.88063,1.00,1.15
2014.04.17 01:59:45.449,0.88054,0.88063,1.25,1.15
2014.04.17 01:59:45.934,0.88054,0.88063,1.25,1.10
2014.04.17 01:59:47.266,0.88054,0.88063,1.09,1.00
2014.04.17 01:59:49.184,0.88054,0.88064,1.40,1.00
2014.04.17 01:59:49.519,0.88054,0.88064,1.09,1.00
2014.04.17 01:59:49.621,0.88054,0.88063,1.25,1.15
2014.04.17 01:59:49.925,0.88051,0.88061,2.07,1.15
2014.04.17 01:59:50.077,0.88051,0.88061,2.82,1.15
2014.04.17 01:59:50.178,0.88051,0.88059,2.25,1.15
2014.04.17 01:59:50.688,0.88051,0.88059,2.07,1.15
2014.04.17 01:59:51.194,0.88051,0.88059,2.07,1.15
2014.04.17 01:59:51.631,0.88051,0.88059,1.57,1.10
2014.04.17 01:59:53.138,0.88051,0.88059,1.63,1.18
2014.04.17 01:59:54.562,0.88051,0.88059,1.63,1.00
2014.04.17 01:59:55.235,0.88051,0.88059,1.32,1.00
2014.04.17 01:59:56.558,0.88049,0.88059,1.19,1.00
