2013.06.25 04:00:00.778,0.93295,0.93311,1.69,1.69
2013.06.25 04:00:01.158,0.93302,0.93311,1.50,1.69
2013.06.25 04:00:01.217,0.93302,0.93312,1.50,1.69
2013.06.25 04:00:01.338,0.93302,0.93317,2.44,1.88
2013.06.25 04:00:01.458,0.93302,0.93317,2.44,1.13
2013.06.25 04:00:01.638,0.93302,0.93319,1.69,3.94
2013.06.25 04:00:01.759,0.93304,0.93319,1.50,2.44
2013.06.25 04:00:02.415,0.93304,0.9332,1.50,1.32
2013.06.25 04:00:03.465,0.93305,0.93321,1.69,1.13
2013.06.25 04:00:03.988,0.93305,0.93322,1.69,2.07
2013.06.25 04:00:04.170,0.93308,0.93324,1.13,2.07
2013.06.25 04:00:04.350,0.93308,0.93325,1.50,1.69
2013.06.25 04:00:04.897,0.93309,0.93325,3.00,1.69
2013.06.25 04:00:07.068,0.93309,0.93325,3.75,1.50
2013.06.25 04:00:07.768,0.9331,0.93325,1.50,1.50
2013.06.25 04:00:08.929,0.9331,0.93325,1.50,1.50
2013.06.25 04:00:10.653,0.9331,0.93327,2.82,1.69
2013.06.25 04:00:11.177,0.93311,0.93326,1.69,1.50
2013.06.25 04:00:11.678,0.93313,0.93328,1.13,1.69
2013.06.25 04:00:13.008,0.93313,0.93328,1.13,2.44
2013.06.25 04:00:14.278,0.93313,0.93328,1.32,1.50
2013.06.25 04:00:22.409,0.93315,0.93328,1.69,2.25
2013.06.25 04:00:22.919,0.93315,0.93329,1.50,1.50
2013.06.25 04:00:22.977,0.93314,0.93329,2.25,1.50
2013.06.25 04:00:24.178,0.93314,0.93329,3.00,3.00
2013.06.25 04:00:24.298,0.9332,0.93329,1.50,1.50
2013.06.25 04:00:24.419,0.9332,0.93332,1.50,1.88
2013.06.25 04:00:24.538,0.9332,0.93335,1.50,1.50
2013.06.25 04:00:24.597,0.93321,0.93338,2.25,2.14
2013.06.25 04:00:24.658,0.93324,0.93339,1.88,1.77
2013.06.25 04:00:24.838,0.93325,0.93341,1.88,1.32
2013.06.25 04:00:25.440,0.93326,0.93342,1.13,2.44
2013.06.25 04:00:25.980,0.9333,0.93344,1.13,1.69
2013.06.25 04:00:26.160,0.93331,0.93347,1.88,1.69
2013.06.25 04:00:26.278,0.9333,0.93348,2.44,2.07
2013.06.25 04:00:27.608,0.9333,0.93348,3.00,2.82
2013.06.25 04:00:28.217,0.93331,0.93348,1.50,2.07
2013.06.25 04:00:29.119,0.93331,0.93348,1.50,2.07
2013.06.25 04:00:29.695,0.93331,0.93348,1.50,2.82
2013.06.25 04:00:30.318,0.93332,0.93348,1.69,1.69
2013.06.25 04:00:30.379,0.93332,0.93349,1.69,1.69
2013.06.25 04:00:32.158,0.93334,0.9335,1.69,1.32
2013.06.25 04:00:34.179,0.93334,0.9335,1.69,1.32
2013.06.25 04:00:38.538,0.93334,0.93352,3.19,3.57
2013.06.25 04:00:39.078,0.93337,0.93352,1.50,1.32
2013.06.25 04:00:39.618,0.93337,0.93352,1.50,1.32
2013.06.25 04:00:40.228,0.93338,0.93354,1.50,2.07
2013.06.25 04:00:40.608,0.93338,0.93354,1.50,2.07
2013.06.25 04:00:42.418,0.93338,0.93354,1.50,2.07
2013.06.25 04:00:43.978,0.93338,0.93354,1.50,2.07
2013.06.25 04:00:58.239,0.93342,0.93357,1.50,2.82
2013.06.25 04:01:02.010,0.93341,0.93353,1.50,1.50
2013.06.25 04:01:02.141,0.93335,0.93353,3.57,3.19
2013.06.25 04:01:02.270,0.93335,0.93352,3.38,3.94
2013.06.25 04:01:02.692,0.93335,0.93347,1.50,1.13
2013.06.25 04:01:02.764,0.93331,0.93347,1.50,3.57
2013.06.25 04:01:03.308,0.93331,0.93347,1.50,1.69
2013.06.25 04:01:04.218,0.93331,0.93347,1.50,1.69
2013.06.25 04:01:04.988,0.93331,0.93347,1.50,1.69
2013.06.25 04:01:06.048,0.93329,0.93348,2.63,1.32
2013.06.25 04:01:07.201,0.93329,0.93348,2.82,1.32
2013.06.25 04:01:08.438,0.93329,0.93347,2.82,1.69
2013.06.25 04:01:09.258,0.93329,0.93347,2.82,1.02
2013.06.25 04:01:09.848,0.93329,0.93346,1.69,1.32
2013.06.25 04:01:11.998,0.93329,0.93346,1.69,1.32
2013.06.25 04:01:30.588,0.93329,0.93346,1.69,2.07
2013.06.25 04:01:32.317,0.93327,0.93345,3.19,1.32
2013.06.25 04:01:32.818,0.93327,0.93345,3.19,2.07
2013.06.25 04:01:35.299,0.93327,0.93345,3.00,2.07
2013.06.25 04:01:42.147,0.93327,0.93345,3.19,2.07
2013.06.25 04:01:52.362,0.93327,0.93344,3.19,1.32
2013.06.25 04:01:52.571,0.93327,0.93344,1.69,1.32
2013.06.25 04:01:52.758,0.93327,0.93344,1.69,3.19
2013.06.25 04:01:53.118,0.93326,0.93342,1.50,2.82
2013.06.25 04:01:54.409,0.93324,0.93342,1.50,4.32
2013.06.25 04:01:54.959,0.93324,0.93342,1.69,2.07
2013.06.25 04:01:55.079,0.93324,0.93342,1.69,2.82
2013.06.25 04:01:55.592,0.93323,0.93342,5.07,3.57
2013.06.25 04:01:56.929,0.93323,0.93341,5.07,1.69
2013.06.25 04:01:57.288,0.93323,0.93342,4.69,3.57
2013.06.25 04:01:57.970,0.93323,0.93342,5.07,2.82
2013.06.25 04:01:58.028,0.93325,0.93343,3.19,2.07
2013.06.25 04:01:58.640,0.93325,0.93342,3.19,2.07
2013.06.25 04:01:59.940,0.93325,0.93343,3.19,2.07
2013.06.25 04:02:00.060,0.93325,0.93343,3.19,2.07
2013.06.25 04:02:00.781,0.93325,0.93342,3.19,1.32
2013.06.25 04:02:06.198,0.93325,0.93343,5.44,1.32
2013.06.25 04:02:06.619,0.93329,0.93346,1.50,4.69
2013.06.25 04:02:06.917,0.93328,0.93346,1.50,3.19
2013.06.25 04:02:07.218,0.93328,0.93346,1.50,3.94
2013.06.25 04:02:07.518,0.93328,0.93346,1.50,2.44
2013.06.25 04:02:08.198,0.93328,0.93346,1.69,2.07
2013.06.25 04:02:08.558,0.93328,0.93346,1.69,2.07
2013.06.25 04:02:09.142,0.93328,0.93346,1.69,4.32
2013.06.25 04:02:09.208,0.93328,0.93346,1.69,3.57
2013.06.25 04:02:09.508,0.93328,0.93346,1.69,1.32
2013.06.25 04:02:10.018,0.93328,0.93346,1.69,4.32
2013.06.25 04:02:10.159,0.93328,0.93346,1.69,4.32
2013.06.25 04:02:10.978,0.93328,0.93346,1.69,3.57
2013.06.25 04:02:11.237,0.93328,0.93346,1.69,4.32
2013.06.25 04:02:11.738,0.93327,0.93345,2.07,1.69
2013.06.25 04:02:12.219,0.93327,0.93345,3.57,1.32
2013.06.25 04:02:12.539,0.93327,0.93345,3.57,1.69
2013.06.25 04:02:13.271,0.93327,0.93345,2.82,1.32
2013.06.25 04:02:13.818,0.93327,0.93344,1.32,1.69
2013.06.25 04:02:14.058,0.93328,0.93345,1.69,1.32
2013.06.25 04:02:14.592,0.93328,0.93346,2.44,2.07
2013.06.25 04:02:17.010,0.93333,0.93348,1.50,1.32
2013.06.25 04:02:17.248,0.93333,0.93348,1.50,2.82
2013.06.25 04:02:18.278,0.93333,0.93348,1.50,2.07
2013.06.25 04:02:18.458,0.93333,0.93348,1.50,1.32
2013.06.25 04:02:19.116,0.93333,0.93348,1.50,2.82
2013.06.25 04:02:19.237,0.93333,0.93348,1.50,2.07
2013.06.25 04:02:19.538,0.93333,0.93348,1.50,2.07
2013.06.25 04:02:19.658,0.93333,0.93348,1.50,1.32
2013.06.25 04:02:20.848,0.93331,0.93347,1.50,1.32
2013.06.25 04:02:24.368,0.93331,0.93346,1.50,1.13
2013.06.25 04:02:30.396,0.93331,0.93345,1.69,1.13
2013.06.25 04:02:32.191,0.93331,0.93346,1.69,1.50
2013.06.25 04:02:33.205,0.93331,0.93346,1.69,1.13
2013.06.25 04:02:41.608,0.9333,0.93348,2.44,2.07
2013.06.25 04:02:42.229,0.93333,0.9335,1.69,1.32
2013.06.25 04:02:42.708,0.93333,0.93348,1.69,1.13
2013.06.25 04:02:43.068,0.9333,0.93347,2.44,1.32
2013.06.25 04:02:43.749,0.9333,0.93345,2.44,1.13
2013.06.25 04:02:44.308,0.9333,0.93347,2.44,1.32
2013.06.25 04:02:44.851,0.9333,0.93346,2.44,1.50
2013.06.25 04:02:45.239,0.9333,0.93347,2.44,1.32
2013.06.25 04:02:45.478,0.93331,0.93346,1.69,1.50
2013.06.25 04:02:46.263,0.93331,0.93346,1.69,1.13
2013.06.25 04:02:46.509,0.93331,0.93346,1.69,1.50
2013.06.25 04:02:46.569,0.93331,0.93346,1.69,1.13
2013.06.25 04:03:00.750,0.9333,0.93347,2.44,1.13
2013.06.25 04:03:00.869,0.9333,0.93347,1.69,1.13
2013.06.25 04:03:02.718,0.9333,0.93347,2.44,1.13
2013.06.25 04:03:23.140,0.9333,0.93346,1.69,1.69
2013.06.25 04:03:23.748,0.9333,0.93347,3.94,1.69
2013.06.25 04:03:24.288,0.93331,0.93347,2.25,1.69
2013.06.25 04:03:28.308,0.93332,0.93348,1.69,1.32
2013.06.25 04:03:30.100,0.93332,0.93348,1.69,1.32
2013.06.25 04:03:54.699,0.93332,0.93348,1.69,1.13
2013.06.25 04:03:58.238,0.93332,0.93348,1.69,1.13
2013.06.25 04:03:59.794,0.93334,0.9335,2.44,1.32
2013.06.25 04:04:00.351,0.93334,0.93352,4.69,2.82
2013.06.25 04:04:00.720,0.93334,0.9335,4.69,1.13
2013.06.25 04:04:02.898,0.93335,0.93351,1.69,1.69
2013.06.25 04:04:03.139,0.93335,0.9335,1.69,1.13
2013.06.25 04:04:28.389,0.93335,0.93353,1.69,1.69
2013.06.25 04:04:28.629,0.93338,0.93358,1.32,4.69
2013.06.25 04:04:31.549,0.9334,0.93359,2.07,1.32
2013.06.25 04:04:31.609,0.9334,0.9336,2.82,3.94
2013.06.25 04:04:32.348,0.93343,0.9336,2.63,1.69
2013.06.25 04:04:33.550,0.93343,0.93361,1.88,1.69
2013.06.25 04:04:34.389,0.93343,0.93359,1.88,2.44
2013.06.25 04:04:34.934,0.93343,0.93357,1.88,1.50
2013.06.25 04:04:35.239,0.9334,0.93354,2.25,1.13
2013.06.25 04:04:36.138,0.9334,0.93356,1.88,1.69
2013.06.25 04:04:37.230,0.93338,0.93356,1.32,1.69
2013.06.25 04:04:37.871,0.93338,0.93356,1.32,1.69
2013.06.25 04:04:37.941,0.93338,0.93354,1.13,1.69
2013.06.25 04:04:38.132,0.93337,0.93352,1.13,1.69
2013.06.25 04:04:41.058,0.93336,0.93351,1.13,1.69
2013.06.25 04:04:41.608,0.93335,0.93351,3.38,1.69
2013.06.25 04:04:42.338,0.93336,0.9335,1.13,1.50
2013.06.25 04:04:47.179,0.93336,0.93352,1.13,1.69
2013.06.25 04:04:48.049,0.93339,0.93354,1.13,3.19
2013.06.25 04:04:48.108,0.93339,0.93354,1.13,1.69
2013.06.25 04:04:48.730,0.9334,0.93357,1.13,1.69
2013.06.25 04:04:48.920,0.9334,0.93359,2.07,3.57
2013.06.25 04:04:49.170,0.93343,0.9336,1.13,1.69
2013.06.25 04:04:49.350,0.93344,0.9336,1.88,1.69
2013.06.25 04:04:50.930,0.93344,0.9336,1.88,1.50
2013.06.25 04:04:53.279,0.93344,0.9336,1.13,1.50
2013.06.25 04:04:53.880,0.93344,0.9336,1.13,1.50
2013.06.25 04:04:58.198,0.93344,0.93358,1.13,1.50
2013.06.25 04:04:58.439,0.93343,0.93357,1.50,1.50
2013.06.25 04:04:58.498,0.93343,0.93357,1.50,1.88
2013.06.25 04:04:58.619,0.93343,0.93357,1.50,1.88
2013.06.25 04:04:58.980,0.93343,0.93356,1.50,3.75
2013.06.25 04:04:59.238,0.93336,0.93356,4.13,4.50
2013.06.25 04:05:00.469,0.93336,0.93354,4.13,3.00
2013.06.25 04:05:01.749,0.93336,0.93353,2.63,2.25
2013.06.25 04:05:02.559,0.93336,0.93352,2.63,1.50
2013.06.25 04:05:03.769,0.93336,0.93351,2.63,1.50
2013.06.25 04:05:04.738,0.93336,0.9335,3.38,1.50
2013.06.25 04:05:04.979,0.93335,0.9335,1.88,2.44
2013.06.25 04:05:05.039,0.93335,0.9335,1.50,3.19
2013.06.25 04:05:05.579,0.93334,0.93349,1.88,2.07
2013.06.25 04:05:14.149,0.93332,0.93346,2.63,1.50
2013.06.25 04:05:14.868,0.93332,0.93348,4.32,1.50
2013.06.25 04:05:19.199,0.93332,0.93347,1.88,1.69
2013.06.25 04:05:19.718,0.93331,0.93345,2.63,1.50
2013.06.25 04:05:21.958,0.93332,0.93345,1.50,1.50
2013.06.25 04:05:23.959,0.93332,0.93345,2.63,1.50
2013.06.25 04:05:24.260,0.93332,0.93347,1.88,1.50
2013.06.25 04:05:26.208,0.93332,0.9335,4.32,1.69
2013.06.25 04:05:28.188,0.93334,0.9335,1.88,1.69
2013.06.25 04:05:31.789,0.93331,0.93347,1.13,1.69
2013.06.25 04:05:31.848,0.93331,0.93347,1.50,1.69
2013.06.25 04:05:32.519,0.93332,0.93347,1.50,1.69
2013.06.25 04:05:33.030,0.93332,0.93347,1.50,1.69
2013.06.25 04:05:33.569,0.93332,0.93347,1.50,1.69
2013.06.25 04:05:36.179,0.93332,0.93347,2.25,1.69
2013.06.25 04:05:36.483,0.93334,0.93347,1.88,1.69
2013.06.25 04:05:36.612,0.93333,0.93349,1.88,1.50
2013.06.25 04:05:36.800,0.93333,0.93348,1.88,1.50
2013.06.25 04:05:37.101,0.93334,0.93348,1.88,1.50
2013.06.25 04:05:37.709,0.93332,0.93348,4.13,1.50
2013.06.25 04:05:44.058,0.93332,0.93348,1.13,2.25
2013.06.25 04:05:44.178,0.9333,0.93348,4.32,2.25
2013.06.25 04:05:45.828,0.9333,0.93345,4.88,1.50
2013.06.25 04:05:47.708,0.93332,0.93345,1.50,1.69
2013.06.25 04:05:51.520,0.93332,0.93345,1.50,1.69
2013.06.25 04:05:51.911,0.93333,0.93348,1.88,3.94
2013.06.25 04:05:51.978,0.93333,0.93348,1.88,1.50
2013.06.25 04:05:52.828,0.93333,0.93348,1.88,1.50
2013.06.25 04:05:53.748,0.93333,0.93349,1.88,1.50
2013.06.25 04:05:55.469,0.93333,0.9335,1.32,1.50
2013.06.25 04:05:56.028,0.93333,0.9335,3.57,1.50
2013.06.25 04:05:57.210,0.93337,0.9335,1.50,1.50
2013.06.25 04:05:57.748,0.93337,0.93352,1.88,1.50
2013.06.25 04:05:58.818,0.93337,0.93352,1.88,1.50
2013.06.25 04:05:59.660,0.93337,0.93352,1.88,1.50
2013.06.25 04:06:02.028,0.93336,0.93352,2.82,1.50
2013.06.25 04:06:02.448,0.93336,0.93351,1.88,1.69
2013.06.25 04:06:02.988,0.93335,0.93349,2.63,1.50
2013.06.25 04:06:03.538,0.93335,0.93348,1.13,1.50
2013.06.25 04:06:04.048,0.93335,0.93348,1.13,1.50
2013.06.25 04:06:04.556,0.93335,0.93348,1.13,1.50
2013.06.25 04:06:07.178,0.93335,0.93347,1.13,1.69
2013.06.25 04:06:09.238,0.93333,0.93347,2.63,1.69
2013.06.25 04:06:09.778,0.93333,0.93347,2.25,1.69
2013.06.25 04:06:16.228,0.93335,0.93345,1.13,1.50
2013.06.25 04:06:21.449,0.93335,0.93348,1.13,1.50
2013.06.25 04:06:21.630,0.93335,0.93349,1.88,1.69
2013.06.25 04:06:21.691,0.93335,0.93349,1.88,1.69
2013.06.25 04:06:22.228,0.93335,0.93349,1.13,1.69
2013.06.25 04:06:23.509,0.93335,0.93349,2.63,1.69
2013.06.25 04:06:24.192,0.93335,0.93349,2.63,1.69
2013.06.25 04:06:24.741,0.93335,0.93349,1.13,1.69
2013.06.25 04:06:42.099,0.93335,0.93348,1.13,1.69
2013.06.25 04:06:42.340,0.93333,0.93347,1.50,1.69
2013.06.25 04:06:42.404,0.93331,0.93347,1.13,1.69
2013.06.25 04:06:42.532,0.9333,0.93345,2.25,3.00
2013.06.25 04:06:42.842,0.9333,0.93341,2.25,2.25
2013.06.25 04:06:43.270,0.93325,0.93341,2.63,3.00
2013.06.25 04:06:45.479,0.93325,0.9334,2.25,1.50
2013.06.25 04:06:45.662,0.93323,0.93338,1.88,2.25
2013.06.25 04:06:45.730,0.93321,0.93338,1.88,2.25
2013.06.25 04:06:47.219,0.93318,0.93335,2.44,1.88
2013.06.25 04:06:47.724,0.93318,0.93335,2.25,1.88
2013.06.25 04:06:48.857,0.93318,0.93334,2.25,1.50
2013.06.25 04:06:51.519,0.93318,0.93333,2.25,1.50
2013.06.25 04:06:52.078,0.93318,0.93332,2.25,1.50
2013.06.25 04:06:52.138,0.93318,0.93332,2.25,1.50
2013.06.25 04:06:53.869,0.93318,0.93332,2.25,1.50
2013.06.25 04:06:54.918,0.93318,0.93331,2.25,1.50
2013.06.25 04:06:55.461,0.93318,0.93331,2.25,1.50
2013.06.25 04:06:56.166,0.93318,0.93331,2.25,1.50
2013.06.25 04:07:01.714,0.93319,0.93329,2.25,1.02
2013.06.25 04:07:02.018,0.93319,0.9333,2.25,1.69
2013.06.25 04:07:04.926,0.93319,0.9333,2.25,1.69
2013.06.25 04:07:05.229,0.93318,0.9333,1.50,1.69
2013.06.25 04:07:05.470,0.93315,0.93329,1.50,2.07
2013.06.25 04:07:05.530,0.93315,0.93329,2.25,2.07
2013.06.25 04:07:06.079,0.93318,0.93329,2.25,2.44
2013.06.25 04:07:06.631,0.93316,0.9333,2.25,2.03
2013.06.25 04:07:06.750,0.93315,0.93329,3.00,1.50
2013.06.25 04:07:07.290,0.93315,0.93329,1.50,1.50
2013.06.25 04:07:07.529,0.93315,0.93329,1.50,1.50
2013.06.25 04:07:07.590,0.93312,0.93329,3.19,1.50
2013.06.25 04:07:08.129,0.93312,0.93329,3.19,1.50
2013.06.25 04:07:09.178,0.93312,0.93329,3.94,1.50
2013.06.25 04:07:11.191,0.93313,0.93329,1.69,1.50
2013.06.25 04:07:11.263,0.93315,0.9333,3.00,1.88
2013.06.25 04:07:11.769,0.93317,0.93331,2.25,1.50
2013.06.25 04:07:12.538,0.93317,0.93331,2.25,1.50
2013.06.25 04:07:13.079,0.93317,0.93331,2.25,1.50
2013.06.25 04:07:13.609,0.93317,0.93331,2.25,1.50
2013.06.25 04:07:14.159,0.93317,0.93331,2.25,1.50
2013.06.25 04:07:14.708,0.93318,0.93331,2.25,1.50
2013.06.25 04:07:15.080,0.93318,0.93331,2.25,1.50
2013.06.25 04:07:15.209,0.93319,0.93334,2.25,1.69
2013.06.25 04:07:15.331,0.93319,0.93335,1.50,1.69
2013.06.25 04:07:15.519,0.93319,0.93335,2.25,2.44
2013.06.25 04:07:17.238,0.93319,0.93337,2.44,3.75
2013.06.25 04:07:20.740,0.93319,0.93335,2.44,1.50
2013.06.25 04:07:22.056,0.93319,0.93334,1.50,1.69
2013.06.25 04:07:22.551,0.93312,0.93332,3.94,1.65
2013.06.25 04:07:22.799,0.93312,0.93329,2.44,1.13
2013.06.25 04:07:23.349,0.93312,0.93332,3.19,2.25
2013.06.25 04:07:24.059,0.93312,0.93332,4.69,2.44
2013.06.25 04:07:25.438,0.93312,0.93332,3.19,2.25
2013.06.25 04:07:26.968,0.93312,0.93331,2.44,1.50
2013.06.25 04:07:28.009,0.93312,0.9333,2.44,1.50
2013.06.25 04:07:28.129,0.93312,0.9333,2.25,1.69
2013.06.25 04:07:28.438,0.93312,0.9333,2.25,1.69
2013.06.25 04:07:29.121,0.93316,0.93331,2.25,1.69
2013.06.25 04:07:29.370,0.93318,0.93332,1.50,1.32
2013.06.25 04:07:29.610,0.93319,0.93335,2.44,1.50
2013.06.25 04:07:31.449,0.93319,0.93338,4.69,2.07
2013.06.25 04:07:32.879,0.93323,0.93337,1.13,1.32
2013.06.25 04:07:33.419,0.93323,0.93339,1.13,2.07
2013.06.25 04:07:33.719,0.93322,0.93339,1.50,4.32
2013.06.25 04:07:34.078,0.93323,0.93339,1.13,2.07
2013.06.25 04:07:34.558,0.93322,0.93339,2.25,2.07
2013.06.25 04:07:34.929,0.9332,0.93339,2.07,2.07
2013.06.25 04:07:34.989,0.9332,0.93339,1.32,2.07
2013.06.25 04:07:35.319,0.93321,0.93339,2.44,1.13
2013.06.25 04:07:35.630,0.93322,0.93339,1.69,1.13
2013.06.25 04:07:35.819,0.93323,0.93341,2.82,2.44
2013.06.25 04:07:36.121,0.93325,0.93344,3.57,2.07
2013.06.25 04:07:37.256,0.93325,0.93344,2.82,2.07
2013.06.25 04:07:37.798,0.93325,0.93343,2.07,1.69
2013.06.25 04:07:37.990,0.93325,0.93343,2.07,1.69
2013.06.25 04:07:38.819,0.93325,0.93342,1.69,1.32
2013.06.25 04:07:39.184,0.93324,0.93342,3.94,1.32
2013.06.25 04:07:39.528,0.93324,0.93342,3.94,1.32
2013.06.25 04:07:39.888,0.93324,0.93342,3.19,1.32
2013.06.25 04:07:40.309,0.93326,0.93345,1.69,1.69
2013.06.25 04:07:40.848,0.93327,0.93346,1.32,1.69
2013.06.25 04:07:41.272,0.93329,0.93348,3.12,3.57
2013.06.25 04:07:41.519,0.93331,0.9335,1.88,2.82
2013.06.25 04:07:41.698,0.93331,0.9335,1.32,1.88
2013.06.25 04:07:42.179,0.93333,0.93348,1.32,1.50
2013.06.25 04:07:42.419,0.93331,0.93349,1.69,2.63
2013.06.25 04:07:42.479,0.93331,0.93349,1.69,1.88
2013.06.25 04:07:42.839,0.93333,0.93351,1.32,1.50
2013.06.25 04:07:43.390,0.93334,0.93352,2.44,1.32
2013.06.25 04:07:46.485,0.93334,0.93352,2.44,2.07
2013.06.25 04:07:46.728,0.93334,0.93352,2.44,2.07
2013.06.25 04:07:46.860,0.93334,0.93352,2.44,2.07
2013.06.25 04:07:47.098,0.93335,0.93352,1.13,1.69
2013.06.25 04:07:48.250,0.93335,0.93352,1.13,1.69
2013.06.25 04:07:49.109,0.93335,0.93352,1.13,1.69
2013.06.25 04:07:49.350,0.93333,0.93347,2.25,4.23
2013.06.25 04:07:49.410,0.93333,0.93347,1.50,5.01
2013.06.25 04:07:49.541,0.93329,0.93347,1.69,5.01
2013.06.25 04:07:50.918,0.93328,0.93346,2.07,1.50
2013.06.25 04:07:51.528,0.93328,0.93346,1.32,2.44
2013.06.25 04:07:52.450,0.93328,0.93345,1.32,1.69
2013.06.25 04:07:55.359,0.93328,0.93345,1.32,2.07
2013.06.25 04:07:55.896,0.93328,0.93345,1.13,2.82
2013.06.25 04:07:59.438,0.93325,0.93344,4.32,1.32
2013.06.25 04:07:59.978,0.93325,0.93343,2.82,2.44
2013.06.25 04:08:01.779,0.93325,0.93343,2.82,2.44
2013.06.25 04:08:02.592,0.93325,0.93342,2.63,1.69
2013.06.25 04:08:04.548,0.93326,0.93343,2.44,2.82
2013.06.25 04:08:05.089,0.93328,0.93347,2.07,2.07
2013.06.25 04:08:06.248,0.93328,0.93347,2.82,2.07
2013.06.25 04:08:06.801,0.93328,0.93347,2.07,2.82
2013.06.25 04:08:07.968,0.93329,0.93347,1.69,2.82
2013.06.25 04:08:08.208,0.93328,0.93345,1.13,2.44
2013.06.25 04:08:12.689,0.93328,0.93344,1.32,1.32
2013.06.25 04:08:31.929,0.93326,0.93343,2.07,2.44
2013.06.25 04:08:32.759,0.93326,0.93342,1.13,1.50
2013.06.25 04:08:35.779,0.93325,0.93343,2.07,3.57
2013.06.25 04:08:37.558,0.93326,0.93343,2.07,2.44
2013.06.25 04:08:38.948,0.93326,0.93343,2.82,2.44
2013.06.25 04:09:39.156,0.93328,0.93344,1.13,2.82
2013.06.25 04:09:55.388,0.93328,0.93343,1.13,1.69
2013.06.25 04:09:56.118,0.93328,0.93342,1.13,1.69
2013.06.25 04:09:56.480,0.93326,0.93341,1.69,1.50
2013.06.25 04:09:57.019,0.93325,0.93341,1.69,3.00
2013.06.25 04:09:57.548,0.93325,0.9334,1.50,1.69
2013.06.25 04:10:00.155,0.93324,0.9334,3.00,2.44
2013.06.25 04:10:00.521,0.93325,0.9334,3.00,2.44
2013.06.25 04:10:00.589,0.93325,0.9334,3.75,1.69
2013.06.25 04:10:00.709,0.93328,0.93342,1.13,3.94
2013.06.25 04:10:00.890,0.9333,0.93342,1.50,1.69
2013.06.25 04:10:00.949,0.9333,0.93345,1.50,1.69
2013.06.25 04:10:01.459,0.9333,0.93346,1.69,1.69
2013.06.25 04:10:03.821,0.93332,0.93347,1.50,2.07
2013.06.25 04:10:05.658,0.93331,0.93347,1.50,2.82
2013.06.25 04:10:16.623,0.93331,0.93347,1.50,1.69
2013.06.25 04:10:36.858,0.93331,0.93347,1.69,1.77
2013.06.25 04:10:46.708,0.93331,0.93346,1.50,1.02
2013.06.25 04:10:46.948,0.93329,0.93345,2.07,1.58
2013.06.25 04:10:51.800,0.93329,0.93345,2.07,1.58
2013.06.25 04:10:56.749,0.93329,0.93345,2.07,1.58
2013.06.25 04:10:58.972,0.93329,0.93345,1.88,1.69
2013.06.25 04:11:03.579,0.93327,0.93343,1.69,1.69
2013.06.25 04:11:03.771,0.93326,0.93342,3.57,1.50
2013.06.25 04:11:04.441,0.93326,0.93342,3.57,1.50
2013.06.25 04:11:09.210,0.93326,0.93342,3.57,1.50
2013.06.25 04:11:12.548,0.93326,0.93342,3.38,1.50
2013.06.25 04:11:12.728,0.93326,0.93342,3.38,1.50
2013.06.25 04:11:20.839,0.93326,0.93341,3.19,1.50
2013.06.25 04:11:22.108,0.93326,0.93341,2.07,1.50
2013.06.25 04:11:23.280,0.93326,0.93341,3.57,1.50
2013.06.25 04:11:23.798,0.93326,0.93342,3.57,1.69
2013.06.25 04:11:27.086,0.93326,0.93342,3.57,1.69
2013.06.25 04:11:27.389,0.93326,0.93341,2.82,1.50
2013.06.25 04:11:47.971,0.93326,0.93341,2.44,1.50
2013.06.25 04:11:49.543,0.93326,0.93341,2.44,1.50
2013.06.25 04:11:55.979,0.93326,0.93341,2.07,1.50
2013.06.25 04:12:00.189,0.93327,0.93341,2.07,1.50
2013.06.25 04:12:00.669,0.93328,0.93342,1.88,1.50
2013.06.25 04:12:00.728,0.93328,0.93342,1.88,1.50
2013.06.25 04:12:00.849,0.93327,0.93343,2.82,1.69
2013.06.25 04:12:06.006,0.93329,0.93343,1.50,1.69
2013.06.25 04:12:06.549,0.93329,0.93343,1.50,1.69
2013.06.25 04:12:08.181,0.93329,0.93343,1.50,1.50
2013.06.25 04:12:08.368,0.93329,0.93343,1.50,1.50
2013.06.25 04:12:08.728,0.93329,0.93343,2.25,1.50
2013.06.25 04:12:08.848,0.93329,0.93343,2.25,1.50
2013.06.25 04:12:08.908,0.93329,0.93343,2.25,1.50
2013.06.25 04:12:09.268,0.93329,0.93343,2.25,1.50
2013.06.25 04:12:09.959,0.93329,0.93343,2.25,1.50
2013.06.25 04:12:10.338,0.93329,0.93343,2.25,1.50
2013.06.25 04:12:12.110,0.93329,0.93343,2.25,1.50
2013.06.25 04:12:12.423,0.93329,0.93343,2.25,1.50
2013.06.25 04:12:13.108,0.93329,0.93343,2.25,1.50
2013.06.25 04:12:13.300,0.93329,0.93343,2.25,1.50
2013.06.25 04:12:14.039,0.93329,0.93343,2.25,1.50
2013.06.25 04:12:14.299,0.93329,0.93343,2.25,1.50
2013.06.25 04:12:15.048,0.93328,0.93343,2.82,1.50
2013.06.25 04:12:16.341,0.93329,0.93343,2.25,1.50
2013.06.25 04:12:16.790,0.93327,0.93343,2.82,1.69
2013.06.25 04:12:17.339,0.93326,0.93342,4.32,1.50
2013.06.25 04:12:19.061,0.93327,0.93342,1.69,1.50
2013.06.25 04:12:19.420,0.93327,0.93343,3.00,2.44
2013.06.25 04:12:19.849,0.93328,0.93343,2.63,1.69
2013.06.25 04:12:20.299,0.93328,0.93343,2.63,1.69
2013.06.25 04:12:20.808,0.93328,0.93343,2.82,1.50
2013.06.25 04:12:20.872,0.93328,0.93343,2.82,1.50
2013.06.25 04:12:20.999,0.93329,0.93343,1.50,1.50
2013.06.25 04:12:21.178,0.93329,0.93343,2.25,1.50
2013.06.25 04:12:21.538,0.93331,0.93345,1.13,1.69
2013.06.25 04:12:21.898,0.93331,0.93345,1.13,1.69
2013.06.25 04:12:23.208,0.93331,0.93345,1.13,1.50
2013.06.25 04:12:33.199,0.93332,0.93345,2.25,1.50
2013.06.25 04:12:33.260,0.93334,0.93346,1.69,2.25
2013.06.25 04:12:33.379,0.93337,0.93348,1.50,1.50
2013.06.25 04:12:33.439,0.93337,0.9335,1.50,1.13
2013.06.25 04:12:33.560,0.93337,0.93352,2.25,1.50
2013.06.25 04:12:33.620,0.93341,0.93353,1.13,1.50
2013.06.25 04:12:33.679,0.93339,0.93354,1.32,1.50
2013.06.25 04:12:33.929,0.93341,0.93354,1.13,1.50
2013.06.25 04:12:33.988,0.93341,0.93354,1.13,1.50
2013.06.25 04:12:35.257,0.93341,0.93354,2.07,1.50
2013.06.25 04:12:35.321,0.93341,0.93353,1.69,1.50
2013.06.25 04:12:35.389,0.93339,0.93353,1.32,1.50
2013.06.25 04:12:35.449,0.93339,0.93353,1.32,1.50
2013.06.25 04:12:35.809,0.93336,0.9335,1.88,1.50
2013.06.25 04:13:03.300,0.93335,0.93351,3.57,1.50
2013.06.25 04:13:03.838,0.93334,0.9335,2.44,1.50
2013.06.25 04:13:08.022,0.93333,0.93346,3.00,2.48
2013.06.25 04:13:08.270,0.93333,0.93345,1.50,1.13
2013.06.25 04:13:08.751,0.9333,0.93345,1.50,2.07
2013.06.25 04:13:09.120,0.9333,0.93346,1.69,1.50
2013.06.25 04:13:09.671,0.9333,0.93344,1.69,1.50
2013.06.25 04:13:10.313,0.9333,0.93345,1.69,2.25
2013.06.25 04:13:10.885,0.93332,0.93348,1.69,1.88
2013.06.25 04:13:11.553,0.93333,0.93348,1.69,1.13
2013.06.25 04:13:20.020,0.93333,0.93345,1.50,1.13
2013.06.25 04:13:20.379,0.9333,0.93345,1.50,1.13
2013.06.25 04:13:20.939,0.93328,0.93345,2.44,1.88
2013.06.25 04:13:22.489,0.93328,0.93345,3.19,2.07
2013.06.25 04:13:23.470,0.93328,0.93345,2.44,2.07
2013.06.25 04:13:32.971,0.93328,0.93345,2.25,2.82
2013.06.25 04:13:33.271,0.93327,0.93342,1.69,1.13
2013.06.25 04:13:33.460,0.93327,0.93342,1.69,1.88
2013.06.25 04:13:36.170,0.93327,0.93343,2.44,1.50
2013.06.25 04:13:36.468,0.9333,0.93344,1.50,1.13
2013.06.25 04:13:36.539,0.93331,0.93347,2.44,1.50
2013.06.25 04:13:37.451,0.93332,0.93347,1.50,1.13
2013.06.25 04:13:40.050,0.93332,0.93347,1.50,1.32
2013.06.25 04:13:41.629,0.9333,0.93345,2.44,1.13
2013.06.25 04:13:41.989,0.93328,0.93344,2.07,1.13
2013.06.25 04:13:42.170,0.93327,0.93341,1.50,1.50
2013.06.25 04:13:42.409,0.93324,0.9334,1.69,1.13
2013.06.25 04:13:42.469,0.93323,0.9334,2.44,1.88
2013.06.25 04:13:42.890,0.93324,0.9334,2.25,1.13
2013.06.25 04:13:44.259,0.93324,0.9334,2.44,1.32
2013.06.25 04:13:44.780,0.93325,0.93341,1.50,1.69
2013.06.25 04:13:45.443,0.93324,0.9334,2.44,1.32
2013.06.25 04:13:46.319,0.93325,0.93341,2.07,1.69
2013.06.25 04:13:46.560,0.93326,0.93343,1.50,2.44
2013.06.25 04:13:46.620,0.93325,0.9334,2.44,1.13
2013.06.25 04:13:47.769,0.93325,0.93342,2.44,2.82
2013.06.25 04:13:48.378,0.93325,0.93342,2.44,2.82
2013.06.25 04:13:55.339,0.93325,0.9334,1.50,1.13
2013.06.25 04:13:55.579,0.93324,0.9334,1.50,1.88
2013.06.25 04:13:55.638,0.93325,0.9334,1.50,1.50
2013.06.25 04:13:56.189,0.93324,0.9334,2.25,2.25
2013.06.25 04:13:56.799,0.93324,0.9334,2.25,2.25
2013.06.25 04:13:57.428,0.93324,0.9334,2.25,2.25
2013.06.25 04:13:59.929,0.93324,0.9334,3.94,2.25
2013.06.25 04:14:00.109,0.93325,0.9334,1.69,1.50
2013.06.25 04:14:00.349,0.93326,0.93341,2.63,1.69
2013.06.25 04:14:00.829,0.93326,0.93341,3.19,1.50
2013.06.25 04:14:02.689,0.93326,0.9334,1.69,1.13
2013.06.25 04:14:06.726,0.93324,0.93339,3.19,1.13
2013.06.25 04:14:06.796,0.93325,0.93339,1.69,1.13
2013.06.25 04:14:11.549,0.93324,0.93339,3.00,1.13
2013.06.25 04:14:12.089,0.93324,0.9334,2.25,1.69
2013.06.25 04:14:23.422,0.93324,0.93339,1.50,2.07
2013.06.25 04:14:53.442,0.93323,0.93339,3.19,2.07
2013.06.25 04:15:00.219,0.93323,0.93338,1.69,1.50
2013.06.25 04:15:00.356,0.93322,0.93336,3.00,1.50
2013.06.25 04:15:00.480,0.93322,0.93336,2.25,2.82
2013.06.25 04:15:00.720,0.93317,0.93332,3.19,1.13
2013.06.25 04:15:01.380,0.93317,0.93332,2.44,1.88
2013.06.25 04:15:01.741,0.93323,0.93335,1.50,1.69
2013.06.25 04:15:01.801,0.93323,0.93335,1.50,1.50
2013.06.25 04:15:02.279,0.93323,0.93339,4.13,2.44
2013.06.25 04:15:03.610,0.93324,0.93339,1.50,2.82
2013.06.25 04:15:14.869,0.93321,0.93337,1.88,2.67
2013.06.25 04:15:14.990,0.93319,0.93335,1.13,1.50
2013.06.25 04:15:15.109,0.93317,0.93333,3.57,1.50
2013.06.25 04:15:15.289,0.93317,0.93333,2.44,1.88
2013.06.25 04:15:15.829,0.93317,0.93333,1.69,1.88
2013.06.25 04:15:17.803,0.93317,0.93333,1.69,1.88
2013.06.25 04:15:19.909,0.93317,0.93333,2.44,1.88
2013.06.25 04:15:20.211,0.93319,0.93333,2.25,1.50
2013.06.25 04:15:23.089,0.93319,0.93333,2.44,1.50
2013.06.25 04:15:23.419,0.9332,0.93334,2.25,1.50
2013.06.25 04:15:23.543,0.93321,0.93334,2.25,1.50
2013.06.25 04:15:23.670,0.93319,0.93333,2.82,1.50
2013.06.25 04:15:23.729,0.93319,0.93333,2.82,1.50
2013.06.25 04:15:24.030,0.93317,0.93333,2.44,1.50
2013.06.25 04:15:24.150,0.93317,0.93333,3.19,1.88
2013.06.25 04:15:26.260,0.93317,0.93333,1.50,2.82
2013.06.25 04:15:28.710,0.93317,0.93333,1.50,2.82
2013.06.25 04:15:39.381,0.93317,0.93331,1.69,1.13
2013.06.25 04:15:39.740,0.93316,0.93332,3.19,1.69
2013.06.25 04:15:40.159,0.93316,0.93332,3.19,2.07
2013.06.25 04:15:48.352,0.93316,0.93329,2.44,1.13
2013.06.25 04:15:48.857,0.93316,0.93332,2.44,1.88
2013.06.25 04:15:49.399,0.93315,0.93332,4.50,2.82
2013.06.25 04:15:55.594,0.93316,0.93332,2.44,1.50
2013.06.25 04:15:59.739,0.93316,0.93332,1.50,1.50
2013.06.25 04:15:59.919,0.93315,0.93332,2.25,3.19
2013.06.25 04:15:59.979,0.93315,0.93331,1.50,1.69
2013.06.25 04:16:00.520,0.93314,0.9333,2.63,1.69
2013.06.25 04:16:02.859,0.93314,0.9333,2.63,1.69
2013.06.25 04:16:11.265,0.93314,0.93331,2.82,1.50
2013.06.25 04:16:11.516,0.93315,0.9333,1.69,1.13
2013.06.25 04:16:14.551,0.93314,0.93331,3.19,1.69
2013.06.25 04:16:14.612,0.93316,0.93332,1.69,1.32
2013.06.25 04:16:14.800,0.93318,0.93332,1.50,1.32
2013.06.25 04:16:15.100,0.93319,0.93332,1.50,1.32
2013.06.25 04:16:15.611,0.93318,0.93332,2.25,1.32
2013.06.25 04:16:16.659,0.93318,0.93332,2.25,1.13
2013.06.25 04:16:18.572,0.93318,0.93332,2.44,1.13
2013.06.25 04:16:24.699,0.93318,0.93332,2.44,1.13
2013.06.25 04:16:25.240,0.9332,0.93334,2.44,1.13
2013.06.25 04:16:26.110,0.93322,0.93334,1.69,1.13
2013.06.25 04:16:31.969,0.93321,0.93333,2.44,1.13
2013.06.25 04:16:36.489,0.93321,0.93333,2.44,1.13
2013.06.25 04:16:37.329,0.93321,0.93333,2.44,1.13
2013.06.25 04:16:46.132,0.93321,0.93333,2.44,1.13
2013.06.25 04:16:47.095,0.9332,0.93333,2.44,1.13
2013.06.25 04:16:48.630,0.9332,0.93333,1.69,1.13
2013.06.25 04:16:49.169,0.93318,0.93333,3.94,1.13
2013.06.25 04:16:51.549,0.93319,0.93333,1.69,1.13
2013.06.25 04:17:02.829,0.93319,0.93337,3.94,2.07
2013.06.25 04:17:03.009,0.93319,0.93336,4.32,1.50
2013.06.25 04:17:05.678,0.9332,0.93336,1.69,1.50
2013.06.25 04:17:06.920,0.93319,0.93336,3.57,1.50
2013.06.25 04:17:12.651,0.9332,0.93336,1.69,1.50
2013.06.25 04:17:15.740,0.93319,0.93336,4.32,1.50
2013.06.25 04:17:31.909,0.9332,0.93337,2.44,1.77
2013.06.25 04:17:33.029,0.9332,0.93337,2.44,1.69
2013.06.25 04:17:51.969,0.93319,0.93336,3.94,1.69
2013.06.25 04:17:58.300,0.93319,0.93336,3.94,1.50
2013.06.25 04:18:03.100,0.93319,0.93337,3.94,2.07
2013.06.25 04:18:10.100,0.93319,0.93337,3.94,2.07
2013.06.25 04:18:12.009,0.9332,0.93337,1.50,2.07
2013.06.25 04:18:14.619,0.9332,0.93337,1.50,3.57
2013.06.25 04:18:15.143,0.93319,0.93336,1.50,1.69
2013.06.25 04:18:15.680,0.93319,0.93336,1.69,1.69
2013.06.25 04:18:21.501,0.93319,0.93337,3.19,2.82
2013.06.25 04:18:34.440,0.93319,0.93337,3.94,2.07
2013.06.25 04:18:35.209,0.9332,0.93337,2.07,1.32
2013.06.25 04:18:43.689,0.9332,0.93337,2.07,2.07
2013.06.25 04:18:50.470,0.9332,0.93337,1.88,1.13
2013.06.25 04:18:51.939,0.9332,0.93337,1.88,1.39
2013.06.25 04:18:53.330,0.9332,0.93338,3.57,1.58
2013.06.25 04:18:53.869,0.93322,0.9334,1.69,2.52
2013.06.25 04:18:54.570,0.93322,0.9334,1.69,2.44
2013.06.25 04:18:56.069,0.93322,0.93339,2.44,1.69
2013.06.25 04:18:56.620,0.93323,0.93339,1.69,1.50
2013.06.25 04:19:01.929,0.93323,0.93339,1.69,1.58
2013.06.25 04:19:06.360,0.93322,0.93338,1.69,1.02
2013.06.25 04:19:06.913,0.93321,0.93338,2.44,1.77
2013.06.25 04:19:07.475,0.93322,0.93338,1.69,1.02
2013.06.25 04:19:11.949,0.93322,0.93338,1.50,1.02
2013.06.25 04:19:22.990,0.93322,0.93338,1.50,1.69
2013.06.25 04:19:35.730,0.93322,0.93339,1.69,2.44
2013.06.25 04:19:51.991,0.93322,0.93338,1.50,1.69
2013.06.25 04:19:55.699,0.93322,0.93338,1.50,1.69
2013.06.25 04:19:56.709,0.93322,0.9334,1.50,1.50
2013.06.25 04:20:01.645,0.93322,0.93339,1.69,1.50
2013.06.25 04:20:07.242,0.9332,0.93341,1.69,2.25
2013.06.25 04:20:10.119,0.9332,0.93341,2.44,3.00
2013.06.25 04:20:10.850,0.93323,0.9334,1.50,1.50
2013.06.25 04:20:15.731,0.93323,0.9334,1.50,1.50
2013.06.25 04:20:22.161,0.93323,0.93338,1.50,1.69
2013.06.25 04:20:25.482,0.93323,0.93341,1.50,2.44
2013.06.25 04:20:25.600,0.93323,0.9334,1.50,1.50
2013.06.25 04:20:28.039,0.93323,0.9334,1.50,1.69
2013.06.25 04:20:30.149,0.93322,0.93339,1.50,1.69
2013.06.25 04:20:38.094,0.93322,0.93339,1.50,1.69
2013.06.25 04:20:45.679,0.93322,0.93339,1.50,1.69
2013.06.25 04:20:57.261,0.93322,0.93339,1.69,1.50
2013.06.25 04:20:58.649,0.93322,0.9334,1.69,1.69
2013.06.25 04:21:01.650,0.9332,0.93339,3.19,3.19
2013.06.25 04:21:01.710,0.9332,0.93336,1.69,1.50
2013.06.25 04:21:02.259,0.9332,0.93336,2.44,1.50
2013.06.25 04:21:02.911,0.9332,0.93336,2.44,1.50
2013.06.25 04:21:05.242,0.9332,0.93336,1.69,1.50
2013.06.25 04:21:19.509,0.93319,0.93335,1.13,1.50
2013.06.25 04:21:19.569,0.93318,0.93334,1.69,1.50
2013.06.25 04:21:20.110,0.93318,0.93334,1.69,1.50
2013.06.25 04:21:20.710,0.93316,0.93333,3.57,2.44
2013.06.25 04:21:21.269,0.93317,0.93333,1.50,2.07
2013.06.25 04:21:21.829,0.93316,0.93333,3.94,2.82
2013.06.25 04:21:22.129,0.93316,0.93333,2.82,2.44
2013.06.25 04:21:22.490,0.93316,0.93332,2.44,1.32
2013.06.25 04:21:24.940,0.93316,0.93332,1.69,1.32
2013.06.25 04:21:25.311,0.93317,0.93332,1.50,1.32
2013.06.25 04:21:26.250,0.93317,0.93332,1.69,1.13
2013.06.25 04:21:26.809,0.93316,0.93332,1.69,1.13
2013.06.25 04:21:36.852,0.93316,0.93332,1.50,2.07
2013.06.25 04:21:38.690,0.93316,0.93332,1.69,1.13
2013.06.25 04:21:40.810,0.93317,0.93332,1.69,1.13
2013.06.25 04:21:42.140,0.93316,0.93332,1.69,1.13
2013.06.25 04:21:51.159,0.93317,0.93332,1.69,1.13
2013.06.25 04:21:51.790,0.93316,0.93332,1.69,1.32
2013.06.25 04:21:53.120,0.93317,0.93332,1.50,1.32
2013.06.25 04:21:53.621,0.93316,0.93332,1.69,1.32
2013.06.25 04:21:54.294,0.93317,0.93332,1.50,1.32
2013.06.25 04:22:26.512,0.93317,0.93333,1.50,1.39
2013.06.25 04:22:27.059,0.93317,0.93333,1.50,1.47
2013.06.25 04:22:37.072,0.93316,0.93333,1.69,1.47
2013.06.25 04:22:37.590,0.93315,0.93332,1.69,2.14
2013.06.25 04:22:41.641,0.93315,0.93332,1.69,1.95
2013.06.25 04:22:45.787,0.93314,0.93332,2.44,2.14
2013.06.25 04:22:47.153,0.93314,0.93331,1.69,1.50
2013.06.25 04:22:48.840,0.93315,0.93333,3.94,2.44
2013.06.25 04:22:48.961,0.93316,0.93333,1.69,1.50
2013.06.25 04:22:49.080,0.93317,0.93334,2.44,1.50
2013.06.25 04:22:49.380,0.93317,0.93333,2.44,1.13
2013.06.25 04:22:52.841,0.93317,0.93333,1.69,1.32
2013.06.25 04:22:58.970,0.93316,0.93332,1.69,1.50
2013.06.25 04:22:59.269,0.93314,0.93331,2.82,1.50
2013.06.25 04:22:59.450,0.93316,0.93333,1.50,2.82
2013.06.25 04:22:59.997,0.93315,0.93332,1.69,1.69
2013.06.25 04:23:28.810,0.93314,0.9333,2.07,1.50
2013.06.25 04:23:31.140,0.93314,0.93331,2.82,1.50
2013.06.25 04:23:33.450,0.93314,0.93331,1.88,1.69
2013.06.25 04:23:33.809,0.93313,0.93329,1.69,3.60
2013.06.25 04:23:33.989,0.93308,0.93325,3.57,1.50
2013.06.25 04:23:34.529,0.93308,0.93325,3.57,2.25
2013.06.25 04:23:37.585,0.93308,0.93324,3.57,1.50
2013.06.25 04:23:40.821,0.93308,0.93324,3.57,1.50
2013.06.25 04:23:41.820,0.93308,0.93324,3.57,1.50
2013.06.25 04:23:42.059,0.93308,0.93325,5.82,2.44
2013.06.25 04:23:42.180,0.9331,0.93325,1.32,1.50
2013.06.25 04:23:42.539,0.93314,0.93325,1.32,1.50
2013.06.25 04:23:42.839,0.93314,0.93327,1.32,1.50
2013.06.25 04:23:43.440,0.93314,0.9333,1.32,2.25
2013.06.25 04:23:45.554,0.93313,0.9333,1.32,2.44
2013.06.25 04:23:51.941,0.93313,0.9333,2.07,2.25
2013.06.25 04:23:57.971,0.93313,0.9333,2.07,2.44
2013.06.25 04:23:58.512,0.93313,0.93329,2.07,1.50
2013.06.25 04:24:00.106,0.93313,0.93329,2.07,1.50
2013.06.25 04:24:11.830,0.93313,0.93329,2.07,1.50
2013.06.25 04:24:12.012,0.93313,0.93329,1.69,1.50
2013.06.25 04:24:12.601,0.93311,0.93327,2.07,1.50
2013.06.25 04:24:14.290,0.93311,0.93327,2.07,1.50
2013.06.25 04:24:15.390,0.93311,0.93327,2.82,1.50
2013.06.25 04:24:35.144,0.93311,0.93328,2.07,2.25
2013.06.25 04:24:35.689,0.93309,0.93326,2.82,1.50
2013.06.25 04:24:37.950,0.93309,0.93326,2.82,1.50
2013.06.25 04:24:40.389,0.93311,0.93326,1.13,1.50
2013.06.25 04:24:41.562,0.93311,0.93326,1.32,1.50
2013.06.25 04:24:44.129,0.9331,0.93324,1.32,1.50
2013.06.25 04:24:44.631,0.9331,0.93324,1.32,1.50
2013.06.25 04:24:44.900,0.9331,0.93324,2.07,1.50
2013.06.25 04:24:45.140,0.9331,0.93325,2.07,2.25
2013.06.25 04:24:45.543,0.93311,0.93325,2.07,1.50
2013.06.25 04:24:45.790,0.93311,0.93327,2.07,2.25
2013.06.25 04:24:46.210,0.93311,0.93327,2.07,1.50
2013.06.25 04:24:50.491,0.9331,0.93327,3.00,1.50
2013.06.25 04:24:50.611,0.93312,0.9333,1.50,1.69
2013.06.25 04:24:50.851,0.93313,0.9333,2.07,1.69
2013.06.25 04:24:53.590,0.93314,0.9333,1.32,1.69
2013.06.25 04:24:54.760,0.93314,0.9333,1.13,2.44
2013.06.25 04:24:59.581,0.93313,0.93329,1.50,2.07
2013.06.25 04:25:04.091,0.93313,0.93329,1.69,2.07
2013.06.25 04:25:20.529,0.93315,0.93329,1.50,1.69
2013.06.25 04:25:20.770,0.93315,0.93331,1.50,1.77
2013.06.25 04:25:24.512,0.93321,0.93332,1.50,3.19
2013.06.25 04:25:24.631,0.93318,0.93333,3.19,1.13
2013.06.25 04:25:24.751,0.93318,0.93334,1.44,1.69
2013.06.25 04:25:25.284,0.93322,0.93337,1.29,2.82
2013.06.25 04:25:25.830,0.93322,0.93337,1.29,1.09
2013.06.25 04:25:26.010,0.93322,0.93338,1.29,1.47
2013.06.25 04:25:26.250,0.93324,0.9334,1.47,1.32
2013.06.25 04:25:26.833,0.93325,0.93341,1.50,1.32
2013.06.25 04:25:28.920,0.93325,0.93341,1.50,1.32
2013.06.25 04:25:30.482,0.93326,0.9334,1.50,1.32
2013.06.25 04:25:31.091,0.93325,0.9334,1.50,1.32
2013.06.25 04:25:33.722,0.93325,0.9334,1.50,1.32
2013.06.25 04:25:41.746,0.93324,0.93339,1.69,1.13
2013.06.25 04:25:50.571,0.93323,0.93338,2.44,2.63
2013.06.25 04:26:04.252,0.93323,0.93338,2.44,2.63
2013.06.25 04:26:11.481,0.93323,0.93338,2.44,2.63
2013.06.25 04:26:27.823,0.93323,0.93338,3.19,2.63
2013.06.25 04:26:37.991,0.93325,0.93338,1.69,1.88
2013.06.25 04:26:38.111,0.93325,0.93339,2.44,2.25
2013.06.25 04:26:39.071,0.93326,0.9334,1.69,1.50
2013.06.25 04:26:39.681,0.93327,0.9334,2.73,1.50
2013.06.25 04:26:40.041,0.93333,0.93341,2.07,1.50
2013.06.25 04:26:40.220,0.93334,0.93342,1.13,1.50
2013.06.25 04:26:40.782,0.93334,0.93342,1.13,1.50
2013.06.25 04:26:41.173,0.93334,0.93344,1.13,1.50
2013.06.25 04:26:41.924,0.93335,0.93344,1.32,1.50
2013.06.25 04:26:42.513,0.93334,0.93349,2.07,1.50
2013.06.25 04:26:42.574,0.93334,0.93349,2.07,1.50
2013.06.25 04:26:42.700,0.93334,0.93349,1.13,2.63
2013.06.25 04:26:42.820,0.93333,0.93348,3.00,1.13
2013.06.25 04:26:42.941,0.93333,0.93348,1.50,1.50
2013.06.25 04:26:43.121,0.93333,0.93348,1.50,1.50
2013.06.25 04:26:43.904,0.93333,0.93349,3.00,1.13
2013.06.25 04:26:43.974,0.93334,0.93349,1.50,1.13
2013.06.25 04:26:54.371,0.93333,0.93346,1.50,1.69
2013.06.25 04:26:59.690,0.93332,0.93347,1.50,1.69
2013.06.25 04:27:03.401,0.93332,0.93346,1.50,1.69
2013.06.25 04:27:03.821,0.93332,0.93349,2.25,2.44
2013.06.25 04:27:06.124,0.93333,0.93348,2.44,1.50
2013.06.25 04:27:06.671,0.93333,0.93347,1.50,1.50
2013.06.25 04:27:10.111,0.93335,0.93348,1.50,1.50
2013.06.25 04:27:10.231,0.93335,0.9335,1.50,2.07
2013.06.25 04:27:10.770,0.93335,0.93351,2.25,2.44
2013.06.25 04:27:12.630,0.93335,0.93351,2.44,1.50
2013.06.25 04:27:13.231,0.93337,0.93352,1.50,2.07
2013.06.25 04:27:13.844,0.93337,0.93352,1.50,2.07
2013.06.25 04:27:14.760,0.93337,0.93352,1.50,2.07
2013.06.25 04:27:15.270,0.93337,0.93352,1.50,2.07
2013.06.25 04:27:22.534,0.93339,0.93352,1.50,1.13
2013.06.25 04:27:24.773,0.9334,0.93353,1.50,1.88
2013.06.25 04:27:26.682,0.9334,0.93354,1.50,1.88
2013.06.25 04:27:53.104,0.93338,0.93354,2.44,1.88
2013.06.25 04:27:53.699,0.93338,0.93354,2.44,1.88
2013.06.25 04:27:54.581,0.93338,0.93354,2.44,1.88
2013.06.25 04:28:01.214,0.93339,0.93354,1.69,1.88
2013.06.25 04:28:02.543,0.93338,0.93354,2.44,1.88
2013.06.25 04:28:02.611,0.9334,0.93356,1.69,1.50
2013.06.25 04:28:02.734,0.93341,0.93357,2.44,1.50
2013.06.25 04:28:02.801,0.93342,0.93359,1.69,1.50
2013.06.25 04:28:02.861,0.93343,0.93359,1.69,1.50
2013.06.25 04:28:03.161,0.93342,0.93359,1.69,1.50
2013.06.25 04:28:03.581,0.93343,0.93359,2.82,1.50
2013.06.25 04:28:18.931,0.93347,0.93359,1.32,1.50
2013.06.25 04:28:21.820,0.93344,0.93359,2.07,1.88
2013.06.25 04:28:22.001,0.93343,0.93358,2.07,1.50
2013.06.25 04:28:25.850,0.93343,0.93358,1.32,1.50
2013.06.25 04:28:26.370,0.93343,0.93358,1.32,2.25
2013.06.25 04:28:29.371,0.93343,0.93358,1.32,1.50
2013.06.25 04:28:31.741,0.93343,0.93358,1.32,1.50
2013.06.25 04:28:38.401,0.93343,0.93358,2.07,2.25
2013.06.25 04:28:40.530,0.93343,0.93358,2.07,2.25
2013.06.25 04:28:43.842,0.93343,0.93358,3.30,2.25
2013.06.25 04:28:44.395,0.93344,0.93359,1.24,3.57
2013.06.25 04:28:44.721,0.93344,0.93359,1.17,3.57
2013.06.25 04:28:44.921,0.93344,0.93359,1.13,3.57
2013.06.25 04:28:45.051,0.93344,0.93359,1.24,3.57
2013.06.25 04:28:45.641,0.93344,0.93359,1.24,3.57
2013.06.25 04:28:46.223,0.93343,0.93359,1.62,3.57
2013.06.25 04:28:49.702,0.93344,0.93359,2.37,3.57
2013.06.25 04:28:49.762,0.93344,0.93359,2.25,3.57
2013.06.25 04:28:59.930,0.93344,0.93359,3.38,2.44
2013.06.25 04:29:00.052,0.93344,0.93359,3.00,1.69
2013.06.25 04:29:01.242,0.93344,0.93359,2.25,1.69
2013.06.25 04:29:09.681,0.93344,0.9336,2.25,3.19
2013.06.25 04:29:10.222,0.93344,0.93359,2.25,1.69
2013.06.25 04:29:15.120,0.93345,0.9336,2.44,1.50
2013.06.25 04:29:18.182,0.93346,0.9336,1.13,1.50
2013.06.25 04:29:20.510,0.93345,0.9336,1.69,4.50
2013.06.25 04:29:21.532,0.93345,0.9336,2.44,3.75
2013.06.25 04:29:22.081,0.93344,0.9336,2.82,3.75
2013.06.25 04:29:29.782,0.93344,0.9336,2.44,3.75
2013.06.25 04:29:32.344,0.93344,0.9336,2.44,3.75
2013.06.25 04:29:33.040,0.93345,0.9336,1.69,3.75
2013.06.25 04:29:33.580,0.93344,0.93359,3.94,1.13
2013.06.25 04:29:36.970,0.93345,0.9336,1.69,1.13
2013.06.25 04:29:37.510,0.93345,0.93361,2.44,1.50
2013.06.25 04:29:39.132,0.93346,0.93361,1.32,1.50
2013.06.25 04:29:47.100,0.93346,0.9336,1.69,1.50
2013.06.25 04:29:49.473,0.93345,0.93359,1.69,2.25
2013.06.25 04:30:02.190,0.93344,0.93359,2.44,3.00
2013.06.25 04:30:02.631,0.93344,0.93357,1.50,1.50
2013.06.25 04:30:03.151,0.93344,0.93357,1.50,1.50
2013.06.25 04:30:03.811,0.93343,0.93357,1.69,1.50
2013.06.25 04:30:04.361,0.93343,0.93356,2.44,1.50
2013.06.25 04:30:19.185,0.93343,0.93357,2.82,1.50
2013.06.25 04:30:23.116,0.93344,0.93358,1.32,1.50
2013.06.25 04:30:35.132,0.93343,0.93357,1.69,1.50
2013.06.25 04:30:35.493,0.93343,0.93356,1.50,2.25
2013.06.25 04:30:36.473,0.93343,0.93355,1.50,2.25
2013.06.25 04:30:37.011,0.93343,0.93354,2.25,1.50
2013.06.25 04:30:37.594,0.93343,0.93356,2.25,1.50
2013.06.25 04:30:38.502,0.93341,0.93357,2.82,2.44
2013.06.25 04:30:43.272,0.93343,0.93358,2.44,1.50
2013.06.25 04:31:02.022,0.93343,0.93359,2.44,1.69
2013.06.25 04:31:02.801,0.93343,0.93357,1.50,1.88
2013.06.25 04:31:04.052,0.9334,0.93357,3.19,1.88
2013.06.25 04:31:05.322,0.93341,0.93357,1.69,1.88
2013.06.25 04:31:08.431,0.93341,0.93357,3.19,1.50
2013.06.25 04:31:14.171,0.93343,0.93358,1.32,2.25
2013.06.25 04:31:15.781,0.93343,0.93358,2.82,1.50
2013.06.25 04:31:22.170,0.93347,0.93359,1.91,1.69
2013.06.25 04:31:22.350,0.93346,0.93362,1.69,1.88
2013.06.25 04:31:22.711,0.93347,0.93365,1.69,3.57
2013.06.25 04:31:22.831,0.93348,0.93365,1.50,3.19
2013.06.25 04:31:26.442,0.93349,0.93365,2.07,2.44
2013.06.25 04:31:33.664,0.93349,0.93364,1.50,1.69
2013.06.25 04:31:35.441,0.93346,0.93362,3.19,1.88
2013.06.25 04:31:35.691,0.93346,0.93362,3.19,1.88
2013.06.25 04:31:36.232,0.93346,0.93362,2.25,2.82
2013.06.25 04:31:37.451,0.93346,0.93362,3.00,2.82
2013.06.25 04:31:45.651,0.93347,0.93362,1.88,1.69
2013.06.25 04:31:46.012,0.93352,0.93362,2.25,1.13
2013.06.25 04:31:46.661,0.93346,0.93362,3.94,1.88
2013.06.25 04:31:52.541,0.93346,0.93362,3.19,1.88
2013.06.25 04:32:00.302,0.93346,0.93362,3.94,1.88
2013.06.25 04:32:02.082,0.93346,0.93362,3.94,1.88
2013.06.25 04:32:13.001,0.93346,0.93362,3.94,1.88
2013.06.25 04:32:36.711,0.93346,0.93361,2.44,1.50
2013.06.25 04:32:37.251,0.93346,0.93359,1.50,2.25
2013.06.25 04:32:39.051,0.93343,0.93359,1.69,2.25
2013.06.25 04:32:39.562,0.93343,0.93358,1.50,1.69
2013.06.25 04:32:40.645,0.93343,0.93358,2.25,1.69
2013.06.25 04:32:56.622,0.93344,0.9336,1.50,1.69
2013.06.25 04:32:57.161,0.93346,0.9336,1.13,1.69
2013.06.25 04:33:07.651,0.93347,0.93362,1.50,1.32
2013.06.25 04:33:07.771,0.93348,0.93362,1.50,1.32
2013.06.25 04:33:07.831,0.93348,0.93362,1.50,1.32
2013.06.25 04:33:08.462,0.93349,0.93362,2.25,1.32
2013.06.25 04:33:10.851,0.93348,0.93362,1.50,1.32
2013.06.25 04:33:13.342,0.93348,0.93363,1.50,1.32
2013.06.25 04:33:16.731,0.93349,0.93364,1.50,2.07
2013.06.25 04:33:18.200,0.93349,0.93364,1.50,1.32
2013.06.25 04:33:19.172,0.93349,0.93364,1.50,1.32
2013.06.25 04:33:29.522,0.9335,0.93365,2.25,1.69
2013.06.25 04:33:30.061,0.93348,0.93364,1.69,1.50
2013.06.25 04:33:40.411,0.93348,0.93363,1.50,1.32
2013.06.25 04:33:42.171,0.93348,0.93362,1.50,1.88
2013.06.25 04:33:42.712,0.93348,0.93362,1.50,2.07
2013.06.25 04:33:43.671,0.93348,0.93362,2.25,1.13
2013.06.25 04:34:22.181,0.93346,0.93362,2.44,2.63
2013.06.25 04:34:22.482,0.93346,0.93362,2.44,2.70
2013.06.25 04:34:26.131,0.93345,0.93361,2.44,1.58
2013.06.25 04:34:27.961,0.93344,0.93361,3.19,2.44
2013.06.25 04:34:28.381,0.93344,0.9336,2.25,2.44
2013.06.25 04:34:45.752,0.93344,0.9336,2.44,2.44
2013.06.25 04:34:59.411,0.93344,0.93359,2.25,1.32
2013.06.25 04:35:11.019,0.93344,0.93359,2.25,1.32
2013.06.25 04:35:24.947,0.93344,0.9336,2.25,3.94
2013.06.25 04:35:25.372,0.93344,0.9336,1.13,3.94
2013.06.25 04:35:25.971,0.93343,0.93358,2.25,2.44
2013.06.25 04:35:27.372,0.93343,0.93358,1.50,4.69
2013.06.25 04:35:27.955,0.93341,0.93358,3.00,4.69
2013.06.25 04:35:28.201,0.93341,0.93357,3.00,1.69
2013.06.25 04:35:39.161,0.93344,0.93357,1.50,1.69
2013.06.25 04:35:46.081,0.93344,0.93358,1.50,3.19
2013.06.25 04:35:53.671,0.93345,0.93358,1.50,1.13
2013.06.25 04:35:53.981,0.93346,0.93362,2.29,2.82
2013.06.25 04:35:54.161,0.93347,0.93361,1.50,2.07
2013.06.25 04:35:54.282,0.93346,0.93362,3.08,5.07
2013.06.25 04:35:54.581,0.93346,0.93361,2.25,1.69
2013.06.25 04:35:56.592,0.93347,0.93362,1.50,3.57
2013.06.25 04:36:00.440,0.93347,0.93362,1.50,2.07
2013.06.25 04:36:08.411,0.93347,0.93362,1.50,2.07
2013.06.25 04:36:08.712,0.93349,0.93362,1.50,2.07
2013.06.25 04:36:09.132,0.93349,0.93364,1.50,3.19
2013.06.25 04:36:09.372,0.93349,0.93362,1.50,1.13
2013.06.25 04:36:09.614,0.93351,0.93364,1.20,3.19
2013.06.25 04:36:10.494,0.93352,0.93365,1.13,1.69
2013.06.25 04:36:11.581,0.93352,0.93365,1.13,1.69
2013.06.25 04:36:12.124,0.93352,0.93365,1.13,1.69
2013.06.25 04:36:20.352,0.9335,0.93364,1.13,2.07
2013.06.25 04:36:20.531,0.93348,0.93364,1.50,2.82
2013.06.25 04:36:53.492,0.93345,0.93362,3.19,2.82
2013.06.25 04:36:53.551,0.93345,0.93361,3.19,1.69
2013.06.25 04:36:54.958,0.93345,0.93361,3.19,1.69
2013.06.25 04:37:03.911,0.93347,0.93362,1.50,2.07
2013.06.25 04:37:09.113,0.93346,0.93362,2.25,2.07
2013.06.25 04:37:09.443,0.93347,0.93362,1.50,2.07
2013.06.25 04:37:11.181,0.93347,0.93363,1.50,1.69
2013.06.25 04:37:12.401,0.93347,0.93362,1.50,1.02
2013.06.25 04:37:27.421,0.93347,0.93362,1.50,1.02
2013.06.25 04:37:28.664,0.93347,0.93363,1.69,1.77
2013.06.25 04:37:29.197,0.93347,0.93363,1.69,1.69
2013.06.25 04:37:53.953,0.93348,0.93363,1.50,1.65
2013.06.25 04:37:54.372,0.93347,0.93362,2.25,2.63
2013.06.25 04:37:54.671,0.93345,0.93361,3.94,1.13
2013.06.25 04:37:56.823,0.93346,0.9336,1.50,1.50
2013.06.25 04:37:58.292,0.93346,0.93362,1.88,3.94
2013.06.25 04:37:58.831,0.93347,0.93363,1.50,2.44
2013.06.25 04:38:01.054,0.93347,0.93363,1.50,2.59
2013.06.25 04:38:01.603,0.93345,0.93362,3.94,2.82
2013.06.25 04:38:02.110,0.93345,0.93361,2.44,2.44
2013.06.25 04:38:06.411,0.93345,0.93361,1.50,3.19
2013.06.25 04:38:12.742,0.93346,0.93362,1.50,3.57
2013.06.25 04:38:13.566,0.93349,0.93362,1.50,3.57
2013.06.25 04:38:13.634,0.93349,0.93364,2.25,1.69
2013.06.25 04:38:13.703,0.93349,0.93367,3.19,1.69
2013.06.25 04:38:13.822,0.93352,0.93369,1.50,1.69
2013.06.25 04:38:14.422,0.93352,0.93369,1.69,1.32
2013.06.25 04:38:19.279,0.93353,0.93369,1.69,2.07
2013.06.25 04:38:38.231,0.93355,0.93369,1.50,1.50
2013.06.25 04:38:38.292,0.93357,0.9337,1.13,1.69
2013.06.25 04:38:38.471,0.93357,0.93374,2.58,2.44
2013.06.25 04:38:38.592,0.9336,0.93377,1.50,1.69
2013.06.25 04:38:39.761,0.93361,0.93377,1.50,2.44
2013.06.25 04:38:42.862,0.9336,0.93377,2.25,2.44
2013.06.25 04:38:43.251,0.9336,0.93377,2.25,2.44
2013.06.25 04:38:43.932,0.9336,0.93376,2.25,1.69
2013.06.25 04:38:44.372,0.9336,0.93376,1.13,3.94
2013.06.25 04:38:44.674,0.93359,0.93375,2.25,1.32
2013.06.25 04:38:44.792,0.93357,0.93373,2.25,1.13
2013.06.25 04:38:45.272,0.93358,0.93374,1.50,1.50
2013.06.25 04:38:45.821,0.93358,0.93375,1.50,3.19
2013.06.25 04:38:46.362,0.93359,0.93375,1.50,2.44
2013.06.25 04:38:48.881,0.93359,0.93374,2.25,2.44
2013.06.25 04:38:50.842,0.93359,0.93374,2.25,2.59
2013.06.25 04:38:50.903,0.93359,0.93373,1.50,1.13
2013.06.25 04:38:51.502,0.93359,0.93372,1.50,2.97
2013.06.25 04:38:51.562,0.93355,0.93372,1.32,4.47
2013.06.25 04:38:51.621,0.93354,0.93371,2.82,3.38
2013.06.25 04:38:51.922,0.93353,0.93369,2.25,2.44
2013.06.25 04:38:51.982,0.93353,0.93368,2.25,1.13
2013.06.25 04:38:53.393,0.93351,0.93368,1.88,1.50
2013.06.25 04:38:53.953,0.93351,0.93368,1.88,1.69
2013.06.25 04:38:56.303,0.93352,0.93368,1.50,1.69
2013.06.25 04:38:56.363,0.93353,0.93369,1.13,1.50
2013.06.25 04:38:56.543,0.93355,0.9337,1.13,1.69
2013.06.25 04:38:56.903,0.93355,0.93372,2.25,1.32
2013.06.25 04:38:57.452,0.93356,0.93373,1.88,1.69
2013.06.25 04:38:59.622,0.93357,0.93373,1.50,1.69
2013.06.25 04:39:01.142,0.93356,0.93372,1.88,1.69
2013.06.25 04:39:01.824,0.93356,0.93372,1.88,1.69
2013.06.25 04:39:02.105,0.93356,0.93372,1.88,2.44
2013.06.25 04:39:03.812,0.93357,0.93373,1.50,1.50
2013.06.25 04:39:04.172,0.9336,0.93377,1.50,2.07
2013.06.25 04:39:04.737,0.93359,0.93377,2.25,2.82
2013.06.25 04:39:06.243,0.9336,0.93377,2.25,2.44
2013.06.25 04:39:07.652,0.93361,0.93377,1.50,1.69
2013.06.25 04:39:08.864,0.93361,0.93377,1.50,1.69
2013.06.25 04:39:09.172,0.93361,0.93378,1.69,1.69
2013.06.25 04:39:09.721,0.93361,0.93378,1.69,1.69
2013.06.25 04:39:10.542,0.93363,0.93379,1.50,2.82
2013.06.25 04:39:11.453,0.93363,0.93379,1.50,2.07
2013.06.25 04:39:12.553,0.93363,0.93379,1.50,2.82
2013.06.25 04:39:13.181,0.93363,0.93379,1.69,2.07
2013.06.25 04:39:31.142,0.93364,0.93379,1.50,2.07
2013.06.25 04:39:43.474,0.93364,0.93379,1.50,2.07
2013.06.25 04:39:50.267,0.93365,0.93381,2.99,1.69
2013.06.25 04:39:50.334,0.93366,0.93382,2.25,4.32
2013.06.25 04:39:50.692,0.93366,0.93381,2.25,1.32
2013.06.25 04:39:51.994,0.93367,0.93381,1.50,2.07
2013.06.25 04:39:52.202,0.93366,0.93382,2.25,2.82
2013.06.25 04:39:52.747,0.93366,0.93382,1.50,2.82
2013.06.25 04:39:53.472,0.93366,0.93381,1.50,1.69
2013.06.25 04:40:11.556,0.93365,0.93381,1.69,1.65
2013.06.25 04:40:11.743,0.93364,0.93381,1.50,7.84
2013.06.25 04:40:12.044,0.9336,0.93376,3.19,1.13
2013.06.25 04:40:12.593,0.93359,0.93376,2.82,1.69
2013.06.25 04:40:12.952,0.93364,0.93378,1.50,4.32
2013.06.25 04:40:13.193,0.93365,0.93378,1.50,1.32
2013.06.25 04:40:13.252,0.93362,0.93378,2.25,2.82
2013.06.25 04:40:13.552,0.93359,0.93376,1.88,2.44
2013.06.25 04:40:13.853,0.93358,0.93374,1.69,1.13
2013.06.25 04:40:13.972,0.93358,0.93375,1.69,2.07
2013.06.25 04:40:16.142,0.93358,0.93375,1.50,2.82
2013.06.25 04:40:19.900,0.93359,0.93374,1.50,2.44
2013.06.25 04:40:20.917,0.93359,0.93373,1.50,1.69
2013.06.25 04:40:22.563,0.93357,0.93373,1.50,2.22
2013.06.25 04:40:22.632,0.93357,0.93371,1.50,3.94
2013.06.25 04:40:22.692,0.93352,0.93369,2.25,2.44
2013.06.25 04:40:22.812,0.93351,0.93367,1.50,1.69
2013.06.25 04:40:23.352,0.93351,0.93366,1.13,2.44
2013.06.25 04:40:31.232,0.93351,0.93365,1.13,2.25
2013.06.25 04:40:31.352,0.93348,0.93365,2.07,2.25
2013.06.25 04:40:32.076,0.93349,0.93365,1.69,1.50
2013.06.25 04:40:32.693,0.93348,0.93365,2.07,2.25
2013.06.25 04:40:37.514,0.93348,0.93365,2.07,1.69
2013.06.25 04:40:38.025,0.93351,0.93365,1.50,1.69
2013.06.25 04:40:40.172,0.93351,0.93366,1.50,2.44
2013.06.25 04:40:44.972,0.93351,0.93366,1.50,2.44
2013.06.25 04:40:45.153,0.93351,0.93364,1.50,1.13
2013.06.25 04:40:45.272,0.93349,0.93362,1.50,1.13
2013.06.25 04:40:45.832,0.9335,0.93363,1.50,2.44
2013.06.25 04:40:46.861,0.9335,0.93363,1.50,1.69
2013.06.25 04:40:47.601,0.9335,0.93363,1.50,2.07
2013.06.25 04:40:48.142,0.93349,0.93362,1.50,1.13
2013.06.25 04:40:50.632,0.9335,0.93363,1.88,1.69
2013.06.25 04:40:55.102,0.9335,0.93363,1.50,2.44
2013.06.25 04:40:55.282,0.93348,0.93364,2.25,3.19
2013.06.25 04:40:55.523,0.93348,0.93362,1.50,1.32
2013.06.25 04:40:56.063,0.93346,0.9336,1.50,1.69
2013.06.25 04:40:58.282,0.93348,0.9336,1.50,1.69
2013.06.25 04:40:58.792,0.93349,0.93361,1.50,1.69
2013.06.25 04:40:59.573,0.93349,0.93363,1.13,2.44
2013.06.25 04:40:59.928,0.93351,0.93366,1.13,2.44
2013.06.25 04:41:00.114,0.93349,0.93364,1.88,1.69
2013.06.25 04:41:01.224,0.93349,0.93366,2.63,2.44
2013.06.25 04:41:02.523,0.93349,0.93365,1.88,2.44
2013.06.25 04:41:03.072,0.93351,0.93365,1.88,1.69
2013.06.25 04:41:10.452,0.93348,0.93365,1.69,3.19
2013.06.25 04:41:10.512,0.93349,0.93363,1.88,1.32
2013.06.25 04:41:11.059,0.93347,0.93361,2.44,1.50
2013.06.25 04:41:11.126,0.93347,0.93364,2.44,2.44
2013.06.25 04:41:11.724,0.93347,0.93364,2.44,2.44
2013.06.25 04:41:12.892,0.93346,0.93362,2.07,2.25
2013.06.25 04:41:13.013,0.93344,0.93359,1.50,1.32
2013.06.25 04:41:13.552,0.93342,0.93357,1.69,2.25
2013.06.25 04:41:15.192,0.93341,0.93356,2.44,2.25
2013.06.25 04:41:15.312,0.93342,0.93358,1.69,1.69
2013.06.25 04:41:15.372,0.93346,0.93358,1.50,1.69
2013.06.25 04:41:15.672,0.93348,0.9336,1.50,2.44
2013.06.25 04:41:17.727,0.93348,0.93361,1.50,2.82
2013.06.25 04:41:18.582,0.93343,0.93356,2.07,1.50
2013.06.25 04:41:18.702,0.9334,0.93353,1.69,1.50
2013.06.25 04:41:18.762,0.93339,0.93353,5.05,1.50
2013.06.25 04:41:19.003,0.93337,0.93353,2.03,2.44
2013.06.25 04:41:19.362,0.93336,0.93351,1.13,2.25
2013.06.25 04:41:20.013,0.93335,0.93351,1.88,3.19
2013.06.25 04:41:20.382,0.93335,0.9335,1.88,1.69
2013.06.25 04:41:20.913,0.93335,0.9335,1.88,1.69
2013.06.25 04:41:26.422,0.93339,0.93351,2.25,3.19
2013.06.25 04:41:26.482,0.93339,0.93351,2.25,2.25
2013.06.25 04:41:26.603,0.93342,0.93351,1.50,2.25
2013.06.25 04:41:26.722,0.93344,0.93354,1.50,1.50
2013.06.25 04:41:26.962,0.93348,0.9336,1.13,1.50
2013.06.25 04:41:27.024,0.9335,0.93362,1.13,1.69
2013.06.25 04:41:27.083,0.9335,0.93362,1.13,1.69
2013.06.25 04:41:27.325,0.93352,0.93362,1.50,1.50
2013.06.25 04:41:27.632,0.93351,0.93364,1.69,1.50
2013.06.25 04:41:27.692,0.93353,0.93364,1.69,1.50
2013.06.25 04:41:28.232,0.93353,0.93369,1.32,1.69
2013.06.25 04:41:28.292,0.93353,0.93369,1.32,1.69
2013.06.25 04:41:28.835,0.93354,0.93371,1.50,2.82
2013.06.25 04:41:29.823,0.93354,0.9337,1.50,1.69
2013.06.25 04:41:30.124,0.9335,0.93361,1.50,1.69
2013.06.25 04:41:30.253,0.93341,0.93355,1.50,1.50
2013.06.25 04:41:30.672,0.9334,0.93355,1.88,1.50
2013.06.25 04:41:31.222,0.93343,0.93355,1.13,1.50
2013.06.25 04:41:32.902,0.93342,0.93354,1.88,1.69
2013.06.25 04:41:33.083,0.93346,0.93361,1.32,2.25
2013.06.25 04:41:33.142,0.93348,0.93361,1.13,1.50
2013.06.25 04:41:33.322,0.9335,0.93366,1.88,1.50
2013.06.25 04:41:37.583,0.93351,0.93366,1.50,1.69
2013.06.25 04:41:38.122,0.93351,0.93366,1.50,1.69
2013.06.25 04:41:40.833,0.93351,0.93366,1.50,1.69
2013.06.25 04:41:43.143,0.93354,0.93367,1.50,1.69
2013.06.25 04:41:43.674,0.93354,0.93369,1.50,2.82
2013.06.25 04:41:46.443,0.93353,0.93368,1.88,1.69
2013.06.25 04:41:50.136,0.93353,0.93368,1.50,2.07
2013.06.25 04:41:50.262,0.93354,0.93368,1.50,1.69
2013.06.25 04:41:56.274,0.93354,0.93369,1.50,3.19
2013.06.25 04:41:58.893,0.93356,0.93371,1.50,2.44
2013.06.25 04:41:59.194,0.93356,0.93373,2.44,1.69
2013.06.25 04:42:02.324,0.93358,0.93373,1.50,1.69
2013.06.25 04:42:03.542,0.93358,0.93373,1.50,1.69
2013.06.25 04:42:06.872,0.93357,0.93372,1.69,1.50
2013.06.25 04:42:10.183,0.93358,0.93372,1.50,1.50
2013.06.25 04:42:11.494,0.93357,0.93373,1.69,2.44
2013.06.25 04:42:11.553,0.93355,0.93369,3.38,1.69
2013.06.25 04:42:12.075,0.93355,0.93369,2.63,1.69
2013.06.25 04:42:12.195,0.93355,0.93369,1.88,1.69
2013.06.25 04:42:12.753,0.93353,0.93369,3.00,4.32
2013.06.25 04:42:13.053,0.93354,0.93366,1.50,2.44
2013.06.25 04:42:13.593,0.93353,0.93365,2.25,2.44
2013.06.25 04:42:14.933,0.93353,0.93365,1.50,3.00
2013.06.25 04:42:15.473,0.93353,0.93364,1.50,2.25
2013.06.25 04:42:16.285,0.93353,0.93364,1.50,1.50
2013.06.25 04:42:16.403,0.93353,0.93369,1.50,2.82
2013.06.25 04:42:16.464,0.93356,0.93369,1.50,3.57
2013.06.25 04:42:16.643,0.93356,0.93371,1.50,2.44
2013.06.25 04:42:17.183,0.93357,0.93372,1.50,2.07
2013.06.25 04:42:19.864,0.93355,0.93371,2.44,1.69
2013.06.25 04:42:20.408,0.93354,0.93367,1.50,1.69
2013.06.25 04:42:24.654,0.93357,0.93367,1.50,1.69
2013.06.25 04:42:40.733,0.93354,0.93367,2.25,3.19
2013.06.25 04:42:42.214,0.93353,0.93367,2.25,3.19
2013.06.25 04:42:59.673,0.93353,0.93365,2.25,3.00
2013.06.25 04:43:04.652,0.93353,0.93365,1.50,1.50
2013.06.25 04:43:14.903,0.93353,0.93365,1.50,1.50
2013.06.25 04:43:16.934,0.93352,0.93364,1.50,2.25
2013.06.25 04:43:19.023,0.93351,0.93363,1.50,2.25
2013.06.25 04:43:19.143,0.93348,0.93363,3.03,2.25
2013.06.25 04:43:19.323,0.93351,0.93364,1.13,2.25
2013.06.25 04:43:19.563,0.93351,0.93364,1.13,2.25
2013.06.25 04:43:19.623,0.93351,0.93364,1.13,2.25
2013.06.25 04:43:20.413,0.93351,0.93364,1.13,2.25
2013.06.25 04:43:20.633,0.93351,0.93365,1.13,3.75
2013.06.25 04:43:26.158,0.93351,0.93365,1.88,4.69
2013.06.25 04:43:27.293,0.93351,0.93365,1.88,3.94
2013.06.25 04:43:36.705,0.93351,0.93365,1.13,4.69
2013.06.25 04:43:38.807,0.93351,0.93365,1.13,4.50
2013.06.25 04:43:45.313,0.9335,0.93364,1.13,1.69
2013.06.25 04:43:54.312,0.93351,0.93364,1.13,1.50
2013.06.25 04:43:59.027,0.93351,0.93364,1.13,1.69
2013.06.25 04:44:05.253,0.93351,0.93364,1.13,1.50
2013.06.25 04:44:12.463,0.93351,0.93364,1.13,1.69
2013.06.25 04:44:27.763,0.9335,0.93364,1.13,1.69
2013.06.25 04:44:29.094,0.93349,0.93364,1.50,3.19
2013.06.25 04:44:29.274,0.93348,0.93362,1.88,1.69
2013.06.25 04:44:29.815,0.93348,0.93363,1.88,3.94
2013.06.25 04:44:30.353,0.93347,0.93361,1.13,2.25
2013.06.25 04:44:32.213,0.93346,0.93361,1.88,3.94
2013.06.25 04:44:33.584,0.93346,0.9336,1.88,1.69
2013.06.25 04:44:36.083,0.93346,0.9336,1.88,1.69
2013.06.25 04:44:40.263,0.93348,0.9336,1.13,1.69
2013.06.25 04:44:41.754,0.93346,0.9336,1.88,1.69
2013.06.25 04:44:42.283,0.93346,0.9336,1.88,1.69
2013.06.25 04:44:47.654,0.93346,0.93361,1.88,3.19
2013.06.25 04:44:51.634,0.93348,0.93359,1.13,1.69
2013.06.25 04:44:52.066,0.93349,0.93364,1.50,3.94
2013.06.25 04:44:52.196,0.93349,0.93364,1.50,1.69
2013.06.25 04:44:52.743,0.93349,0.93364,1.50,2.44
2013.06.25 04:44:52.862,0.93349,0.93364,1.50,2.44
2013.06.25 04:44:55.153,0.93348,0.93364,1.88,4.69
2013.06.25 04:44:56.923,0.93348,0.93362,1.88,1.69
2013.06.25 04:44:59.336,0.93348,0.93362,2.58,1.69
2013.06.25 04:44:59.912,0.93348,0.93362,1.88,1.69
2013.06.25 04:45:19.424,0.93348,0.93361,2.63,1.50
2013.06.25 04:45:19.604,0.93347,0.9336,1.50,1.50
2013.06.25 04:45:20.584,0.93347,0.9336,1.50,1.50
2013.06.25 04:45:24.184,0.93347,0.93361,1.50,3.19
2013.06.25 04:45:24.433,0.93346,0.93358,2.25,1.50
2013.06.25 04:45:24.993,0.93345,0.93358,1.88,1.50
2013.06.25 04:45:25.053,0.93343,0.93358,1.50,3.19
2013.06.25 04:45:25.113,0.93342,0.93358,1.50,2.44
2013.06.25 04:45:26.563,0.93342,0.93358,1.50,2.44
2013.06.25 04:45:28.644,0.93342,0.93358,1.50,2.44
2013.06.25 04:45:30.022,0.93341,0.93357,1.88,1.69
2013.06.25 04:45:30.422,0.93341,0.93357,1.88,1.69
2013.06.25 04:45:32.106,0.93342,0.93358,1.50,3.57
2013.06.25 04:45:33.973,0.93341,0.93357,1.50,1.69
2013.06.25 04:45:38.393,0.93342,0.93357,1.50,1.69
2013.06.25 04:45:40.913,0.93343,0.93357,1.50,1.69
2013.06.25 04:45:41.393,0.93342,0.93359,3.00,2.44
2013.06.25 04:45:42.043,0.93343,0.93359,2.25,2.44
2013.06.25 04:45:42.564,0.93344,0.93359,1.50,2.44
2013.06.25 04:45:43.113,0.93343,0.93359,1.50,3.19
2013.06.25 04:45:44.975,0.93344,0.93359,1.50,2.44
2013.06.25 04:45:47.483,0.93344,0.93359,1.50,2.44
2013.06.25 04:45:51.523,0.93345,0.9336,1.88,2.44
2013.06.25 04:45:58.645,0.93345,0.9336,1.88,1.69
2013.06.25 04:46:13.198,0.93345,0.9336,1.50,1.69
2013.06.25 04:46:17.936,0.93349,0.9336,1.13,1.69
2013.06.25 04:46:18.424,0.93349,0.93362,1.13,1.69
2013.06.25 04:46:18.934,0.93349,0.93363,1.13,1.69
2013.06.25 04:46:19.833,0.93351,0.93365,1.13,3.94
2013.06.25 04:46:21.413,0.9335,0.93365,1.50,3.19
2013.06.25 04:46:21.473,0.93352,0.93365,1.50,2.44
2013.06.25 04:46:21.833,0.93353,0.93364,1.50,1.50
2013.06.25 04:46:22.375,0.93353,0.93365,1.50,1.69
2013.06.25 04:46:24.596,0.93353,0.93365,1.50,2.44
2013.06.25 04:46:36.698,0.93352,0.93365,1.50,3.00
2013.06.25 04:46:36.770,0.93352,0.93365,1.50,3.00
2013.06.25 04:46:36.837,0.9335,0.93365,1.50,3.00
2013.06.25 04:46:37.085,0.9335,0.93363,1.50,2.25
2013.06.25 04:46:37.204,0.9335,0.9336,1.50,1.50
2013.06.25 04:46:37.644,0.9335,0.93363,1.50,2.25
2013.06.25 04:46:37.703,0.9335,0.93363,1.50,2.25
2013.06.25 04:46:41.513,0.93351,0.93363,1.50,2.25
2013.06.25 04:46:41.754,0.93351,0.93364,1.50,2.25
2013.06.25 04:46:44.353,0.93351,0.93364,1.50,1.50
2013.06.25 04:46:44.473,0.93352,0.93368,1.13,2.44
2013.06.25 04:46:44.653,0.93353,0.9337,2.07,2.44
2013.06.25 04:46:45.193,0.93353,0.93369,1.32,1.32
2013.06.25 04:46:49.516,0.93353,0.9337,2.07,2.44
2013.06.25 04:46:55.134,0.93351,0.9337,2.82,1.32
2013.06.25 04:46:57.973,0.93351,0.9337,1.32,2.82
2013.06.25 04:46:58.767,0.93351,0.93369,1.32,1.69
2013.06.25 04:47:01.364,0.9335,0.93367,1.50,1.32
2013.06.25 04:47:02.288,0.9335,0.93367,1.50,2.07
2013.06.25 04:47:14.180,0.9335,0.93366,2.07,1.09
2013.06.25 04:47:14.304,0.9335,0.93364,2.07,1.20
2013.06.25 04:47:14.423,0.9335,0.93364,1.50,1.13
2013.06.25 04:47:14.604,0.93349,0.93364,1.50,1.13
2013.06.25 04:47:15.155,0.93348,0.93366,1.13,3.19
2013.06.25 04:47:15.703,0.93349,0.93366,1.50,1.69
2013.06.25 04:47:16.336,0.93348,0.93366,2.07,1.69
2013.06.25 04:47:18.383,0.93351,0.93366,1.13,1.69
2013.06.25 04:47:19.193,0.93351,0.93367,1.13,2.44
2013.06.25 04:47:20.825,0.93351,0.93369,1.13,3.94
2013.06.25 04:47:21.493,0.93351,0.93369,1.13,3.94
2013.06.25 04:47:22.834,0.93351,0.93367,1.13,1.69
2013.06.25 04:47:24.593,0.93351,0.93369,2.07,1.69
2013.06.25 04:47:26.246,0.93351,0.93369,2.07,1.69
2013.06.25 04:47:30.103,0.93351,0.93369,2.07,1.69
2013.06.25 04:47:33.053,0.93351,0.93369,2.07,1.69
2013.06.25 04:47:33.234,0.93351,0.93368,1.13,1.69
2013.06.25 04:47:35.063,0.93351,0.93367,1.13,1.69
2013.06.25 04:47:44.968,0.93351,0.93366,1.13,1.69
2013.06.25 04:47:50.263,0.93351,0.93366,1.13,1.69
2013.06.25 04:47:50.623,0.93349,0.93366,1.50,3.19
2013.06.25 04:47:51.953,0.93348,0.93366,3.38,3.19
2013.06.25 04:47:52.933,0.93348,0.93366,2.63,4.69
2013.06.25 04:47:53.384,0.93348,0.93364,2.63,1.69
2013.06.25 04:47:59.024,0.93348,0.93364,1.13,1.69
2013.06.25 04:48:09.163,0.93348,0.93364,1.13,1.69
2013.06.25 04:48:12.894,0.93348,0.93363,1.13,1.69
2013.06.25 04:48:39.264,0.93345,0.93361,2.63,1.69
2013.06.25 04:48:41.753,0.93348,0.93362,1.13,1.13
2013.06.25 04:48:51.854,0.93345,0.93362,1.69,1.69
2013.06.25 04:48:52.394,0.93344,0.93359,3.00,2.44
2013.06.25 04:48:53.976,0.93344,0.93359,2.25,1.69
2013.06.25 04:48:54.453,0.93347,0.93362,1.13,1.69
2013.06.25 04:48:54.997,0.93345,0.93362,1.50,1.69
2013.06.25 04:48:57.566,0.93348,0.93362,1.13,1.13
2013.06.25 04:48:59.788,0.93348,0.93362,1.13,1.13
2013.06.25 04:49:01.954,0.93346,0.9336,1.88,1.50
2013.06.25 04:49:02.493,0.93343,0.93359,1.88,1.50
2013.06.25 04:49:03.283,0.93347,0.93359,1.13,1.50
2013.06.25 04:49:03.584,0.93344,0.93358,1.50,2.63
2013.06.25 04:49:03.825,0.93338,0.93357,5.07,2.44
2013.06.25 04:49:03.944,0.9334,0.93356,1.69,2.48
2013.06.25 04:49:04.064,0.93339,0.93355,3.57,1.50
2013.06.25 04:49:04.364,0.9334,0.93358,1.69,1.32
2013.06.25 04:49:06.250,0.93341,0.9336,2.07,2.07
2013.06.25 04:49:06.904,0.93341,0.93359,1.32,2.25
2013.06.25 04:49:06.964,0.93339,0.93358,2.82,3.19
2013.06.25 04:49:07.503,0.93339,0.93356,2.82,2.25
2013.06.25 04:49:08.043,0.93339,0.93358,2.82,3.19
2013.06.25 04:49:10.154,0.93341,0.93358,1.13,3.19
2013.06.25 04:49:18.037,0.93339,0.93356,1.32,1.69
2013.06.25 04:49:23.513,0.93339,0.93356,2.07,1.69
2013.06.25 04:49:23.574,0.9334,0.93356,1.13,1.69
2013.06.25 04:49:30.336,0.93342,0.93359,1.69,1.13
2013.06.25 04:49:30.404,0.93343,0.9336,1.32,1.69
2013.06.25 04:49:30.464,0.93342,0.93361,1.32,2.44
2013.06.25 04:49:33.374,0.93342,0.93359,2.44,1.13
2013.06.25 04:49:33.758,0.93341,0.93358,2.44,1.69
2013.06.25 04:49:34.315,0.9334,0.93358,2.07,3.19
2013.06.25 04:49:35.111,0.9334,0.93357,1.88,1.69
2013.06.25 04:49:36.446,0.9334,0.93357,1.88,1.69
2013.06.25 04:49:50.791,0.9334,0.93358,1.32,3.19
2013.06.25 04:49:51.037,0.93343,0.93361,1.13,1.69
2013.06.25 04:49:51.105,0.93343,0.93363,1.13,4.69
2013.06.25 04:49:51.234,0.93344,0.93364,1.32,2.44
2013.06.25 04:49:51.774,0.93346,0.93364,1.69,2.07
2013.06.25 04:49:54.673,0.93346,0.93364,1.69,3.57
2013.06.25 04:49:54.734,0.93346,0.93364,1.69,3.57
2013.06.25 04:49:58.611,0.93346,0.93363,1.50,1.69
2013.06.25 04:49:59.154,0.93346,0.93364,1.69,2.07
2013.06.25 04:49:59.634,0.93346,0.93362,1.69,2.25
2013.06.25 04:49:59.754,0.93346,0.93362,1.13,1.69
2013.06.25 04:50:00.054,0.93345,0.93361,1.50,3.19
2013.06.25 04:50:00.306,0.93345,0.93356,1.50,1.50
2013.06.25 04:50:00.735,0.93346,0.93353,1.50,2.25
2013.06.25 04:50:00.975,0.93346,0.93355,1.50,2.82
2013.06.25 04:50:01.154,0.93344,0.93354,1.50,1.32
2013.06.25 04:50:01.694,0.93343,0.93355,1.50,1.32
2013.06.25 04:50:01.874,0.9334,0.93355,1.50,1.32
2013.06.25 04:50:02.254,0.93338,0.93355,1.50,1.32
2013.06.25 04:50:02.783,0.93337,0.93355,1.69,1.32
2013.06.25 04:50:03.410,0.93336,0.93355,1.69,2.07
2013.06.25 04:50:04.686,0.93337,0.93354,2.44,1.32
2013.06.25 04:50:04.997,0.93339,0.93357,1.13,1.69
2013.06.25 04:50:05.124,0.9334,0.93359,1.32,2.44
2013.06.25 04:50:05.604,0.93344,0.93361,1.50,2.44
2013.06.25 04:50:05.724,0.93344,0.93363,1.50,1.32
2013.06.25 04:50:06.296,0.93344,0.93363,1.50,1.32
2013.06.25 04:50:06.924,0.93344,0.93363,2.25,1.32
2013.06.25 04:50:10.795,0.93345,0.93363,1.69,2.07
2013.06.25 04:50:17.994,0.93345,0.9336,1.69,2.25
2013.06.25 04:50:18.236,0.93345,0.9336,1.50,3.57
2013.06.25 04:50:18.544,0.93344,0.9336,1.50,2.07
2013.06.25 04:50:18.724,0.93344,0.9336,1.50,2.07
2013.06.25 04:50:18.785,0.93346,0.93359,1.13,1.69
2013.06.25 04:50:19.144,0.93345,0.93359,1.13,2.44
2013.06.25 04:50:19.324,0.93345,0.93359,1.13,1.50
2013.06.25 04:50:19.624,0.93345,0.9336,1.13,2.44
2013.06.25 04:51:16.485,0.93346,0.93361,1.50,3.19
2013.06.25 04:51:17.038,0.93346,0.93363,2.25,1.69
2013.06.25 04:51:17.405,0.93348,0.93364,1.13,2.44
2013.06.25 04:51:18.098,0.9335,0.93365,1.13,1.69
2013.06.25 04:51:19.374,0.93351,0.93367,1.13,3.94
2013.06.25 04:51:21.394,0.93351,0.93367,1.32,3.19
2013.06.25 04:51:21.603,0.93351,0.93366,1.32,1.50
2013.06.25 04:51:24.547,0.93352,0.93367,1.50,2.44
2013.06.25 04:51:25.094,0.93352,0.93367,2.44,2.25
2013.06.25 04:51:26.936,0.93353,0.93369,1.13,3.19
2013.06.25 04:51:28.533,0.93353,0.93369,1.13,3.94
2013.06.25 04:51:29.053,0.93353,0.93369,1.13,3.19
2013.06.25 04:51:30.553,0.93355,0.93369,1.13,2.44
2013.06.25 04:51:31.033,0.93353,0.9337,2.07,3.19
2013.06.25 04:51:31.573,0.93353,0.93369,2.07,2.44
2013.06.25 04:51:56.955,0.93354,0.9337,1.69,3.19
2013.06.25 04:51:57.373,0.93353,0.93369,2.82,2.25
2013.06.25 04:51:57.923,0.93353,0.93369,2.82,2.33
2013.06.25 04:52:08.814,0.93353,0.93369,1.32,2.44
2013.06.25 04:52:31.054,0.93353,0.93368,1.13,2.44
2013.06.25 04:52:34.503,0.93353,0.93368,1.13,2.44
2013.06.25 04:52:39.532,0.93352,0.93369,1.32,2.44
2013.06.25 04:52:40.254,0.93351,0.93367,2.07,2.25
2013.06.25 04:52:40.773,0.93351,0.93367,2.07,2.25
2013.06.25 04:52:42.505,0.93351,0.93366,1.88,2.44
2013.06.25 04:52:44.824,0.93351,0.93366,1.88,2.44
2013.06.25 04:52:45.124,0.9335,0.93366,1.32,2.44
2013.06.25 04:52:45.675,0.93348,0.93364,2.82,2.44
2013.06.25 04:52:46.224,0.93348,0.93364,2.82,2.44
2013.06.25 04:52:47.273,0.93348,0.93364,2.07,2.44
2013.06.25 04:53:11.515,0.9335,0.93364,1.13,2.44
2013.06.25 04:53:20.756,0.9335,0.93364,1.13,2.25
2013.06.25 04:53:20.885,0.9335,0.93364,1.13,2.25
2013.06.25 04:53:21.016,0.9335,0.93366,1.50,1.69
2013.06.25 04:53:22.935,0.93353,0.93369,1.13,2.44
2013.06.25 04:53:23.865,0.93353,0.93369,1.13,3.19
2013.06.25 04:54:11.008,0.93353,0.93368,1.13,2.44
2013.06.25 04:54:11.194,0.93352,0.93366,1.50,2.25
2013.06.25 04:54:11.553,0.93351,0.93365,1.50,2.25
2013.06.25 04:54:12.114,0.9335,0.93365,2.07,2.25
2013.06.25 04:54:13.504,0.9335,0.93365,1.50,2.44
2013.06.25 04:54:14.594,0.9335,0.93365,1.50,2.44
2013.06.25 04:54:24.625,0.9335,0.93365,1.69,1.50
2013.06.25 04:54:24.685,0.93354,0.93365,1.06,1.50
2013.06.25 04:54:24.745,0.93356,0.93369,2.21,1.32
2013.06.25 04:54:24.925,0.9336,0.9337,2.07,1.50
2013.06.25 04:54:25.226,0.93365,0.93373,2.07,1.50
2013.06.25 04:54:25.414,0.93365,0.93375,2.07,1.50
2013.06.25 04:54:25.475,0.9336,0.93375,4.69,1.50
2013.06.25 04:54:25.656,0.9336,0.93381,5.44,2.44
2013.06.25 04:54:28.305,0.93362,0.93381,2.63,2.44
2013.06.25 04:54:29.274,0.93363,0.93381,1.88,2.44
2013.06.25 04:54:29.584,0.93363,0.93383,2.82,1.32
2013.06.25 04:54:30.138,0.93364,0.93383,1.69,1.32
2013.06.25 04:54:30.765,0.93364,0.93383,2.44,1.32
2013.06.25 04:54:31.304,0.93364,0.93383,2.44,1.32
2013.06.25 04:54:32.645,0.93364,0.93383,2.44,1.32
2013.06.25 04:54:34.424,0.93364,0.93382,1.69,1.32
2013.06.25 04:54:35.633,0.93364,0.93383,2.44,1.32
2013.06.25 04:54:38.816,0.93363,0.93382,3.19,1.32
2013.06.25 04:54:39.175,0.93366,0.93384,1.50,1.32
2013.06.25 04:54:40.825,0.93365,0.93384,1.69,2.07
2013.06.25 04:54:41.778,0.93367,0.93384,1.50,2.07
2013.06.25 04:54:41.907,0.93367,0.93385,2.07,2.07
2013.06.25 04:54:42.275,0.93368,0.93388,2.07,3.57
2013.06.25 04:54:42.524,0.9337,0.93389,2.07,2.82
2013.06.25 04:54:43.154,0.93371,0.93389,1.32,1.69
2013.06.25 04:54:43.677,0.93372,0.9339,1.32,1.69
2013.06.25 04:54:44.185,0.93372,0.9339,1.69,2.82
2013.06.25 04:54:46.172,0.93372,0.9339,1.69,2.07
2013.06.25 04:54:47.396,0.93372,0.9339,1.69,2.07
2013.06.25 04:55:01.365,0.9337,0.93389,2.82,2.29
2013.06.25 04:55:01.438,0.9337,0.93389,2.82,2.29
2013.06.25 04:55:01.506,0.9337,0.93387,1.13,3.57
2013.06.25 04:55:01.628,0.93369,0.93386,1.50,2.07
2013.06.25 04:55:02.118,0.93365,0.93386,3.57,2.82
2013.06.25 04:55:02.194,0.93365,0.93386,1.69,2.07
2013.06.25 04:55:04.895,0.93365,0.93385,1.69,1.32
2013.06.25 04:55:06.864,0.93366,0.93384,1.69,1.32
2013.06.25 04:55:09.684,0.93366,0.93384,2.44,1.32
2013.06.25 04:55:10.204,0.93366,0.93384,2.44,1.32
2013.06.25 04:55:11.645,0.93366,0.93387,1.69,2.44
2013.06.25 04:55:12.367,0.93367,0.93388,2.44,2.44
2013.06.25 04:55:13.364,0.93368,0.93388,2.07,2.82
2013.06.25 04:55:13.914,0.93369,0.93388,1.32,3.57
2013.06.25 04:55:14.517,0.93369,0.93387,1.32,1.69
2013.06.25 04:55:15.514,0.93369,0.93386,1.32,1.69
2013.06.25 04:55:25.116,0.93367,0.93386,2.44,2.07
2013.06.25 04:55:25.815,0.93367,0.93385,2.44,1.32
2013.06.25 04:55:26.054,0.93367,0.93386,2.44,2.07
2013.06.25 04:55:26.115,0.93367,0.93385,2.44,1.32
2013.06.25 04:55:26.593,0.93369,0.93386,1.13,1.69
2013.06.25 04:55:26.653,0.93367,0.93385,2.44,1.32
2013.06.25 04:55:26.894,0.93369,0.93386,1.13,1.69
2013.06.25 04:55:27.014,0.93367,0.93385,2.44,1.32
2013.06.25 04:55:30.426,0.93368,0.93384,1.13,1.69
2013.06.25 04:55:30.624,0.93367,0.93384,1.50,2.82
2013.06.25 04:55:36.674,0.93367,0.93382,1.50,1.32
2013.06.25 04:55:37.214,0.93368,0.93383,1.13,3.19
2013.06.25 04:55:37.754,0.93366,0.93383,1.32,1.69
2013.06.25 04:55:38.294,0.93366,0.93382,1.88,1.69
2013.06.25 04:55:44.947,0.93366,0.93381,1.88,1.02
2013.06.25 04:55:45.514,0.93364,0.93382,1.69,1.39
2013.06.25 04:55:47.954,0.93364,0.93382,1.69,1.39
2013.06.25 04:55:57.834,0.93364,0.93382,1.50,1.32
2013.06.25 04:56:01.728,0.93364,0.93382,1.69,1.32
2013.06.25 04:56:13.607,0.93364,0.93382,1.69,1.32
2013.06.25 04:56:19.134,0.93363,0.93382,2.07,1.39
2013.06.25 04:56:21.143,0.93363,0.93382,2.07,2.89
2013.06.25 04:56:24.494,0.93362,0.93381,1.32,1.17
2013.06.25 04:56:24.734,0.93362,0.9338,2.44,2.07
2013.06.25 04:56:25.284,0.93363,0.93382,1.32,3.64
2013.06.25 04:56:25.544,0.93363,0.93382,1.32,1.39
2013.06.25 04:56:28.935,0.93364,0.93382,1.69,1.32
2013.06.25 04:56:30.085,0.93364,0.93382,1.69,1.32
2013.06.25 04:56:30.285,0.93363,0.93382,1.32,2.07
2013.06.25 04:56:34.855,0.93363,0.93382,1.32,2.07
2013.06.25 04:56:37.373,0.93364,0.93382,1.69,2.07
2013.06.25 04:56:37.884,0.93364,0.93382,2.44,1.32
2013.06.25 04:56:39.727,0.93364,0.93383,2.82,1.69
2013.06.25 04:56:39.796,0.93366,0.93383,1.13,1.69
2013.06.25 04:56:43.205,0.93364,0.93383,2.44,2.07
2013.06.25 04:56:43.708,0.93365,0.93383,1.69,1.32
2013.06.25 04:56:44.866,0.93364,0.93382,1.69,2.07
2013.06.25 04:56:46.087,0.93364,0.93382,1.69,2.07
2013.06.25 04:56:47.304,0.93364,0.93382,2.44,1.32
2013.06.25 04:56:55.318,0.93364,0.93382,1.69,2.07
2013.06.25 04:56:58.026,0.93364,0.93382,1.69,2.07
2013.06.25 04:56:59.995,0.93364,0.93382,2.44,1.13
2013.06.25 04:57:09.316,0.93364,0.93382,2.44,1.13
2013.06.25 04:57:11.244,0.93364,0.93382,2.44,1.32
2013.06.25 04:57:23.854,0.93364,0.93382,2.44,1.32
2013.06.25 04:57:24.971,0.93364,0.93382,1.50,2.07
2013.06.25 04:57:26.174,0.93364,0.93382,1.50,2.07
2013.06.25 04:57:28.644,0.93364,0.93382,1.69,1.13
2013.06.25 04:57:30.155,0.93364,0.93382,2.44,1.13
2013.06.25 04:57:33.505,0.93364,0.93382,1.50,1.32
2013.06.25 04:57:35.017,0.93364,0.93382,2.44,1.32
2013.06.25 04:57:36.115,0.93364,0.93382,2.44,1.32
2013.06.25 04:58:01.205,0.93363,0.93382,1.32,1.32
2013.06.25 04:58:09.235,0.93363,0.93383,2.07,2.07
2013.06.25 04:58:13.426,0.93365,0.93384,2.07,4.32
2013.06.25 04:58:15.986,0.93365,0.93383,1.69,2.07
2013.06.25 04:58:16.465,0.93365,0.93383,2.07,1.69
2013.06.25 04:58:37.375,0.93366,0.9338,1.88,1.69
2013.06.25 04:58:39.355,0.93366,0.9338,1.13,1.50
2013.06.25 04:59:02.626,0.93364,0.93382,2.44,2.07
2013.06.25 04:59:09.055,0.93364,0.93382,1.69,2.07
2013.06.25 04:59:09.666,0.93364,0.93382,1.50,2.07
2013.06.25 04:59:14.966,0.93364,0.9338,1.50,1.69
2013.06.25 04:59:15.205,0.93363,0.93382,1.32,3.57
2013.06.25 04:59:16.496,0.93363,0.93382,2.07,3.57
2013.06.25 04:59:25.978,0.93363,0.93382,1.32,2.82
2013.06.25 04:59:27.888,0.93364,0.93382,1.69,2.07
2013.06.25 04:59:30.315,0.93363,0.93382,1.13,3.57
2013.06.25 04:59:30.434,0.93363,0.9338,1.13,2.44
2013.06.25 04:59:32.415,0.93363,0.9338,1.13,1.69
2013.06.25 04:59:36.505,0.93369,0.93382,1.50,2.82
2013.06.25 04:59:36.866,0.93367,0.9338,1.50,1.50
2013.06.25 04:59:36.925,0.93365,0.9338,2.25,1.50
2013.06.25 04:59:37.568,0.93365,0.9338,2.25,1.88
2013.06.25 04:59:38.875,0.93365,0.93382,1.50,2.07
2013.06.25 04:59:40.208,0.93364,0.93382,1.69,1.32
2013.06.25 04:59:42.386,0.93364,0.93382,2.44,1.32
2013.06.25 04:59:46.145,0.93364,0.93382,2.44,1.32
2013.06.25 04:59:47.325,0.93366,0.93383,1.32,1.69
2013.06.25 04:59:47.385,0.93366,0.93383,1.32,1.69
2013.06.25 04:59:47.894,0.93366,0.93385,2.82,2.82
2013.06.25 04:59:48.646,0.93366,0.93384,2.82,1.69
2013.06.25 04:59:52.755,0.93367,0.93385,1.69,1.32
2013.06.25 04:59:52.816,0.93367,0.93385,1.69,1.32
2013.06.25 04:59:53.355,0.93369,0.93386,1.88,1.69
2013.06.25 04:59:54.135,0.93369,0.93386,1.13,1.69
2013.06.25 04:59:55.499,0.93369,0.93386,2.82,1.50
2013.06.25 04:59:56.047,0.9337,0.93386,1.50,1.50
2013.06.25 04:59:56.224,0.9337,0.93386,1.50,2.25
2013.06.25 04:59:59.877,0.9337,0.93386,1.69,1.50
2013.06.25 04:59:59.945,0.9337,0.93386,1.69,1.50
