2017.08.24 18:00:00.982,0.96459,0.96468,1.00,2.85
2017.08.24 18:00:01.526,0.96459,0.96468,1.00,1.31
2017.08.24 18:00:04.987,0.96459,0.96469,1.00,1.72
2017.08.24 18:00:05.516,0.96458,0.96468,1.12,2.29
2017.08.24 18:00:06.027,0.96459,0.96469,1.00,2.44
2017.08.24 18:00:06.539,0.96459,0.96469,1.00,2.85
2017.08.24 18:00:17.016,0.96458,0.96469,1.69,3.56
2017.08.24 18:00:18.050,0.96459,0.96469,1.00,3.97
2017.08.24 18:00:19.317,0.96458,0.96469,1.69,3.22
2017.08.24 18:00:19.864,0.96459,0.96468,1.00,1.72
2017.08.24 18:00:21.167,0.96459,0.96469,1.00,3.41
2017.08.24 18:00:32.568,0.96458,0.96469,1.50,4.54
2017.08.24 18:00:33.113,0.96459,0.96469,1.00,6.04
2017.08.24 18:00:34.637,0.96458,0.96469,1.50,4.54
2017.08.24 18:00:35.757,0.96459,0.96469,1.00,6.79
2017.08.24 18:00:40.740,0.96458,0.96468,1.00,1.37
2017.08.24 18:00:41.556,0.96459,0.96468,1.00,1.37
2017.08.24 18:01:03.138,0.96454,0.96465,3.37,1.12
2017.08.24 18:01:03.292,0.96454,0.96465,1.12,5.25
2017.08.24 18:01:03.846,0.96454,0.96465,1.50,3.56
2017.08.24 18:01:04.511,0.96454,0.96466,1.69,1.87
2017.08.24 18:01:04.961,0.96456,0.96467,1.00,6.60
2017.08.24 18:01:05.510,0.96456,0.96467,1.00,5.10
2017.08.24 18:01:06.023,0.96457,0.96468,1.25,2.85
2017.08.24 18:01:27.446,0.96457,0.96469,2.06,3.79
2017.08.24 18:01:27.957,0.96457,0.96469,1.88,2.06
2017.08.24 18:01:28.582,0.96457,0.96468,1.69,1.12
2017.08.24 18:01:28.932,0.96461,0.96468,1.00,1.12
2017.08.24 18:01:34.306,0.96457,0.96468,3.75,1.12
2017.08.24 18:01:35.306,0.96458,0.96469,1.00,1.87
2017.08.24 18:01:40.380,0.96457,0.96468,2.81,1.12
2017.08.24 18:01:40.891,0.96458,0.96469,1.00,1.87
2017.08.24 18:01:42.725,0.96456,0.96469,3.94,6.00
2017.08.24 18:01:43.225,0.96461,0.96469,1.00,6.04
2017.08.24 18:01:43.728,0.96461,0.96467,1.00,1.00
2017.08.24 18:01:55.612,0.96456,0.96467,2.25,1.50
2017.08.24 18:01:55.714,0.96459,0.96467,1.00,1.00
2017.08.24 18:01:56.302,0.96459,0.96468,1.00,1.12
2017.08.24 18:02:00.397,0.96459,0.96468,1.00,1.54
2017.08.24 18:02:01.415,0.96459,0.96468,1.00,1.72
2017.08.24 18:02:01.722,0.96461,0.96468,1.00,1.12
2017.08.24 18:02:04.006,0.96457,0.96468,1.12,1.12
2017.08.24 18:02:04.745,0.96458,0.96468,1.00,1.87
2017.08.24 18:02:05.285,0.96457,0.96468,1.12,2.62
2017.08.24 18:02:05.857,0.96458,0.96468,1.00,1.87
2017.08.24 18:02:06.368,0.96457,0.96468,1.50,2.62
2017.08.24 18:02:06.527,0.96459,0.96468,1.00,1.12
2017.08.24 18:02:06.939,0.96457,0.96468,1.00,3.37
2017.08.24 18:02:07.041,0.96459,0.96468,1.00,3.37
2017.08.24 18:02:07.549,0.96459,0.96467,1.00,1.00
2017.08.24 18:02:08.521,0.96459,0.96468,1.00,1.87
2017.08.24 18:02:21.667,0.96458,0.96468,1.00,2.10
2017.08.24 18:02:22.177,0.96459,0.96467,1.00,1.50
2017.08.24 18:02:23.008,0.96459,0.96468,1.00,1.50
2017.08.24 18:02:25.363,0.96459,0.96467,1.00,2.10
2017.08.24 18:02:25.415,0.96456,0.96466,2.25,1.50
2017.08.24 18:02:26.139,0.96456,0.96467,2.25,1.35
2017.08.24 18:02:27.096,0.96457,0.96468,1.50,1.91
2017.08.24 18:02:27.613,0.96457,0.96467,1.00,2.47
2017.08.24 18:02:29.643,0.96456,0.96467,1.00,2.47
2017.08.24 18:02:30.535,0.96456,0.96468,1.25,3.60
2017.08.24 18:02:34.064,0.96456,0.96468,1.00,4.54
2017.08.24 18:02:34.622,0.96456,0.96468,1.25,3.79
2017.08.24 18:02:35.182,0.96456,0.96468,1.00,2.29
2017.08.24 18:02:35.691,0.96457,0.96468,1.00,2.10
2017.08.24 18:02:43.259,0.96457,0.96468,1.00,5.10
2017.08.24 18:02:43.944,0.96456,0.96467,1.50,1.35
2017.08.24 18:02:46.298,0.96454,0.96464,1.12,4.35
2017.08.24 18:02:46.807,0.96453,0.96463,1.00,1.87
2017.08.24 18:02:48.159,0.96455,0.96464,1.31,1.00
2017.08.24 18:02:48.262,0.96455,0.96466,1.69,1.00
2017.08.24 18:02:48.467,0.96456,0.96468,1.87,4.73
2017.08.24 18:03:00.109,0.96457,0.96468,1.00,3.41
2017.08.24 18:03:00.620,0.96457,0.96468,1.25,2.47
2017.08.24 18:03:20.679,0.96457,0.96467,1.00,1.00
2017.08.24 18:03:20.987,0.96459,0.96467,1.00,1.00
2017.08.24 18:03:23.126,0.96459,0.96468,1.00,4.72
2017.08.24 18:03:26.978,0.96459,0.96468,1.00,7.72
2017.08.24 18:03:27.133,0.96455,0.96466,1.00,2.63
2017.08.24 18:03:30.476,0.96456,0.96467,1.12,4.54
2017.08.24 18:03:42.185,0.96457,0.96467,1.00,1.35
2017.08.24 18:03:43.462,0.96456,0.96468,1.50,2.66
2017.08.24 18:03:44.452,0.96457,0.96468,1.00,5.29
2017.08.24 18:03:45.605,0.96456,0.96467,1.12,2.47
2017.08.24 18:03:56.121,0.96456,0.96463,1.00,1.00
2017.08.24 18:03:56.175,0.96453,0.96463,1.12,2.25
2017.08.24 18:03:56.278,0.96452,0.96463,1.25,3.37
2017.08.24 18:04:00.855,0.96454,0.96463,1.00,3.97
2017.08.24 18:04:00.907,0.96454,0.96464,1.87,1.37
2017.08.24 18:04:01.112,0.96455,0.96466,1.00,1.87
2017.08.24 18:04:04.755,0.96456,0.96467,1.00,3.60
2017.08.24 18:04:04.807,0.96459,0.96467,1.00,1.72
2017.08.24 18:04:15.806,0.96458,0.96467,1.00,1.72
2017.08.24 18:04:17.252,0.96455,0.96465,1.12,1.50
2017.08.24 18:04:22.061,0.96453,0.96463,1.00,2.62
2017.08.24 18:04:22.368,0.96453,0.96463,1.00,6.97
2017.08.24 18:04:29.649,0.96452,0.96463,1.50,2.85
2017.08.24 18:04:30.196,0.96453,0.96463,1.00,2.85
2017.08.24 18:04:33.689,0.96456,0.96464,1.00,1.87
2017.08.24 18:04:33.897,0.96455,0.96466,1.12,1.50
2017.08.24 18:04:34.427,0.96455,0.96466,1.00,1.37
2017.08.24 18:04:36.161,0.96453,0.96463,1.12,2.47
2017.08.24 18:04:36.664,0.96453,0.96462,1.00,1.30
2017.08.24 18:04:37.642,0.96453,0.96464,3.19,3.75
2017.08.24 18:04:38.151,0.96454,0.96466,1.25,2.81
2017.08.24 18:04:38.653,0.96455,0.96466,1.00,2.81
2017.08.24 18:04:39.228,0.96455,0.96464,1.00,1.00
2017.08.24 18:04:39.747,0.96453,0.96463,1.00,2.10
2017.08.24 18:04:40.267,0.96453,0.96463,1.00,4.35
2017.08.24 18:04:59.271,0.96452,0.96462,1.00,3.22
2017.08.24 18:04:59.732,0.96451,0.96459,1.00,1.72
2017.08.24 18:05:01.338,0.96449,0.96459,1.00,2.10
2017.08.24 18:05:01.889,0.96448,0.96459,1.50,2.10
2017.08.24 18:05:04.540,0.96449,0.96458,1.00,2.10
2017.08.24 18:05:29.169,0.96448,0.96458,1.50,1.72
2017.08.24 18:05:29.760,0.96449,0.96457,1.00,2.25
2017.08.24 18:05:30.315,0.96446,0.96457,1.00,2.25
2017.08.24 18:05:32.292,0.96446,0.96456,1.00,1.00
2017.08.24 18:05:32.860,0.96447,0.96456,1.00,1.00
2017.08.24 18:05:33.693,0.96448,0.96459,1.00,2.85
2017.08.24 18:05:33.745,0.96451,0.96459,1.00,1.87
2017.08.24 18:05:36.073,0.96451,0.96459,1.00,1.37
2017.08.24 18:05:44.238,0.9645,0.96459,1.00,1.87
2017.08.24 18:05:44.544,0.96446,0.96457,2.06,1.00
2017.08.24 18:05:44.596,0.96449,0.96457,1.00,1.00
2017.08.24 18:05:44.647,0.96446,0.96457,1.31,1.50
2017.08.24 18:05:45.304,0.96446,0.96458,4.69,1.50
2017.08.24 18:05:45.989,0.96447,0.96458,1.00,1.50
2017.08.24 18:05:53.918,0.96445,0.96454,2.25,2.85
2017.08.24 18:05:54.187,0.96439,0.96449,1.00,1.72
2017.08.24 18:05:54.700,0.96438,0.96449,1.12,1.37
2017.08.24 18:05:57.416,0.96437,0.96448,2.62,1.12
2017.08.24 18:05:57.521,0.96439,0.96448,1.00,4.72
2017.08.24 18:05:57.727,0.96435,0.96446,1.00,2.47
2017.08.24 18:05:58.228,0.96434,0.96445,1.00,1.00
2017.08.24 18:05:59.611,0.96433,0.96443,1.50,1.35
2017.08.24 18:05:59.921,0.96433,0.96441,1.00,1.00
2017.08.24 18:06:00.480,0.96433,0.96441,1.00,1.37
2017.08.24 18:06:05.131,0.96431,0.9644,1.00,1.12
2017.08.24 18:06:07.540,0.96431,0.96439,1.12,1.00
2017.08.24 18:06:07.758,0.96425,0.96436,7.31,1.00
2017.08.24 18:06:11.202,0.96427,0.96438,1.50,3.56
2017.08.24 18:06:11.305,0.96429,0.9644,1.37,2.81
2017.08.24 18:06:14.007,0.96433,0.9644,1.12,1.12
2017.08.24 18:06:46.856,0.96433,0.96441,1.12,1.00
2017.08.24 18:06:47.365,0.96432,0.96442,1.37,1.12
2017.08.24 18:06:48.610,0.96432,0.96441,1.37,1.00
2017.08.24 18:06:51.570,0.96433,0.96441,1.00,1.37
2017.08.24 18:06:51.622,0.96431,0.96441,1.50,1.37
2017.08.24 18:06:51.724,0.96431,0.96441,1.37,1.37
2017.08.24 18:06:56.106,0.96433,0.96442,1.12,1.00
2017.08.24 18:06:56.664,0.96433,0.96444,1.50,2.44
2017.08.24 18:06:57.202,0.96433,0.96444,5.25,1.00
2017.08.24 18:06:57.509,0.96436,0.96446,1.69,1.00
2017.08.24 18:06:57.892,0.96438,0.96449,1.50,1.12
2017.08.24 18:06:58.560,0.96439,0.96449,1.00,1.12
2017.08.24 18:07:01.676,0.96439,0.96447,1.12,1.87
2017.08.24 18:07:02.216,0.96435,0.96446,6.56,1.00
2017.08.24 18:07:03.839,0.96436,0.96447,1.75,2.25
2017.08.24 18:07:07.077,0.96435,0.96447,3.56,1.12
2017.08.24 18:07:07.686,0.96435,0.96447,4.50,1.12
2017.08.24 18:07:11.124,0.96435,0.96447,2.06,2.62
2017.08.24 18:07:11.786,0.96435,0.96447,5.06,2.62
2017.08.24 18:07:12.306,0.96435,0.96447,2.06,2.62
2017.08.24 18:07:13.030,0.96435,0.96447,5.06,1.87
2017.08.24 18:07:13.368,0.96438,0.96448,1.12,1.69
2017.08.24 18:07:13.776,0.96438,0.9645,2.06,1.87
2017.08.24 18:07:14.356,0.96439,0.9645,1.12,1.87
2017.08.24 18:07:18.221,0.96443,0.9645,1.87,1.00
2017.08.24 18:07:18.529,0.96448,0.96452,1.00,2.25
2017.08.24 18:07:18.581,0.96448,0.96459,1.37,2.25
2017.08.24 18:07:19.737,0.96451,0.96459,1.50,1.00
2017.08.24 18:07:19.788,0.96451,0.9646,1.50,1.87
2017.08.24 18:07:19.994,0.96451,0.9646,1.50,1.12
2017.08.24 18:07:20.277,0.96451,0.96459,1.12,1.00
2017.08.24 18:07:24.281,0.96448,0.96458,6.00,1.00
2017.08.24 18:07:26.222,0.96448,0.96459,5.44,2.06
2017.08.24 18:07:27.308,0.9645,0.96459,3.00,1.00
2017.08.24 18:07:27.819,0.96453,0.9646,1.12,1.12
2017.08.24 18:07:28.446,0.96452,0.96461,1.37,1.31
2017.08.24 18:07:28.973,0.96453,0.9646,1.12,1.00
2017.08.24 18:07:33.590,0.9645,0.96461,5.62,1.12
2017.08.24 18:07:37.222,0.96455,0.96464,1.12,3.37
2017.08.24 18:07:37.376,0.96454,0.96466,6.19,1.31
2017.08.24 18:07:37.892,0.96455,0.96466,1.75,1.12
2017.08.24 18:07:39.715,0.96455,0.96466,5.44,1.12
2017.08.24 18:07:49.013,0.96457,0.96468,1.37,1.00
2017.08.24 18:08:12.472,0.96459,0.96469,1.12,2.06
2017.08.24 18:08:21.166,0.96459,0.9647,3.56,2.06
2017.08.24 18:08:21.476,0.96465,0.96474,7.50,1.00
2017.08.24 18:08:21.759,0.96466,0.96477,1.50,4.12
2017.08.24 18:08:21.963,0.96466,0.96477,1.87,3.37
2017.08.24 18:08:22.815,0.96469,0.96476,1.12,1.00
2017.08.24 18:08:23.225,0.96465,0.96477,1.87,2.47
2017.08.24 18:08:23.756,0.96465,0.96476,1.87,1.00
2017.08.24 18:08:23.881,0.96467,0.96477,1.37,1.35
2017.08.24 18:08:24.398,0.96466,0.96478,1.12,5.66
2017.08.24 18:08:24.708,0.96461,0.96471,1.37,1.00
2017.08.24 18:08:25.639,0.9646,0.9647,3.75,1.50
2017.08.24 18:08:25.692,0.96459,0.9647,2.25,1.50
2017.08.24 18:08:26.246,0.96458,0.96469,5.25,1.00
2017.08.24 18:08:26.792,0.9646,0.9647,3.94,1.00
2017.08.24 18:08:35.376,0.96461,0.9647,1.12,1.00
2017.08.24 18:08:36.450,0.96461,0.96469,1.12,1.00
2017.08.24 18:08:38.699,0.96461,0.96468,1.12,1.00
2017.08.24 18:08:38.804,0.96457,0.96468,2.25,2.25
2017.08.24 18:08:40.333,0.96454,0.96462,1.25,1.00
2017.08.24 18:08:40.488,0.9645,0.96461,1.50,1.00
2017.08.24 18:08:40.592,0.9645,0.96461,5.62,1.00
2017.08.24 18:08:41.640,0.96451,0.96462,1.12,1.12
2017.08.24 18:08:41.948,0.96454,0.96464,2.62,1.00
2017.08.24 18:08:42.258,0.96457,0.96464,1.87,1.00
2017.08.24 18:08:42.533,0.96457,0.96468,1.87,1.37
2017.08.24 18:08:42.891,0.96459,0.96468,4.12,1.00
2017.08.24 18:08:43.411,0.96459,0.96469,6.94,1.00
2017.08.24 18:08:43.917,0.96459,0.9647,7.69,1.00
2017.08.24 18:08:44.419,0.9646,0.9647,3.75,1.00
2017.08.24 18:08:45.905,0.96462,0.96472,1.37,1.00
2017.08.24 18:08:46.162,0.96464,0.96474,1.12,1.50
2017.08.24 18:08:46.215,0.96465,0.96476,4.50,1.50
2017.08.24 18:08:46.319,0.96465,0.96476,2.06,1.00
2017.08.24 18:08:46.524,0.96466,0.96477,1.12,1.12
2017.08.24 18:08:47.436,0.96469,0.96478,1.00,1.25
2017.08.24 18:09:04.574,0.96469,0.96479,1.12,2.62
2017.08.24 18:09:05.456,0.96469,0.96478,1.12,1.00
2017.08.24 18:09:08.150,0.96469,0.96479,1.12,1.87
2017.08.24 18:09:12.151,0.96469,0.96478,1.12,1.00
2017.08.24 18:09:12.669,0.96468,0.96479,1.37,1.87
2017.08.24 18:09:13.755,0.96469,0.96478,1.12,2.25
2017.08.24 18:09:18.842,0.96468,0.96477,1.37,1.00
2017.08.24 18:09:23.852,0.96468,0.96478,1.37,3.94
2017.08.24 18:09:28.657,0.96466,0.96477,1.87,3.00
2017.08.24 18:09:29.168,0.96466,0.96476,1.12,2.44
2017.08.24 18:09:34.024,0.96466,0.96477,1.12,3.97
2017.08.24 18:09:36.450,0.96466,0.96476,1.12,1.00
2017.08.24 18:09:40.682,0.96463,0.96474,2.81,1.50
2017.08.24 18:09:40.787,0.96463,0.96473,2.25,1.00
2017.08.24 18:09:41.358,0.96463,0.96472,1.50,1.00
2017.08.24 18:09:41.625,0.96463,0.96469,1.00,1.00
2017.08.24 18:09:41.677,0.96458,0.96469,2.00,1.00
2017.08.24 18:09:41.729,0.96458,0.96469,1.50,1.50
2017.08.24 18:09:55.207,0.96459,0.96468,1.12,1.00
2017.08.24 18:09:55.889,0.96459,0.96469,1.12,2.85
2017.08.24 18:09:58.391,0.96459,0.96468,1.12,1.00
2017.08.24 18:10:00.118,0.96459,0.96469,1.12,6.41
2017.08.24 18:10:04.241,0.96459,0.96468,1.12,1.00
2017.08.24 18:10:07.151,0.96459,0.96468,1.12,1.37
2017.08.24 18:10:20.894,0.96459,0.96468,1.12,1.12
2017.08.24 18:10:21.398,0.96459,0.96467,1.12,1.00
2017.08.24 18:10:23.510,0.96459,0.96468,1.12,5.66
2017.08.24 18:10:25.176,0.96459,0.96467,1.12,1.00
2017.08.24 18:10:29.954,0.96458,0.96468,1.37,3.97
2017.08.24 18:10:51.030,0.96458,0.96468,1.37,4.35
2017.08.24 18:10:57.571,0.96459,0.96463,1.00,2.10
2017.08.24 18:10:57.622,0.96452,0.96461,1.50,3.22
2017.08.24 18:10:58.135,0.9645,0.9646,3.75,1.00
2017.08.24 18:11:09.081,0.96453,0.96461,1.00,1.12
2017.08.24 18:11:11.535,0.96452,0.96461,1.00,1.12
2017.08.24 18:11:12.257,0.96453,0.96461,1.00,1.12
2017.08.24 18:11:13.185,0.96452,0.9646,1.00,2.62
2017.08.24 18:11:13.289,0.96447,0.96456,1.12,1.87
2017.08.24 18:11:13.814,0.96447,0.96458,1.37,3.97
2017.08.24 18:11:14.122,0.96447,0.96458,4.50,1.37
2017.08.24 18:11:14.444,0.96451,0.96459,1.00,1.12
2017.08.24 18:11:18.469,0.96451,0.9646,1.50,1.12
2017.08.24 18:11:20.027,0.96451,0.9646,1.37,1.12
2017.08.24 18:11:23.050,0.96456,0.96462,1.37,1.50
2017.08.24 18:11:23.153,0.96456,0.96467,1.87,3.75
2017.08.24 18:11:23.474,0.96456,0.96467,1.87,1.50
2017.08.24 18:11:25.173,0.96457,0.96468,1.50,1.69
2017.08.24 18:11:46.794,0.96459,0.96466,1.00,1.72
2017.08.24 18:11:46.846,0.96453,0.96463,4.12,1.00
2017.08.24 18:11:46.898,0.96451,0.96462,3.37,1.00
2017.08.24 18:11:46.950,0.96451,0.96462,1.37,1.62
2017.08.24 18:11:47.489,0.96451,0.9646,1.37,1.37
2017.08.24 18:11:48.064,0.9645,0.9646,2.62,1.37
2017.08.24 18:11:48.661,0.96453,0.96461,1.00,1.87
2017.08.24 18:11:53.800,0.96448,0.96459,4.12,1.12
2017.08.24 18:11:54.319,0.96448,0.96459,1.87,1.12
2017.08.24 18:11:54.828,0.96448,0.96459,1.50,1.37
2017.08.24 18:11:55.587,0.96448,0.96459,1.50,1.37
2017.08.24 18:12:01.474,0.96448,0.96459,6.56,1.37
2017.08.24 18:12:02.002,0.96453,0.96459,1.00,1.37
2017.08.24 18:12:02.519,0.96452,0.9646,1.12,1.37
2017.08.24 18:12:03.030,0.96451,0.96459,1.00,1.12
2017.08.24 18:12:03.133,0.96448,0.96459,1.00,3.97
2017.08.24 18:12:03.688,0.96451,0.96459,1.00,4.54
2017.08.24 18:12:07.887,0.9645,0.96459,1.00,2.81
2017.08.24 18:12:10.197,0.96449,0.96458,1.00,1.12
2017.08.24 18:12:10.351,0.9645,0.96461,2.25,1.69
2017.08.24 18:12:11.071,0.9645,0.96461,2.25,1.31
2017.08.24 18:12:12.032,0.9645,0.96462,2.25,1.56
2017.08.24 18:12:12.728,0.96452,0.96462,1.00,1.56
2017.08.24 18:12:13.341,0.96453,0.96462,1.00,1.56
2017.08.24 18:12:16.186,0.96452,0.96462,1.12,1.56
2017.08.24 18:12:18.716,0.9645,0.96461,2.25,2.81
2017.08.24 18:12:19.023,0.96453,0.9646,1.00,1.00
2017.08.24 18:12:19.626,0.96452,0.9646,1.12,1.00
2017.08.24 18:12:23.867,0.96453,0.9646,1.00,1.00
2017.08.24 18:12:24.425,0.96453,0.96461,1.00,1.12
2017.08.24 18:12:39.526,0.96456,0.96467,1.37,1.87
2017.08.24 18:12:39.578,0.96456,0.96467,1.37,2.25
2017.08.24 18:12:41.081,0.96457,0.96468,1.37,1.62
2017.08.24 18:12:44.035,0.96457,0.96468,1.12,1.50
2017.08.24 18:12:55.773,0.96458,0.96469,2.06,2.25
2017.08.24 18:12:56.080,0.96461,0.96468,1.00,1.12
2017.08.24 18:13:00.226,0.9646,0.96468,1.00,1.87
2017.08.24 18:13:03.317,0.96459,0.96468,1.00,1.12
2017.08.24 18:13:06.159,0.96458,0.96468,1.00,1.12
2017.08.24 18:13:07.956,0.96459,0.96468,1.00,1.31
2017.08.24 18:13:12.792,0.96459,0.96467,1.00,1.00
2017.08.24 18:13:13.356,0.96459,0.96468,1.00,1.12
2017.08.24 18:13:14.955,0.96458,0.96468,1.00,1.12
2017.08.24 18:13:17.313,0.96459,0.96468,1.00,1.12
2017.08.24 18:13:29.016,0.96459,0.96466,1.00,2.29
2017.08.24 18:13:29.069,0.96456,0.96464,1.00,1.00
2017.08.24 18:13:29.122,0.96456,0.96461,1.00,1.00
2017.08.24 18:13:29.174,0.9645,0.96459,3.37,1.00
2017.08.24 18:13:29.226,0.9645,0.96459,1.00,1.00
2017.08.24 18:13:29.278,0.96448,0.96459,1.00,1.00
2017.08.24 18:13:45.717,0.96448,0.9646,1.00,3.04
2017.08.24 18:13:46.185,0.96448,0.96458,1.00,1.00
2017.08.24 18:13:46.340,0.96448,0.9646,1.87,1.31
2017.08.24 18:13:46.391,0.96451,0.9646,1.00,1.12
2017.08.24 18:13:46.892,0.96451,0.96461,1.00,1.31
2017.08.24 18:13:47.927,0.96453,0.96461,1.00,1.12
2017.08.24 18:13:48.488,0.96453,0.96462,1.00,1.12
2017.08.24 18:13:50.277,0.96453,0.96461,1.00,1.12
2017.08.24 18:13:50.380,0.96449,0.96461,1.12,3.56
2017.08.24 18:13:50.896,0.96447,0.9646,4.31,1.91
2017.08.24 18:13:53.514,0.96449,0.9646,1.00,1.91
2017.08.24 18:13:55.182,0.96448,0.96459,1.12,1.00
2017.08.24 18:13:55.684,0.96449,0.9646,1.00,1.72
2017.08.24 18:13:56.215,0.96449,0.9646,1.87,1.00
2017.08.24 18:13:56.481,0.96453,0.9646,1.00,1.00
2017.08.24 18:14:04.087,0.96449,0.9646,1.50,1.00
2017.08.24 18:14:04.698,0.96451,0.9646,1.00,1.00
2017.08.24 18:14:05.131,0.96451,0.96458,1.00,1.00
2017.08.24 18:14:05.703,0.96451,0.96459,1.00,1.00
2017.08.24 18:14:31.874,0.96447,0.96452,1.00,1.00
2017.08.24 18:14:32.182,0.96441,0.96449,1.37,1.00
2017.08.24 18:14:32.336,0.96441,0.96449,1.25,1.12
2017.08.24 18:14:32.618,0.96439,0.96449,1.25,1.31
2017.08.24 18:14:34.493,0.96441,0.96449,1.00,1.12
2017.08.24 18:14:35.028,0.9644,0.96451,1.00,4.35
2017.08.24 18:14:35.563,0.9644,0.9645,1.00,1.00
2017.08.24 18:14:36.993,0.96437,0.96448,2.06,1.31
2017.08.24 18:14:37.096,0.96436,0.96446,1.00,1.35
2017.08.24 18:14:37.735,0.96436,0.96447,1.00,3.19
2017.08.24 18:14:38.284,0.96435,0.96447,1.31,3.19
2017.08.24 18:14:39.484,0.96434,0.96447,1.87,3.97
2017.08.24 18:14:44.838,0.96434,0.96447,2.81,3.04
2017.08.24 18:14:45.394,0.96434,0.96445,2.44,1.87
2017.08.24 18:14:46.081,0.96434,0.96444,1.12,1.00
2017.08.24 18:14:50.031,0.96434,0.96445,2.06,2.81
2017.08.24 18:14:50.549,0.96435,0.96446,1.37,1.00
2017.08.24 18:14:50.857,0.96438,0.96448,1.00,1.00
2017.08.24 18:14:57.564,0.96438,0.96449,1.12,1.50
2017.08.24 18:15:21.325,0.96438,0.96445,1.25,1.00
2017.08.24 18:15:21.476,0.96433,0.96441,1.25,1.12
2017.08.24 18:15:21.527,0.96431,0.96441,1.25,3.26
2017.08.24 18:15:22.172,0.96431,0.96441,1.25,2.14
2017.08.24 18:15:22.707,0.96431,0.96441,1.25,1.20
2017.08.24 18:15:24.779,0.96431,0.9644,1.25,1.00
2017.08.24 18:15:24.831,0.96433,0.9644,1.00,1.00
2017.08.24 18:15:25.661,0.9643,0.9644,1.25,1.95
2017.08.24 18:15:26.232,0.96431,0.9644,1.25,1.95
2017.08.24 18:15:27.466,0.96433,0.9644,1.00,1.00
2017.08.24 18:15:39.603,0.96431,0.9644,1.25,1.57
2017.08.24 18:15:43.098,0.9643,0.9644,1.31,1.57
2017.08.24 18:15:43.720,0.96431,0.9644,1.25,1.20
2017.08.24 18:15:45.291,0.9643,0.9644,1.31,1.20
2017.08.24 18:15:45.828,0.96431,0.9644,1.25,1.20
2017.08.24 18:15:46.762,0.96431,0.96441,1.25,2.25
2017.08.24 18:15:47.301,0.96431,0.9644,1.25,1.95
2017.08.24 18:15:57.210,0.9643,0.96439,1.25,1.10
2017.08.24 18:16:00.158,0.96431,0.96439,1.25,1.10
2017.08.24 18:16:12.855,0.9643,0.96439,1.25,3.45
2017.08.24 18:16:13.696,0.96429,0.96439,1.00,3.45
2017.08.24 18:16:18.549,0.96429,0.96439,1.00,1.95
2017.08.24 18:16:19.228,0.96428,0.96439,1.87,1.57
2017.08.24 18:16:25.295,0.96431,0.96439,1.00,1.57
2017.08.24 18:16:25.842,0.96431,0.9644,1.00,2.32
2017.08.24 18:16:26.372,0.96431,0.9644,1.00,1.12
2017.08.24 18:16:29.900,0.9643,0.9644,1.25,1.12
2017.08.24 18:16:31.076,0.96429,0.9644,4.12,1.12
2017.08.24 18:16:31.770,0.9643,0.9644,1.25,1.12
2017.08.24 18:16:38.378,0.96429,0.9644,2.81,1.50
2017.08.24 18:16:39.031,0.9643,0.9644,1.25,1.50
2017.08.24 18:16:44.863,0.9643,0.96441,1.50,2.32
2017.08.24 18:16:45.506,0.96431,0.96441,1.69,1.00
2017.08.24 18:16:46.141,0.96435,0.96443,1.00,1.50
2017.08.24 18:16:46.295,0.96437,0.96448,1.00,3.37
2017.08.24 18:16:46.862,0.96436,0.96447,1.25,1.00
2017.08.24 18:16:47.421,0.96437,0.96448,1.00,1.87
2017.08.24 18:16:49.172,0.96438,0.96448,1.00,1.87
2017.08.24 18:16:51.583,0.96438,0.96449,1.00,1.12
2017.08.24 18:16:52.278,0.96439,0.96449,1.00,1.12
2017.08.24 18:16:52.592,0.96438,0.96447,1.00,1.00
2017.08.24 18:16:53.238,0.96439,0.96447,1.00,1.00
2017.08.24 18:16:53.790,0.96439,0.96448,1.00,1.50
2017.08.24 18:16:55.843,0.96439,0.96449,1.00,3.00
2017.08.24 18:17:04.646,0.96439,0.96449,1.44,1.00
2017.08.24 18:17:05.185,0.96439,0.9645,2.06,1.12
2017.08.24 18:17:21.351,0.96444,0.96452,1.44,1.12
2017.08.24 18:17:21.505,0.96445,0.96456,3.37,1.00
2017.08.24 18:17:22.361,0.96446,0.96457,2.25,1.50
2017.08.24 18:17:23.351,0.96446,0.96457,2.25,1.00
2017.08.24 18:17:23.528,0.96449,0.96457,1.00,1.00
2017.08.24 18:17:26.269,0.96449,0.96458,1.00,1.50
2017.08.24 18:17:45.152,0.96449,0.96459,1.00,1.87
2017.08.24 18:17:45.677,0.96448,0.96459,1.50,1.87
2017.08.24 18:17:46.284,0.96449,0.96458,1.00,1.12
2017.08.24 18:17:48.091,0.96448,0.96458,1.00,1.12
2017.08.24 18:17:57.428,0.96449,0.96458,1.00,1.12
2017.08.24 18:18:37.214,0.96449,0.96457,1.00,1.00
2017.08.24 18:18:37.625,0.96449,0.96459,1.12,1.00
2017.08.24 18:18:45.871,0.96448,0.96459,1.87,1.12
2017.08.24 18:18:48.910,0.96449,0.96459,1.00,1.12
2017.08.24 18:19:09.352,0.96449,0.96458,1.00,1.00
2017.08.24 18:19:10.274,0.96449,0.96459,1.00,1.69
2017.08.24 18:19:16.386,0.96448,0.96459,1.50,2.29
2017.08.24 18:19:19.585,0.96449,0.96459,1.00,4.50
2017.08.24 18:19:22.557,0.96449,0.96459,1.00,5.29
2017.08.24 18:19:24.476,0.9645,0.96459,1.12,1.00
2017.08.24 18:19:24.978,0.96449,0.96459,1.25,1.12
2017.08.24 18:19:32.068,0.96449,0.96458,1.25,1.00
2017.08.24 18:19:32.621,0.96448,0.96458,1.31,1.00
2017.08.24 18:19:35.190,0.96449,0.96458,1.69,1.00
2017.08.24 18:19:36.931,0.96449,0.96459,1.69,1.12
2017.08.24 18:19:41.758,0.96449,0.96458,1.69,1.00
2017.08.24 18:19:43.041,0.96449,0.96459,1.69,2.66
2017.08.24 18:19:52.271,0.96449,0.96458,1.69,1.00
2017.08.24 18:19:55.827,0.96449,0.96459,1.69,2.66
2017.08.24 18:20:00.084,0.96449,0.96458,1.00,1.00
2017.08.24 18:20:00.650,0.96448,0.96458,1.12,1.00
2017.08.24 18:20:01.201,0.96448,0.96459,1.87,1.72
2017.08.24 18:20:04.223,0.96449,0.96459,1.00,1.12
2017.08.24 18:20:05.145,0.96448,0.96458,1.12,1.00
2017.08.24 18:20:05.823,0.96448,0.9646,1.12,3.97
2017.08.24 18:20:06.337,0.96449,0.96459,1.00,1.31
2017.08.24 18:20:07.119,0.96449,0.9646,2.62,1.12
2017.08.24 18:20:07.621,0.96448,0.9646,1.50,3.97
2017.08.24 18:20:08.193,0.96448,0.9646,1.12,3.97
2017.08.24 18:20:08.837,0.96449,0.9646,1.00,3.79
2017.08.24 18:20:09.493,0.96448,0.9646,1.12,3.79
2017.08.24 18:20:10.261,0.96449,0.96458,1.00,1.12
2017.08.24 18:20:11.914,0.96445,0.96453,2.62,1.00
2017.08.24 18:20:12.166,0.9644,0.9645,1.31,1.12
2017.08.24 18:20:13.696,0.9644,0.9645,2.81,1.37
2017.08.24 18:20:13.799,0.96443,0.96452,3.00,1.49
2017.08.24 18:20:14.310,0.96443,0.96452,1.00,1.87
2017.08.24 18:20:14.635,0.96444,0.96455,1.00,2.81
2017.08.24 18:20:14.738,0.96444,0.96455,1.50,1.12
2017.08.24 18:20:15.457,0.96445,0.96456,1.00,2.06
2017.08.24 18:20:16.144,0.96446,0.96457,1.00,3.22
2017.08.24 18:20:29.296,0.96445,0.96456,2.44,1.00
2017.08.24 18:20:29.348,0.96444,0.96451,1.00,1.00
2017.08.24 18:20:29.400,0.96441,0.96451,1.62,1.25
2017.08.24 18:20:29.451,0.9644,0.9645,1.62,1.37
2017.08.24 18:20:30.089,0.9644,0.9645,1.25,1.37
2017.08.24 18:20:33.737,0.96443,0.9645,1.00,1.12
2017.08.24 18:20:34.449,0.9644,0.9645,1.25,1.12
2017.08.24 18:20:37.670,0.9644,0.9645,1.25,1.37
2017.08.24 18:20:39.310,0.9644,0.96451,1.69,1.12
2017.08.24 18:20:39.836,0.96442,0.96451,1.00,1.50
2017.08.24 18:20:40.539,0.9644,0.96451,1.69,1.69
2017.08.24 18:20:41.088,0.96441,0.96451,1.00,1.50
2017.08.24 18:20:41.722,0.96441,0.9645,1.00,1.00
2017.08.24 18:20:50.542,0.9644,0.9645,1.69,1.12
2017.08.24 18:20:51.484,0.96441,0.9645,1.00,1.12
2017.08.24 18:21:06.710,0.9644,0.9645,1.69,1.31
2017.08.24 18:21:07.245,0.96441,0.9645,1.00,1.37
2017.08.24 18:21:09.121,0.96441,0.96452,2.25,3.37
2017.08.24 18:21:14.084,0.96441,0.96452,3.00,1.37
2017.08.24 18:21:29.712,0.96442,0.96453,1.00,2.06
2017.08.24 18:21:30.722,0.96442,0.96453,1.00,2.44
2017.08.24 18:21:30.774,0.96446,0.96455,1.00,1.37
2017.08.24 18:21:30.877,0.96446,0.96457,1.50,1.50
2017.08.24 18:21:30.981,0.96448,0.96459,1.00,3.37
2017.08.24 18:21:43.524,0.96448,0.96458,1.00,1.12
2017.08.24 18:21:49.741,0.96449,0.9646,1.00,4.12
2017.08.24 18:21:50.807,0.9645,0.9646,1.00,1.69
2017.08.24 18:21:52.310,0.9645,0.96461,2.25,1.12
2017.08.24 18:21:56.728,0.96455,0.96463,1.00,1.37
2017.08.24 18:21:56.832,0.96458,0.96469,1.00,2.62
2017.08.24 18:21:57.344,0.96459,0.9647,1.00,2.62
2017.08.24 18:21:57.990,0.96459,0.9647,1.50,2.62
2017.08.24 18:21:58.348,0.96461,0.96472,1.00,3.94
2017.08.24 18:21:58.939,0.96461,0.96472,1.00,3.75
2017.08.24 18:21:59.301,0.96461,0.9647,1.00,1.56
2017.08.24 18:21:59.354,0.96457,0.96469,3.33,2.25
2017.08.24 18:21:59.890,0.96457,0.96468,2.25,1.50
2017.08.24 18:22:06.471,0.96459,0.96468,1.00,1.00
2017.08.24 18:22:07.013,0.96459,0.96467,1.00,1.50
2017.08.24 18:22:07.575,0.96459,0.96468,1.00,1.31
2017.08.24 18:22:08.383,0.96459,0.96468,1.00,1.50
2017.08.24 18:22:08.996,0.96459,0.96468,1.00,1.31
2017.08.24 18:22:18.355,0.96458,0.96468,1.00,1.87
2017.08.24 18:22:18.974,0.96459,0.96468,1.00,1.87
2017.08.24 18:22:21.651,0.96459,0.96467,1.00,1.12
2017.08.24 18:22:21.703,0.96456,0.96467,1.50,4.69
2017.08.24 18:22:22.892,0.96456,0.96467,1.50,2.06
2017.08.24 18:22:24.351,0.96456,0.96466,1.00,1.44
2017.08.24 18:22:24.875,0.96456,0.96467,1.50,3.94
2017.08.24 18:22:26.828,0.96456,0.96466,1.50,1.50
2017.08.24 18:22:27.599,0.96456,0.96466,1.50,1.31
2017.08.24 18:22:42.003,0.96457,0.96466,1.00,2.06
2017.08.24 18:22:42.506,0.96456,0.96466,1.50,2.06
2017.08.24 18:23:14.041,0.96459,0.96468,1.00,2.25
2017.08.24 18:23:14.953,0.96459,0.96467,1.00,1.00
2017.08.24 18:23:16.143,0.96459,0.96467,1.00,3.38
2017.08.24 18:23:16.195,0.96455,0.96467,2.81,4.50
2017.08.24 18:23:16.708,0.96455,0.96467,3.00,3.00
2017.08.24 18:23:17.380,0.96453,0.96462,1.12,1.25
2017.08.24 18:23:17.564,0.96448,0.96458,2.06,2.25
2017.08.24 18:23:19.147,0.96451,0.96461,1.00,2.63
2017.08.24 18:23:21.090,0.96451,0.96461,1.37,1.12
2017.08.24 18:23:21.603,0.96451,0.96462,2.44,1.00
2017.08.24 18:23:22.126,0.96451,0.96463,2.44,1.31
2017.08.24 18:23:23.043,0.96451,0.96463,2.06,1.31
2017.08.24 18:23:24.666,0.96453,0.96462,1.00,1.00
2017.08.24 18:23:24.974,0.9645,0.96459,1.25,1.12
2017.08.24 18:23:28.849,0.96449,0.96459,1.12,1.12
2017.08.24 18:23:33.933,0.96448,0.96459,1.69,1.12
2017.08.24 18:23:34.444,0.96449,0.96459,1.00,1.12
2017.08.24 18:23:40.761,0.9645,0.96461,1.63,1.50
2017.08.24 18:23:41.018,0.9645,0.96461,1.25,2.63
2017.08.24 18:23:41.582,0.96449,0.96461,1.69,1.50
2017.08.24 18:23:41.634,0.96452,0.96461,1.00,1.88
2017.08.24 18:23:45.021,0.96452,0.96462,1.00,2.25
2017.08.24 18:23:45.534,0.9645,0.96461,2.44,1.25
2017.08.24 18:23:46.073,0.96451,0.96462,1.31,1.00
2017.08.24 18:23:46.887,0.96451,0.96463,1.50,2.81
2017.08.24 18:23:48.583,0.96456,0.96466,1.00,2.32
2017.08.24 18:23:48.685,0.96456,0.96467,1.50,3.75
2017.08.24 18:23:49.725,0.96456,0.96467,2.44,3.19
2017.08.24 18:23:54.997,0.96456,0.96467,1.12,3.56
2017.08.24 18:23:55.766,0.96456,0.96467,1.50,2.44
2017.08.24 18:24:09.072,0.96454,0.96461,2.81,1.00
2017.08.24 18:24:09.227,0.96449,0.9646,1.12,2.81
2017.08.24 18:24:09.742,0.96449,0.9646,1.12,3.19
2017.08.24 18:24:18.288,0.96448,0.96459,2.44,1.12
2017.08.24 18:24:18.985,0.96449,0.96459,1.00,2.62
2017.08.24 18:24:23.315,0.96449,0.96458,1.00,1.50
2017.08.24 18:24:28.142,0.96446,0.96455,1.00,1.25
2017.08.24 18:24:28.297,0.9644,0.96451,1.31,3.00
2017.08.24 18:24:32.853,0.9644,0.96451,2.44,1.12
2017.08.24 18:24:33.389,0.96441,0.96451,1.12,1.31
2017.08.24 18:24:33.901,0.96441,0.96452,1.69,1.00
2017.08.24 18:24:39.306,0.96441,0.96451,1.00,1.00
2017.08.24 18:24:39.817,0.96441,0.9645,1.00,1.31
2017.08.24 18:24:49.922,0.9644,0.9645,1.31,1.12
2017.08.24 18:24:55.288,0.96439,0.9645,3.00,1.12
2017.08.24 18:24:56.493,0.9644,0.9645,1.25,1.12
2017.08.24 18:25:00.290,0.96441,0.96452,1.00,2.25
2017.08.24 18:25:00.903,0.96441,0.96452,1.00,1.87
2017.08.24 18:25:01.415,0.9644,0.96451,2.06,1.12
2017.08.24 18:25:01.640,0.96442,0.96453,1.50,4.31
2017.08.24 18:25:01.952,0.96447,0.96458,1.87,2.25
2017.08.24 18:25:02.665,0.96447,0.96458,1.69,2.44
2017.08.24 18:25:03.263,0.96449,0.96458,1.00,2.25
2017.08.24 18:25:05.958,0.96449,0.96459,1.00,1.00
2017.08.24 18:25:07.319,0.96449,0.96459,3.19,1.00
2017.08.24 18:25:07.423,0.96451,0.96461,1.12,1.00
2017.08.24 18:25:07.526,0.9645,0.96461,5.25,1.00
2017.08.24 18:25:07.580,0.96451,0.96461,1.50,1.00
2017.08.24 18:25:08.607,0.96451,0.9646,1.12,1.00
2017.08.24 18:25:08.811,0.96451,0.96461,1.50,1.37
2017.08.24 18:25:09.119,0.96452,0.96463,1.37,3.37
2017.08.24 18:25:10.071,0.96451,0.96462,3.56,1.00
2017.08.24 18:25:12.478,0.96453,0.96461,1.12,1.25
2017.08.24 18:25:24.802,0.96453,0.96459,1.00,1.00
2017.08.24 18:25:24.854,0.96449,0.96459,3.19,1.00
2017.08.24 18:25:25.845,0.96448,0.96459,2.06,1.12
2017.08.24 18:25:26.395,0.96449,0.96459,1.25,1.12
2017.08.24 18:25:26.973,0.96449,0.9646,5.63,1.12
2017.08.24 18:25:27.623,0.9645,0.96461,5.25,1.00
2017.08.24 18:25:31.078,0.96453,0.96462,1.12,1.12
2017.08.24 18:25:32.871,0.96453,0.96463,1.12,1.12
2017.08.24 18:25:36.014,0.96453,0.96462,1.12,1.25
2017.08.24 18:25:36.228,0.96449,0.96459,1.25,1.12
2017.08.24 18:25:36.743,0.96448,0.96459,1.50,1.12
2017.08.24 18:25:38.151,0.96449,0.96459,1.00,1.12
2017.08.24 18:25:48.304,0.96449,0.9646,1.00,4.13
2017.08.24 18:25:49.401,0.96448,0.9646,1.50,2.81
2017.08.24 18:25:49.903,0.96449,0.9646,1.00,4.13
2017.08.24 18:25:54.638,0.96448,0.9646,1.50,3.60
2017.08.24 18:25:55.224,0.96449,0.9646,1.00,5.10
2017.08.24 18:25:55.487,0.96449,0.96454,1.00,1.00
2017.08.24 18:25:55.540,0.96447,0.96453,1.69,1.50
2017.08.24 18:25:55.595,0.96443,0.96452,1.37,1.00
2017.08.24 18:25:55.750,0.96446,0.96457,1.25,3.19
2017.08.24 18:25:56.059,0.96449,0.96457,1.00,2.44
2017.08.24 18:25:56.788,0.96446,0.96457,2.06,2.25
2017.08.24 18:26:00.719,0.96447,0.96458,2.44,2.62
2017.08.24 18:26:01.231,0.96449,0.96459,1.12,1.00
2017.08.24 18:26:05.274,0.96447,0.96459,5.25,1.12
2017.08.24 18:26:05.794,0.96449,0.96458,1.00,1.69
2017.08.24 18:26:09.364,0.96449,0.96459,1.00,2.06
2017.08.24 18:26:12.134,0.96449,0.96458,1.00,2.25
2017.08.24 18:26:14.438,0.96449,0.96457,1.00,1.69
2017.08.24 18:26:14.595,0.96441,0.96452,1.37,2.47
2017.08.24 18:26:16.039,0.9644,0.96451,2.62,1.12
2017.08.24 18:26:16.877,0.9644,0.96451,1.69,2.62
2017.08.24 18:26:18.211,0.9644,0.96449,1.25,1.00
2017.08.24 18:26:18.723,0.9644,0.9645,1.25,2.81
2017.08.24 18:26:20.112,0.9644,0.96449,1.25,1.50
2017.08.24 18:26:20.640,0.96439,0.96449,2.44,1.50
2017.08.24 18:26:21.303,0.96439,0.9645,3.19,1.12
2017.08.24 18:26:22.314,0.9644,0.9645,1.25,1.12
2017.08.24 18:26:23.161,0.9644,0.96449,1.25,1.00
2017.08.24 18:26:26.044,0.96439,0.9645,3.19,1.37
2017.08.24 18:26:26.638,0.9644,0.9645,1.25,1.37
2017.08.24 18:26:41.907,0.96439,0.9645,3.19,1.37
2017.08.24 18:26:46.598,0.9644,0.9645,1.25,1.37
2017.08.24 18:26:59.530,0.96439,0.9645,1.50,1.37
2017.08.24 18:27:01.301,0.9644,0.9645,1.25,1.63
2017.08.24 18:27:03.956,0.96439,0.9645,2.81,1.37
2017.08.24 18:27:04.211,0.9644,0.9645,1.31,1.37
2017.08.24 18:27:04.353,0.96441,0.96452,1.37,2.81
2017.08.24 18:27:04.507,0.96444,0.96454,2.25,1.75
2017.08.24 18:27:04.661,0.96445,0.96455,1.00,1.00
2017.08.24 18:27:05.545,0.96446,0.96456,1.00,1.12
2017.08.24 18:27:12.316,0.96446,0.96457,1.12,2.62
2017.08.24 18:27:14.033,0.96446,0.96456,1.12,1.00
2017.08.24 18:27:26.006,0.96446,0.96457,1.25,3.37
2017.08.24 18:27:38.454,0.96448,0.96458,1.31,1.00
2017.08.24 18:27:40.239,0.96449,0.96459,1.00,2.25
2017.08.24 18:27:40.546,0.96453,0.96464,3.19,2.62
2017.08.24 18:27:40.598,0.96455,0.96465,1.00,1.37
2017.08.24 18:27:40.701,0.96455,0.96466,2.63,1.50
2017.08.24 18:27:41.242,0.96455,0.96466,6.75,1.00
2017.08.24 18:27:41.754,0.96459,0.96467,1.00,1.12
2017.08.24 18:27:49.869,0.96457,0.96466,1.69,1.00
2017.08.24 18:27:50.401,0.96455,0.96468,6.75,5.44
2017.08.24 18:27:50.915,0.96455,0.96468,6.75,3.00
2017.08.24 18:27:52.316,0.96455,0.96468,7.69,4.69
2017.08.24 18:27:53.889,0.96455,0.96464,1.31,1.00
2017.08.24 18:27:53.941,0.96456,0.96461,1.00,1.25
2017.08.24 18:27:54.080,0.9645,0.9646,3.75,1.12
2017.08.24 18:27:55.970,0.9645,0.96461,3.94,1.87
2017.08.24 18:27:58.141,0.96449,0.9646,2.44,2.06
2017.08.24 18:28:02.213,0.96449,0.96458,2.06,1.00
2017.08.24 18:28:02.736,0.96449,0.9646,1.31,2.06
2017.08.24 18:28:06.565,0.96449,0.96458,1.69,1.00
2017.08.24 18:28:07.077,0.96449,0.96459,1.69,1.12
2017.08.24 18:28:11.097,0.96449,0.9646,1.69,3.94
2017.08.24 18:28:14.403,0.96449,0.96459,1.69,1.00
2017.08.24 18:28:24.604,0.96449,0.96457,1.00,1.00
2017.08.24 18:28:24.708,0.96447,0.96456,1.25,1.69
2017.08.24 18:28:30.481,0.96446,0.96456,1.31,1.50
2017.08.24 18:28:34.677,0.96447,0.96456,1.25,2.29
2017.08.24 18:28:34.779,0.96443,0.96453,1.87,1.13
2017.08.24 18:28:34.831,0.96446,0.96452,1.00,1.00
2017.08.24 18:28:34.883,0.96442,0.96452,1.00,1.00
2017.08.24 18:28:35.037,0.9644,0.96451,2.06,1.25
2017.08.24 18:28:35.780,0.9644,0.96452,1.50,3.60
2017.08.24 18:28:36.325,0.9644,0.96452,2.44,2.48
2017.08.24 18:28:36.905,0.9644,0.96452,2.44,1.12
2017.08.24 18:28:37.437,0.9644,0.96452,2.25,1.12
2017.08.24 18:28:37.909,0.9644,0.96452,1.31,5.81
2017.08.24 18:28:39.550,0.96441,0.96452,1.44,2.66
2017.08.24 18:28:40.071,0.96441,0.96452,1.00,3.23
2017.08.24 18:28:47.221,0.96444,0.96453,1.69,1.00
2017.08.24 18:28:47.325,0.96447,0.96459,2.44,3.97
2017.08.24 18:28:47.429,0.96447,0.9646,5.63,3.37
2017.08.24 18:28:47.952,0.96448,0.96459,1.38,1.00
2017.08.24 18:28:48.562,0.96449,0.9646,1.12,3.94
2017.08.24 18:28:57.364,0.96451,0.96462,3.94,1.69
2017.08.24 18:28:57.877,0.96454,0.96464,1.12,1.25
2017.08.24 18:28:57.929,0.96457,0.96465,1.37,1.00
2017.08.24 18:28:58.430,0.96457,0.96466,1.37,1.00
2017.08.24 18:28:58.747,0.96457,0.96468,1.87,3.94
2017.08.24 18:28:59.259,0.96458,0.96467,1.50,1.00
2017.08.24 18:29:03.095,0.96458,0.96468,1.37,1.87
2017.08.24 18:29:03.249,0.96456,0.96463,1.12,1.00
2017.08.24 18:29:03.352,0.96451,0.96462,2.25,1.25
2017.08.24 18:29:03.455,0.96448,0.96459,4.31,1.00
2017.08.24 18:29:03.507,0.96449,0.96459,1.00,1.00
2017.08.24 18:29:04.455,0.96449,0.9646,1.50,1.00
2017.08.24 18:29:12.679,0.96452,0.96462,1.50,1.87
2017.08.24 18:29:13.038,0.96453,0.96463,1.37,1.37
2017.08.24 18:29:13.643,0.96453,0.96464,1.63,2.62
2017.08.24 18:29:14.797,0.96452,0.96463,3.00,1.00
2017.08.24 18:29:15.451,0.96452,0.96463,3.00,1.00
2017.08.24 18:29:15.961,0.96452,0.96463,3.00,1.00
2017.08.24 18:29:17.940,0.96452,0.96462,1.87,1.00
2017.08.24 18:29:18.465,0.96453,0.9646,1.00,1.00
2017.08.24 18:29:18.517,0.96449,0.9646,4.12,1.00
2017.08.24 18:29:26.294,0.96449,0.9646,3.19,1.69
2017.08.24 18:29:27.662,0.96449,0.96459,2.44,1.00
2017.08.24 18:29:43.210,0.96449,0.96459,1.50,1.88
2017.08.24 18:29:43.314,0.96446,0.96455,1.50,1.00
2017.08.24 18:29:43.417,0.96443,0.96454,2.44,1.25
2017.08.24 18:29:43.469,0.96443,0.96452,1.00,1.25
2017.08.24 18:29:43.572,0.96439,0.96449,2.81,1.69
2017.08.24 18:29:44.110,0.96439,0.9645,2.44,1.25
2017.08.24 18:29:48.226,0.96439,0.9645,2.81,1.00
2017.08.24 18:29:48.756,0.96439,0.9645,2.81,1.00
2017.08.24 18:29:49.303,0.96439,0.9645,2.81,1.00
2017.08.24 18:29:49.835,0.96439,0.9645,2.81,1.00
2017.08.24 18:29:51.808,0.96439,0.96449,1.87,1.00
2017.08.24 18:29:52.310,0.96439,0.9645,1.50,1.87
2017.08.24 18:29:56.481,0.96439,0.96449,2.44,1.00
2017.08.24 18:29:57.000,0.96439,0.9645,3.19,1.69
2017.08.24 18:29:57.528,0.96439,0.96449,3.19,1.50
2017.08.24 18:29:58.228,0.96439,0.9645,3.19,3.75
2017.08.24 18:29:59.353,0.96439,0.96449,2.44,1.00
2017.08.24 18:30:02.708,0.96439,0.9645,2.44,4.13
2017.08.24 18:30:03.266,0.96439,0.96449,3.19,1.50
2017.08.24 18:30:12.136,0.96439,0.96448,2.06,1.00
2017.08.24 18:30:16.053,0.96439,0.96449,1.31,3.97
2017.08.24 18:30:16.566,0.96439,0.96448,2.06,3.19
2017.08.24 18:30:17.411,0.96437,0.96447,1.31,2.62
2017.08.24 18:30:17.952,0.96436,0.96446,2.81,1.69
2017.08.24 18:30:18.488,0.96437,0.96446,1.25,1.69
2017.08.24 18:30:31.727,0.96436,0.96446,1.12,1.50
2017.08.24 18:30:35.545,0.96439,0.96448,1.00,2.85
2017.08.24 18:30:38.368,0.96439,0.96447,1.12,1.50
2017.08.24 18:30:38.878,0.96439,0.96449,1.12,3.79
2017.08.24 18:30:53.529,0.96438,0.96449,1.87,4.16
2017.08.24 18:31:00.111,0.96439,0.96449,1.00,2.29
2017.08.24 18:31:01.747,0.96439,0.9645,1.50,2.10
2017.08.24 18:31:02.275,0.96439,0.9645,1.87,1.69
2017.08.24 18:31:03.880,0.96441,0.9645,1.00,3.56
2017.08.24 18:31:09.981,0.96441,0.96451,1.00,3.19
2017.08.24 18:31:12.006,0.96441,0.96451,1.00,1.63
2017.08.24 18:31:12.519,0.96441,0.96452,1.00,2.81
2017.08.24 18:31:46.064,0.96441,0.96451,1.25,1.12
2017.08.24 18:31:54.258,0.96442,0.96452,1.00,1.37
2017.08.24 18:31:54.414,0.96446,0.96457,1.88,1.50
2017.08.24 18:31:54.927,0.96448,0.96459,1.00,3.00
2017.08.24 18:31:56.125,0.96449,0.9646,1.00,1.87
2017.08.24 18:31:56.808,0.96449,0.9646,1.69,1.50
2017.08.24 18:31:57.342,0.96449,0.9646,1.12,4.16
2017.08.24 18:32:01.609,0.96449,0.96459,6.00,1.00
2017.08.24 18:32:01.713,0.96451,0.96461,1.87,1.12
2017.08.24 18:32:02.256,0.96452,0.96462,1.50,1.37
2017.08.24 18:32:02.834,0.96452,0.96462,1.75,1.37
2017.08.24 18:32:06.112,0.96452,0.96462,1.75,1.12
2017.08.24 18:32:06.543,0.96455,0.96464,1.12,1.87
2017.08.24 18:32:06.594,0.96458,0.96465,3.75,1.00
2017.08.24 18:32:06.646,0.96456,0.96463,1.00,1.00
2017.08.24 18:32:06.698,0.96456,0.96461,1.00,1.00
2017.08.24 18:32:06.750,0.96451,0.96461,3.19,1.00
2017.08.24 18:32:07.251,0.96451,0.96462,1.81,2.06
2017.08.24 18:32:07.762,0.9645,0.96461,3.00,1.00
2017.08.24 18:32:08.350,0.9645,0.96461,6.19,1.00
2017.08.24 18:32:08.864,0.9645,0.9646,3.75,1.12
2017.08.24 18:32:27.803,0.9645,0.96461,2.63,1.37
2017.08.24 18:32:32.598,0.9645,0.9646,1.25,2.62
2017.08.24 18:32:34.056,0.96449,0.9646,2.44,4.31
2017.08.24 18:32:34.570,0.9645,0.96459,1.25,1.00
2017.08.24 18:32:36.263,0.9645,0.9646,1.25,3.41
2017.08.24 18:32:38.399,0.96453,0.96462,3.00,1.63
2017.08.24 18:32:38.451,0.96453,0.96464,2.62,1.95
2017.08.24 18:32:38.503,0.96453,0.96465,1.25,5.06
2017.08.24 18:32:38.915,0.96453,0.96463,1.12,2.62
2017.08.24 18:32:39.499,0.96453,0.96461,1.12,1.00
2017.08.24 18:32:39.959,0.96451,0.9646,1.12,1.25
2017.08.24 18:32:40.470,0.96451,0.96462,1.00,3.75
2017.08.24 18:32:40.971,0.96451,0.9646,1.00,1.00
2017.08.24 18:32:41.919,0.96451,0.96461,1.12,1.12
2017.08.24 18:32:44.779,0.96451,0.9646,1.12,1.25
2017.08.24 18:32:44.935,0.96449,0.9646,1.00,2.25
2017.08.24 18:32:57.507,0.96449,0.9646,2.44,1.37
2017.08.24 18:32:58.039,0.96451,0.96461,1.00,4.69
2017.08.24 18:32:58.552,0.96451,0.96459,1.00,1.50
2017.08.24 18:33:21.863,0.96449,0.96457,1.12,2.44
2017.08.24 18:33:22.174,0.96445,0.96452,1.12,1.00
2017.08.24 18:33:22.278,0.9644,0.96451,2.44,2.85
2017.08.24 18:33:22.791,0.9644,0.96451,3.56,1.25
2017.08.24 18:33:23.299,0.96441,0.9645,1.00,1.00
2017.08.24 18:33:23.810,0.96441,0.96451,1.00,1.12
2017.08.24 18:33:26.743,0.96441,0.96451,1.50,1.12
2017.08.24 18:33:27.777,0.96441,0.96452,2.25,1.00
2017.08.24 18:33:27.828,0.9644,0.96451,3.00,1.00
2017.08.24 18:33:28.417,0.9644,0.96451,2.25,1.37
2017.08.24 18:33:28.951,0.9644,0.96451,3.19,1.37
2017.08.24 18:33:29.464,0.9644,0.96451,1.25,2.06
2017.08.24 18:33:32.195,0.96441,0.96451,1.50,1.37
2017.08.24 18:33:34.580,0.9644,0.96451,2.81,1.37
2017.08.24 18:33:36.140,0.96441,0.96451,1.00,1.37
2017.08.24 18:33:41.886,0.9644,0.96451,1.87,1.87
2017.08.24 18:33:59.566,0.9644,0.96451,1.81,2.62
2017.08.24 18:34:32.658,0.96441,0.96453,1.00,3.98
2017.08.24 18:34:32.864,0.9644,0.96451,2.06,1.37
2017.08.24 18:34:33.401,0.96441,0.96451,1.00,4.16
2017.08.24 18:34:49.481,0.96441,0.96452,1.69,3.37
2017.08.24 18:34:50.190,0.96441,0.96452,1.12,2.25
2017.08.24 18:34:52.229,0.96441,0.96452,1.37,1.87
2017.08.24 18:34:55.041,0.96441,0.96452,1.00,1.87
2017.08.24 18:34:55.751,0.96441,0.96452,1.37,1.87
2017.08.24 18:34:56.411,0.96441,0.96452,1.00,1.87
2017.08.24 18:34:56.912,0.96441,0.96451,1.37,1.00
2017.08.24 18:34:57.732,0.96441,0.96451,1.00,1.00
2017.08.24 18:34:58.392,0.96441,0.96451,1.37,1.00
2017.08.24 18:34:59.062,0.9644,0.96451,2.44,1.00
2017.08.24 18:34:59.596,0.96441,0.96451,1.00,1.00
2017.08.24 18:35:02.224,0.9644,0.96451,3.56,1.00
2017.08.24 18:35:08.494,0.96443,0.96451,1.00,1.00
2017.08.24 18:35:18.029,0.96443,0.96452,1.00,1.12
2017.08.24 18:35:21.057,0.96444,0.96455,1.75,3.94
2017.08.24 18:35:21.214,0.96447,0.96457,1.87,1.31
2017.08.24 18:35:21.265,0.96447,0.96459,3.19,1.69
2017.08.24 18:35:22.084,0.96449,0.9646,1.00,3.60
2017.08.24 18:35:22.654,0.96449,0.9646,1.12,3.94
2017.08.24 18:35:24.218,0.96449,0.96459,1.12,1.25
2017.08.24 18:35:24.760,0.96449,0.9646,1.12,3.56
2017.08.24 18:35:25.272,0.96449,0.96459,1.12,1.00
2017.08.24 18:35:25.782,0.96449,0.9646,1.87,3.56
2017.08.24 18:35:26.232,0.96449,0.96454,1.00,2.44
2017.08.24 18:35:26.283,0.96443,0.96452,1.50,2.29
2017.08.24 18:35:26.386,0.9644,0.96451,2.06,2.66
2017.08.24 18:35:26.936,0.9644,0.96452,1.69,8.10
2017.08.24 18:35:28.048,0.9644,0.96452,1.88,3.22
2017.08.24 18:35:31.036,0.9644,0.96452,1.88,3.37
2017.08.24 18:35:37.143,0.9644,0.9645,1.31,1.50
2017.08.24 18:35:37.452,0.96441,0.96449,1.00,1.69
2017.08.24 18:35:37.504,0.96438,0.96448,2.44,2.44
2017.08.24 18:35:51.329,0.96438,0.96448,1.62,5.66
2017.08.24 18:36:00.624,0.96438,0.96448,1.62,3.79
2017.08.24 18:36:18.829,0.9644,0.96449,1.37,1.00
2017.08.24 18:36:19.268,0.96441,0.96451,1.12,1.12
2017.08.24 18:36:20.926,0.96441,0.9645,1.00,1.00
2017.08.24 18:36:32.394,0.9644,0.9645,1.12,1.25
2017.08.24 18:36:33.530,0.96441,0.9645,1.00,1.25
2017.08.24 18:36:41.455,0.96439,0.96449,1.00,1.50
2017.08.24 18:36:45.513,0.96441,0.9645,1.00,1.69
2017.08.24 18:36:46.098,0.96441,0.9645,1.00,2.44
2017.08.24 18:36:46.613,0.96441,0.9645,1.00,1.12
2017.08.24 18:37:02.342,0.96441,0.9645,1.37,1.00
2017.08.24 18:37:02.872,0.96443,0.96451,1.00,1.12
2017.08.24 18:37:04.059,0.96443,0.9645,1.00,1.00
2017.08.24 18:37:08.834,0.96443,0.96451,1.00,1.00
2017.08.24 18:38:08.991,0.96443,0.96452,1.00,3.19
2017.08.24 18:38:10.172,0.96443,0.9645,1.00,1.00
2017.08.24 18:38:10.225,0.9644,0.9645,1.31,1.25
2017.08.24 18:38:11.426,0.9644,0.9645,1.25,4.13
2017.08.24 18:38:11.478,0.96438,0.9645,2.06,4.50
2017.08.24 18:38:11.581,0.96436,0.96444,1.69,2.63
2017.08.24 18:38:11.684,0.96431,0.96442,3.37,1.25
2017.08.24 18:38:12.961,0.96433,0.96442,1.00,1.00
2017.08.24 18:38:15.373,0.96433,0.96441,1.00,1.00
2017.08.24 18:38:15.978,0.96433,0.96443,1.00,2.81
2017.08.24 18:38:22.163,0.96433,0.96441,1.00,1.00
2017.08.24 18:38:26.221,0.96433,0.96443,1.87,1.25
2017.08.24 18:38:26.324,0.96434,0.96445,1.88,1.12
2017.08.24 18:38:26.375,0.96435,0.96446,2.06,1.69
2017.08.24 18:38:26.428,0.96435,0.96446,2.44,1.50
2017.08.24 18:38:26.479,0.96435,0.96446,2.81,1.50
2017.08.24 18:38:26.736,0.96438,0.96448,1.12,1.50
2017.08.24 18:38:26.916,0.9644,0.96451,1.00,3.75
2017.08.24 18:38:27.432,0.96441,0.96451,1.00,1.00
2017.08.24 18:38:28.046,0.9644,0.96451,2.81,1.00
2017.08.24 18:38:28.564,0.96441,0.96451,1.00,1.00
2017.08.24 18:38:30.037,0.9644,0.96451,3.19,1.00
2017.08.24 18:38:34.216,0.9644,0.96451,1.69,5.06
2017.08.24 18:38:34.525,0.9644,0.96448,1.62,1.50
2017.08.24 18:38:44.546,0.96439,0.96444,1.00,1.00
2017.08.24 18:38:44.598,0.96435,0.96444,1.87,1.50
2017.08.24 18:38:44.906,0.96437,0.96447,1.50,1.95
2017.08.24 18:38:45.009,0.96439,0.96447,1.12,1.37
2017.08.24 18:38:45.112,0.96439,0.9645,2.25,4.31
2017.08.24 18:38:45.886,0.96439,0.96449,1.50,1.00
2017.08.24 18:38:49.293,0.96439,0.9645,1.87,4.69
2017.08.24 18:38:55.424,0.96439,0.9645,2.25,4.50
2017.08.24 18:38:56.885,0.96439,0.9645,2.25,3.37
2017.08.24 18:38:58.155,0.96439,0.96449,1.50,1.25
2017.08.24 18:39:10.361,0.96439,0.9645,1.12,1.00
2017.08.24 18:39:14.465,0.96441,0.9645,1.12,1.00
2017.08.24 18:39:17.729,0.96441,0.96451,1.00,1.87
2017.08.24 18:39:18.513,0.9644,0.96451,2.06,1.87
2017.08.24 18:39:27.260,0.9644,0.9645,1.00,1.00
2017.08.24 18:39:27.774,0.96441,0.9645,1.00,1.00
2017.08.24 18:39:29.506,0.96443,0.9645,1.00,1.00
2017.08.24 18:39:29.865,0.9644,0.96451,1.00,2.25
2017.08.24 18:39:41.214,0.96439,0.9645,2.81,4.13
2017.08.24 18:39:43.832,0.96436,0.96443,1.00,1.00
2017.08.24 18:39:43.936,0.96432,0.96442,3.19,1.00
2017.08.24 18:39:44.447,0.96432,0.96443,3.94,1.00
2017.08.24 18:39:47.683,0.96434,0.96445,9.00,2.06
2017.08.24 18:39:47.735,0.96438,0.96448,1.00,1.37
2017.08.24 18:39:47.837,0.96438,0.96449,1.50,2.62
2017.08.24 18:39:48.349,0.96438,0.96449,1.50,1.12
2017.08.24 18:39:54.293,0.96436,0.96445,1.50,2.25
2017.08.24 18:39:54.448,0.96433,0.96444,1.62,1.87
2017.08.24 18:39:54.551,0.96437,0.96447,1.50,1.75
2017.08.24 18:39:54.807,0.96437,0.96448,1.69,3.56
2017.08.24 18:39:55.318,0.96439,0.96448,1.00,3.56
2017.08.24 18:39:58.731,0.96439,0.96449,1.37,2.44
2017.08.24 18:39:58.886,0.96436,0.96445,1.75,3.00
2017.08.24 18:39:58.989,0.96433,0.96443,3.37,1.00
2017.08.24 18:39:59.091,0.96436,0.96443,1.00,1.00
2017.08.24 18:39:59.603,0.96436,0.96445,1.00,3.00
2017.08.24 18:39:59.811,0.96433,0.96442,1.25,1.00
2017.08.24 18:40:00.344,0.96432,0.96442,1.00,1.00
2017.08.24 18:40:00.990,0.96431,0.96441,2.81,1.00
2017.08.24 18:40:01.497,0.96431,0.96442,2.81,3.37
2017.08.24 18:40:02.240,0.96431,0.96441,3.00,1.00
2017.08.24 18:40:08.589,0.96433,0.96443,1.12,3.38
2017.08.24 18:40:09.148,0.96433,0.96442,1.12,1.50
2017.08.24 18:40:12.681,0.96432,0.96442,1.12,1.50
2017.08.24 18:40:13.220,0.96431,0.9644,1.25,1.12
2017.08.24 18:40:24.894,0.96431,0.96441,2.25,1.87
2017.08.24 18:40:26.058,0.96431,0.96441,2.25,1.87
2017.08.24 18:40:26.570,0.96433,0.96441,1.00,1.87
2017.08.24 18:40:27.141,0.96433,0.96441,1.00,1.87
2017.08.24 18:40:31.764,0.96431,0.96441,1.25,2.62
2017.08.24 18:41:04.384,0.96431,0.96439,1.69,1.00
2017.08.24 18:41:04.437,0.96429,0.96436,1.00,1.69
2017.08.24 18:41:04.539,0.96425,0.96436,2.44,2.06
2017.08.24 18:41:05.256,0.96429,0.9644,1.13,4.42
2017.08.24 18:41:05.359,0.96429,0.9644,5.44,1.12
2017.08.24 18:41:18.882,0.9643,0.96441,1.44,3.75
2017.08.24 18:41:19.403,0.9643,0.96441,1.25,3.75
2017.08.24 18:41:29.580,0.9643,0.96441,1.87,1.87
2017.08.24 18:41:30.079,0.96431,0.96441,1.37,1.87
2017.08.24 18:41:31.042,0.96431,0.96441,1.00,1.87
2017.08.24 18:41:32.285,0.96436,0.96445,1.69,1.75
2017.08.24 18:41:32.389,0.96438,0.96449,4.31,1.00
2017.08.24 18:41:32.900,0.9644,0.96451,1.00,5.25
2017.08.24 18:41:33.529,0.96438,0.9645,4.31,1.12
2017.08.24 18:41:34.247,0.96439,0.9645,1.50,1.00
2017.08.24 18:41:34.766,0.96439,0.96451,2.06,2.62
2017.08.24 18:41:34.869,0.96443,0.96451,1.00,2.62
2017.08.24 18:42:02.280,0.96446,0.96455,2.44,1.87
2017.08.24 18:42:02.383,0.96448,0.96458,1.25,1.31
2017.08.24 18:42:02.894,0.96449,0.96459,1.00,1.12
2017.08.24 18:42:03.409,0.96449,0.9646,1.63,5.25
2017.08.24 18:42:04.048,0.96448,0.9646,4.12,5.25
2017.08.24 18:42:04.202,0.96448,0.9646,3.38,3.75
2017.08.24 18:42:04.508,0.96451,0.9646,1.00,4.12
2017.08.24 18:42:08.136,0.96451,0.9646,1.00,4.12
2017.08.24 18:42:09.131,0.96449,0.96459,1.12,1.31
2017.08.24 18:42:15.601,0.96449,0.96458,1.00,1.50
2017.08.24 18:42:16.376,0.96449,0.96453,1.00,1.00
2017.08.24 18:42:16.480,0.96441,0.96451,1.37,3.75
2017.08.24 18:42:16.532,0.96438,0.96451,4.50,6.00
2017.08.24 18:42:17.042,0.96438,0.9645,3.19,2.44
2017.08.24 18:42:17.672,0.96438,0.96449,3.19,1.00
2017.08.24 18:42:18.410,0.96438,0.9645,2.44,2.44
2017.08.24 18:42:19.046,0.96439,0.9645,1.37,2.44
2017.08.24 18:42:32.256,0.96441,0.9645,1.50,1.00
2017.08.24 18:42:32.768,0.96443,0.96452,1.00,2.06
2017.08.24 18:42:36.705,0.96442,0.96451,1.12,1.25
2017.08.24 18:42:37.355,0.96443,0.96451,1.00,1.25
2017.08.24 18:42:46.304,0.96443,0.96451,1.00,4.69
2017.08.24 18:42:46.356,0.96441,0.96451,1.00,4.69
2017.08.24 18:42:48.111,0.9644,0.9645,1.00,1.87
2017.08.24 18:43:02.285,0.96442,0.96451,1.00,1.12
2017.08.24 18:43:02.796,0.96443,0.96452,1.00,3.75
2017.08.24 18:43:04.193,0.96443,0.9645,1.00,1.00
2017.08.24 18:43:05.713,0.96443,0.96452,1.00,4.13
2017.08.24 18:43:06.319,0.96443,0.9645,1.00,1.00
2017.08.24 18:43:07.293,0.96443,0.96452,1.00,3.00
2017.08.24 18:43:08.441,0.96442,0.96451,1.12,1.00
2017.08.24 18:43:09.070,0.96443,0.96451,1.00,1.12
2017.08.24 18:43:17.155,0.96442,0.9645,1.12,1.00
2017.08.24 18:43:18.201,0.9644,0.96451,1.50,1.00
2017.08.24 18:43:21.038,0.9644,0.96451,1.50,1.00
2017.08.24 18:43:22.409,0.96441,0.96451,1.00,2.25
2017.08.24 18:43:22.919,0.96441,0.9645,1.00,1.50
2017.08.24 18:43:23.740,0.96441,0.96451,1.00,3.75
2017.08.24 18:43:24.407,0.96441,0.9645,1.00,1.00
2017.08.24 18:43:25.830,0.96441,0.96451,1.00,3.75
2017.08.24 18:43:26.478,0.96441,0.9645,1.00,1.00
2017.08.24 18:43:28.467,0.9644,0.9645,1.12,1.50
2017.08.24 18:43:29.127,0.96441,0.9645,1.00,1.50
2017.08.24 18:43:32.308,0.9644,0.96451,2.81,1.50
2017.08.24 18:43:32.359,0.9644,0.96451,1.50,1.00
2017.08.24 18:43:32.411,0.9644,0.96451,1.25,1.87
2017.08.24 18:43:33.280,0.9644,0.96451,2.06,1.00
2017.08.24 18:43:33.790,0.96443,0.96451,1.00,1.00
2017.08.24 18:43:37.472,0.96442,0.96451,1.00,1.00
2017.08.24 18:43:38.960,0.96442,0.96452,1.00,2.44
2017.08.24 18:43:39.934,0.96443,0.96451,1.00,1.00
2017.08.24 18:43:45.005,0.96443,0.96452,1.00,1.00
2017.08.24 18:43:45.516,0.96443,0.96453,1.00,3.00
2017.08.24 18:43:47.411,0.96445,0.96455,1.50,1.37
2017.08.24 18:43:47.514,0.96446,0.96456,3.00,1.12
2017.08.24 18:43:47.565,0.96449,0.96457,1.00,1.00
2017.08.24 18:43:48.083,0.96449,0.96458,1.00,1.00
2017.08.24 18:43:48.596,0.96449,0.96459,1.00,1.87
2017.08.24 18:43:48.802,0.96441,0.96452,4.69,1.25
2017.08.24 18:43:49.311,0.96441,0.96452,2.25,1.50
2017.08.24 18:43:49.362,0.96441,0.96452,2.81,1.50
2017.08.24 18:43:49.874,0.96442,0.96453,1.25,1.12
2017.08.24 18:43:50.423,0.96441,0.96452,4.69,1.00
2017.08.24 18:43:53.393,0.96443,0.96452,1.00,1.00
2017.08.24 18:43:56.472,0.96444,0.96453,1.00,1.50
2017.08.24 18:43:56.575,0.96445,0.96456,1.00,2.62
2017.08.24 18:43:56.678,0.96443,0.96452,2.06,1.00
2017.08.24 18:43:57.194,0.96443,0.96452,1.00,1.00
2017.08.24 18:43:57.706,0.96443,0.96453,1.00,4.50
2017.08.24 18:43:58.489,0.96443,0.96451,1.00,1.00
2017.08.24 18:43:59.900,0.96445,0.96453,1.00,2.25
2017.08.24 18:44:00.055,0.96446,0.96457,1.88,2.25
2017.08.24 18:44:00.200,0.96448,0.96459,1.00,4.50
2017.08.24 18:44:00.563,0.96444,0.96453,2.06,1.00
2017.08.24 18:44:00.615,0.96444,0.96453,1.69,2.62
2017.08.24 18:44:00.666,0.96443,0.96452,1.00,1.25
2017.08.24 18:44:01.761,0.96443,0.96452,1.00,1.63
2017.08.24 18:44:02.274,0.96446,0.96453,1.00,1.50
2017.08.24 18:44:02.426,0.96448,0.96459,1.00,5.06
2017.08.24 18:44:02.961,0.96448,0.96458,1.00,1.31
2017.08.24 18:44:03.519,0.96447,0.96458,1.00,1.31
2017.08.24 18:44:03.751,0.96449,0.96458,1.00,1.12
2017.08.24 18:44:04.343,0.96449,0.96459,1.13,1.12
2017.08.24 18:44:12.696,0.96448,0.96459,1.50,1.12
2017.08.24 18:44:13.206,0.96449,0.96459,1.00,1.12
2017.08.24 18:44:21.524,0.96449,0.96461,1.44,3.37
2017.08.24 18:44:22.039,0.96449,0.96461,1.00,2.62
2017.08.24 18:44:22.553,0.96449,0.96459,1.00,1.87
2017.08.24 18:44:23.281,0.96449,0.9646,1.13,1.50
2017.08.24 18:44:25.057,0.96449,0.9646,1.88,1.50
2017.08.24 18:44:26.835,0.96451,0.9646,1.00,1.50
2017.08.24 18:44:31.434,0.96453,0.96461,1.00,1.00
2017.08.24 18:44:31.946,0.96453,0.96462,1.00,1.12
2017.08.24 18:44:32.304,0.96453,0.96462,1.50,1.12
2017.08.24 18:44:32.411,0.96457,0.96469,1.88,3.56
2017.08.24 18:44:32.770,0.96459,0.96469,1.00,1.87
2017.08.24 18:44:33.318,0.96459,0.96469,1.00,1.50
2017.08.24 18:44:33.830,0.96459,0.9647,1.50,3.37
2017.08.24 18:44:34.166,0.96459,0.96468,1.00,1.31
2017.08.24 18:44:34.320,0.96461,0.96472,1.87,2.62
2017.08.24 18:44:34.423,0.96464,0.96476,1.12,3.45
2017.08.24 18:44:34.475,0.96464,0.96476,1.87,2.25
2017.08.24 18:44:34.934,0.96462,0.96473,1.69,1.50
2017.08.24 18:44:35.241,0.96461,0.96469,1.12,1.25
2017.08.24 18:44:36.017,0.96458,0.96469,1.87,1.87
2017.08.24 18:44:40.384,0.96458,0.96469,2.44,1.12
2017.08.24 18:45:02.328,0.96461,0.9647,1.37,1.12
2017.08.24 18:45:02.585,0.96464,0.96475,1.12,1.50
2017.08.24 18:45:03.096,0.96465,0.96476,1.00,5.63
2017.08.24 18:45:03.606,0.96465,0.96476,1.37,1.12
2017.08.24 18:45:07.064,0.96466,0.96477,1.12,2.25
2017.08.24 18:45:13.145,0.96466,0.96476,1.12,1.00
2017.08.24 18:45:13.693,0.96469,0.96477,1.12,1.00
2017.08.24 18:45:32.307,0.96469,0.96479,1.00,1.00
2017.08.24 18:45:37.896,0.96469,0.96478,1.12,1.00
2017.08.24 18:45:45.126,0.96469,0.96479,1.12,1.50
2017.08.24 18:45:48.021,0.96469,0.9648,2.25,4.50
2017.08.24 18:45:48.533,0.96471,0.96478,1.00,1.00
2017.08.24 18:45:53.469,0.96471,0.96479,1.00,1.50
2017.08.24 18:46:02.288,0.9647,0.96479,1.00,1.50
2017.08.24 18:46:02.801,0.96471,0.9648,1.00,1.50
2017.08.24 18:46:06.008,0.96473,0.96483,2.25,1.50
2017.08.24 18:46:06.162,0.96476,0.96487,2.25,1.37
2017.08.24 18:46:06.469,0.96477,0.96487,1.50,1.00
2017.08.24 18:46:06.979,0.96477,0.96487,1.50,1.00
2017.08.24 18:46:07.502,0.96477,0.96488,1.88,1.00
2017.08.24 18:46:08.014,0.96478,0.96489,1.37,1.50
2017.08.24 18:46:08.320,0.96479,0.9649,4.31,1.87
2017.08.24 18:46:08.851,0.96479,0.9649,3.00,1.37
2017.08.24 18:46:12.394,0.96481,0.9649,1.12,1.12
2017.08.24 18:46:12.905,0.96481,0.96489,1.00,1.12
2017.08.24 18:46:15.932,0.96479,0.9649,1.87,4.69
2017.08.24 18:46:21.991,0.96479,0.96488,1.12,1.50
2017.08.24 18:46:23.024,0.96479,0.96487,1.12,1.00
2017.08.24 18:46:27.738,0.96479,0.96488,1.12,1.50
2017.08.24 18:46:31.196,0.96479,0.96489,1.31,1.12
2017.08.24 18:46:32.305,0.96482,0.96492,4.50,1.87
2017.08.24 18:46:32.410,0.96485,0.96496,2.25,2.25
2017.08.24 18:46:32.514,0.96486,0.96496,1.38,1.12
2017.08.24 18:46:33.388,0.96486,0.96497,1.81,1.12
2017.08.24 18:46:34.364,0.96487,0.96498,2.06,1.87
2017.08.24 18:46:35.965,0.96486,0.96497,3.19,1.00
2017.08.24 18:46:45.874,0.96489,0.96497,1.00,1.00
2017.08.24 18:46:52.465,0.96489,0.96498,1.00,1.50
2017.08.24 18:46:56.304,0.96489,0.96497,1.00,1.00
2017.08.24 18:46:59.269,0.96489,0.96498,1.00,1.00
2017.08.24 18:46:59.783,0.96489,0.96497,1.00,1.00
2017.08.24 18:47:01.513,0.96489,0.96498,1.00,1.50
2017.08.24 18:47:11.855,0.96489,0.96496,1.00,1.00
2017.08.24 18:47:12.162,0.96485,0.96496,2.25,1.31
2017.08.24 18:47:12.317,0.96489,0.96496,1.00,1.00
2017.08.24 18:47:12.739,0.96485,0.96496,1.50,2.06
2017.08.24 18:47:13.282,0.96485,0.96496,2.25,1.00
2017.08.24 18:47:14.046,0.96485,0.96496,2.25,1.00
2017.08.24 18:47:27.981,0.96486,0.96496,1.00,2.25
2017.08.24 18:47:28.547,0.96486,0.96496,1.00,2.81
2017.08.24 18:47:29.082,0.96485,0.96496,2.81,1.50
2017.08.24 18:47:29.840,0.96485,0.96496,1.87,1.69
2017.08.24 18:47:30.045,0.96486,0.96496,1.00,3.94
2017.08.24 18:47:31.055,0.96486,0.96496,1.87,1.12
2017.08.24 18:47:31.865,0.96486,0.96496,1.00,1.12
2017.08.24 18:47:32.314,0.96489,0.96498,1.00,2.25
2017.08.24 18:47:32.416,0.96489,0.96499,1.00,1.50
2017.08.24 18:47:33.677,0.96489,0.965,2.25,1.13
2017.08.24 18:47:33.779,0.96489,0.96498,1.00,1.37
2017.08.24 18:47:39.126,0.96489,0.96498,1.00,1.12
2017.08.24 18:47:39.723,0.96489,0.96499,1.00,1.50
2017.08.24 18:47:40.343,0.96489,0.96499,1.00,1.69
2017.08.24 18:47:46.645,0.96489,0.96498,1.00,1.37
2017.08.24 18:47:52.467,0.96488,0.96498,1.12,1.37
2017.08.24 18:47:53.398,0.96489,0.96498,1.00,1.37
2017.08.24 18:48:02.286,0.96489,0.96498,1.00,2.25
2017.08.24 18:48:02.864,0.96489,0.96497,1.00,1.00
2017.08.24 18:48:03.810,0.96489,0.96498,1.00,1.12
2017.08.24 18:48:19.360,0.96489,0.96499,1.00,1.69
2017.08.24 18:48:22.495,0.96488,0.965,1.00,6.00
2017.08.24 18:48:27.892,0.96489,0.96499,1.00,1.00
2017.08.24 18:48:32.313,0.96491,0.96502,1.50,2.25
2017.08.24 18:48:32.416,0.96491,0.96503,1.37,3.75
2017.08.24 18:48:32.672,0.96494,0.96504,1.37,1.00
2017.08.24 18:48:32.826,0.96496,0.96506,1.00,2.06
2017.08.24 18:48:33.337,0.96496,0.96507,1.50,2.25
2017.08.24 18:48:33.874,0.96496,0.96507,1.00,3.75
2017.08.24 18:48:34.128,0.96497,0.96508,2.25,1.00
2017.08.24 18:48:35.175,0.96499,0.96509,1.12,2.06
2017.08.24 18:48:36.071,0.96499,0.96508,1.00,1.00
2017.08.24 18:48:36.582,0.96499,0.96508,1.00,2.63
2017.08.24 18:48:37.230,0.96499,0.96508,1.00,1.69
2017.08.24 18:48:39.102,0.96499,0.96507,1.00,1.00
2017.08.24 18:48:39.604,0.96499,0.96506,1.00,1.13
2017.08.24 18:48:39.757,0.96495,0.96506,2.25,1.00
2017.08.24 18:48:52.268,0.96496,0.96507,1.12,3.75
2017.08.24 18:48:52.778,0.96496,0.96506,1.50,1.00
2017.08.24 18:48:56.025,0.96496,0.96507,1.87,3.75
2017.08.24 18:49:00.952,0.96499,0.96508,1.00,3.19
2017.08.24 18:49:02.317,0.96499,0.96509,1.50,1.00
2017.08.24 18:49:02.830,0.96499,0.96509,1.00,3.19
2017.08.24 18:49:04.353,0.96498,0.96509,1.50,1.69
2017.08.24 18:49:09.596,0.96498,0.96509,1.87,3.00
2017.08.24 18:49:16.110,0.96499,0.96509,1.00,3.00
2017.08.24 18:49:18.092,0.96499,0.96508,1.12,2.25
2017.08.24 18:49:22.281,0.96499,0.96508,1.00,2.06
2017.08.24 18:49:22.508,0.96496,0.96507,1.50,1.13
2017.08.24 18:49:23.348,0.96495,0.96506,3.00,1.00
2017.08.24 18:49:27.109,0.96495,0.96506,1.12,2.62
2017.08.24 18:49:27.625,0.96495,0.96505,3.37,1.00
2017.08.24 18:49:29.263,0.96496,0.96506,1.00,1.31
2017.08.24 18:49:29.878,0.96496,0.96507,1.00,7.16
2017.08.24 18:49:31.594,0.96495,0.96506,1.50,1.31
2017.08.24 18:49:32.111,0.96497,0.96507,1.00,1.12
2017.08.24 18:49:32.322,0.96501,0.96509,1.00,1.00
2017.08.24 18:49:32.425,0.96501,0.96512,2.25,1.31
2017.08.24 18:49:32.836,0.965,0.96511,1.50,2.62
2017.08.24 18:49:32.888,0.965,0.96509,1.00,1.13
2017.08.24 18:49:33.694,0.96497,0.96509,1.50,2.25
2017.08.24 18:49:34.200,0.96498,0.96509,1.12,4.54
2017.08.24 18:49:35.273,0.96499,0.96509,2.06,1.50
2017.08.24 18:49:35.325,0.965,0.9651,3.00,1.69
2017.08.24 18:49:36.125,0.96501,0.96511,1.50,2.06
2017.08.24 18:49:36.331,0.96503,0.96514,1.87,2.25
2017.08.24 18:49:36.741,0.96503,0.96514,1.87,1.50
2017.08.24 18:49:36.945,0.96504,0.96514,1.12,1.00
2017.08.24 18:49:37.915,0.96504,0.96514,1.12,3.56
2017.08.24 18:49:38.017,0.96504,0.96514,1.12,3.94
2017.08.24 18:49:39.285,0.96503,0.96512,1.87,1.00
2017.08.24 18:49:39.453,0.96503,0.96514,1.87,2.81
2017.08.24 18:49:40.064,0.96503,0.96513,1.87,1.00
2017.08.24 18:49:40.625,0.96503,0.96514,2.06,1.31
2017.08.24 18:49:42.010,0.96504,0.96513,1.12,1.00
2017.08.24 18:49:42.734,0.96504,0.96514,1.12,1.00
2017.08.24 18:49:54.566,0.96503,0.96514,1.37,4.73
2017.08.24 18:49:55.150,0.96503,0.96514,1.12,5.85
2017.08.24 18:49:57.150,0.96499,0.96508,1.87,4.16
2017.08.24 18:49:57.334,0.96497,0.96506,1.00,1.50
2017.08.24 18:49:57.538,0.96499,0.96506,1.00,1.00
2017.08.24 18:49:57.897,0.96497,0.96506,1.00,1.00
2017.08.24 18:50:00.149,0.96496,0.96506,1.00,3.60
2017.08.24 18:50:00.660,0.96496,0.96505,1.00,1.13
2017.08.24 18:50:02.240,0.96496,0.96505,1.00,3.23
2017.08.24 18:50:02.292,0.96499,0.96506,1.00,3.75
2017.08.24 18:50:02.602,0.96495,0.96506,1.87,1.00
2017.08.24 18:50:03.588,0.96495,0.96506,1.37,1.00
2017.08.24 18:50:03.845,0.96495,0.96506,1.37,2.48
2017.08.24 18:50:04.361,0.96495,0.96506,2.62,1.85
2017.08.24 18:50:04.667,0.96499,0.96506,1.00,1.00
2017.08.24 18:50:05.662,0.96495,0.96506,1.87,1.00
2017.08.24 18:50:06.679,0.96496,0.96506,1.37,1.00
2017.08.24 18:50:07.438,0.96495,0.96506,1.87,1.00
2017.08.24 18:50:08.444,0.96495,0.96506,1.37,1.00
2017.08.24 18:50:09.023,0.96495,0.96506,1.12,3.98
2017.08.24 18:50:10.130,0.96495,0.96506,1.12,4.73
2017.08.24 18:50:10.461,0.96494,0.96505,7.31,1.37
2017.08.24 18:50:11.073,0.96499,0.96506,1.00,1.37
2017.08.24 18:50:11.393,0.96495,0.96506,1.50,1.37
2017.08.24 18:50:11.773,0.96495,0.96506,1.00,1.37
2017.08.24 18:50:12.288,0.96494,0.96505,1.50,1.37
2017.08.24 18:50:22.312,0.96495,0.96506,1.00,1.72
2017.08.24 18:50:23.356,0.96494,0.96505,3.56,1.37
2017.08.24 18:50:26.142,0.9649,0.965,2.62,1.13
2017.08.24 18:50:26.296,0.96485,0.96496,1.00,1.91
2017.08.24 18:50:26.806,0.96484,0.96495,1.12,3.22
2017.08.24 18:50:28.023,0.96484,0.96495,1.37,2.10
2017.08.24 18:50:28.274,0.96481,0.9649,1.00,1.91
2017.08.24 18:50:28.581,0.96478,0.96486,1.00,1.37
2017.08.24 18:50:30.035,0.96475,0.96486,2.62,1.37
2017.08.24 18:50:30.355,0.96475,0.96486,7.87,1.37
2017.08.24 18:50:32.319,0.96478,0.96488,2.06,1.50
2017.08.24 18:50:32.856,0.96479,0.96488,1.00,2.62
2017.08.24 18:50:33.401,0.96478,0.96488,1.12,1.62
2017.08.24 18:50:33.929,0.96478,0.96486,1.37,1.37
2017.08.24 18:50:42.622,0.96479,0.96486,1.00,1.12
2017.08.24 18:50:43.275,0.96479,0.96486,1.00,1.37
2017.08.24 18:50:44.979,0.96479,0.96486,1.12,1.12
2017.08.24 18:51:14.441,0.96479,0.96489,1.12,2.48
2017.08.24 18:51:18.976,0.96484,0.96491,1.50,1.20
2017.08.24 18:51:19.080,0.96484,0.96495,1.69,1.37
2017.08.24 18:51:19.132,0.96488,0.96497,1.00,3.56
2017.08.24 18:51:19.322,0.96497,0.96505,1.25,1.50
2017.08.24 18:51:19.682,0.96496,0.96505,1.12,3.56
2017.08.24 18:51:22.317,0.96496,0.96506,1.12,4.12
2017.08.24 18:51:22.829,0.96496,0.96506,1.50,2.63
2017.08.24 18:51:23.337,0.96496,0.96505,1.00,1.50
2017.08.24 18:51:28.220,0.96495,0.96505,2.44,1.12
2017.08.24 18:51:32.068,0.96502,0.96508,1.63,1.00
2017.08.24 18:51:32.172,0.96503,0.96513,1.87,1.37
2017.08.24 18:51:32.684,0.96503,0.96514,4.87,1.37
2017.08.24 18:51:33.240,0.96504,0.96515,1.25,1.50
2017.08.24 18:51:34.095,0.96505,0.96516,1.00,2.63
2017.08.24 18:51:35.704,0.96505,0.96516,1.50,1.25
2017.08.24 18:51:35.756,0.96509,0.96517,1.00,1.37
2017.08.24 18:51:37.266,0.96507,0.96518,1.37,5.25
2017.08.24 18:51:37.778,0.96507,0.96518,1.37,3.00
2017.08.24 18:51:40.024,0.96506,0.96517,1.50,1.37
2017.08.24 18:51:42.257,0.96506,0.96516,1.00,1.75
2017.08.24 18:51:42.769,0.96506,0.96517,2.25,1.87
2017.08.24 18:51:44.299,0.96506,0.96514,1.00,1.50
2017.08.24 18:51:44.402,0.96503,0.96514,2.25,1.81
2017.08.24 18:51:44.607,0.96506,0.96514,1.00,1.13
2017.08.24 18:51:54.308,0.96506,0.96517,1.12,2.25
2017.08.24 18:51:58.451,0.96506,0.96516,1.00,1.37
2017.08.24 18:52:01.804,0.96506,0.96516,1.50,1.37
2017.08.24 18:52:02.321,0.96509,0.96517,1.00,1.37
2017.08.24 18:52:04.396,0.96511,0.96521,1.69,1.50
2017.08.24 18:52:04.499,0.96514,0.96524,1.00,1.69
2017.08.24 18:52:04.681,0.96514,0.96525,1.50,3.19
2017.08.24 18:52:05.328,0.96514,0.96525,1.50,2.06
2017.08.24 18:52:10.388,0.96516,0.96526,1.50,1.50
2017.08.24 18:52:10.645,0.96522,0.96532,1.00,3.00
2017.08.24 18:52:11.158,0.96522,0.96532,1.50,1.50
2017.08.24 18:52:11.732,0.96522,0.96533,1.50,1.87
2017.08.24 18:52:20.339,0.96522,0.96533,1.50,1.88
2017.08.24 18:52:21.143,0.96522,0.96533,1.50,1.88
2017.08.24 18:52:23.322,0.96526,0.96534,1.12,1.87
2017.08.24 18:52:23.528,0.96523,0.96533,1.12,1.12
2017.08.24 18:52:24.921,0.96525,0.96534,4.50,1.00
2017.08.24 18:52:24.972,0.96525,0.96536,4.50,2.25
2017.08.24 18:52:25.692,0.96525,0.96536,5.25,2.25
2017.08.24 18:52:25.978,0.96529,0.96537,1.37,1.12
2017.08.24 18:52:26.031,0.96529,0.9654,1.63,1.50
2017.08.24 18:52:26.185,0.96531,0.96541,5.25,1.50
2017.08.24 18:52:26.236,0.96531,0.96542,5.62,2.25
2017.08.24 18:52:26.288,0.96531,0.96541,1.50,1.00
2017.08.24 18:52:26.831,0.96531,0.96542,1.87,3.19
2017.08.24 18:52:27.067,0.96531,0.96542,2.25,3.19
2017.08.24 18:52:29.281,0.96531,0.96541,1.75,2.06
2017.08.24 18:52:29.811,0.96531,0.96542,1.87,3.75
2017.08.24 18:52:30.726,0.96534,0.96542,1.00,3.75
2017.08.24 18:52:31.238,0.96534,0.96542,1.00,3.75
2017.08.24 18:52:31.340,0.96531,0.96542,1.00,4.50
2017.08.24 18:52:31.852,0.96531,0.96542,1.00,5.44
2017.08.24 18:52:32.418,0.96532,0.96542,1.37,2.44
2017.08.24 18:52:36.429,0.96531,0.96542,1.50,4.31
2017.08.24 18:52:36.934,0.96531,0.96542,1.87,4.31
2017.08.24 18:52:37.138,0.96531,0.96542,2.62,2.25
2017.08.24 18:52:37.291,0.96531,0.96542,1.87,4.13
2017.08.24 18:52:41.196,0.96531,0.96542,2.25,3.94
2017.08.24 18:52:41.686,0.96527,0.96537,1.50,2.44
2017.08.24 18:52:41.994,0.96524,0.96535,5.62,1.12
2017.08.24 18:52:42.172,0.96524,0.96535,1.50,2.81
2017.08.24 18:52:42.701,0.96523,0.96534,1.50,1.12
2017.08.24 18:52:43.237,0.96526,0.96534,1.00,1.12
2017.08.24 18:52:46.869,0.96522,0.96533,1.50,1.00
2017.08.24 18:52:52.299,0.96523,0.96534,1.50,2.06
2017.08.24 18:52:52.832,0.96524,0.96533,1.00,1.00
2017.08.24 18:52:53.326,0.96524,0.96534,1.87,1.00
2017.08.24 18:52:54.052,0.96524,0.96534,1.50,1.00
2017.08.24 18:52:54.376,0.96527,0.96535,1.12,1.00
2017.08.24 18:52:55.136,0.96528,0.96535,1.00,1.12
2017.08.24 18:52:57.124,0.96528,0.96535,1.00,1.37
2017.08.24 18:52:57.176,0.96523,0.96535,2.06,1.37
2017.08.24 18:52:57.684,0.96526,0.96535,1.00,2.62
2017.08.24 18:52:58.185,0.96526,0.96535,1.12,1.00
2017.08.24 18:52:58.734,0.96526,0.96535,1.37,1.00
2017.08.24 18:52:58.924,0.96528,0.96539,1.50,1.87
2017.08.24 18:52:59.437,0.96527,0.96538,1.50,1.00
2017.08.24 18:52:59.966,0.96528,0.96539,1.37,1.12
2017.08.24 18:53:00.482,0.96527,0.96538,1.50,1.00
2017.08.24 18:53:01.441,0.9653,0.9654,1.75,1.37
2017.08.24 18:53:01.956,0.96531,0.9654,1.87,1.00
2017.08.24 18:53:02.314,0.96531,0.96542,2.25,1.87
2017.08.24 18:53:03.075,0.96531,0.96541,2.25,1.00
2017.08.24 18:53:04.377,0.96531,0.96542,3.75,1.87
2017.08.24 18:53:06.083,0.96531,0.96541,3.00,1.50
2017.08.24 18:53:06.588,0.96532,0.96542,1.00,1.87
2017.08.24 18:53:07.222,0.96532,0.96543,2.25,3.00
2017.08.24 18:53:07.274,0.96534,0.96543,1.00,3.00
2017.08.24 18:53:12.206,0.96533,0.96543,1.12,1.87
2017.08.24 18:53:12.769,0.96534,0.96543,1.00,1.87
2017.08.24 18:53:15.213,0.96538,0.96544,1.00,1.12
2017.08.24 18:53:15.265,0.96533,0.96543,1.37,1.00
2017.08.24 18:53:15.316,0.96533,0.96543,1.12,1.00
2017.08.24 18:53:17.313,0.96531,0.96543,1.50,4.31
2017.08.24 18:53:17.467,0.96534,0.96542,1.00,1.12
2017.08.24 18:53:24.362,0.96534,0.96543,1.00,1.87
2017.08.24 18:53:26.373,0.96534,0.96542,1.00,3.00
2017.08.24 18:53:32.621,0.96534,0.96543,1.00,2.25
2017.08.24 18:53:48.717,0.96531,0.96542,1.37,2.25
2017.08.24 18:53:59.195,0.96532,0.96543,2.62,2.25
2017.08.24 18:53:59.247,0.96533,0.96543,1.37,1.12
2017.08.24 18:54:00.306,0.96532,0.96544,1.87,5.44
2017.08.24 18:54:00.818,0.96531,0.96543,1.62,3.75
2017.08.24 18:54:01.353,0.96531,0.96542,1.62,1.00
2017.08.24 18:54:02.485,0.96531,0.96541,1.50,1.00
2017.08.24 18:54:03.026,0.96531,0.96542,1.50,3.19
2017.08.24 18:54:05.717,0.96534,0.96542,1.00,1.00
2017.08.24 18:54:06.364,0.96534,0.96543,1.00,1.50
2017.08.24 18:54:08.378,0.96534,0.96542,1.00,1.50
2017.08.24 18:54:09.321,0.96534,0.96543,1.00,1.87
2017.08.24 18:54:17.364,0.96534,0.96544,2.62,3.00
2017.08.24 18:54:17.889,0.96534,0.96544,1.87,1.12
2017.08.24 18:54:19.857,0.96535,0.96546,2.62,1.87
2017.08.24 18:54:19.908,0.96537,0.96547,2.25,1.37
2017.08.24 18:54:20.318,0.96539,0.9655,1.12,3.37
2017.08.24 18:54:24.407,0.9654,0.9655,1.00,1.12
2017.08.24 18:54:28.780,0.96541,0.9655,1.00,1.12
2017.08.24 18:54:29.290,0.9654,0.96551,2.25,4.69
2017.08.24 18:54:33.286,0.9654,0.96551,1.87,2.44
2017.08.24 18:54:33.824,0.9654,0.96551,1.00,3.37
2017.08.24 18:54:34.587,0.96539,0.9655,2.62,2.25
2017.08.24 18:54:36.082,0.96541,0.96551,1.00,2.06
2017.08.24 18:54:36.605,0.96541,0.9655,1.00,1.00
2017.08.24 18:54:38.276,0.9654,0.96551,1.50,2.81
2017.08.24 18:54:38.794,0.96541,0.9655,1.00,2.25
2017.08.24 18:54:39.377,0.96541,0.96551,1.00,1.69
2017.08.24 18:54:39.898,0.96541,0.9655,1.00,1.00
2017.08.24 18:54:40.477,0.96541,0.96551,1.00,3.19
2017.08.24 18:54:42.892,0.96541,0.9655,1.00,1.50
2017.08.24 18:54:43.412,0.96539,0.9655,1.37,1.50
2017.08.24 18:54:47.592,0.96541,0.9655,1.00,1.00
2017.08.24 18:54:49.502,0.9654,0.9655,1.50,1.87
2017.08.24 18:54:53.531,0.96539,0.9655,3.00,1.12
2017.08.24 18:54:54.329,0.9654,0.9655,1.25,1.50
2017.08.24 18:54:54.972,0.96539,0.9655,1.87,3.00
2017.08.24 18:54:55.626,0.9654,0.9655,1.00,2.25
2017.08.24 18:54:56.234,0.96539,0.9655,2.62,2.25
2017.08.24 18:55:02.333,0.96541,0.9655,1.00,1.12
2017.08.24 18:55:02.946,0.9654,0.9655,1.50,1.12
2017.08.24 18:55:03.648,0.96541,0.9655,1.00,1.12
2017.08.24 18:55:04.173,0.9654,0.9655,1.00,2.25
2017.08.24 18:55:08.328,0.96538,0.9655,4.12,2.25
2017.08.24 18:55:09.329,0.9654,0.9655,1.50,3.00
2017.08.24 18:55:12.731,0.96539,0.9655,1.87,4.50
2017.08.24 18:55:13.380,0.9654,0.9655,1.00,3.00
2017.08.24 18:55:15.170,0.96543,0.96551,2.62,1.00
2017.08.24 18:55:15.222,0.96545,0.96554,1.00,1.37
2017.08.24 18:55:15.274,0.96545,0.96556,1.50,1.00
2017.08.24 18:55:15.377,0.96548,0.96556,1.00,1.00
2017.08.24 18:55:15.684,0.96543,0.96554,1.75,2.25
2017.08.24 18:55:16.313,0.96543,0.96553,1.00,1.12
2017.08.24 18:55:16.833,0.96541,0.96553,2.44,2.25
2017.08.24 18:55:17.941,0.96542,0.96554,1.50,3.56
2017.08.24 18:55:17.992,0.96544,0.96554,1.00,3.56
2017.08.24 18:55:18.612,0.96544,0.96553,1.00,1.12
2017.08.24 18:55:19.113,0.96544,0.96552,1.00,2.62
2017.08.24 18:55:20.254,0.96544,0.96551,1.00,1.00
2017.08.24 18:55:20.306,0.9654,0.96551,1.87,1.00
2017.08.24 18:55:20.819,0.9654,0.96552,1.37,2.62
2017.08.24 18:55:21.368,0.9654,0.96552,1.87,3.94
2017.08.24 18:55:23.335,0.96539,0.96551,3.37,3.37
2017.08.24 18:55:23.957,0.9654,0.96552,1.37,3.60
2017.08.24 18:55:24.485,0.96541,0.96552,1.50,1.12
2017.08.24 18:55:26.236,0.96541,0.96552,1.50,1.50
2017.08.24 18:55:27.244,0.96543,0.96553,1.12,1.00
2017.08.24 18:55:27.929,0.96543,0.96554,1.87,1.31
2017.08.24 18:55:28.501,0.96544,0.96555,1.00,6.79
2017.08.24 18:55:29.368,0.96543,0.96554,1.87,1.31
2017.08.24 18:55:32.186,0.96544,0.96554,1.00,1.00
2017.08.24 18:55:35.030,0.96543,0.96554,1.87,1.69
2017.08.24 18:55:36.393,0.96544,0.96554,1.00,1.00
2017.08.24 18:55:37.796,0.96543,0.96554,1.50,2.44
2017.08.24 18:55:39.340,0.96546,0.96555,1.00,1.72
2017.08.24 18:55:40.501,0.96546,0.96553,1.00,1.31
2017.08.24 18:55:40.553,0.96544,0.96553,1.00,2.06
2017.08.24 18:55:44.884,0.96544,0.96555,3.00,1.12
2017.08.24 18:55:44.987,0.96544,0.96555,1.50,3.04
2017.08.24 18:55:45.878,0.96544,0.96555,1.50,3.22
2017.08.24 18:55:46.651,0.96544,0.96555,1.12,2.66
2017.08.24 18:55:50.368,0.96545,0.96555,1.50,1.00
2017.08.24 18:55:50.680,0.96547,0.96557,1.12,1.00
2017.08.24 18:55:51.360,0.96548,0.96558,1.00,1.50
2017.08.24 18:55:51.875,0.96548,0.96558,1.37,1.12
2017.08.24 18:55:53.290,0.96548,0.96559,1.87,2.25
2017.08.24 18:55:53.838,0.96548,0.96558,1.87,1.00
2017.08.24 18:55:58.741,0.96548,0.96557,1.87,1.00
2017.08.24 18:56:01.868,0.96548,0.96558,1.87,1.00
2017.08.24 18:56:03.339,0.96548,0.96559,2.62,1.12
2017.08.24 18:56:03.597,0.96556,0.96567,1.12,1.50
2017.08.24 18:56:03.945,0.96558,0.96567,1.00,4.72
2017.08.24 18:56:04.457,0.96558,0.96568,1.12,4.54
2017.08.24 18:56:04.987,0.96557,0.96568,2.62,3.41
2017.08.24 18:56:08.310,0.96557,0.96567,1.87,1.25
2017.08.24 18:56:08.515,0.96562,0.96572,1.00,2.25
2017.08.24 18:56:08.720,0.96562,0.96571,1.00,1.62
2017.08.24 18:56:09.108,0.9656,0.96571,1.00,2.06
2017.08.24 18:56:10.378,0.9656,0.9657,1.50,3.94
2017.08.24 18:56:11.158,0.96559,0.96569,1.00,1.25
2017.08.24 18:56:11.664,0.96558,0.96569,2.44,1.44
2017.08.24 18:56:12.379,0.96558,0.9657,2.25,6.41
2017.08.24 18:56:12.903,0.96558,0.9657,2.25,7.16
2017.08.24 18:56:14.318,0.96558,0.9657,2.25,6.19
2017.08.24 18:56:14.861,0.96558,0.96569,1.50,1.25
2017.08.24 18:56:15.217,0.96561,0.96571,1.37,1.25
2017.08.24 18:56:15.728,0.9656,0.96571,2.25,1.87
2017.08.24 18:56:16.233,0.9656,0.96571,2.25,3.00
2017.08.24 18:56:16.540,0.96561,0.96569,1.00,2.06
2017.08.24 18:56:16.592,0.96559,0.96569,1.50,2.81
2017.08.24 18:56:17.299,0.96559,0.96569,1.50,1.69
2017.08.24 18:56:18.230,0.96558,0.96568,2.25,1.25
2017.08.24 18:56:18.769,0.96559,0.96569,1.12,1.69
2017.08.24 18:56:19.671,0.96559,0.96569,1.12,2.63
2017.08.24 18:56:20.193,0.96559,0.96569,1.12,1.69
2017.08.24 18:56:21.217,0.9656,0.96569,1.31,1.00
2017.08.24 18:56:21.727,0.9656,0.9657,1.12,1.87
2017.08.24 18:56:23.336,0.96559,0.96569,1.37,1.00
2017.08.24 18:56:23.846,0.96559,0.96569,1.00,1.31
2017.08.24 18:56:24.265,0.96558,0.96568,3.00,1.19
2017.08.24 18:56:24.418,0.96559,0.96569,1.50,2.44
2017.08.24 18:56:25.234,0.96559,0.96569,1.50,5.25
2017.08.24 18:56:25.750,0.96559,0.96569,1.50,4.50
2017.08.24 18:56:26.793,0.96558,0.96569,3.00,2.62
2017.08.24 18:56:27.366,0.96559,0.96569,1.50,2.81
2017.08.24 18:56:28.418,0.96559,0.96569,1.00,3.56
2017.08.24 18:56:30.250,0.96559,0.96569,1.87,1.87
2017.08.24 18:56:33.697,0.96559,0.9657,2.25,2.06
2017.08.24 18:56:34.209,0.9656,0.96571,1.00,6.56
2017.08.24 18:56:34.948,0.96559,0.9657,2.44,1.31
2017.08.24 18:56:37.928,0.96559,0.9657,1.37,1.00
2017.08.24 18:56:38.480,0.96562,0.96571,1.50,1.12
2017.08.24 18:56:38.940,0.9656,0.9657,3.75,1.31
2017.08.24 18:56:39.470,0.96561,0.9657,1.00,2.25
2017.08.24 18:56:39.984,0.96561,0.9657,1.00,1.25
2017.08.24 18:56:42.658,0.96561,0.9657,1.00,1.50
2017.08.24 18:56:43.218,0.9656,0.9657,1.12,2.44
2017.08.24 18:56:43.728,0.96561,0.9657,1.00,3.38
2017.08.24 18:56:49.585,0.96561,0.9657,1.00,2.06
2017.08.24 18:56:50.115,0.96559,0.96569,1.87,1.69
2017.08.24 18:56:50.622,0.96559,0.96569,2.25,1.69
2017.08.24 18:56:51.375,0.96559,0.96569,1.50,2.44
2017.08.24 18:56:53.388,0.96559,0.9657,2.25,1.69
2017.08.24 18:56:54.437,0.9656,0.96569,1.00,1.25
2017.08.24 18:56:56.226,0.9656,0.96569,1.00,2.44
2017.08.24 18:56:56.738,0.96558,0.96568,3.19,1.69
2017.08.24 18:56:58.392,0.96558,0.96565,1.50,1.25
2017.08.24 18:56:58.547,0.96553,0.96562,3.37,1.88
2017.08.24 18:56:58.599,0.96552,0.96562,1.87,1.88
2017.08.24 18:56:59.109,0.96552,0.96562,1.12,1.13
2017.08.24 18:57:00.152,0.96551,0.96562,4.12,3.00
2017.08.24 18:57:00.676,0.96551,0.96562,2.25,2.25
2017.08.24 18:57:02.041,0.96551,0.96562,1.87,2.25
2017.08.24 18:57:02.555,0.96552,0.96562,1.00,1.00
2017.08.24 18:57:03.216,0.96552,0.96563,1.00,1.50
2017.08.24 18:57:03.755,0.96552,0.96564,1.25,6.41
2017.08.24 18:57:04.854,0.96553,0.96564,1.00,5.81
2017.08.24 18:57:05.376,0.96553,0.96563,1.00,1.50
2017.08.24 18:57:05.886,0.96553,0.96563,1.00,1.69
2017.08.24 18:57:06.708,0.96551,0.96563,4.69,1.69
2017.08.24 18:57:07.234,0.96552,0.96563,1.00,2.44
2017.08.24 18:57:08.229,0.96553,0.96563,1.00,1.69
2017.08.24 18:57:10.068,0.96553,0.96562,1.50,1.63
2017.08.24 18:57:10.772,0.96553,0.96563,1.50,1.69
2017.08.24 18:57:11.431,0.96553,0.96562,1.50,1.37
2017.08.24 18:57:12.172,0.96553,0.96564,1.50,4.69
2017.08.24 18:57:12.750,0.96553,0.96564,1.50,5.44
2017.08.24 18:57:14.023,0.96553,0.96563,1.50,1.00
2017.08.24 18:57:14.074,0.96553,0.96564,1.50,5.44
2017.08.24 18:57:14.402,0.96553,0.96564,1.50,5.06
2017.08.24 18:57:14.605,0.96553,0.96563,1.00,2.44
2017.08.24 18:57:15.235,0.96556,0.96563,1.00,1.50
2017.08.24 18:57:15.287,0.96556,0.96566,1.00,1.87
2017.08.24 18:57:15.389,0.96557,0.96567,1.50,1.50
2017.08.24 18:57:15.441,0.96554,0.96566,1.50,3.75
2017.08.24 18:57:15.793,0.96554,0.96565,1.12,1.00
2017.08.24 18:57:16.304,0.96554,0.96565,1.12,1.44
2017.08.24 18:57:16.806,0.96554,0.96564,1.50,1.69
2017.08.24 18:57:18.052,0.96554,0.96565,1.50,5.29
2017.08.24 18:57:18.553,0.96554,0.96565,1.50,4.16
2017.08.24 18:57:18.809,0.96554,0.96565,2.81,1.69
2017.08.24 18:57:20.295,0.96554,0.96565,1.87,3.19
2017.08.24 18:57:20.893,0.96554,0.96564,1.50,1.63
2017.08.24 18:57:21.405,0.96554,0.96563,1.00,1.30
2017.08.24 18:57:23.390,0.96554,0.96564,1.87,1.31
2017.08.24 18:57:23.903,0.96554,0.96564,1.50,1.30
2017.08.24 18:57:24.650,0.96554,0.96565,1.50,2.29
2017.08.24 18:57:28.129,0.96554,0.96565,1.50,3.04
2017.08.24 18:57:30.172,0.96554,0.96563,1.87,1.30
2017.08.24 18:57:31.959,0.96554,0.96563,1.00,1.85
2017.08.24 18:57:32.516,0.96553,0.96563,2.62,1.16
2017.08.24 18:57:33.028,0.96554,0.96562,1.00,1.05
2017.08.24 18:57:36.802,0.96554,0.96563,1.00,1.73
2017.08.24 18:57:37.110,0.96552,0.96563,1.12,3.23
2017.08.24 18:57:37.620,0.96553,0.96563,1.87,2.10
2017.08.24 18:57:38.149,0.96553,0.96563,1.87,1.16
2017.08.24 18:57:38.359,0.96555,0.96564,1.87,4.91
2017.08.24 18:57:38.667,0.96556,0.96563,1.00,1.24
2017.08.24 18:57:38.770,0.96553,0.96563,1.00,1.35
2017.08.24 18:57:39.307,0.96553,0.96563,1.50,1.35
2017.08.24 18:57:39.818,0.96554,0.96564,1.69,1.16
2017.08.24 18:57:40.329,0.96554,0.96564,1.50,1.54
2017.08.24 18:57:40.837,0.96554,0.96564,1.50,1.35
2017.08.24 18:57:44.969,0.96556,0.96565,1.00,1.44
2017.08.24 18:57:45.294,0.96556,0.96566,1.87,1.00
2017.08.24 18:57:45.838,0.96557,0.96568,1.87,2.10
2017.08.24 18:57:47.225,0.96557,0.96568,1.87,1.35
2017.08.24 18:57:49.864,0.96558,0.96569,1.12,4.73
2017.08.24 18:57:50.169,0.96556,0.96565,1.37,4.54
2017.08.24 18:57:50.271,0.96554,0.96563,1.00,1.54
2017.08.24 18:57:50.789,0.96553,0.96563,1.12,1.85
2017.08.24 18:57:52.799,0.96555,0.96564,1.50,1.12
2017.08.24 18:57:53.312,0.96555,0.96566,1.87,3.98
2017.08.24 18:57:53.652,0.96556,0.96567,2.62,1.85
2017.08.24 18:57:53.961,0.96557,0.96568,1.37,1.91
2017.08.24 18:57:54.063,0.96557,0.96568,1.12,2.29
2017.08.24 18:57:54.575,0.96557,0.96567,1.12,1.30
2017.08.24 18:58:00.251,0.96555,0.96565,2.62,1.73
2017.08.24 18:58:00.559,0.96552,0.96563,1.37,1.85
2017.08.24 18:58:01.070,0.96551,0.96562,4.12,1.35
2017.08.24 18:58:02.060,0.96553,0.96563,1.00,3.79
2017.08.24 18:58:03.732,0.96552,0.96563,1.87,1.91
2017.08.24 18:58:04.244,0.96554,0.96563,1.00,1.54
2017.08.24 18:58:08.616,0.96554,0.96564,1.00,2.10
2017.08.24 18:58:09.300,0.96553,0.96564,1.87,2.10
2017.08.24 18:58:09.993,0.96554,0.96564,1.00,2.85
2017.08.24 18:58:10.496,0.96554,0.96563,1.00,1.00
2017.08.24 18:58:10.650,0.96552,0.96563,1.12,1.72
2017.08.24 18:58:11.161,0.96553,0.96564,1.50,3.04
2017.08.24 18:58:12.215,0.96553,0.96564,1.37,2.66
2017.08.24 18:58:12.727,0.96553,0.96564,1.12,3.41
2017.08.24 18:58:13.491,0.96555,0.96564,1.87,1.25
2017.08.24 18:58:13.856,0.96556,0.96567,2.62,1.91
2017.08.24 18:58:14.439,0.96556,0.96568,1.87,3.94
2017.08.24 18:58:15.188,0.96558,0.96568,1.37,3.41
2017.08.24 18:58:15.832,0.96558,0.96569,1.37,3.75
2017.08.24 18:58:16.385,0.96558,0.96568,1.37,1.13
2017.08.24 18:58:17.623,0.96561,0.9657,1.00,4.31
2017.08.24 18:58:18.139,0.9656,0.9657,1.12,2.63
2017.08.24 18:58:18.772,0.9656,0.9657,1.12,2.63
2017.08.24 18:58:20.054,0.9656,0.9657,1.37,2.25
2017.08.24 18:58:20.362,0.96559,0.96569,1.37,1.44
2017.08.24 18:58:20.874,0.96559,0.96569,1.37,1.13
2017.08.24 18:58:30.624,0.96559,0.9657,1.37,3.04
2017.08.24 18:58:31.225,0.96558,0.9657,2.62,2.10
2017.08.24 18:58:31.967,0.96558,0.9657,3.37,2.66
2017.08.24 18:58:38.340,0.96559,0.96569,2.81,1.00
2017.08.24 18:58:47.783,0.96559,0.9657,2.62,1.12
2017.08.24 18:58:48.358,0.9656,0.96569,1.37,1.00
2017.08.24 18:58:48.512,0.9656,0.96571,2.81,1.12
2017.08.24 18:58:49.023,0.96559,0.9657,2.06,2.10
2017.08.24 18:58:53.268,0.96559,0.9657,1.87,3.23
2017.08.24 18:58:53.371,0.96562,0.96571,1.12,5.66
2017.08.24 18:58:54.384,0.96559,0.9657,1.87,2.81
2017.08.24 18:58:56.275,0.96562,0.9657,1.12,1.00
2017.08.24 18:58:57.482,0.96559,0.96569,1.37,1.30
2017.08.24 18:58:59.439,0.96559,0.9657,1.37,3.79
2017.08.24 18:59:00.119,0.96559,0.9657,3.00,2.29
2017.08.24 18:59:00.631,0.96558,0.96569,2.62,1.91
2017.08.24 18:59:01.419,0.96558,0.96568,1.87,3.04
2017.08.24 18:59:02.525,0.96558,0.96568,1.87,1.54
2017.08.24 18:59:03.202,0.96558,0.96569,2.81,1.54
2017.08.24 18:59:03.712,0.96559,0.9657,3.75,2.29
2017.08.24 18:59:07.495,0.9656,0.96571,1.87,1.72
2017.08.24 18:59:07.802,0.96565,0.96575,2.44,1.87
2017.08.24 18:59:08.930,0.96563,0.96574,4.31,1.25
2017.08.24 18:59:09.447,0.96563,0.96574,3.56,1.00
2017.08.24 18:59:09.925,0.96563,0.96574,3.37,1.91
2017.08.24 18:59:10.334,0.96565,0.96575,3.56,1.50
2017.08.24 18:59:10.437,0.96569,0.96577,1.63,1.12
2017.08.24 18:59:10.541,0.96569,0.9658,2.25,2.62
2017.08.24 18:59:11.053,0.96569,0.9658,3.56,1.72
2017.08.24 18:59:11.313,0.96569,0.9658,1.12,1.63
2017.08.24 18:59:11.863,0.96568,0.96578,1.37,1.05
2017.08.24 18:59:13.416,0.96568,0.96579,1.37,3.41
2017.08.24 18:59:13.617,0.96568,0.96579,1.37,3.41
2017.08.24 18:59:14.360,0.96568,0.96579,2.62,1.69
2017.08.24 18:59:14.885,0.96568,0.96579,2.62,1.31
2017.08.24 18:59:15.140,0.96568,0.9658,2.62,2.25
2017.08.24 18:59:15.451,0.96572,0.9658,1.12,1.00
2017.08.24 18:59:15.761,0.96575,0.96586,1.50,1.69
2017.08.24 18:59:15.972,0.96578,0.96589,1.37,2.25
2017.08.24 18:59:16.903,0.96581,0.9659,1.12,1.00
2017.08.24 18:59:17.439,0.96581,0.96591,1.12,2.25
2017.08.24 18:59:19.296,0.96581,0.9659,1.12,1.00
2017.08.24 18:59:21.348,0.96581,0.9659,1.37,1.00
2017.08.24 18:59:21.657,0.96581,0.9659,1.37,1.50
2017.08.24 18:59:21.965,0.96579,0.9659,1.37,3.98
2017.08.24 18:59:22.017,0.96579,0.96589,1.63,1.05
2017.08.24 18:59:22.536,0.96581,0.9659,2.25,1.00
2017.08.24 18:59:23.038,0.96581,0.96591,2.25,1.00
2017.08.24 18:59:24.664,0.96581,0.96592,2.25,1.69
2017.08.24 18:59:24.767,0.96584,0.96592,1.00,1.25
2017.08.24 18:59:25.069,0.9658,0.9659,3.75,1.25
2017.08.24 18:59:25.378,0.96584,0.9659,1.00,1.25
2017.08.24 18:59:26.256,0.9658,0.9659,1.75,1.13
2017.08.24 18:59:26.758,0.9658,0.9659,1.75,1.38
2017.08.24 18:59:27.349,0.96579,0.9659,3.37,1.25
2017.08.24 18:59:29.112,0.96583,0.96592,1.00,1.12
2017.08.24 18:59:29.618,0.96584,0.96592,1.12,1.25
2017.08.24 18:59:30.099,0.9658,0.96591,1.87,1.44
2017.08.24 18:59:32.769,0.96582,0.96592,1.37,1.00
2017.08.24 18:59:32.822,0.96585,0.96592,1.87,1.00
2017.08.24 18:59:32.873,0.96585,0.96596,3.37,1.50
2017.08.24 18:59:32.925,0.96585,0.96597,2.25,1.35
2017.08.24 18:59:33.028,0.96585,0.96597,3.00,1.73
2017.08.24 18:59:33.131,0.96586,0.96598,1.50,4.35
2017.08.24 18:59:33.635,0.96586,0.96598,3.00,1.72
2017.08.24 18:59:34.372,0.96586,0.96597,1.50,1.68
2017.08.24 18:59:35.122,0.96586,0.96597,3.94,1.13
2017.08.24 18:59:35.735,0.96587,0.96598,1.63,1.13
2017.08.24 18:59:38.342,0.96587,0.96598,1.37,2.06
2017.08.24 18:59:40.053,0.96587,0.96598,1.37,2.66
2017.08.24 18:59:41.042,0.96587,0.96598,1.37,2.47
2017.08.24 18:59:42.172,0.96587,0.96598,1.37,3.37
2017.08.24 18:59:42.700,0.96586,0.96597,4.69,1.00
2017.08.24 18:59:42.888,0.96586,0.96591,1.00,1.00
2017.08.24 18:59:42.992,0.9658,0.96591,1.62,1.25
2017.08.24 18:59:43.505,0.96579,0.9659,2.25,1.00
2017.08.24 18:59:45.738,0.96581,0.9659,1.12,2.85
2017.08.24 18:59:46.102,0.96581,0.9659,1.12,1.69
2017.08.24 18:59:48.495,0.96578,0.96588,2.06,1.00
2017.08.24 18:59:48.548,0.96578,0.96588,2.06,1.50
2017.08.24 18:59:49.460,0.96578,0.96588,1.87,2.85
2017.08.24 18:59:50.329,0.96579,0.96588,1.12,1.54
2017.08.24 18:59:50.869,0.96579,0.96588,1.12,1.31
2017.08.24 18:59:51.453,0.96578,0.96588,1.87,1.63
2017.08.24 18:59:51.711,0.96578,0.96589,1.87,1.72
2017.08.24 18:59:51.839,0.96579,0.9659,1.12,3.75
2017.08.24 18:59:52.356,0.9658,0.9659,1.00,3.19
2017.08.24 18:59:52.408,0.96583,0.9659,1.00,1.12
2017.08.24 18:59:52.511,0.96584,0.96593,1.37,1.00
2017.08.24 18:59:52.708,0.96584,0.96595,3.94,1.50
2017.08.24 18:59:52.763,0.96585,0.96595,3.37,1.00
2017.08.24 18:59:52.816,0.96587,0.96597,3.56,1.50
2017.08.24 18:59:53.409,0.96588,0.96598,1.00,1.00
2017.08.24 18:59:53.566,0.96588,0.96596,1.12,1.37
2017.08.24 18:59:54.083,0.96587,0.96595,1.37,1.63
2017.08.24 18:59:54.288,0.96584,0.96595,1.69,3.94
2017.08.24 18:59:54.439,0.96584,0.96592,1.37,1.37
2017.08.24 18:59:54.597,0.96582,0.96591,2.44,1.37
2017.08.24 18:59:54.700,0.96583,0.96591,1.87,1.37
2017.08.24 18:59:55.062,0.96588,0.96591,1.00,1.00
2017.08.24 18:59:55.115,0.96583,0.9659,1.37,1.37
2017.08.24 18:59:55.219,0.96581,0.96589,2.62,1.37
2017.08.24 18:59:55.449,0.9658,0.96589,1.12,1.12
2017.08.24 18:59:56.276,0.96579,0.96589,2.06,1.12
2017.08.24 18:59:57.141,0.96579,0.96587,1.37,1.37
2017.08.24 18:59:57.654,0.9658,0.96587,1.12,1.37
2017.08.24 18:59:58.204,0.96579,0.96586,1.37,1.37
2017.08.24 18:59:59.402,0.96578,0.96586,2.62,1.37
2017.08.24 18:59:59.762,0.96574,0.96581,5.25,1.81
2017.08.24 18:59:59.814,0.96574,0.9658,3.75,1.37
2017.08.24 18:59:59.865,0.96572,0.9658,1.95,1.37
