2009.09.18 05:00:04.142,1.02955,1.02975,1.00,14.70
2009.09.18 05:00:16.999,1.02955,1.02975,1.00,14.30
2009.09.18 05:00:17.699,1.02955,1.02975,1.00,14.70
2009.09.18 05:00:27.716,1.02955,1.02975,1.00,15.50
2009.09.18 05:00:39.164,1.02955,1.02975,1.00,15.40
2009.09.18 05:00:39.494,1.02955,1.02975,1.00,15.00
2009.09.18 05:00:39.774,1.02955,1.02975,1.00,9.40
2009.09.18 05:00:41.233,1.02955,1.02975,1.00,3.60
2009.09.18 05:00:53.041,1.02955,1.02975,1.10,1.20
2009.09.18 05:00:53.390,1.0296,1.0298,3.10,1.80
2009.09.18 05:00:53.690,1.0296,1.02985,3.10,4.60
2009.09.18 05:00:54.050,1.02955,1.02985,5.80,10.20
2009.09.18 05:00:54.400,1.02955,1.02985,5.40,10.20
2009.09.18 05:00:55.140,1.02955,1.02985,5.40,9.60
2009.09.18 05:00:56.170,1.02955,1.02985,3.00,9.60
2009.09.18 05:00:56.400,1.02955,1.02985,3.00,9.20
2009.09.18 05:00:57.259,1.02955,1.02985,3.00,9.60
2009.09.18 05:00:59.249,1.02955,1.02985,3.00,12.50
2009.09.18 05:00:59.579,1.02955,1.0298,2.00,1.20
2009.09.18 05:00:59.919,1.02955,1.02975,2.00,5.60
2009.09.18 05:01:00.259,1.02955,1.0298,1.20,5.60
2009.09.18 05:01:00.839,1.02955,1.02985,2.80,26.30
2009.09.18 05:01:00.949,1.02955,1.02985,2.80,12.70
2009.09.18 05:01:01.708,1.02955,1.02985,3.00,12.70
2009.09.18 05:01:07.137,1.02955,1.02985,3.00,13.50
2009.09.18 05:01:18.554,1.02955,1.02985,5.40,15.90
2009.09.18 05:01:34.111,1.02955,1.02985,5.40,16.30
2009.09.18 05:01:37.000,1.02955,1.02985,5.40,17.90
2009.09.18 05:01:37.450,1.02955,1.02985,5.40,17.50
2009.09.18 05:01:41.359,1.02955,1.02985,5.40,17.30
2009.09.18 05:01:41.419,1.0296,1.02985,3.20,14.50
2009.09.18 05:01:41.539,1.0296,1.02985,4.80,14.50
2009.09.18 05:01:41.659,1.0296,1.02985,4.80,4.40
2009.09.18 05:01:41.719,1.0296,1.02985,5.50,3.60
2009.09.18 05:01:41.949,1.0296,1.02985,7.90,3.60
2009.09.18 05:01:42.758,1.0296,1.02985,8.00,3.60
2009.09.18 05:01:51.297,1.0296,1.02985,5.60,4.40
2009.09.18 05:02:34.626,1.0296,1.02985,4.00,4.40
2009.09.18 05:02:35.376,1.0296,1.02985,2.40,13.20
2009.09.18 05:02:39.795,1.0296,1.02985,2.40,12.80
2009.09.18 05:02:55.521,1.02955,1.0298,6.00,5.50
2009.09.18 05:02:55.811,1.02955,1.02985,5.60,17.60
2009.09.18 05:02:55.921,1.02955,1.02985,5.60,12.00
2009.09.18 05:02:56.670,1.02955,1.02985,5.80,12.00
2009.09.18 05:03:01.569,1.02955,1.02985,5.40,11.20
2009.09.18 05:03:01.679,1.02955,1.02985,5.20,11.20
2009.09.18 05:03:02.139,1.02955,1.02985,5.60,11.20
2009.09.18 05:03:03.859,1.02955,1.02985,5.80,11.20
2009.09.18 05:03:14.986,1.02955,1.0298,5.40,1.60
2009.09.18 05:03:15.216,1.02955,1.02975,1.20,4.00
2009.09.18 05:03:15.456,1.02955,1.02975,1.00,2.40
2009.09.18 05:03:15.756,1.02955,1.0298,1.00,8.80
2009.09.18 05:03:16.156,1.02955,1.0298,1.00,8.80
2009.09.18 05:03:16.846,1.02955,1.02975,1.00,2.40
2009.09.18 05:03:17.546,1.02955,1.02975,1.00,5.60
2009.09.18 05:03:18.006,1.02955,1.0298,1.00,8.90
2009.09.18 05:03:27.123,1.02955,1.02975,1.00,2.40
2009.09.18 05:03:27.463,1.02955,1.02975,1.00,8.00
2009.09.18 05:03:27.853,1.02955,1.02975,1.00,5.60
2009.09.18 05:03:28.533,1.02955,1.0298,1.00,8.90
2009.09.18 05:03:28.893,1.02955,1.0298,1.00,8.80
2009.09.18 05:03:30.403,1.02955,1.02975,1.00,2.40
2009.09.18 05:03:30.752,1.02955,1.02975,1.00,8.00
2009.09.18 05:03:37.951,1.02955,1.02975,1.00,5.60
2009.09.18 05:03:39.170,1.02955,1.0298,1.00,14.40
2009.09.18 05:03:39.510,1.02955,1.0298,1.00,8.80
2009.09.18 05:03:39.860,1.02955,1.0298,1.00,8.90
2009.09.18 05:03:42.150,1.02955,1.02985,5.20,18.90
2009.09.18 05:03:42.500,1.02955,1.02985,5.20,13.30
2009.09.18 05:03:43.569,1.02955,1.02985,5.60,13.40
2009.09.18 05:03:44.379,1.02955,1.02985,5.80,12.20
2009.09.18 05:03:47.999,1.02955,1.0298,1.00,8.80
2009.09.18 05:03:48.358,1.02955,1.0298,1.00,8.80
2009.09.18 05:03:52.227,1.02955,1.0298,2.80,8.80
2009.09.18 05:03:52.337,1.02955,1.0298,4.00,8.00
2009.09.18 05:03:52.397,1.02955,1.02985,5.60,19.60
2009.09.18 05:03:52.517,1.02955,1.02985,5.80,12.40
2009.09.18 05:03:53.047,1.02955,1.02985,5.80,12.00
2009.09.18 05:03:55.117,1.02955,1.02985,5.40,12.40
2009.09.18 05:03:58.416,1.02955,1.0298,1.00,9.60
2009.09.18 05:03:58.766,1.02955,1.0298,2.80,9.20
2009.09.18 05:03:59.116,1.02955,1.0298,2.70,3.60
2009.09.18 05:03:59.766,1.02955,1.0298,2.80,3.60
2009.09.18 05:04:01.875,1.02955,1.0298,5.20,1.00
2009.09.18 05:04:06.344,1.02955,1.0298,5.20,1.00
2009.09.18 05:04:06.574,1.02955,1.0298,1.10,3.20
2009.09.18 05:04:06.804,1.02955,1.0298,1.00,9.60
2009.09.18 05:04:11.563,1.02955,1.0298,1.00,9.20
2009.09.18 05:04:35.267,1.02955,1.0298,1.00,9.20
2009.09.18 05:04:35.627,1.02955,1.0298,2.80,3.60
2009.09.18 05:04:35.987,1.02955,1.0298,2.80,9.20
2009.09.18 05:04:36.517,1.02955,1.0298,2.70,9.20
2009.09.18 05:04:39.006,1.02955,1.0298,1.00,9.20
2009.09.18 05:04:41.685,1.02955,1.0298,1.00,9.30
2009.09.18 05:05:14.787,1.02955,1.02975,1.00,10.00
2009.09.18 05:05:15.017,1.02955,1.02975,1.00,3.60
2009.09.18 05:05:15.647,1.02955,1.0298,5.10,1.10
2009.09.18 05:05:15.927,1.02955,1.0298,5.10,1.00
2009.09.18 05:05:35.592,1.02955,1.0298,1.90,5.60
2009.09.18 05:05:35.873,1.02955,1.0298,5.10,6.70
2009.09.18 05:05:36.162,1.02955,1.0298,5.10,1.00
2009.09.18 05:05:52.708,1.02955,1.0298,5.20,1.00
2009.09.18 05:05:55.667,1.02955,1.0298,5.10,1.00
2009.09.18 05:05:55.947,1.02955,1.0298,1.90,3.60
2009.09.18 05:05:56.227,1.02955,1.02975,1.00,3.60
2009.09.18 05:05:56.397,1.02955,1.02975,5.10,1.00
2009.09.18 05:05:56.578,1.02955,1.02975,2.70,2.80
2009.09.18 05:05:56.748,1.02955,1.02975,1.00,3.60
2009.09.18 05:05:57.377,1.02955,1.02975,1.00,12.40
2009.09.18 05:05:59.697,1.02955,1.02975,1.00,12.50
2009.09.18 05:06:01.696,1.02955,1.02975,1.00,12.90
2009.09.18 05:06:05.875,1.02955,1.02975,1.00,12.80
2009.09.18 05:06:06.635,1.02955,1.02975,1.00,12.90
2009.09.18 05:06:07.105,1.02955,1.0297,1.00,1.00
2009.09.18 05:06:07.215,1.02945,1.02965,1.00,1.00
2009.09.18 05:06:07.575,1.02945,1.02965,1.00,3.60
2009.09.18 05:06:08.625,1.02955,1.02965,1.00,1.60
2009.09.18 05:06:08.974,1.02955,1.02975,1.00,22.40
2009.09.18 05:06:09.264,1.02955,1.02975,1.00,13.20
2009.09.18 05:06:13.583,1.02955,1.02975,1.00,13.60
2009.09.18 05:06:13.923,1.02955,1.02975,1.00,14.00
2009.09.18 05:06:18.792,1.02955,1.02975,1.00,13.70
2009.09.18 05:06:19.772,1.02955,1.02975,1.00,13.30
2009.09.18 05:06:20.922,1.02955,1.02975,1.00,14.00
2009.09.18 05:06:30.699,1.02955,1.02975,1.00,13.70
2009.09.18 05:06:34.138,1.02955,1.0297,1.00,1.00
2009.09.18 05:06:34.488,1.02955,1.0297,1.00,7.20
2009.09.18 05:06:34.878,1.02955,1.02975,1.00,15.30
2009.09.18 05:06:35.178,1.02955,1.02975,1.00,15.70
2009.09.18 05:06:37.537,1.02955,1.02975,1.00,14.10
2009.09.18 05:06:39.697,1.02955,1.02975,1.00,13.70
2009.09.18 05:06:50.175,1.02955,1.02975,1.00,13.30
2009.09.18 05:06:50.474,1.02955,1.02975,1.00,11.70
2009.09.18 05:06:50.754,1.02955,1.02975,1.00,13.30
2009.09.18 05:06:52.044,1.02955,1.02975,1.00,11.70
2009.09.18 05:07:05.461,1.02955,1.02975,1.00,12.40
2009.09.18 05:07:14.548,1.02955,1.02975,1.00,14.00
2009.09.18 05:07:14.998,1.02955,1.02975,1.00,13.70
2009.09.18 05:07:16.558,1.02955,1.02975,1.00,13.30
2009.09.18 05:07:17.688,1.02955,1.02975,1.00,13.60
2009.09.18 05:07:17.918,1.02955,1.02975,1.00,14.00
2009.09.18 05:07:21.257,1.02955,1.02975,1.00,13.70
2009.09.18 05:07:21.557,1.02955,1.02975,1.00,13.30
2009.09.18 05:07:21.907,1.02955,1.02975,1.00,14.90
2009.09.18 05:07:23.437,1.02955,1.02975,1.00,13.30
2009.09.18 05:07:38.003,1.02955,1.02975,1.00,14.90
2009.09.18 05:07:51.720,1.02955,1.02975,1.00,12.90
2009.09.18 05:07:51.780,1.02955,1.02975,1.00,12.40
2009.09.18 05:07:51.900,1.02955,1.02975,1.00,6.80
2009.09.18 05:07:51.960,1.02955,1.02975,1.00,5.20
2009.09.18 05:07:52.020,1.02955,1.02975,1.00,8.00
2009.09.18 05:07:52.190,1.02955,1.02975,1.00,9.60
2009.09.18 05:07:52.250,1.02955,1.02975,1.00,15.20
2009.09.18 05:07:53.929,1.02955,1.02975,1.00,15.30
2009.09.18 05:07:55.269,1.02955,1.02975,1.00,13.70
2009.09.18 05:07:57.069,1.02955,1.02975,1.00,15.30
2009.09.18 05:08:00.237,1.02955,1.02975,1.00,14.90
2009.09.18 05:08:00.767,1.02955,1.02975,1.00,13.30
2009.09.18 05:08:01.687,1.02955,1.02975,1.00,14.90
2009.09.18 05:08:04.347,1.02955,1.02975,1.00,13.30
2009.09.18 05:08:16.844,1.02955,1.02975,1.00,13.70
2009.09.18 05:08:20.703,1.02955,1.0297,1.00,6.80
2009.09.18 05:08:21.043,1.02945,1.0297,1.70,16.40
2009.09.18 05:08:21.392,1.02945,1.0297,1.70,16.00
2009.09.18 05:08:21.682,1.02945,1.0297,4.90,5.60
2009.09.18 05:08:21.903,1.02945,1.02975,4.90,11.30
2009.09.18 05:08:22.892,1.02945,1.02975,5.10,11.30
2009.09.18 05:08:36.589,1.0295,1.02975,1.00,10.50
2009.09.18 05:08:36.819,1.0295,1.02975,5.50,8.00
2009.09.18 05:08:37.109,1.0295,1.02975,5.50,2.40
2009.09.18 05:08:37.389,1.0295,1.02975,7.90,2.40
2009.09.18 05:08:38.898,1.0295,1.02975,8.00,2.40
2009.09.18 05:08:44.657,1.0295,1.02975,5.60,3.20
2009.09.18 05:08:53.945,1.0295,1.02975,5.60,3.60
2009.09.18 05:08:54.304,1.0295,1.02975,5.60,4.40
2009.09.18 05:09:25.597,1.0295,1.02975,5.60,4.00
2009.09.18 05:09:25.837,1.02955,1.02975,3.20,2.00
2009.09.18 05:09:26.067,1.02955,1.0298,2.40,1.00
2009.09.18 05:09:26.657,1.02955,1.0298,2.80,1.00
2009.09.18 05:09:28.056,1.02955,1.0298,2.50,1.00
2009.09.18 05:09:28.787,1.02955,1.02985,3.30,21.60
2009.09.18 05:09:29.136,1.02955,1.02985,5.80,12.50
2009.09.18 05:09:34.535,1.0296,1.02985,7.90,1.00
2009.09.18 05:09:34.835,1.0296,1.02985,8.00,1.00
2009.09.18 05:09:44.703,1.02965,1.02985,1.60,1.00
2009.09.18 05:09:49.562,1.0297,1.02985,1.00,1.00
2009.09.18 05:09:49.791,1.0297,1.0299,2.40,1.00
2009.09.18 05:09:50.021,1.02965,1.02995,6.80,13.60
2009.09.18 05:09:50.261,1.02965,1.02995,6.80,12.80
2009.09.18 05:09:50.491,1.02965,1.02995,5.20,12.80
2009.09.18 05:09:50.841,1.02965,1.0299,2.10,8.80
2009.09.18 05:09:54.080,1.02965,1.0299,4.50,1.00
2009.09.18 05:09:56.130,1.02965,1.0299,2.90,1.00
2009.09.18 05:09:57.569,1.02965,1.02995,2.90,16.40
2009.09.18 05:09:57.679,1.02965,1.0299,2.90,1.00
2009.09.18 05:09:57.729,1.02965,1.0299,4.50,1.00
2009.09.18 05:09:57.790,1.02965,1.02995,5.30,21.00
2009.09.18 05:09:57.849,1.02965,1.0299,4.50,1.00
2009.09.18 05:09:58.249,1.02965,1.0299,3.10,1.00
2009.09.18 05:09:59.049,1.02965,1.0299,2.90,1.00
2009.09.18 05:09:59.269,1.02965,1.0299,4.50,1.00
2009.09.18 05:10:00.399,1.0297,1.02995,1.00,17.60
2009.09.18 05:10:00.789,1.0297,1.02995,3.20,1.20
2009.09.18 05:10:01.128,1.0297,1.02995,3.20,6.80
2009.09.18 05:10:02.768,1.0297,1.02995,3.20,6.40
2009.09.18 05:10:02.988,1.0297,1.02995,3.20,5.60
2009.09.18 05:10:03.558,1.0297,1.02995,3.60,5.60
2009.09.18 05:10:05.227,1.02975,1.02995,2.80,5.60
2009.09.18 05:10:05.577,1.02975,1.03,2.80,8.80
2009.09.18 05:10:07.827,1.02975,1.03,2.90,8.80
2009.09.18 05:10:08.177,1.02975,1.03,2.50,8.80
2009.09.18 05:10:10.377,1.0298,1.03,2.80,5.60
2009.09.18 05:10:10.656,1.0298,1.03005,2.80,8.00
2009.09.18 05:10:10.876,1.0298,1.03005,4.40,8.00
2009.09.18 05:10:11.106,1.0298,1.03005,4.80,8.00
2009.09.18 05:10:11.456,1.0298,1.03005,4.40,8.00
2009.09.18 05:10:11.816,1.0298,1.03005,4.50,8.00
2009.09.18 05:10:12.446,1.0298,1.03005,4.90,8.00
2009.09.18 05:10:13.875,1.02985,1.03005,2.00,8.00
2009.09.18 05:10:14.226,1.02985,1.03005,4.40,2.40
2009.09.18 05:10:14.616,1.02985,1.03005,4.00,2.40
2009.09.18 05:10:14.975,1.0298,1.03005,2.10,4.80
2009.09.18 05:10:15.305,1.0298,1.03005,1.00,10.40
2009.09.18 05:10:15.655,1.0298,1.03005,1.00,10.90
2009.09.18 05:10:16.345,1.0298,1.03005,1.00,10.80
2009.09.18 05:10:16.695,1.0298,1.03005,2.10,10.40
2009.09.18 05:10:16.875,1.0298,1.03005,4.50,8.00
2009.09.18 05:10:18.404,1.0298,1.03005,4.50,2.40
2009.09.18 05:10:19.624,1.0298,1.03005,2.10,10.40
2009.09.18 05:10:19.974,1.0298,1.03005,1.00,10.40
2009.09.18 05:10:21.593,1.0298,1.03005,2.10,10.40
2009.09.18 05:10:23.074,1.0298,1.03005,4.90,8.00
2009.09.18 05:10:23.194,1.0298,1.03005,4.50,8.00
2009.09.18 05:10:23.653,1.0298,1.03005,2.90,2.40
2009.09.18 05:10:24.303,1.0298,1.03005,2.90,8.00
2009.09.18 05:10:25.463,1.0298,1.03005,2.90,2.40
2009.09.18 05:10:26.792,1.0298,1.03005,4.50,2.40
2009.09.18 05:10:27.482,1.02985,1.0301,1.60,14.80
2009.09.18 05:10:27.822,1.02985,1.03005,1.60,5.60
2009.09.18 05:10:28.512,1.02985,1.0301,1.60,13.50
2009.09.18 05:10:32.651,1.0298,1.0301,10.00,13.50
2009.09.18 05:10:34.470,1.0298,1.0301,9.60,13.50
2009.09.18 05:10:34.760,1.0298,1.0301,8.00,13.50
2009.09.18 05:10:40.779,1.02985,1.0301,1.60,13.60
2009.09.18 05:10:43.988,1.02985,1.03005,1.60,1.00
2009.09.18 05:10:44.208,1.0298,1.03,2.50,1.00
2009.09.18 05:10:44.488,1.0298,1.03,1.00,1.00
2009.09.18 05:10:45.738,1.02975,1.03,4.90,1.00
2009.09.18 05:10:46.068,1.02975,1.03,2.50,1.00
2009.09.18 05:10:46.398,1.02975,1.03005,2.50,19.20
2009.09.18 05:10:46.698,1.0298,1.03005,2.40,1.00
2009.09.18 05:10:47.447,1.0298,1.03005,2.40,1.00
2009.09.18 05:10:47.867,1.0298,1.03005,2.50,1.00
2009.09.18 05:10:49.927,1.02985,1.03005,2.40,1.00
2009.09.18 05:10:50.107,1.02985,1.03005,2.40,1.00
2009.09.18 05:10:50.447,1.02985,1.0301,2.50,1.00
2009.09.18 05:10:50.787,1.02985,1.03015,2.50,28.40
2009.09.18 05:10:51.607,1.02985,1.0301,2.50,1.00
2009.09.18 05:10:51.906,1.02985,1.0301,1.00,3.20
2009.09.18 05:10:55.445,1.02985,1.0301,2.50,1.00
2009.09.18 05:10:55.735,1.0299,1.03015,2.40,23.20
2009.09.18 05:10:56.085,1.02985,1.0301,1.00,3.20
2009.09.18 05:10:57.115,1.02985,1.0301,1.00,8.80
2009.09.18 05:11:00.324,1.02985,1.0301,2.50,6.40
2009.09.18 05:11:00.714,1.02985,1.0301,1.00,8.80
2009.09.18 05:11:01.064,1.0299,1.03015,2.40,15.20
2009.09.18 05:11:01.404,1.02985,1.0301,1.00,3.20
2009.09.18 05:11:01.754,1.02985,1.0301,1.00,2.40
2009.09.18 05:11:01.974,1.0298,1.0301,8.90,2.40
2009.09.18 05:11:02.144,1.0298,1.0301,3.30,8.80
2009.09.18 05:11:05.183,1.0298,1.0301,4.10,8.80
2009.09.18 05:11:06.103,1.0298,1.0301,3.30,8.80
2009.09.18 05:11:09.242,1.02985,1.0301,2.40,6.40
2009.09.18 05:11:09.582,1.02985,1.0301,2.40,1.00
2009.09.18 05:11:09.912,1.0299,1.03015,2.40,14.80
2009.09.18 05:11:23.719,1.0299,1.03015,3.20,14.80
2009.09.18 05:11:23.829,1.02985,1.03015,5.20,19.60
2009.09.18 05:11:23.998,1.02985,1.03015,5.60,19.60
2009.09.18 05:11:24.109,1.02985,1.03015,4.90,19.60
2009.09.18 05:11:27.728,1.02985,1.0301,4.10,1.00
2009.09.18 05:11:27.848,1.02985,1.0301,4.00,3.10
2009.09.18 05:11:28.138,1.02985,1.0301,4.80,6.30
2009.09.18 05:11:28.487,1.02985,1.03015,4.80,19.70
2009.09.18 05:11:29.907,1.02985,1.03015,4.90,19.70
2009.09.18 05:11:33.716,1.02985,1.0301,4.10,1.00
2009.09.18 05:11:33.956,1.02985,1.0301,1.60,11.10
2009.09.18 05:11:34.306,1.02985,1.03015,4.80,30.90
2009.09.18 05:11:34.686,1.02985,1.03015,4.80,19.70
2009.09.18 05:11:35.896,1.02985,1.03015,4.90,19.70
2009.09.18 05:11:39.205,1.02985,1.0301,2.40,4.00
2009.09.18 05:11:39.555,1.02985,1.0301,1.60,11.10
2009.09.18 05:11:39.895,1.02985,1.0301,1.60,13.50
2009.09.18 05:11:58.520,1.02985,1.0301,2.40,12.70
2009.09.18 05:11:58.880,1.02985,1.0301,4.00,10.40
2009.09.18 05:11:59.240,1.0299,1.0301,2.40,5.50
2009.09.18 05:11:59.600,1.02985,1.0301,1.60,7.90
2009.09.18 05:11:59.880,1.02985,1.0301,4.80,1.00
2009.09.18 05:12:00.180,1.02985,1.03015,4.80,20.50
2009.09.18 05:12:01.790,1.02985,1.03015,4.90,20.50
2009.09.18 05:12:02.299,1.02985,1.03015,4.90,20.40
2009.09.18 05:12:03.809,1.02985,1.03015,4.90,20.50
2009.09.18 05:12:05.658,1.0299,1.03015,3.20,15.70
2009.09.18 05:12:06.048,1.02985,1.03015,7.40,18.00
2009.09.18 05:12:06.338,1.02985,1.03015,5.30,19.60
2009.09.18 05:12:06.628,1.02995,1.03015,2.40,14.80
2009.09.18 05:12:07.158,1.0299,1.03015,3.30,9.20
2009.09.18 05:12:07.448,1.0299,1.03015,1.00,18.80
2009.09.18 05:12:07.668,1.02985,1.03015,10.50,19.60
2009.09.18 05:12:07.898,1.02985,1.03015,4.90,19.60
2009.09.18 05:12:11.017,1.0299,1.03015,2.40,17.20
2009.09.18 05:12:11.357,1.0299,1.03015,3.20,14.80
2009.09.18 05:12:13.827,1.02985,1.03015,5.80,19.60
2009.09.18 05:12:14.186,1.02985,1.03015,4.90,19.60
2009.09.18 05:12:19.435,1.02985,1.03015,6.20,19.60
2009.09.18 05:12:19.615,1.02985,1.03015,4.90,19.60
2009.09.18 05:12:19.975,1.0299,1.03015,1.00,17.20
2009.09.18 05:12:20.135,1.02985,1.03015,4.90,19.60
2009.09.18 05:12:20.825,1.02995,1.03015,2.40,9.20
2009.09.18 05:12:21.685,1.02995,1.03015,2.40,8.00
2009.09.18 05:12:22.185,1.02995,1.03015,2.50,8.00
2009.09.18 05:12:39.291,1.02995,1.03015,2.50,8.40
2009.09.18 05:12:39.470,1.0299,1.03015,4.10,13.60
2009.09.18 05:12:39.630,1.0299,1.03015,2.50,19.60
2009.09.18 05:12:40.250,1.02995,1.03015,2.40,14.80
2009.09.18 05:12:40.610,1.0299,1.03015,2.50,14.00
2009.09.18 05:12:40.950,1.02995,1.03015,2.40,14.80
2009.09.18 05:12:41.300,1.0299,1.03015,2.50,14.00
2009.09.18 05:12:41.570,1.0299,1.03015,2.50,19.60
2009.09.18 05:12:41.850,1.0299,1.03015,3.30,18.80
2009.09.18 05:12:42.080,1.0299,1.03015,2.50,19.60
2009.09.18 05:12:42.360,1.02995,1.03015,2.40,14.80
2009.09.18 05:12:42.600,1.02995,1.03015,2.40,17.20
2009.09.18 05:12:42.950,1.0299,1.03015,2.50,14.00
2009.09.18 05:12:43.240,1.0299,1.03015,2.50,19.60
2009.09.18 05:12:46.459,1.02985,1.0301,10.10,2.40
2009.09.18 05:12:46.739,1.02985,1.0301,4.80,7.90
2009.09.18 05:12:47.038,1.02985,1.0301,4.80,3.10
2009.09.18 05:12:47.529,1.02985,1.03015,4.80,19.60
2009.09.18 05:12:47.819,1.02985,1.03015,4.90,19.60
2009.09.18 05:12:49.748,1.02985,1.03015,4.90,19.70
2009.09.18 05:12:52.448,1.02985,1.0301,1.60,3.20
2009.09.18 05:12:52.558,1.02985,1.0301,2.40,3.10
2009.09.18 05:12:52.678,1.02985,1.0301,4.80,6.30
2009.09.18 05:12:52.737,1.02985,1.03015,4.80,25.20
2009.09.18 05:12:52.847,1.02985,1.03015,4.80,20.40
2009.09.18 05:12:53.287,1.0299,1.03015,2.40,20.40
2009.09.18 05:12:53.407,1.02995,1.03015,2.40,16.40
2009.09.18 05:12:53.757,1.02995,1.03015,2.40,10.80
2009.09.18 05:12:55.287,1.02995,1.03015,2.40,9.20
2009.09.18 05:12:55.797,1.02995,1.03015,2.50,9.20
2009.09.18 05:12:56.706,1.0299,1.03015,1.00,13.60
2009.09.18 05:12:57.066,1.02985,1.03015,10.50,19.60
2009.09.18 05:12:57.176,1.02985,1.03015,4.90,19.60
2009.09.18 05:13:01.895,1.02985,1.0301,1.60,5.50
2009.09.18 05:13:02.125,1.02985,1.0301,4.80,5.60
2009.09.18 05:13:02.345,1.0299,1.0301,1.00,5.60
2009.09.18 05:13:02.575,1.0299,1.03015,3.20,14.80
2009.09.18 05:13:04.655,1.0299,1.03015,3.30,8.80
2009.09.18 05:13:06.034,1.0299,1.03015,3.30,14.40
2009.09.18 05:13:07.843,1.0299,1.03015,3.30,8.80
2009.09.18 05:13:08.663,1.02995,1.03015,1.00,8.80
2009.09.18 05:13:09.164,1.02995,1.03015,2.50,8.80
2009.09.18 05:13:11.653,1.02995,1.03015,2.50,8.00
2009.09.18 05:13:13.432,1.03005,1.03015,2.40,8.00
2009.09.18 05:13:13.662,1.03005,1.0302,2.40,5.60
2009.09.18 05:13:13.892,1.03,1.03025,2.50,2.80
2009.09.18 05:13:14.302,1.02995,1.0302,9.70,3.20
2009.09.18 05:13:14.662,1.03,1.03025,1.00,18.80
2009.09.18 05:13:15.012,1.02995,1.03025,6.50,13.20
2009.09.18 05:13:15.392,1.02995,1.03025,4.90,13.20
2009.09.18 05:13:17.641,1.02995,1.03025,3.30,13.60
2009.09.18 05:13:17.862,1.02995,1.0302,2.50,3.20
2009.09.18 05:13:18.031,1.02995,1.0302,2.50,2.40
2009.09.18 05:13:18.261,1.02995,1.0302,8.10,3.20
2009.09.18 05:13:18.431,1.02995,1.0302,2.50,3.20
2009.09.18 05:13:24.370,1.02995,1.03025,2.50,15.60
2009.09.18 05:13:24.719,1.02995,1.0302,8.10,3.20
2009.09.18 05:13:25.069,1.03,1.03025,1.00,17.60
2009.09.18 05:13:25.419,1.02995,1.03025,7.30,12.00
2009.09.18 05:13:25.759,1.02995,1.03025,4.90,12.00
2009.09.18 05:13:26.109,1.03,1.03025,2.40,8.00
2009.09.18 05:13:26.449,1.03,1.03025,8.00,6.40
2009.09.18 05:13:27.250,1.03,1.03025,2.40,12.00
2009.09.18 05:13:38.026,1.02995,1.03025,4.90,12.40
2009.09.18 05:13:51.623,1.0299,1.03015,12.80,4.80
2009.09.18 05:13:52.263,1.02995,1.03015,2.40,1.00
2009.09.18 05:13:52.763,1.02995,1.03015,2.40,1.00
2009.09.18 05:13:52.883,1.0299,1.03015,8.90,1.00
2009.09.18 05:13:53.053,1.0299,1.03015,6.40,5.60
2009.09.18 05:13:53.173,1.02985,1.03015,7.30,12.00
2009.09.18 05:13:53.642,1.02985,1.03015,4.90,12.40
2009.09.18 05:13:53.992,1.02985,1.03015,4.90,12.80
2009.09.18 05:13:54.372,1.0299,1.03015,2.40,12.40
2009.09.18 05:13:54.672,1.02985,1.03015,5.30,12.40
2009.09.18 05:13:55.022,1.02985,1.03015,5.20,12.40
2009.09.18 05:13:55.712,1.02985,1.03015,4.90,12.40
2009.09.18 05:13:56.932,1.02985,1.03015,4.90,12.80
2009.09.18 05:14:02.460,1.02985,1.03015,4.90,12.40
2009.09.18 05:14:02.580,1.0299,1.03015,2.40,12.40
2009.09.18 05:14:03.220,1.02995,1.03015,2.40,1.80
2009.09.18 05:14:03.730,1.02995,1.03015,2.40,1.40
2009.09.18 05:14:04.400,1.0299,1.03015,8.90,1.40
2009.09.18 05:14:04.690,1.0299,1.03015,3.30,1.40
2009.09.18 05:14:07.589,1.0299,1.03015,4.10,1.40
2009.09.18 05:14:08.699,1.0299,1.03015,3.30,1.40
2009.09.18 05:14:09.749,1.02985,1.03015,13.40,6.20
2009.09.18 05:14:10.089,1.02985,1.03015,6.50,12.50
2009.09.18 05:14:10.378,1.02985,1.03015,4.90,12.50
2009.09.18 05:14:12.068,1.0299,1.03015,3.20,9.90
2009.09.18 05:14:12.248,1.02995,1.03015,2.40,1.80
2009.09.18 05:14:12.608,1.02995,1.03015,2.40,1.40
2009.09.18 05:14:13.758,1.02995,1.03015,2.50,1.40
2009.09.18 05:14:13.878,1.02995,1.03015,1.00,1.40
2009.09.18 05:14:14.268,1.0299,1.03015,3.30,1.40
2009.09.18 05:14:22.056,1.0299,1.03015,3.30,1.00
2009.09.18 05:14:26.204,1.0299,1.03015,3.30,1.30
2009.09.18 05:14:29.514,1.0299,1.03015,4.10,1.30
2009.09.18 05:14:30.594,1.02995,1.03015,2.40,1.00
2009.09.18 05:14:31.104,1.02995,1.03015,2.40,1.00
2009.09.18 05:14:31.683,1.02995,1.03015,2.50,1.00
2009.09.18 05:14:33.153,1.02995,1.03015,2.40,1.30
2009.09.18 05:14:33.443,1.02995,1.03015,2.40,6.10
2009.09.18 05:14:33.793,1.02995,1.03015,2.40,1.00
2009.09.18 05:14:34.483,1.02995,1.03015,8.10,1.00
2009.09.18 05:14:35.163,1.02995,1.03015,2.50,1.00
2009.09.18 05:14:40.411,1.02995,1.03015,2.50,1.00
2009.09.18 05:14:42.991,1.02995,1.03015,8.10,1.00
2009.09.18 05:14:43.111,1.02995,1.03015,2.50,1.00
2009.09.18 05:14:45.940,1.02995,1.03015,8.10,1.00
2009.09.18 05:14:46.330,1.02995,1.03015,2.50,1.00
2009.09.18 05:14:55.928,1.02995,1.03015,8.10,1.00
2009.09.18 05:14:56.108,1.02995,1.03015,2.50,1.00
2009.09.18 05:14:57.547,1.02995,1.03015,3.30,1.00
2009.09.18 05:14:57.778,1.02995,1.03015,4.90,1.00
2009.09.18 05:14:58.057,1.02995,1.03015,2.50,1.00
2009.09.18 05:15:03.566,1.0299,1.03015,4.90,1.00
2009.09.18 05:15:04.096,1.0299,1.03015,3.30,1.00
2009.09.18 05:15:07.215,1.0299,1.03015,3.20,1.00
2009.09.18 05:15:08.645,1.0299,1.03015,3.30,1.00
2009.09.18 05:15:14.943,1.02995,1.03015,2.40,1.00
2009.09.18 05:15:15.643,1.02995,1.03015,2.50,1.00
2009.09.18 05:15:17.633,1.02995,1.03015,2.40,1.00
2009.09.18 05:15:18.602,1.02995,1.03015,2.50,1.00
2009.09.18 05:15:23.881,1.03,1.03015,2.40,1.00
2009.09.18 05:15:24.051,1.02995,1.03015,2.50,1.00
2009.09.18 05:15:30.120,1.03,1.03015,2.40,1.00
2009.09.18 05:15:30.759,1.02995,1.03015,8.10,1.00
2009.09.18 05:15:30.939,1.02995,1.03025,8.10,10.00
2009.09.18 05:15:31.279,1.02995,1.0302,2.50,3.20
2009.09.18 05:15:35.208,1.02995,1.0302,2.50,1.00
2009.09.18 05:15:35.568,1.02995,1.0302,2.50,3.20
2009.09.18 05:15:42.987,1.03,1.03025,2.40,12.40
2009.09.18 05:15:46.856,1.03,1.0302,2.40,1.00
2009.09.18 05:15:47.276,1.03,1.03025,2.40,10.00
2009.09.18 05:15:54.374,1.03,1.0302,2.40,1.00
2009.09.18 05:15:57.903,1.03,1.03025,2.40,10.40
2009.09.18 05:15:57.963,1.03,1.03025,2.40,10.00
2009.09.18 05:16:02.672,1.03,1.03025,2.40,20.20
2009.09.18 05:16:02.972,1.03,1.0302,2.40,1.00
2009.09.18 05:16:04.511,1.03,1.03025,2.40,10.60
2009.09.18 05:16:11.280,1.03,1.0302,2.40,1.00
2009.09.18 05:16:11.740,1.03,1.03025,2.40,20.60
2009.09.18 05:16:11.969,1.03,1.03025,2.40,7.80
2009.09.18 05:16:12.190,1.03,1.03025,2.40,2.20
2009.09.18 05:16:12.709,1.03,1.03025,3.20,1.60
2009.09.18 05:16:12.980,1.03,1.03025,8.90,1.60
2009.09.18 05:16:13.319,1.03005,1.03025,2.50,1.20
2009.09.18 05:16:19.918,1.0301,1.03025,2.40,1.10
2009.09.18 05:16:20.268,1.0301,1.03025,2.40,1.00
2009.09.18 05:16:20.568,1.03005,1.03025,2.50,1.00
2009.09.18 05:16:20.968,1.03005,1.03025,2.50,1.00
2009.09.18 05:16:21.987,1.03005,1.03025,2.50,1.20
2009.09.18 05:16:30.705,1.03005,1.03025,2.50,1.00
2009.09.18 05:16:31.505,1.03005,1.03025,2.50,1.00
2009.09.18 05:16:33.414,1.03005,1.03025,2.50,1.00
2009.09.18 05:16:33.644,1.03005,1.03025,2.50,1.00
2009.09.18 05:16:42.653,1.03005,1.03025,4.90,1.00
2009.09.18 05:16:43.103,1.03005,1.03025,2.50,1.00
2009.09.18 05:16:44.082,1.03005,1.03025,2.50,1.00
2009.09.18 05:17:04.657,1.0301,1.03025,1.00,1.00
2009.09.18 05:17:07.416,1.03005,1.03025,4.10,1.00
2009.09.18 05:17:07.596,1.03005,1.03025,2.50,1.00
2009.09.18 05:17:09.786,1.03,1.03025,10.50,1.00
2009.09.18 05:17:10.596,1.03,1.03025,8.90,1.00
2009.09.18 05:17:10.935,1.0301,1.03025,2.40,1.00
2009.09.18 05:17:12.675,1.0301,1.03025,2.50,1.00
2009.09.18 05:17:20.303,1.03015,1.03025,1.60,1.00
2009.09.18 05:17:20.963,1.03015,1.0303,1.60,1.00
2009.09.18 05:17:21.533,1.03005,1.0303,5.70,3.20
2009.09.18 05:17:21.873,1.03005,1.0303,1.00,3.20
2009.09.18 05:17:54.375,1.03005,1.0303,2.50,1.00
2009.09.18 05:18:26.097,1.03005,1.0303,2.50,1.20
2009.09.18 05:18:26.438,1.03,1.0303,3.30,9.20
2009.09.18 05:18:26.827,1.03,1.0303,8.90,9.20
2009.09.18 05:18:30.626,1.03,1.0303,8.90,3.60
2009.09.18 05:18:31.326,1.03,1.0303,8.90,9.20
2009.09.18 05:18:33.506,1.03,1.0303,9.70,9.20
2009.09.18 05:18:35.295,1.03,1.0303,8.90,10.80
2009.09.18 05:18:37.135,1.03,1.0303,8.90,9.20
2009.09.18 05:18:37.844,1.03005,1.0303,1.00,9.20
2009.09.18 05:18:38.924,1.03,1.0303,10.50,9.20
2009.09.18 05:18:39.034,1.03,1.0303,8.90,9.20
2009.09.18 05:18:39.904,1.03,1.03025,8.90,1.00
2009.09.18 05:18:42.813,1.0301,1.03025,3.20,1.00
2009.09.18 05:18:43.043,1.03,1.03025,8.00,10.80
2009.09.18 05:18:43.333,1.03,1.03025,2.40,10.40
2009.09.18 05:18:43.573,1.03,1.03025,3.20,5.60
2009.09.18 05:18:43.813,1.03,1.0303,8.80,9.20
2009.09.18 05:18:45.193,1.03,1.0303,8.90,9.20
2009.09.18 05:18:47.332,1.0301,1.03025,3.10,1.60
2009.09.18 05:18:47.662,1.03,1.03025,4.00,7.20
2009.09.18 05:18:47.832,1.03,1.03025,3.20,5.60
2009.09.18 05:18:47.952,1.03,1.0303,8.80,10.40
2009.09.18 05:18:48.062,1.03,1.0303,8.80,10.80
2009.09.18 05:18:49.462,1.03,1.0303,3.20,9.20
2009.09.18 05:18:49.642,1.03,1.0303,3.30,9.20
2009.09.18 05:18:49.991,1.03,1.0303,3.30,10.80
2009.09.18 05:18:50.972,1.03,1.0303,6.50,9.20
2009.09.18 05:18:51.141,1.03,1.0303,3.30,9.20
2009.09.18 05:18:51.541,1.03,1.0303,3.30,10.80
2009.09.18 05:18:54.621,1.03,1.0303,3.30,9.20
2009.09.18 05:18:56.120,1.03,1.0303,8.90,8.80
2009.09.18 05:19:31.212,1.03,1.0303,8.90,9.20
2009.09.18 05:19:36.120,1.03,1.0303,8.90,8.80
2009.09.18 05:19:56.246,1.03,1.0303,3.30,3.20
2009.09.18 05:19:58.355,1.03,1.0303,3.20,3.20
2009.09.18 05:19:59.525,1.03,1.0303,8.90,8.80
2009.09.18 05:20:00.375,1.03,1.0303,3.30,8.80
2009.09.18 05:20:15.091,1.03,1.0303,8.90,8.80
2009.09.18 05:20:16.671,1.03005,1.0303,1.00,8.80
2009.09.18 05:20:17.830,1.03,1.0303,8.90,8.80
2009.09.18 05:20:19.990,1.03005,1.0303,1.00,8.80
2009.09.18 05:20:21.779,1.03,1.0303,10.50,8.80
2009.09.18 05:20:21.940,1.03,1.0303,8.90,8.80
2009.09.18 05:20:53.932,1.03,1.0303,3.30,9.20
2009.09.18 05:20:54.512,1.03,1.0303,3.30,8.80
2009.09.18 05:21:07.388,1.03,1.0303,3.30,9.20
2009.09.18 05:21:14.537,1.03,1.0303,3.30,8.80
2009.09.18 05:21:14.877,1.03,1.0303,3.30,9.20
2009.09.18 05:21:15.237,1.03,1.0303,3.30,8.80
2009.09.18 05:21:15.587,1.03,1.0303,8.90,9.20
2009.09.18 05:21:15.916,1.03,1.0303,3.30,9.20
2009.09.18 05:21:20.335,1.03,1.0303,3.30,8.80
2009.09.18 05:21:20.685,1.03,1.0303,8.90,9.20
2009.09.18 05:21:21.035,1.03,1.0303,3.30,8.80
2009.09.18 05:21:21.385,1.03,1.0303,8.90,9.20
2009.09.18 05:21:21.735,1.03,1.0303,3.30,9.20
2009.09.18 05:21:28.304,1.03,1.0303,3.30,8.80
2009.09.18 05:21:28.484,1.03,1.0303,3.30,9.20
2009.09.18 05:21:37.691,1.03,1.03025,3.30,1.00
2009.09.18 05:21:47.639,1.03,1.03025,3.30,1.00
2009.09.18 05:22:19.881,1.03,1.0303,3.30,9.20
2009.09.18 05:22:28.779,1.03,1.0303,3.30,3.60
2009.09.18 05:22:29.999,1.03,1.0303,3.20,3.60
2009.09.18 05:22:49.624,1.03,1.0303,3.30,3.60
2009.09.18 05:22:49.804,1.03,1.0303,3.30,9.20
2009.09.18 05:22:50.784,1.03005,1.0303,1.00,9.20
2009.09.18 05:22:57.932,1.03005,1.0303,2.50,1.20
2009.09.18 05:22:57.992,1.03005,1.0303,2.50,1.00
2009.09.18 05:22:58.632,1.03005,1.0303,1.00,3.20
2009.09.18 05:22:59.212,1.03005,1.0303,1.00,8.80
2009.09.18 05:23:06.060,1.03005,1.0303,1.00,8.80
2009.09.18 05:23:07.120,1.03005,1.0303,1.00,9.20
2009.09.18 05:23:10.169,1.03,1.03025,3.30,5.60
2009.09.18 05:23:11.039,1.03,1.0303,3.30,9.20
2009.09.18 05:23:26.565,1.03,1.0303,3.30,8.80
2009.09.18 05:23:31.094,1.03005,1.0303,1.00,3.20
2009.09.18 05:23:31.444,1.03005,1.0303,1.00,8.80
2009.09.18 05:23:41.991,1.03005,1.0303,1.00,3.20
2009.09.18 05:23:49.440,1.03005,1.0303,1.00,8.80
2009.09.18 05:23:49.609,1.03005,1.0303,1.00,9.20
2009.09.18 05:23:54.008,1.03005,1.0303,1.00,3.20
2009.09.18 05:24:06.125,1.03005,1.0303,1.00,3.60
2009.09.18 05:24:08.085,1.03005,1.03035,1.00,8.00
2009.09.18 05:24:08.435,1.03005,1.03035,1.00,8.80
2009.09.18 05:24:08.715,1.03005,1.03035,1.00,10.40
2009.09.18 05:24:10.924,1.03005,1.03035,1.00,9.60
2009.09.18 05:24:11.164,1.03005,1.03035,1.00,8.80
2009.09.18 05:24:16.583,1.03005,1.0303,1.00,2.40
2009.09.18 05:24:16.753,1.03005,1.0303,1.00,3.20
2009.09.18 05:24:17.753,1.03005,1.0303,1.00,8.80
2009.09.18 05:24:18.163,1.03005,1.0303,1.00,3.20
2009.09.18 05:24:20.672,1.03005,1.0303,1.00,2.40
2009.09.18 05:24:20.902,1.03005,1.03035,1.00,18.40
2009.09.18 05:24:21.132,1.03005,1.0303,1.00,3.60
2009.09.18 05:24:21.352,1.03005,1.0303,1.00,3.20
2009.09.18 05:24:23.561,1.03005,1.0303,1.00,1.00
2009.09.18 05:24:23.911,1.03005,1.0303,1.00,3.60
2009.09.18 05:24:25.551,1.03005,1.0303,2.50,1.00
2009.09.18 05:24:25.891,1.0301,1.03035,2.40,16.80
2009.09.18 05:24:26.251,1.0301,1.03035,2.40,1.60
2009.09.18 05:24:27.470,1.03005,1.0303,5.70,3.60
2009.09.18 05:24:27.880,1.03005,1.0303,1.00,3.60
2009.09.18 05:24:28.060,1.03005,1.03035,1.00,8.80
2009.09.18 05:24:28.240,1.03005,1.03035,5.70,8.80
2009.09.18 05:24:28.740,1.03005,1.03035,1.00,8.80
2009.09.18 05:24:30.999,1.03005,1.03035,1.00,7.20
2009.09.18 05:24:37.888,1.03005,1.0303,1.00,2.40
2009.09.18 05:24:38.248,1.03005,1.0303,1.00,3.20
2009.09.18 05:24:38.598,1.03005,1.03035,1.00,8.80
2009.09.18 05:24:38.938,1.03005,1.0303,1.00,3.20
2009.09.18 05:24:40.847,1.03005,1.03035,1.00,16.80
2009.09.18 05:24:41.137,1.03005,1.0303,5.70,3.20
2009.09.18 05:24:41.477,1.03005,1.0303,1.00,3.20
2009.09.18 05:24:42.947,1.03005,1.0303,1.00,1.00
2009.09.18 05:24:43.127,1.03005,1.0303,1.00,3.20
2009.09.18 05:24:46.037,1.03005,1.0303,5.70,3.20
2009.09.18 05:24:46.266,1.03,1.0303,10.50,3.20
2009.09.18 05:24:46.446,1.03,1.0303,8.90,8.80
2009.09.18 05:24:47.795,1.03005,1.0303,1.00,8.80
2009.09.18 05:24:50.315,1.03,1.0303,8.90,8.80
2009.09.18 05:24:50.675,1.03,1.03035,8.90,10.50
2009.09.18 05:24:51.694,1.03005,1.03035,1.00,10.50
2009.09.18 05:24:52.654,1.03005,1.03035,1.00,7.30
2009.09.18 05:24:54.034,1.03005,1.03035,1.00,8.10
2009.09.18 05:24:54.084,1.03005,1.03035,1.00,8.90
2009.09.18 05:24:56.113,1.03005,1.03035,1.00,7.30
2009.09.18 05:25:00.932,1.03005,1.0303,1.00,1.00
2009.09.18 05:25:01.102,1.03,1.0303,10.50,3.60
2009.09.18 05:25:01.282,1.03,1.0303,8.90,3.60
2009.09.18 05:25:01.512,1.03,1.0303,8.90,3.20
2009.09.18 05:25:03.652,1.03,1.0303,8.90,3.60
2009.09.18 05:25:04.002,1.03,1.0303,8.90,9.20
2009.09.18 05:25:07.091,1.03,1.0303,8.90,3.60
2009.09.18 05:25:08.670,1.03005,1.0303,1.00,3.60
2009.09.18 05:25:12.229,1.03005,1.0303,2.50,1.20
2009.09.18 05:25:12.469,1.03005,1.0303,2.50,1.00
2009.09.18 05:25:13.959,1.03005,1.0303,1.00,3.20
2009.09.18 05:25:14.249,1.03005,1.03035,1.00,15.20
2009.09.18 05:25:14.419,1.03005,1.03035,5.70,8.00
2009.09.18 05:25:14.589,1.03005,1.0303,5.70,3.20
2009.09.18 05:25:14.759,1.03005,1.0303,1.00,3.20
2009.09.18 05:25:15.619,1.03005,1.0303,1.00,3.60
2009.09.18 05:25:46.131,1.03005,1.0303,2.50,1.00
2009.09.18 05:25:47.101,1.03005,1.0303,1.00,3.60
2009.09.18 05:25:49.860,1.03005,1.0303,1.00,3.20
2009.09.18 05:25:50.210,1.03005,1.0303,1.00,3.60
2009.09.18 05:25:52.070,1.03,1.0303,10.50,3.60
2009.09.18 05:25:52.240,1.03,1.0303,8.90,9.20
2009.09.18 05:25:53.779,1.03005,1.0303,1.00,9.20
2009.09.18 05:26:08.276,1.03,1.0303,10.50,9.20
2009.09.18 05:26:08.576,1.03,1.0303,3.30,9.20
2009.09.18 05:26:10.006,1.03,1.0303,8.90,3.60
2009.09.18 05:26:10.416,1.03,1.0303,8.90,9.20
2009.09.18 05:26:11.765,1.03005,1.0303,1.00,9.20
2009.09.18 05:26:21.093,1.03,1.0303,3.30,9.20
2009.09.18 05:26:26.792,1.03005,1.0303,5.60,3.60
2009.09.18 05:26:31.560,1.03,1.0303,3.30,9.20
2009.09.18 05:26:32.940,1.03005,1.0303,1.00,9.20
2009.09.18 05:26:36.829,1.03,1.0303,4.90,9.20
2009.09.18 05:26:37.119,1.03,1.0303,3.30,9.20
2009.09.18 05:26:44.128,1.0301,1.0303,4.00,6.80
2009.09.18 05:26:44.247,1.0301,1.0303,4.00,5.60
2009.09.18 05:26:44.427,1.03005,1.03025,2.40,7.20
2009.09.18 05:26:44.597,1.03,1.03025,4.00,1.60
2009.09.18 05:26:44.927,1.03,1.03025,5.60,1.60
2009.09.18 05:26:45.267,1.03,1.03025,4.00,1.60
2009.09.18 05:26:45.627,1.03,1.03025,3.20,1.60
2009.09.18 05:26:45.967,1.0301,1.0303,1.00,6.00
2009.09.18 05:26:46.357,1.03005,1.03035,4.80,19.30
2009.09.18 05:26:47.057,1.03005,1.03025,1.00,1.60
2009.09.18 05:26:47.277,1.03,1.03025,11.20,1.60
2009.09.18 05:26:47.507,1.03,1.03025,4.00,1.60
2009.09.18 05:26:47.736,1.0301,1.0303,1.00,8.00
2009.09.18 05:26:47.966,1.03005,1.03035,5.20,16.10
2009.09.18 05:26:48.596,1.03005,1.03035,4.80,17.70
2009.09.18 05:26:48.826,1.03005,1.0303,4.80,1.00
2009.09.18 05:26:49.106,1.03005,1.03035,4.80,19.30
2009.09.18 05:26:49.926,1.03005,1.0303,4.80,1.00
2009.09.18 05:26:50.626,1.03005,1.03035,4.80,19.30
2009.09.18 05:26:51.306,1.03005,1.0303,1.60,3.90
2009.09.18 05:26:51.656,1.03005,1.0303,4.80,6.30
2009.09.18 05:26:51.996,1.03005,1.0303,4.80,1.00
2009.09.18 05:26:53.735,1.0301,1.03035,3.20,16.00
2009.09.18 05:26:53.855,1.0301,1.03035,2.40,16.80
2009.09.18 05:26:53.975,1.03005,1.03035,4.80,19.20
2009.09.18 05:26:55.944,1.03005,1.03035,4.80,19.30
2009.09.18 05:27:01.533,1.03005,1.03035,4.80,18.10
2009.09.18 05:27:15.750,1.03005,1.03035,4.90,18.10
2009.09.18 05:27:22.828,1.03005,1.03035,4.80,18.10
2009.09.18 05:27:23.898,1.0301,1.03035,2.40,15.70
2009.09.18 05:27:23.958,1.0301,1.03035,3.20,14.90
2009.09.18 05:27:34.316,1.0301,1.03035,5.60,7.80
2009.09.18 05:27:34.496,1.0301,1.03035,5.60,7.70
2009.09.18 05:27:36.065,1.0301,1.03035,5.50,7.70
2009.09.18 05:27:37.435,1.0301,1.03035,5.60,7.70
2009.09.18 05:27:38.744,1.0301,1.03035,5.60,6.10
2009.09.18 05:27:39.724,1.03015,1.03035,3.20,6.10
2009.09.18 05:27:39.844,1.03015,1.03035,4.80,6.10
2009.09.18 05:27:44.373,1.03015,1.03035,4.80,5.20
2009.09.18 05:27:53.091,1.03015,1.03035,2.40,5.20
2009.09.18 05:27:53.441,1.0301,1.03035,5.60,6.80
2009.09.18 05:28:11.596,1.0301,1.03035,5.50,6.80
2009.09.18 05:28:25.513,1.0301,1.03035,5.50,5.20
2009.09.18 05:28:25.853,1.0301,1.03035,5.60,6.80
2009.09.18 05:28:26.203,1.0301,1.03035,5.60,7.40
2009.09.18 05:28:26.553,1.03015,1.03035,4.80,5.20
2009.09.18 05:28:26.893,1.0302,1.03035,3.10,4.00
2009.09.18 05:28:27.253,1.03015,1.03035,4.90,4.00
2009.09.18 05:28:27.552,1.0302,1.03035,4.80,4.00
2009.09.18 05:28:27.843,1.03025,1.03035,1.60,4.00
2009.09.18 05:28:32.101,1.0302,1.03035,5.60,4.00
2009.09.18 05:28:33.631,1.0302,1.03035,5.50,4.00
2009.09.18 05:28:37.780,1.0302,1.03035,5.50,2.40
2009.09.18 05:28:39.040,1.0302,1.03035,5.60,2.40
2009.09.18 05:28:42.329,1.0302,1.03035,8.00,2.40
2009.09.18 05:28:44.029,1.0302,1.03035,5.60,2.40
2009.09.18 05:28:47.788,1.03025,1.03035,1.00,2.40
2009.09.18 05:28:52.107,1.03035,1.03045,1.60,2.60
2009.09.18 05:28:52.446,1.0303,1.03055,1.00,9.10
2009.09.18 05:28:52.847,1.03025,1.03045,10.50,1.00
2009.09.18 05:28:53.196,1.03025,1.03045,4.90,1.00
2009.09.18 05:28:53.546,1.03025,1.03045,4.10,1.00
2009.09.18 05:28:53.896,1.03025,1.03045,2.50,1.00
2009.09.18 05:28:56.056,1.03025,1.03045,2.50,1.00
2009.09.18 05:28:56.796,1.0303,1.03045,1.00,1.00
2009.09.18 05:28:57.026,1.0303,1.03045,1.70,1.00
2009.09.18 05:28:57.306,1.0304,1.03055,1.60,9.20
2009.09.18 05:28:57.846,1.03035,1.03055,2.40,3.60
2009.09.18 05:28:58.135,1.03025,1.03045,8.00,1.00
2009.09.18 05:28:58.425,1.03025,1.03045,2.40,2.30
2009.09.18 05:28:58.775,1.0303,1.03045,4.80,1.00
2009.09.18 05:28:59.056,1.03035,1.03055,2.40,3.60
2009.09.18 05:28:59.395,1.0303,1.03055,5.50,5.20
2009.09.18 05:28:59.855,1.0303,1.03055,3.10,14.00
2009.09.18 05:29:00.025,1.0303,1.03045,2.40,1.00
2009.09.18 05:29:01.285,1.0302,1.03045,3.30,1.00
2009.09.18 05:29:01.634,1.0302,1.03045,2.50,1.00
2009.09.18 05:29:01.984,1.0302,1.03045,3.30,1.20
2009.09.18 05:29:02.384,1.0302,1.03045,3.30,1.30
2009.09.18 05:29:02.684,1.0302,1.03045,3.30,1.10
2009.09.18 05:29:09.832,1.0302,1.03045,2.50,1.10
2009.09.18 05:29:09.953,1.0302,1.03045,8.10,1.10
2009.09.18 05:29:10.013,1.0302,1.03045,9.70,1.30
2009.09.18 05:29:10.073,1.0302,1.03045,9.30,1.30
2009.09.18 05:29:10.133,1.03025,1.03045,2.40,1.00
2009.09.18 05:29:10.253,1.0303,1.03055,2.40,23.60
2009.09.18 05:29:10.312,1.0303,1.0305,2.40,5.60
2009.09.18 05:29:10.782,1.0303,1.03055,2.40,9.20
2009.09.18 05:29:11.172,1.0303,1.0305,2.40,1.00
2009.09.18 05:29:11.522,1.03025,1.0305,2.40,1.00
2009.09.18 05:29:12.202,1.03025,1.03055,2.40,22.00
2009.09.18 05:29:12.552,1.03025,1.0305,2.50,1.00
2009.09.18 05:29:13.582,1.0302,1.0305,3.30,8.80
2009.09.18 05:29:14.091,1.0302,1.03045,2.50,1.60
2009.09.18 05:29:14.322,1.0302,1.03045,5.50,8.00
2009.09.18 05:29:14.901,1.0302,1.03045,5.50,2.80
2009.09.18 05:29:15.242,1.03015,1.03045,4.90,12.30
2009.09.18 05:29:16.101,1.0302,1.03045,1.00,12.00
2009.09.18 05:29:16.381,1.03015,1.03045,1.00,8.00
2009.09.18 05:29:17.471,1.03015,1.03045,2.40,9.90
2009.09.18 05:29:17.820,1.0301,1.0304,7.50,8.80
2009.09.18 05:29:18.170,1.0301,1.0304,3.30,5.60
2009.09.18 05:29:18.810,1.0301,1.0304,3.30,8.80
2009.09.18 05:29:19.670,1.0301,1.0304,3.30,5.60
2009.09.18 05:29:19.840,1.0301,1.0304,4.10,5.60
2009.09.18 05:29:20.190,1.0302,1.0304,1.00,5.60
2009.09.18 05:29:20.300,1.0302,1.0304,3.20,5.60
2009.09.18 05:29:20.530,1.0302,1.0305,3.20,8.80
2009.09.18 05:29:20.880,1.0302,1.0305,3.20,5.60
2009.09.18 05:29:21.879,1.0302,1.0305,3.30,5.60
2009.09.18 05:29:22.579,1.0302,1.0305,5.30,5.60
2009.09.18 05:29:23.349,1.0302,1.0305,3.70,5.60
2009.09.18 05:29:23.579,1.0302,1.0305,3.30,5.60
2009.09.18 05:29:25.759,1.0303,1.0305,2.40,5.60
2009.09.18 05:29:26.159,1.0303,1.0305,3.20,5.60
2009.09.18 05:29:26.508,1.0303,1.03055,3.20,9.20
2009.09.18 05:29:27.148,1.03025,1.03055,4.90,14.40
2009.09.18 05:29:27.878,1.03025,1.03055,4.80,14.60
2009.09.18 05:29:28.228,1.03025,1.0305,2.40,1.00
2009.09.18 05:29:28.558,1.03025,1.03045,4.00,1.00
2009.09.18 05:29:28.898,1.03025,1.03045,4.80,1.00
2009.09.18 05:29:31.857,1.03025,1.03045,4.80,1.00
2009.09.18 05:29:33.367,1.0303,1.03045,1.00,1.00
2009.09.18 05:29:36.176,1.03025,1.03045,4.80,1.00
2009.09.18 05:29:36.526,1.03025,1.03045,1.60,1.00
2009.09.18 05:29:36.866,1.0302,1.03045,3.30,1.00
2009.09.18 05:29:37.905,1.03025,1.03045,2.40,1.00
2009.09.18 05:29:38.196,1.03025,1.03045,4.80,1.00
2009.09.18 05:29:39.565,1.0302,1.03045,11.30,1.00
2009.09.18 05:29:39.865,1.0302,1.03045,3.30,1.00
2009.09.18 05:29:41.785,1.03025,1.0305,2.40,8.00
2009.09.18 05:29:42.125,1.03025,1.03055,4.80,15.30
2009.09.18 05:29:42.465,1.03025,1.03055,4.80,15.40
2009.09.18 05:29:42.815,1.03025,1.03055,4.80,16.20
2009.09.18 05:29:44.254,1.0302,1.0305,12.00,8.80
2009.09.18 05:29:44.364,1.0302,1.0305,8.90,8.80
2009.09.18 05:29:44.664,1.03025,1.0305,3.20,5.60
2009.09.18 05:29:44.784,1.03025,1.0305,4.90,5.60
2009.09.18 05:29:44.954,1.03025,1.03055,4.90,21.80
2009.09.18 05:29:45.064,1.03025,1.03055,4.90,16.20
2009.09.18 05:29:45.634,1.0302,1.0305,8.90,8.80
2009.09.18 05:29:46.793,1.03025,1.0305,2.50,8.00
2009.09.18 05:29:47.074,1.03025,1.03055,4.90,14.20
2009.09.18 05:29:49.033,1.03025,1.03055,4.90,14.60
2009.09.18 05:29:49.383,1.03025,1.03055,4.90,14.40
2009.09.18 05:29:49.733,1.0303,1.03055,3.20,9.20
2009.09.18 05:29:50.553,1.0303,1.03055,3.30,9.20
2009.09.18 05:29:50.845,1.0303,1.03055,2.40,3.60
2009.09.18 05:29:51.132,1.0303,1.03055,2.40,9.20
2009.09.18 05:29:51.712,1.0303,1.03055,2.40,7.60
2009.09.18 05:29:52.302,1.0303,1.03055,2.40,2.00
2009.09.18 05:29:53.042,1.0303,1.03055,2.50,2.00
2009.09.18 05:29:54.811,1.03035,1.03055,2.40,2.00
2009.09.18 05:29:55.571,1.0303,1.03055,2.50,2.00
2009.09.18 05:29:57.321,1.0303,1.03055,2.50,7.60
2009.09.18 05:30:08.668,1.0303,1.03055,2.40,7.60
2009.09.18 05:30:09.528,1.03035,1.03055,2.40,2.00
2009.09.18 05:30:09.758,1.03035,1.03055,2.40,3.40
2009.09.18 05:30:10.538,1.0303,1.03055,3.30,2.80
2009.09.18 05:30:11.968,1.0303,1.03055,3.30,3.10
2009.09.18 05:30:12.317,1.0303,1.03055,3.30,3.50
2009.09.18 05:30:13.237,1.0303,1.03055,2.50,3.50
2009.09.18 05:30:14.167,1.0303,1.03055,2.50,9.10
2009.09.18 05:30:15.737,1.0303,1.03055,2.40,3.50
2009.09.18 05:30:16.086,1.0303,1.03055,2.50,3.50
2009.09.18 05:30:17.166,1.0303,1.03055,2.50,3.90
2009.09.18 05:30:21.995,1.0303,1.03055,1.00,15.20
2009.09.18 05:30:22.285,1.03025,1.03055,3.30,20.80
2009.09.18 05:30:22.525,1.0303,1.03055,2.40,8.00
2009.09.18 05:30:22.805,1.03025,1.03055,8.90,5.60
2009.09.18 05:30:23.165,1.03025,1.03055,3.30,20.80
2009.09.18 05:30:23.865,1.0303,1.03055,2.40,16.00
2009.09.18 05:30:23.924,1.0303,1.03055,2.40,7.60
2009.09.18 05:30:24.035,1.0303,1.03055,2.40,10.00
2009.09.18 05:30:24.145,1.0303,1.03055,2.40,10.80
2009.09.18 05:30:24.205,1.03025,1.03055,8.90,13.60
2009.09.18 05:30:24.324,1.03025,1.03055,3.30,20.80
2009.09.18 05:30:25.234,1.0303,1.03055,2.40,20.80
2009.09.18 05:30:25.574,1.03025,1.03045,8.10,1.00
2009.09.18 05:30:25.934,1.0302,1.03045,10.50,1.00
2009.09.18 05:30:26.274,1.0302,1.03045,8.10,1.20
2009.09.18 05:30:26.624,1.0302,1.03045,2.40,2.00
2009.09.18 05:30:26.964,1.0302,1.03045,2.50,2.00
2009.09.18 05:30:27.324,1.0302,1.03045,2.40,2.00
2009.09.18 05:30:29.783,1.0302,1.03045,3.20,2.00
2009.09.18 05:30:29.843,1.0302,1.03045,3.20,1.90
2009.09.18 05:30:29.953,1.0302,1.03045,3.30,1.90
2009.09.18 05:30:30.653,1.0302,1.03045,3.20,1.90
2009.09.18 05:30:31.593,1.0302,1.03045,3.20,1.50
2009.09.18 05:30:33.802,1.0302,1.03045,3.20,1.40
2009.09.18 05:30:33.912,1.0302,1.03045,3.20,1.20
2009.09.18 05:30:36.822,1.0302,1.03045,8.90,1.20
2009.09.18 05:30:37.161,1.0302,1.03045,8.80,1.20
2009.09.18 05:30:37.851,1.0302,1.03045,8.90,1.20
2009.09.18 05:30:38.541,1.0302,1.03045,8.90,1.10
2009.09.18 05:30:39.341,1.0302,1.03045,3.30,1.00
2009.09.18 05:30:39.511,1.0302,1.03045,3.20,1.00
2009.09.18 05:30:41.330,1.0302,1.03045,3.20,1.10
2009.09.18 05:30:42.690,1.0302,1.03045,3.30,1.10
2009.09.18 05:30:43.050,1.0302,1.03045,8.90,1.00
2009.09.18 05:30:45.499,1.03025,1.03045,2.40,1.00
2009.09.18 05:30:46.929,1.03025,1.03045,2.50,1.00
2009.09.18 05:30:47.319,1.03025,1.03045,2.40,1.00
2009.09.18 05:30:48.199,1.03025,1.03045,2.40,1.00
2009.09.18 05:30:49.228,1.03025,1.03045,2.40,1.00
2009.09.18 05:30:49.979,1.03025,1.03045,2.40,1.00
2009.09.18 05:30:51.308,1.03025,1.03045,2.40,1.10
2009.09.18 05:30:52.348,1.0302,1.03045,8.00,3.50
2009.09.18 05:30:52.678,1.0302,1.03045,2.40,3.90
2009.09.18 05:30:56.087,1.0302,1.03045,2.40,3.80
2009.09.18 05:30:57.796,1.03015,1.03045,12.90,6.20
2009.09.18 05:30:58.016,1.0302,1.03045,3.20,8.60
2009.09.18 05:30:58.256,1.0302,1.03045,5.50,8.60
2009.09.18 05:30:58.536,1.0302,1.03045,5.50,2.80
2009.09.18 05:30:58.766,1.03015,1.03045,10.50,6.30
2009.09.18 05:30:59.056,1.03015,1.03045,4.90,11.90
2009.09.18 05:30:59.536,1.03015,1.03045,5.40,11.20
2009.09.18 05:30:59.826,1.03015,1.03045,5.80,10.40
2009.09.18 05:31:00.066,1.03015,1.03045,5.80,10.80
2009.09.18 05:31:00.356,1.03015,1.03045,5.80,10.90
2009.09.18 05:31:00.566,1.03015,1.03045,5.30,11.20
2009.09.18 05:31:00.865,1.03015,1.03045,4.90,11.20
2009.09.18 05:31:01.516,1.03015,1.03045,4.90,11.60
2009.09.18 05:31:01.805,1.03015,1.03045,4.90,12.00
2009.09.18 05:31:06.594,1.03015,1.03035,1.00,1.60
2009.09.18 05:31:06.934,1.03015,1.03045,4.00,35.40
2009.09.18 05:31:07.294,1.03015,1.0304,4.00,9.50
2009.09.18 05:31:07.624,1.03015,1.0304,4.80,2.40
2009.09.18 05:31:09.524,1.03015,1.0305,4.80,34.40
2009.09.18 05:31:09.873,1.03015,1.03035,1.60,1.00
2009.09.18 05:31:10.254,1.0301,1.03035,1.00,5.60
2009.09.18 05:31:10.543,1.03005,1.03035,8.60,11.50
2009.09.18 05:31:10.883,1.03005,1.0303,1.00,2.40
2009.09.18 05:31:11.223,1.03005,1.0303,1.00,3.20
2009.09.18 05:31:12.263,1.03005,1.0303,1.00,2.40
2009.09.18 05:31:12.593,1.03005,1.0303,1.00,8.80
2009.09.18 05:31:22.630,1.03,1.0303,11.30,8.00
2009.09.18 05:31:22.980,1.03,1.03025,8.00,2.40
2009.09.18 05:31:23.330,1.02995,1.03025,7.80,10.40
2009.09.18 05:31:23.620,1.02995,1.03025,5.80,10.90
2009.09.18 05:31:23.900,1.02995,1.03025,5.80,11.70
2009.09.18 05:31:24.250,1.02995,1.03025,5.80,12.10
2009.09.18 05:31:25.300,1.02995,1.03025,5.00,12.80
2009.09.18 05:31:29.719,1.03005,1.03025,1.00,12.80
2009.09.18 05:31:29.779,1.02995,1.03025,5.00,12.80
2009.09.18 05:31:32.058,1.02995,1.0302,2.90,1.00
2009.09.18 05:31:32.288,1.02995,1.03025,4.10,13.00
2009.09.18 05:31:32.688,1.02995,1.0302,2.50,3.20
2009.09.18 05:31:32.918,1.02995,1.0302,2.50,2.40
2009.09.18 05:31:37.907,1.02995,1.0302,2.50,8.00
2009.09.18 05:31:38.197,1.0299,1.0302,8.10,9.20
2009.09.18 05:31:38.357,1.0299,1.0302,8.00,9.20
2009.09.18 05:31:38.527,1.0299,1.03015,5.60,2.40
2009.09.18 05:31:38.646,1.02985,1.03015,5.80,10.80
2009.09.18 05:31:39.007,1.02985,1.0301,1.00,3.20
2009.09.18 05:31:40.946,1.02985,1.0301,2.20,2.40
2009.09.18 05:31:41.186,1.02985,1.03015,5.00,20.60
2009.09.18 05:31:41.356,1.02985,1.03015,5.00,12.60
2009.09.18 05:31:41.586,1.02985,1.03015,5.00,12.90
2009.09.18 05:31:41.826,1.02985,1.03015,5.00,12.50
2009.09.18 05:31:42.546,1.02985,1.03015,4.10,12.90
2009.09.18 05:31:43.995,1.02985,1.0301,2.50,1.00
2009.09.18 05:31:44.745,1.02985,1.03015,3.30,20.90
2009.09.18 05:31:49.594,1.02985,1.03015,4.90,12.90
2009.09.18 05:31:50.924,1.02985,1.03015,4.80,13.10
2009.09.18 05:31:51.553,1.02985,1.03015,4.80,12.90
2009.09.18 05:31:51.894,1.02985,1.03015,4.80,12.00
2009.09.18 05:31:52.923,1.02985,1.03015,4.90,12.00
2009.09.18 05:31:56.814,1.0299,1.03015,4.00,9.90
2009.09.18 05:31:57.163,1.0299,1.03015,1.00,5.20
2009.09.18 05:31:57.433,1.02985,1.03015,5.00,10.90
2009.09.18 05:31:57.783,1.02985,1.03015,5.00,11.80
2009.09.18 05:31:58.663,1.02985,1.03015,6.60,11.80
2009.09.18 05:31:59.013,1.0299,1.03015,1.00,11.80
2009.09.18 05:32:00.113,1.02985,1.03015,7.40,11.80
2009.09.18 05:32:00.173,1.02985,1.03015,6.60,11.80
2009.09.18 05:32:00.393,1.02985,1.03015,5.00,11.80
2009.09.18 05:32:01.662,1.0299,1.03015,4.70,9.20
2009.09.18 05:32:02.002,1.0299,1.03015,2.40,12.00
2009.09.18 05:32:02.362,1.0299,1.03015,2.80,11.90
2009.09.18 05:32:02.702,1.0299,1.03015,1.00,11.90
2009.09.18 05:32:03.092,1.02985,1.03015,6.90,12.10
2009.09.18 05:32:03.442,1.02985,1.03015,6.90,12.50
2009.09.18 05:32:03.742,1.0299,1.03015,1.00,12.50
2009.09.18 05:32:04.602,1.0299,1.03015,1.00,12.30
2009.09.18 05:32:04.712,1.0299,1.03015,2.90,9.90
2009.09.18 05:32:04.822,1.0299,1.03015,2.90,8.00
2009.09.18 05:32:05.412,1.02995,1.03025,4.40,13.20
2009.09.18 05:32:05.802,1.02995,1.03025,4.50,21.20
2009.09.18 05:32:06.141,1.02995,1.03025,4.40,13.20
2009.09.18 05:32:06.481,1.02995,1.03025,2.90,21.20
2009.09.18 05:32:07.871,1.02995,1.03025,2.90,21.30
2009.09.18 05:32:09.460,1.02995,1.03025,2.90,21.20
2009.09.18 05:32:11.030,1.02995,1.03025,2.90,21.30
2009.09.18 05:32:14.329,1.02995,1.03025,2.90,21.20
2009.09.18 05:32:16.239,1.02995,1.03025,4.50,21.20
2009.09.18 05:32:16.569,1.02995,1.03025,4.50,19.60
2009.09.18 05:32:24.437,1.02995,1.03025,6.10,19.60
2009.09.18 05:32:24.617,1.02995,1.03025,4.50,11.60
2009.09.18 05:32:40.343,1.02995,1.03025,4.10,11.60
2009.09.18 05:33:05.047,1.02995,1.03025,4.50,11.60
2009.09.18 05:33:05.447,1.02995,1.03025,4.50,6.00
2009.09.18 05:33:05.797,1.02995,1.03025,4.10,6.00
2009.09.18 05:33:09.716,1.02995,1.03025,4.10,11.60
2009.09.18 05:33:22.463,1.02995,1.03025,4.10,12.00
2009.09.18 05:33:22.943,1.02995,1.03025,4.90,12.00
2009.09.18 05:33:23.163,1.02995,1.03025,4.90,11.60
2009.09.18 05:33:33.430,1.0299,1.03025,18.90,11.70
2009.09.18 05:33:45.068,1.02995,1.03025,4.80,11.70
2009.09.18 05:33:46.507,1.0299,1.03025,17.20,12.10
2009.09.18 05:33:46.807,1.0299,1.03025,17.20,11.70
2009.09.18 05:33:47.447,1.0299,1.03025,17.30,11.70
2009.09.18 05:33:51.526,1.02995,1.03025,4.90,12.10
2009.09.18 05:33:52.566,1.0299,1.03025,18.90,11.70
2009.09.18 05:33:55.145,1.02995,1.03025,4.80,11.70
2009.09.18 05:34:05.213,1.02995,1.03025,4.00,11.70
2009.09.18 05:34:07.402,1.02995,1.03025,4.00,12.10
2009.09.18 05:34:08.002,1.02995,1.03025,4.00,11.70
2009.09.18 05:34:09.752,1.02995,1.03025,4.10,11.70
2009.09.18 05:34:11.941,1.02995,1.03025,4.00,12.10
2009.09.18 05:34:15.590,1.02995,1.03025,4.00,13.70
2009.09.18 05:34:16.700,1.02995,1.03025,4.00,14.50
2009.09.18 05:34:17.050,1.02995,1.03025,4.00,15.50
2009.09.18 05:34:17.350,1.02995,1.03025,4.00,13.90
2009.09.18 05:34:19.299,1.02995,1.03025,4.00,13.10
2009.09.18 05:34:19.769,1.02995,1.03025,4.00,12.10
2009.09.18 05:34:28.687,1.03,1.03025,2.50,12.50
2009.09.18 05:34:30.666,1.0299,1.03025,17.40,12.50
2009.09.18 05:34:30.896,1.0299,1.03025,17.40,12.50
2009.09.18 05:34:32.446,1.0299,1.03025,17.40,11.60
2009.09.18 05:34:36.735,1.0299,1.03025,19.40,11.60
2009.09.18 05:34:37.075,1.0299,1.03025,25.00,11.60
2009.09.18 05:34:37.425,1.0299,1.03025,19.40,11.60
2009.09.18 05:34:37.725,1.02995,1.03025,4.70,11.60
2009.09.18 05:34:41.804,1.02995,1.03025,6.10,11.60
2009.09.18 05:34:42.044,1.02995,1.03025,10.10,11.60
2009.09.18 05:34:42.324,1.02995,1.03025,4.50,11.60
2009.09.18 05:34:43.703,1.03,1.03025,1.00,11.60
2009.09.18 05:34:45.813,1.02995,1.03025,12.60,11.90
2009.09.18 05:34:46.633,1.03,1.03025,2.40,12.30
2009.09.18 05:34:48.862,1.03,1.03025,2.50,12.30
2009.09.18 05:34:51.602,1.03,1.03025,2.40,12.30
2009.09.18 05:34:53.701,1.03,1.03025,2.50,12.30
2009.09.18 05:34:55.640,1.03,1.03025,2.50,11.60
2009.09.18 05:34:55.940,1.03,1.03025,2.40,11.60
2009.09.18 05:35:06.458,1.03,1.03025,2.40,15.70
2009.09.18 05:35:08.467,1.03,1.03025,2.40,16.10
2009.09.18 05:35:08.637,1.02995,1.03025,4.00,16.10
2009.09.18 05:35:08.808,1.02985,1.03015,29.60,1.60
2009.09.18 05:35:08.987,1.0299,1.03015,14.50,1.60
2009.09.18 05:35:09.347,1.0299,1.0302,9.70,8.00
2009.09.18 05:35:09.687,1.0299,1.0302,15.30,2.40
2009.09.18 05:35:13.466,1.02995,1.0302,1.60,2.40
2009.09.18 05:35:13.696,1.0299,1.03015,9.70,1.60
2009.09.18 05:35:13.926,1.02995,1.0302,4.80,14.50
2009.09.18 05:35:17.295,1.02995,1.03025,4.80,17.50
2009.09.18 05:35:17.645,1.0299,1.03025,15.30,16.30
2009.09.18 05:35:17.995,1.0299,1.03025,16.10,15.90
2009.09.18 05:35:20.904,1.0299,1.03025,18.60,15.90
2009.09.18 05:35:21.874,1.02995,1.03025,4.00,16.30
2009.09.18 05:35:22.044,1.02995,1.03025,4.00,15.90
2009.09.18 05:35:29.772,1.02995,1.03025,4.40,15.90
2009.09.18 05:35:30.233,1.02995,1.03025,4.00,15.90
2009.09.18 05:35:30.452,1.02995,1.03025,4.40,15.90
2009.09.18 05:35:31.382,1.02995,1.03025,5.20,15.90
2009.09.18 05:35:31.732,1.02995,1.0302,5.20,5.60
2009.09.18 05:35:35.061,1.02995,1.0302,6.80,5.60
2009.09.18 05:35:35.521,1.02995,1.03025,6.80,15.90
2009.09.18 05:35:37.271,1.0299,1.0302,17.70,5.60
2009.09.18 05:35:40.640,1.02995,1.03025,6.80,15.50
2009.09.18 05:35:41.869,1.0299,1.03025,21.00,15.70
2009.09.18 05:35:42.259,1.02995,1.03025,16.80,6.70
2009.09.18 05:35:42.599,1.0299,1.03025,22.60,14.90
2009.09.18 05:35:42.949,1.0299,1.03025,22.60,15.70
2009.09.18 05:35:44.799,1.02995,1.03025,4.80,15.70
2009.09.18 05:35:45.728,1.02995,1.03025,4.80,15.90
2009.09.18 05:35:46.528,1.02995,1.03025,5.20,15.90
2009.09.18 05:35:46.878,1.02995,1.03025,6.80,15.70
2009.09.18 05:35:47.208,1.03,1.03025,5.50,12.50
2009.09.18 05:35:47.478,1.02995,1.03025,14.40,7.70
2009.09.18 05:35:47.698,1.0299,1.03025,23.40,15.30
2009.09.18 05:35:48.987,1.0299,1.03025,23.40,15.50
2009.09.18 05:35:49.268,1.0299,1.03025,23.40,15.90
2009.09.18 05:35:51.577,1.02995,1.0302,6.90,1.00
2009.09.18 05:35:51.917,1.02995,1.0302,4.80,4.10
2009.09.18 05:35:56.786,1.02995,1.0302,5.20,4.10
2009.09.18 05:36:00.405,1.02995,1.0302,5.20,3.30
2009.09.18 05:36:00.745,1.02995,1.03025,5.20,15.70
2009.09.18 05:36:01.105,1.0299,1.03025,21.80,15.70
2009.09.18 05:36:03.604,1.0299,1.03025,23.40,15.90
2009.09.18 05:36:05.864,1.02995,1.0302,4.80,4.10
2009.09.18 05:36:22.300,1.02995,1.03015,3.20,1.60
2009.09.18 05:36:22.630,1.02995,1.0302,5.20,4.50
2009.09.18 05:36:22.919,1.02995,1.03025,5.20,17.10
2009.09.18 05:36:23.269,1.0299,1.03025,20.90,16.30
2009.09.18 05:36:24.649,1.0299,1.03025,21.00,16.30
2009.09.18 05:36:37.426,1.02995,1.0302,1.60,13.30
2009.09.18 05:36:37.776,1.02995,1.0302,4.80,6.90
2009.09.18 05:36:38.156,1.02995,1.0302,4.80,12.50
2009.09.18 05:36:40.256,1.02995,1.0302,4.80,10.10
2009.09.18 05:36:40.315,1.02995,1.0302,5.20,10.10
2009.09.18 05:36:40.425,1.02995,1.0302,5.20,4.50
2009.09.18 05:36:40.536,1.02995,1.0302,5.20,3.70
2009.09.18 05:36:40.595,1.02995,1.0302,4.80,3.70
2009.09.18 05:36:40.945,1.02995,1.03025,5.20,16.30
2009.09.18 05:36:42.925,1.0299,1.03025,21.80,16.30
2009.09.18 05:36:43.565,1.02995,1.03025,4.50,16.30
2009.09.18 05:36:44.434,1.02995,1.03025,4.40,16.30
2009.09.18 05:36:48.993,1.02995,1.03025,4.00,16.30
2009.09.18 05:36:49.104,1.02995,1.03025,4.40,16.30
2009.09.18 05:36:49.743,1.02995,1.03025,4.00,16.30
2009.09.18 05:36:50.793,1.02995,1.03025,4.40,16.30
2009.09.18 05:36:53.272,1.02995,1.03025,4.00,16.30
2009.09.18 05:36:57.411,1.0299,1.03015,15.70,1.60
2009.09.18 05:36:57.831,1.0299,1.03015,15.30,1.60
2009.09.18 05:36:58.001,1.02995,1.0302,4.00,8.00
2009.09.18 05:37:12.018,1.03,1.03025,4.70,16.50
2009.09.18 05:37:12.597,1.02995,1.03025,8.70,10.50
2009.09.18 05:37:12.928,1.0299,1.03025,17.00,13.30
2009.09.18 05:37:14.037,1.0299,1.03025,18.20,13.70
2009.09.18 05:37:14.847,1.02995,1.03025,4.10,13.90
2009.09.18 05:37:15.407,1.02995,1.03025,4.10,14.30
2009.09.18 05:37:17.956,1.02995,1.0302,1.60,3.20
2009.09.18 05:37:18.256,1.02995,1.0302,4.00,7.30
2009.09.18 05:37:18.556,1.02995,1.03025,4.00,15.50
2009.09.18 05:37:18.846,1.02985,1.03015,30.40,1.60
2009.09.18 05:37:19.196,1.0299,1.0302,12.50,5.60
2009.09.18 05:37:19.536,1.0299,1.03025,18.10,15.10
2009.09.18 05:37:21.835,1.0299,1.03025,18.20,15.10
2009.09.18 05:37:38.661,1.03,1.03025,4.00,12.50
2009.09.18 05:37:39.001,1.02995,1.03025,8.40,8.30
2009.09.18 05:37:39.241,1.02995,1.03025,14.00,2.60
2009.09.18 05:37:39.541,1.02995,1.03025,14.00,2.60
2009.09.18 05:37:40.941,1.02995,1.03025,14.10,2.60
2009.09.18 05:37:48.279,1.03,1.03025,8.00,2.80
2009.09.18 05:37:48.509,1.02995,1.03025,20.10,2.50
2009.09.18 05:37:49.119,1.02995,1.03025,20.10,2.40
2009.09.18 05:37:49.469,1.02995,1.03025,20.00,2.80
2009.09.18 05:37:50.149,1.02995,1.03025,17.60,2.90
2009.09.18 05:37:50.378,1.02995,1.03025,17.60,2.60
2009.09.18 05:37:51.028,1.02995,1.03025,17.60,2.20
2009.09.18 05:37:51.718,1.02995,1.03025,17.70,2.20
2009.09.18 05:37:52.288,1.03,1.03025,7.90,2.20
2009.09.18 05:37:53.108,1.03,1.03025,7.90,2.80
2009.09.18 05:37:53.338,1.03,1.03025,7.90,2.40
2009.09.18 05:37:53.578,1.03,1.03025,7.90,2.30
2009.09.18 05:37:53.858,1.03,1.03025,7.90,2.70
2009.09.18 05:37:54.417,1.02995,1.03025,9.60,9.50
2009.09.18 05:37:54.777,1.02985,1.03015,25.00,1.60
2009.09.18 05:37:55.837,1.0299,1.0302,15.30,11.20
2009.09.18 05:37:56.177,1.0299,1.0302,15.30,12.40
2009.09.18 05:37:57.537,1.02995,1.03015,2.40,1.60
2009.09.18 05:37:57.927,1.0299,1.03015,8.80,1.60
2009.09.18 05:37:58.607,1.0299,1.03015,8.80,2.10
2009.09.18 05:37:58.957,1.0299,1.03015,2.40,16.30
2009.09.18 05:37:59.306,1.0298,1.03005,12.80,1.60
2009.09.18 05:37:59.836,1.0298,1.03005,7.20,1.60
2009.09.18 05:38:01.016,1.0298,1.03005,2.50,5.60
2009.09.18 05:38:01.126,1.0298,1.03005,2.40,5.60
2009.09.18 05:38:01.186,1.02975,1.03005,12.30,9.20
2009.09.18 05:38:01.246,1.02975,1.03005,6.70,14.80
2009.09.18 05:38:01.366,1.02975,1.03005,5.10,14.80
2009.09.18 05:38:01.706,1.0298,1.03005,2.40,10.00
2009.09.18 05:38:02.056,1.0298,1.03005,2.40,5.60
2009.09.18 05:38:09.014,1.0298,1.03005,2.40,8.80
2009.09.18 05:38:09.364,1.0298,1.03005,2.40,12.40
2009.09.18 05:38:10.634,1.0298,1.03005,2.40,12.50
2009.09.18 05:38:14.523,1.0298,1.03005,2.40,14.10
2009.09.18 05:38:14.863,1.02975,1.03005,5.00,14.90
2009.09.18 05:38:15.572,1.02975,1.03005,5.00,15.30
2009.09.18 05:38:18.402,1.0298,1.03005,2.40,19.20
2009.09.18 05:38:18.752,1.0298,1.03005,2.40,10.80
2009.09.18 05:38:19.342,1.0298,1.03005,2.40,10.00
2009.09.18 05:38:19.612,1.0298,1.03005,2.50,10.00
2009.09.18 05:38:19.911,1.0298,1.03005,8.80,4.40
2009.09.18 05:38:20.191,1.0298,1.03005,8.00,4.40
2009.09.18 05:38:20.701,1.0298,1.03005,2.40,4.00
2009.09.18 05:38:20.941,1.0298,1.03005,3.20,8.40
2009.09.18 05:38:21.291,1.0298,1.03005,3.20,13.20
2009.09.18 05:38:22.601,1.0298,1.03005,3.20,10.40
2009.09.18 05:38:23.511,1.0298,1.03005,3.20,4.80
2009.09.18 05:38:24.030,1.0298,1.03005,3.20,10.40
2009.09.18 05:38:25.670,1.0298,1.03005,3.20,10.80
2009.09.18 05:38:26.490,1.02975,1.03005,3.20,10.80
2009.09.18 05:38:27.479,1.02975,1.03005,3.20,11.20
2009.09.18 05:38:37.517,1.0298,1.03005,2.40,11.20
2009.09.18 05:38:37.687,1.02975,1.03,5.60,1.00
2009.09.18 05:38:37.927,1.0298,1.03,2.40,1.00
2009.09.18 05:38:38.267,1.0298,1.03,2.40,4.40
2009.09.18 05:38:38.957,1.02975,1.03,4.80,4.40
2009.09.18 05:38:39.197,1.02975,1.03,4.10,4.40
2009.09.18 05:38:41.926,1.02975,1.03,4.90,4.40
2009.09.18 05:38:44.375,1.0298,1.03,3.20,4.40
2009.09.18 05:38:44.615,1.0298,1.03,3.20,1.00
2009.09.18 05:38:44.845,1.02975,1.03005,5.30,13.60
2009.09.18 05:38:45.025,1.02985,1.03005,1.00,10.40
2009.09.18 05:38:45.255,1.02975,1.03005,5.30,15.20
2009.09.18 05:38:45.545,1.02975,1.03005,5.30,15.60
2009.09.18 05:38:45.785,1.02975,1.03005,5.30,15.20
2009.09.18 05:38:46.065,1.02975,1.03005,4.90,15.20
2009.09.18 05:38:46.695,1.02975,1.03005,4.90,15.60
2009.09.18 05:38:49.854,1.02975,1.03005,4.90,15.70
2009.09.18 05:38:50.454,1.02975,1.03005,4.90,15.60
2009.09.18 05:38:50.734,1.02975,1.03005,4.90,16.00
2009.09.18 05:38:52.534,1.02975,1.03005,4.90,15.60
2009.09.18 05:38:53.733,1.02975,1.03005,5.30,15.60
2009.09.18 05:38:53.963,1.02975,1.03005,5.30,16.00
2009.09.18 05:38:54.483,1.02975,1.03005,4.90,16.00
2009.09.18 05:38:54.723,1.02975,1.03005,5.30,16.00
2009.09.18 05:38:55.003,1.02975,1.03005,4.90,15.60
2009.09.18 05:38:55.933,1.02975,1.03005,5.30,15.60
2009.09.18 05:38:56.843,1.02975,1.03005,4.90,15.60
2009.09.18 05:38:57.822,1.02975,1.03005,4.90,15.70
2009.09.18 05:38:59.142,1.02975,1.02995,1.00,1.60
2009.09.18 05:38:59.312,1.0297,1.02995,10.00,1.60
2009.09.18 05:38:59.482,1.0297,1.02995,8.40,1.60
2009.09.18 05:39:00.002,1.0297,1.02995,8.00,1.60
2009.09.18 05:39:00.232,1.02975,1.03,4.80,13.20
2009.09.18 05:39:00.471,1.0297,1.02995,14.00,1.60
2009.09.18 05:39:00.751,1.0297,1.02995,6.90,2.40
2009.09.18 05:39:00.972,1.0297,1.02995,6.80,1.60
2009.09.18 05:39:01.202,1.02965,1.02995,5.50,15.60
2009.09.18 05:39:01.671,1.02965,1.02995,5.50,16.00
2009.09.18 05:39:01.901,1.02965,1.02995,5.50,15.60
2009.09.18 05:39:02.191,1.0297,1.02995,2.80,10.80
2009.09.18 05:39:02.511,1.02975,1.02995,1.00,4.40
2009.09.18 05:39:02.811,1.0297,1.02995,3.60,4.40
2009.09.18 05:39:03.111,1.0297,1.02995,3.20,4.40
2009.09.18 05:39:03.971,1.0297,1.03,3.20,14.00
2009.09.18 05:39:04.501,1.0297,1.02995,3.20,4.40
2009.09.18 05:39:04.671,1.0297,1.02995,2.40,4.40
2009.09.18 05:39:04.970,1.02965,1.02995,7.10,11.70
2009.09.18 05:39:05.680,1.02965,1.02995,5.50,12.40
2009.09.18 05:39:06.890,1.0297,1.02995,1.00,14.40
2009.09.18 05:39:07.110,1.0297,1.02995,5.20,12.00
2009.09.18 05:39:07.340,1.0297,1.02995,5.90,1.60
2009.09.18 05:39:07.570,1.0297,1.02995,6.70,1.60
2009.09.18 05:39:07.800,1.0297,1.03,10.80,7.60
2009.09.18 05:39:08.140,1.02975,1.03,1.00,6.80
2009.09.18 05:39:08.500,1.02975,1.03,1.00,13.20
2009.09.18 05:39:08.830,1.0297,1.03,3.70,14.00
2009.09.18 05:39:09.189,1.0297,1.03,3.30,14.00
2009.09.18 05:39:10.589,1.0297,1.03,3.70,14.00
2009.09.18 05:39:11.169,1.0297,1.03,3.60,14.00
2009.09.18 05:39:11.889,1.0297,1.03,2.40,14.00
2009.09.18 05:39:16.208,1.0297,1.03,3.20,14.00
2009.09.18 05:39:17.367,1.0297,1.02995,3.20,5.60
2009.09.18 05:39:17.697,1.0297,1.02995,2.40,10.40
2009.09.18 05:39:18.047,1.02965,1.02995,5.50,12.40
2009.09.18 05:39:18.577,1.02965,1.02995,5.50,11.60
2009.09.18 05:39:18.697,1.02965,1.02995,5.50,11.70
2009.09.18 05:39:19.157,1.0297,1.02995,3.20,6.90
2009.09.18 05:39:19.337,1.0297,1.02995,3.20,9.70
2009.09.18 05:39:19.637,1.0297,1.02995,3.20,5.60
2009.09.18 05:39:20.317,1.0297,1.03,3.20,14.40
2009.09.18 05:39:24.266,1.0297,1.02995,3.20,5.60
2009.09.18 05:39:25.756,1.0297,1.02995,3.30,5.60
2009.09.18 05:39:29.625,1.0297,1.02995,2.50,5.60
2009.09.18 05:39:31.444,1.0297,1.02995,2.40,5.60
2009.09.18 05:39:31.894,1.0297,1.02995,2.40,4.80
2009.09.18 05:39:32.234,1.0297,1.02995,2.40,10.40
2009.09.18 05:39:32.584,1.0297,1.02995,2.40,4.80
2009.09.18 05:39:33.844,1.0297,1.02995,2.40,4.00
2009.09.18 05:39:33.963,1.0297,1.03,2.40,14.40
2009.09.18 05:39:44.901,1.0297,1.03,2.50,14.40
2009.09.18 05:39:54.359,1.0297,1.03,2.40,14.40
2009.09.18 05:39:57.878,1.0297,1.03,2.50,14.80
2009.09.18 05:39:59.887,1.02975,1.02995,1.20,1.00
2009.09.18 05:40:00.117,1.0298,1.02995,5.50,4.80
2009.09.18 05:40:00.407,1.0298,1.03,12.70,4.80
2009.09.18 05:40:00.687,1.02985,1.0301,1.00,14.40
2009.09.18 05:40:01.317,1.0298,1.0301,3.20,14.40
2009.09.18 05:40:02.067,1.0298,1.0301,3.30,14.40
2009.09.18 05:40:02.337,1.0298,1.03005,3.30,4.80
2009.09.18 05:40:02.867,1.0298,1.0301,3.30,14.80
2009.09.18 05:40:03.096,1.0298,1.03005,3.30,1.00
2009.09.18 05:40:03.437,1.02975,1.02995,1.00,2.40
2009.09.18 05:40:03.736,1.0297,1.02995,3.60,6.10
2009.09.18 05:40:04.026,1.02965,1.0299,1.00,7.20
2009.09.18 05:40:04.596,1.02965,1.0299,1.00,5.60
2009.09.18 05:40:04.976,1.0296,1.0299,10.10,4.80
2009.09.18 05:40:05.546,1.02965,1.0299,1.00,4.80
2009.09.18 05:40:07.146,1.02975,1.0299,1.00,4.00
2009.09.18 05:40:07.476,1.0297,1.02995,3.20,10.80
2009.09.18 05:40:07.755,1.02965,1.02995,1.00,10.80
2009.09.18 05:40:08.025,1.02965,1.0299,1.00,4.80
2009.09.18 05:40:12.674,1.02965,1.0299,1.00,4.00
2009.09.18 05:40:13.004,1.0297,1.02995,3.20,12.00
2009.09.18 05:40:13.354,1.02965,1.0299,1.70,4.80
2009.09.18 05:40:13.874,1.0297,1.0299,3.20,4.80
2009.09.18 05:40:14.734,1.02965,1.0299,2.00,4.80
2009.09.18 05:40:15.083,1.0296,1.0299,11.30,4.80
2009.09.18 05:40:15.423,1.0296,1.0299,2.50,10.40
2009.09.18 05:40:18.193,1.0296,1.0299,2.40,16.50
2009.09.18 05:40:18.543,1.0296,1.02985,2.40,5.60
2009.09.18 05:40:20.452,1.0296,1.0299,8.80,5.20
2009.09.18 05:40:20.742,1.0296,1.0299,3.20,10.80
2009.09.18 05:40:21.022,1.0296,1.0299,2.40,10.40
2009.09.18 05:40:23.641,1.0296,1.0299,2.40,10.80
2009.09.18 05:40:25.451,1.0296,1.02985,2.40,1.00
2009.09.18 05:40:25.691,1.0296,1.02985,2.40,1.00
2009.09.18 05:40:26.041,1.0296,1.02985,2.40,6.30
2009.09.18 05:40:26.731,1.0296,1.02985,2.50,6.30
2009.09.18 05:40:27.061,1.0296,1.02985,2.40,6.80
2009.09.18 05:40:27.340,1.0296,1.02985,2.40,5.20
2009.09.18 05:40:28.980,1.0296,1.02985,2.40,10.80
2009.09.18 05:40:30.400,1.0296,1.0299,2.40,10.80
2009.09.18 05:40:31.100,1.0296,1.02985,2.40,1.00
2009.09.18 05:40:31.760,1.0296,1.02985,2.50,1.00
2009.09.18 05:40:32.109,1.0296,1.02985,2.50,5.20
2009.09.18 05:40:34.459,1.02965,1.02985,2.40,4.70
2009.09.18 05:40:34.679,1.02965,1.02985,2.40,1.00
2009.09.18 05:40:34.849,1.0296,1.02985,2.50,1.00
2009.09.18 05:40:35.019,1.0296,1.02985,2.50,1.20
2009.09.18 05:40:35.139,1.0296,1.02985,2.50,5.20
2009.09.18 05:40:53.434,1.0296,1.02985,2.90,5.20
2009.09.18 05:40:55.514,1.02965,1.02985,2.80,4.40
2009.09.18 05:40:55.694,1.02965,1.0299,2.80,4.80
2009.09.18 05:40:56.154,1.0296,1.0299,10.10,4.80
2009.09.18 05:40:56.314,1.0297,1.0299,3.20,10.40
2009.09.18 05:40:56.484,1.0297,1.0299,3.20,4.80
2009.09.18 05:40:57.563,1.0297,1.0299,2.40,4.80
2009.09.18 05:40:57.854,1.02965,1.0299,2.90,4.80
2009.09.18 05:40:58.143,1.02965,1.0299,2.90,1.00
2009.09.18 05:40:58.433,1.0296,1.0299,10.10,4.80
2009.09.18 05:40:58.723,1.0296,1.02985,8.50,1.00
2009.09.18 05:40:59.123,1.0296,1.02985,2.90,1.00
2009.09.18 05:41:06.591,1.0296,1.02985,2.50,1.00
2009.09.18 05:41:06.751,1.0296,1.02985,2.90,1.00
2009.09.18 05:41:08.221,1.0296,1.02985,2.90,5.20
2009.09.18 05:41:23.727,1.0296,1.02985,2.90,4.40
2009.09.18 05:41:24.067,1.02965,1.02985,2.40,4.40
2009.09.18 05:41:24.767,1.02965,1.0299,1.00,10.40
2009.09.18 05:41:25.107,1.02965,1.0299,1.00,4.80
2009.09.18 05:41:25.737,1.02965,1.0299,1.00,10.40
2009.09.18 05:41:27.246,1.0296,1.02985,2.90,1.00
2009.09.18 05:41:27.536,1.0296,1.02985,2.90,5.20
2009.09.18 05:41:27.756,1.02965,1.02985,2.40,5.20
2009.09.18 05:41:28.976,1.02965,1.02985,2.50,5.20
2009.09.18 05:41:29.326,1.02965,1.02985,2.50,1.00
2009.09.18 05:41:30.305,1.02965,1.02985,2.50,1.00
2009.09.18 05:41:30.595,1.02965,1.0299,2.50,4.80
2009.09.18 05:41:31.415,1.02965,1.0299,1.00,4.80
2009.09.18 05:41:31.715,1.02965,1.02985,1.00,1.00
2009.09.18 05:41:31.995,1.0296,1.02985,8.50,1.00
2009.09.18 05:41:32.285,1.0296,1.02985,2.90,1.00
2009.09.18 05:41:33.185,1.0296,1.02985,2.90,5.20
2009.09.18 05:41:34.105,1.0296,1.02985,2.50,5.20
2009.09.18 05:41:37.064,1.0296,1.02985,2.40,10.80
2009.09.18 05:41:41.743,1.0296,1.02985,2.40,10.90
2009.09.18 05:41:44.522,1.0296,1.02985,2.40,10.80
2009.09.18 05:41:48.921,1.0296,1.02985,3.20,10.80
2009.09.18 05:41:49.321,1.02965,1.02985,1.00,10.80
2009.09.18 05:41:50.471,1.02965,1.02985,1.00,5.20
2009.09.18 05:41:50.581,1.02965,1.02985,1.00,4.80
2009.09.18 05:41:50.631,1.02965,1.02985,1.00,5.20
2009.09.18 05:41:51.360,1.02965,1.02985,1.00,10.80
2009.09.18 05:41:52.450,1.02965,1.02985,1.00,5.20
2009.09.18 05:41:52.790,1.02965,1.02985,1.00,10.80
2009.09.18 05:41:54.080,1.0296,1.02985,3.20,10.80
2009.09.18 05:41:57.389,1.0296,1.02985,3.20,5.20
2009.09.18 05:41:57.729,1.02965,1.02985,1.00,5.20
2009.09.18 05:41:58.069,1.02955,1.02985,7.10,15.60
2009.09.18 05:41:58.429,1.02955,1.02985,5.50,16.40
2009.09.18 05:41:58.779,1.02965,1.02985,4.80,5.20
2009.09.18 05:41:59.009,1.02965,1.0299,4.80,4.80
2009.09.18 05:41:59.309,1.02965,1.0299,1.00,12.80
2009.09.18 05:41:59.529,1.02965,1.02985,1.00,1.00
2009.09.18 05:42:00.048,1.0296,1.02985,6.00,1.00
2009.09.18 05:42:00.448,1.0296,1.02985,7.20,1.00
2009.09.18 05:42:00.668,1.0296,1.02985,5.60,1.00
2009.09.18 05:42:01.408,1.02965,1.02985,1.00,5.20
2009.09.18 05:42:04.477,1.02965,1.02985,1.00,5.20
2009.09.18 05:42:06.487,1.0296,1.02985,6.50,5.20
2009.09.18 05:42:06.727,1.0296,1.02985,6.10,5.20
2009.09.18 05:42:07.007,1.0296,1.02985,12.90,5.20
2009.09.18 05:42:07.287,1.0296,1.02985,5.70,5.20
2009.09.18 05:42:09.586,1.0296,1.02985,5.70,10.80
2009.09.18 05:42:09.856,1.0296,1.02985,2.50,14.00
2009.09.18 05:42:10.086,1.0296,1.02985,2.40,17.20
2009.09.18 05:42:10.786,1.0296,1.02985,2.40,17.60
2009.09.18 05:42:11.406,1.0296,1.02985,2.40,17.70
2009.09.18 05:42:13.695,1.0296,1.02985,2.40,17.60
2009.09.18 05:42:17.844,1.0296,1.02985,2.40,17.20
2009.09.18 05:42:19.504,1.0296,1.02985,4.80,17.20
2009.09.18 05:42:19.624,1.0296,1.02985,2.40,17.20
2009.09.18 05:42:19.784,1.0296,1.02985,4.80,19.10
2009.09.18 05:42:20.024,1.0296,1.02985,2.40,19.50
2009.09.18 05:42:20.374,1.0296,1.02985,2.40,17.60
2009.09.18 05:42:22.733,1.0296,1.02985,2.40,17.70
2009.09.18 05:42:28.022,1.02955,1.02985,4.90,17.70
2009.09.18 05:42:38.259,1.02955,1.02985,4.90,19.30
2009.09.18 05:42:49.017,1.02955,1.02985,4.90,17.70
2009.09.18 05:42:56.135,1.02955,1.02985,4.90,17.30
2009.09.18 05:42:56.415,1.0296,1.02985,2.40,14.90
2009.09.18 05:42:56.875,1.0296,1.02985,4.00,8.80
2009.09.18 05:42:56.995,1.0296,1.02985,5.60,5.60
2009.09.18 05:42:57.355,1.0296,1.02985,4.80,12.40
2009.09.18 05:42:57.745,1.0296,1.02985,2.40,17.20
2009.09.18 05:42:59.994,1.0296,1.02985,2.40,18.80
2009.09.18 05:43:00.224,1.0296,1.02985,2.40,18.90
2009.09.18 05:43:00.454,1.0296,1.02975,2.40,1.60
2009.09.18 05:43:00.574,1.0296,1.02975,2.40,1.90
2009.09.18 05:43:00.694,1.0296,1.02975,2.40,5.50
2009.09.18 05:43:00.814,1.0296,1.02975,2.40,11.60
2009.09.18 05:43:00.994,1.0294,1.02975,4.90,16.80
2009.09.18 05:43:01.104,1.0294,1.02975,4.90,17.60
2009.09.18 05:43:01.733,1.0294,1.02975,4.90,19.20
2009.09.18 05:43:03.323,1.02945,1.02975,4.90,19.60
2009.09.18 05:43:03.553,1.02945,1.0297,4.90,4.80
2009.09.18 05:43:03.843,1.02945,1.0297,4.90,4.00
2009.09.18 05:43:04.463,1.02945,1.02975,4.90,19.30
2009.09.18 05:43:04.743,1.02945,1.02975,5.40,17.70
2009.09.18 05:43:05.033,1.02945,1.02975,4.90,17.70
2009.09.18 05:43:05.612,1.02945,1.02975,4.90,18.10
2009.09.18 05:43:06.183,1.02945,1.02975,4.90,19.70
2009.09.18 05:43:06.472,1.02945,1.0297,4.90,1.00
2009.09.18 05:43:06.642,1.02945,1.02975,4.90,19.20
2009.09.18 05:43:06.762,1.02945,1.0297,4.80,2.40
2009.09.18 05:43:07.092,1.02945,1.02975,4.80,19.30
2009.09.18 05:43:07.442,1.02945,1.0297,4.80,2.80
2009.09.18 05:43:07.792,1.02945,1.02975,4.80,17.70
2009.09.18 05:43:08.142,1.02945,1.02965,4.80,1.00
2009.09.18 05:43:09.192,1.02945,1.02965,1.00,5.50
2009.09.18 05:43:09.522,1.0294,1.02965,3.30,5.50
2009.09.18 05:43:10.451,1.0294,1.02965,3.70,5.20
2009.09.18 05:43:10.751,1.0294,1.02965,3.30,5.20
2009.09.18 05:43:15.311,1.0294,1.02965,3.20,5.20
2009.09.18 05:43:15.940,1.02945,1.02965,2.40,5.20
2009.09.18 05:43:16.170,1.02945,1.02965,2.40,1.00
2009.09.18 05:43:16.410,1.02945,1.0297,2.40,8.80
2009.09.18 05:43:17.150,1.02945,1.0297,2.50,8.80
2009.09.18 05:43:22.019,1.02935,1.0297,11.90,14.00
2009.09.18 05:43:22.368,1.02935,1.02965,5.90,1.00
2009.09.18 05:43:23.348,1.02935,1.02965,5.90,1.60
2009.09.18 05:43:23.828,1.02935,1.02965,5.90,5.60
2009.09.18 05:43:26.078,1.02935,1.02965,5.90,6.00
2009.09.18 05:43:26.198,1.02935,1.02965,6.70,6.80
2009.09.18 05:43:26.377,1.02935,1.0296,6.70,2.40
2009.09.18 05:43:26.488,1.0294,1.02965,3.20,12.00
2009.09.18 05:43:26.667,1.02935,1.02965,5.50,16.00
2009.09.18 05:43:26.998,1.02935,1.02965,5.10,18.40
2009.09.18 05:43:27.357,1.02935,1.0296,1.10,2.40
2009.09.18 05:43:27.707,1.0294,1.0296,1.00,4.80
2009.09.18 05:43:28.317,1.02935,1.0296,1.00,7.20
2009.09.18 05:43:28.617,1.0294,1.0296,3.20,4.80
2009.09.18 05:43:28.857,1.02935,1.0296,6.70,7.20
2009.09.18 05:43:29.097,1.02935,1.0296,4.90,4.80
2009.09.18 05:43:29.397,1.02935,1.0296,2.70,8.00
2009.09.18 05:43:29.627,1.02935,1.0296,1.10,7.20
2009.09.18 05:43:29.897,1.02935,1.0296,5.10,4.80
2009.09.18 05:43:30.417,1.02935,1.0296,5.10,5.60
2009.09.18 05:43:30.706,1.02935,1.0296,4.60,5.60
2009.09.18 05:43:30.826,1.02935,1.0296,4.90,4.80
2009.09.18 05:43:31.176,1.02935,1.0296,3.30,4.80
2009.09.18 05:43:31.397,1.02935,1.0296,4.90,5.60
2009.09.18 05:43:32.436,1.02935,1.02965,4.90,16.80
2009.09.18 05:43:32.776,1.02935,1.0296,4.90,5.60
2009.09.18 05:43:33.116,1.02935,1.0296,5.40,4.80
2009.09.18 05:43:33.466,1.02935,1.0296,4.90,5.60
2009.09.18 05:43:33.806,1.02935,1.0296,4.90,4.80
2009.09.18 05:43:34.855,1.02935,1.0296,8.10,5.60
2009.09.18 05:43:35.085,1.0294,1.0296,1.00,5.60
2009.09.18 05:43:35.316,1.02935,1.0296,4.90,4.80
2009.09.18 05:43:35.495,1.02935,1.0296,1.00,7.20
2009.09.18 05:43:35.675,1.02935,1.0296,4.90,5.60
2009.09.18 05:43:35.895,1.02935,1.0296,3.30,4.80
2009.09.18 05:43:36.545,1.02935,1.0296,2.50,7.20
2009.09.18 05:43:36.705,1.02935,1.0296,1.00,8.80
2009.09.18 05:43:36.865,1.02935,1.0296,1.00,9.20
2009.09.18 05:43:37.045,1.02935,1.0296,1.00,14.00
2009.09.18 05:43:37.385,1.0293,1.0296,9.30,8.80
2009.09.18 05:43:37.735,1.0293,1.0296,8.90,14.40
2009.09.18 05:43:39.664,1.02935,1.0296,1.00,13.60
2009.09.18 05:43:40.184,1.02935,1.0296,1.00,8.00
2009.09.18 05:43:40.574,1.0293,1.0296,3.20,14.40
2009.09.18 05:43:40.924,1.0293,1.02955,3.20,1.50
2009.09.18 05:43:41.254,1.0294,1.02955,1.00,12.30
2009.09.18 05:43:41.485,1.02935,1.02955,5.60,2.70
2009.09.18 05:43:41.714,1.0293,1.0296,3.20,14.40
2009.09.18 05:43:42.714,1.0293,1.0296,3.70,14.40
2009.09.18 05:43:44.863,1.0293,1.0296,9.30,8.80
2009.09.18 05:43:45.943,1.0293,1.0296,3.70,14.40
2009.09.18 05:43:47.562,1.0293,1.0296,3.30,14.40
2009.09.18 05:43:54.411,1.02935,1.0296,2.40,6.40
2009.09.18 05:43:54.581,1.02935,1.0296,2.40,4.80
2009.09.18 05:43:55.191,1.0294,1.0296,2.40,1.00
2009.09.18 05:43:55.480,1.02935,1.0296,3.30,1.00
2009.09.18 05:43:55.811,1.02935,1.0296,1.00,8.80
2009.09.18 05:43:56.140,1.0293,1.0296,3.30,14.40
2009.09.18 05:43:57.470,1.02935,1.0296,2.40,1.60
2009.09.18 05:43:57.770,1.0293,1.0296,9.30,4.80
2009.09.18 05:43:58.050,1.02935,1.0296,1.00,8.80
2009.09.18 05:43:59.020,1.02935,1.0296,2.50,6.40
2009.09.18 05:44:00.390,1.02935,1.0296,3.30,1.00
2009.09.18 05:44:05.348,1.02935,1.0296,1.00,14.40
2009.09.18 05:44:06.548,1.0293,1.0296,8.90,14.40
2009.09.18 05:44:06.938,1.0293,1.0296,3.30,14.40
2009.09.18 05:44:07.438,1.0293,1.0296,8.90,8.80
2009.09.18 05:44:07.768,1.02935,1.0296,2.40,1.60
2009.09.18 05:44:08.117,1.02935,1.0296,3.30,1.00
2009.09.18 05:44:13.096,1.02935,1.0296,1.00,14.40
2009.09.18 05:44:14.176,1.0293,1.0296,8.90,14.00
2009.09.18 05:44:14.716,1.0293,1.0296,3.30,13.60
2009.09.18 05:44:15.386,1.0293,1.0296,8.90,8.00
2009.09.18 05:44:15.956,1.02935,1.0296,1.00,8.00
2009.09.18 05:44:16.296,1.02935,1.0296,2.50,4.80
2009.09.18 05:44:16.596,1.02935,1.0296,2.50,5.60
2009.09.18 05:44:17.925,1.02935,1.0296,1.00,8.00
2009.09.18 05:44:18.265,1.02935,1.0296,1.00,13.60
2009.09.18 05:44:18.605,1.0293,1.0296,8.10,14.00
2009.09.18 05:44:18.955,1.02935,1.0296,2.40,5.60
2009.09.18 05:44:19.785,1.0293,1.0296,8.10,8.00
2009.09.18 05:44:20.015,1.0293,1.0296,8.90,7.20
2009.09.18 05:44:20.245,1.02935,1.0296,1.00,12.80
2009.09.18 05:44:20.864,1.02935,1.0296,1.00,7.20
2009.09.18 05:44:23.714,1.02935,1.0296,3.30,4.00
2009.09.18 05:44:24.514,1.02935,1.02965,3.30,24.80
2009.09.18 05:44:26.843,1.0294,1.02965,2.40,22.40
2009.09.18 05:44:27.223,1.0294,1.02965,4.00,12.00
2009.09.18 05:44:27.573,1.02945,1.02965,2.40,2.80
2009.09.18 05:44:27.903,1.02935,1.02965,9.80,16.00
2009.09.18 05:44:28.183,1.02935,1.02965,3.80,16.40
2009.09.18 05:44:28.533,1.02935,1.0296,3.00,1.00
2009.09.18 05:44:28.832,1.02935,1.0296,2.50,1.00
2009.09.18 05:44:37.380,1.02935,1.02965,2.50,24.40
2009.09.18 05:44:38.250,1.02935,1.02965,3.00,24.40
2009.09.18 05:44:40.600,1.02935,1.02965,4.60,24.40
2009.09.18 05:44:40.840,1.0294,1.02965,4.00,13.20
2009.09.18 05:44:41.170,1.02945,1.0297,1.60,7.20
2009.09.18 05:44:41.520,1.0294,1.0297,9.30,7.20
2009.09.18 05:44:41.859,1.0294,1.0297,8.50,8.00
2009.09.18 05:44:42.199,1.02945,1.0297,2.40,13.60
2009.09.18 05:44:42.549,1.02945,1.0297,2.40,8.00
2009.09.18 05:44:43.939,1.02945,1.0297,2.50,8.00
2009.09.18 05:44:48.848,1.02945,1.02975,2.50,25.60
2009.09.18 05:44:49.308,1.02945,1.02975,4.10,25.60
2009.09.18 05:44:49.648,1.02955,1.02975,1.60,4.80
2009.09.18 05:44:49.968,1.0295,1.02975,3.30,4.80
2009.09.18 05:44:50.527,1.0295,1.02975,8.90,4.80
2009.09.18 05:44:51.607,1.02955,1.02975,1.00,1.00
2009.09.18 05:44:51.897,1.02955,1.0298,2.50,10.40
2009.09.18 05:44:52.237,1.0295,1.0298,10.90,12.80
2009.09.18 05:44:52.527,1.0295,1.0298,8.90,12.80
2009.09.18 05:44:56.166,1.0295,1.0298,3.30,12.80
2009.09.18 05:45:00.805,1.0295,1.0298,8.90,12.80
2009.09.18 05:45:01.655,1.0295,1.0298,3.30,12.80
2009.09.18 05:45:03.574,1.02955,1.0298,4.10,10.40
2009.09.18 05:45:03.854,1.02955,1.0298,4.10,4.80
2009.09.18 05:45:04.154,1.02955,1.0298,4.10,5.20
2009.09.18 05:45:05.554,1.02955,1.0298,4.10,1.20
2009.09.18 05:45:05.844,1.02955,1.0298,4.10,1.00
2009.09.18 05:45:06.144,1.0295,1.02975,12.80,1.60
2009.09.18 05:45:06.443,1.0295,1.02975,7.20,1.60
2009.09.18 05:45:09.812,1.0295,1.02975,4.80,1.60
2009.09.18 05:45:10.622,1.0295,1.02975,4.80,2.20
2009.09.18 05:45:14.741,1.0295,1.02975,4.70,2.60
2009.09.18 05:45:15.041,1.0295,1.02975,4.70,2.20
2009.09.18 05:45:15.901,1.0295,1.02975,4.80,2.20
2009.09.18 05:45:21.890,1.0295,1.02975,4.80,3.00
2009.09.18 05:45:22.010,1.02955,1.02975,2.40,3.00
2009.09.18 05:45:22.369,1.02955,1.02975,4.00,1.00
2009.09.18 05:45:22.760,1.02955,1.02975,2.40,1.00
2009.09.18 05:45:23.759,1.02955,1.02975,2.50,1.00
2009.09.18 05:45:24.469,1.02955,1.02975,1.00,1.00
2009.09.18 05:45:24.759,1.0296,1.02975,4.70,1.00
2009.09.18 05:45:25.569,1.0296,1.02975,7.10,1.00
2009.09.18 05:45:25.859,1.0296,1.02975,7.20,1.00
2009.09.18 05:45:26.669,1.02965,1.02975,4.00,1.00
2009.09.18 05:45:27.188,1.02965,1.02985,4.00,6.80
2009.09.18 05:45:28.038,1.0296,1.02985,12.80,8.40
2009.09.18 05:45:28.668,1.0296,1.02985,7.20,8.40
2009.09.18 05:45:28.998,1.0296,1.02985,4.80,8.30
2009.09.18 05:45:31.098,1.0296,1.02985,4.80,7.80
2009.09.18 05:45:31.388,1.0296,1.02985,7.20,6.40
2009.09.18 05:45:33.227,1.02965,1.02985,2.40,6.40
2009.09.18 05:45:33.507,1.02965,1.02985,2.40,1.60
2009.09.18 05:45:33.737,1.0297,1.0299,2.40,8.30
2009.09.18 05:45:33.967,1.0297,1.0299,2.40,4.80
2009.09.18 05:45:34.697,1.02965,1.0299,4.60,5.60
2009.09.18 05:45:35.676,1.0297,1.02995,2.40,16.40
2009.09.18 05:45:36.016,1.0297,1.02995,2.40,14.80
2009.09.18 05:45:39.566,1.02975,1.02995,2.40,6.80
2009.09.18 05:45:39.915,1.0297,1.02995,3.30,1.00
2009.09.18 05:45:40.265,1.0297,1.02995,3.30,5.20
2009.09.18 05:45:40.615,1.0297,1.02995,2.50,6.40
2009.09.18 05:45:41.005,1.02975,1.02995,2.40,6.40
2009.09.18 05:45:41.225,1.02975,1.02995,2.40,5.60
2009.09.18 05:45:42.085,1.0297,1.02995,2.50,6.00
2009.09.18 05:45:42.675,1.0297,1.02995,2.50,6.80
2009.09.18 05:45:43.015,1.0297,1.02995,2.50,12.40
2009.09.18 05:45:45.354,1.0297,1.02995,2.50,6.80
2009.09.18 05:45:47.654,1.0297,1.02995,2.50,6.40
2009.09.18 05:45:47.983,1.0297,1.02995,3.30,5.00
2009.09.18 05:45:48.263,1.02975,1.02995,2.40,1.00
2009.09.18 05:45:48.543,1.02975,1.02995,2.40,1.00
2009.09.18 05:45:49.303,1.02975,1.02995,2.40,1.00
2009.09.18 05:45:49.653,1.02975,1.03,2.50,12.80
2009.09.18 05:45:49.984,1.02975,1.03,4.10,5.60
2009.09.18 05:45:52.102,1.02975,1.03,2.50,5.60
2009.09.18 05:45:52.442,1.02975,1.03,4.10,4.80
2009.09.18 05:45:52.723,1.0298,1.03,2.40,1.00
2009.09.18 05:45:52.962,1.02975,1.02995,3.40,1.00
2009.09.18 05:45:53.252,1.02975,1.03,5.00,1.00
2009.09.18 05:45:53.482,1.02975,1.02995,3.40,1.00
2009.09.18 05:45:53.862,1.0298,1.03,2.40,1.00
2009.09.18 05:45:54.202,1.02975,1.03,2.50,8.00
2009.09.18 05:45:54.782,1.02975,1.03,2.50,13.60
2009.09.18 05:45:56.202,1.02975,1.03,5.00,1.00
2009.09.18 05:45:57.661,1.0298,1.03005,2.40,14.40
2009.09.18 05:45:57.951,1.0298,1.03005,2.50,6.40
2009.09.18 05:45:58.181,1.0298,1.03005,2.50,5.60
2009.09.18 05:45:58.461,1.0298,1.03005,1.00,5.60
2009.09.18 05:46:00.330,1.0298,1.03005,1.00,6.40
2009.09.18 05:46:00.841,1.0298,1.03,1.00,4.00
2009.09.18 05:46:00.960,1.0298,1.03,1.00,5.60
2009.09.18 05:46:01.080,1.02975,1.03,8.10,8.00
2009.09.18 05:46:01.251,1.02975,1.03,2.50,8.00
2009.09.18 05:46:01.370,1.02975,1.03,4.10,5.60
2009.09.18 05:46:01.950,1.02975,1.03,2.50,5.60
2009.09.18 05:46:02.300,1.02975,1.03,2.50,1.00
2009.09.18 05:46:02.640,1.02975,1.03,4.10,1.00
2009.09.18 05:46:03.760,1.0298,1.03,2.40,1.00
2009.09.18 05:46:04.169,1.02975,1.03,11.00,1.00
2009.09.18 05:46:04.500,1.02975,1.03005,4.90,16.00
2009.09.18 05:46:04.830,1.0298,1.03005,2.40,6.40
2009.09.18 05:46:05.230,1.0298,1.03005,2.40,1.00
2009.09.18 05:46:05.789,1.0298,1.03005,2.50,1.00
2009.09.18 05:46:06.589,1.0298,1.03005,2.50,4.80
2009.09.18 05:46:06.699,1.0298,1.03005,2.50,5.20
2009.09.18 05:46:06.999,1.0298,1.03005,8.10,6.00
2009.09.18 05:46:07.159,1.0298,1.03005,8.10,5.20
2009.09.18 05:46:07.439,1.0298,1.03005,2.50,5.20
2009.09.18 05:46:07.739,1.0298,1.03005,2.50,6.00
2009.09.18 05:46:08.099,1.0298,1.03005,2.50,5.20
2009.09.18 05:46:08.439,1.0298,1.03005,2.50,6.00
2009.09.18 05:46:09.868,1.02985,1.03005,1.00,6.00
2009.09.18 05:46:10.448,1.0298,1.03005,2.50,6.00
2009.09.18 05:46:10.668,1.0298,1.03005,2.50,5.20
2009.09.18 05:46:11.028,1.0298,1.03005,2.50,6.00
2009.09.18 05:46:13.788,1.02985,1.03005,1.00,6.00
2009.09.18 05:46:16.776,1.0298,1.03005,2.50,6.00
2009.09.18 05:46:20.326,1.0298,1.03005,8.10,6.00
2009.09.18 05:46:24.465,1.02975,1.03,9.00,3.20
2009.09.18 05:46:24.804,1.02975,1.03,9.70,1.00
2009.09.18 05:46:25.134,1.02975,1.03,8.10,1.00
2009.09.18 05:46:25.464,1.02975,1.03,10.50,4.80
2009.09.18 05:46:26.724,1.02975,1.03,9.30,7.20
2009.09.18 05:46:27.074,1.0298,1.03005,5.60,6.40
2009.09.18 05:46:27.764,1.0298,1.03005,5.70,6.40
2009.09.18 05:46:28.044,1.0298,1.03005,5.70,6.80
2009.09.18 05:46:28.884,1.0298,1.03,5.70,1.60
2009.09.18 05:46:29.174,1.02975,1.03,9.70,5.60
2009.09.18 05:46:29.464,1.0298,1.03005,2.40,7.20
2009.09.18 05:46:29.743,1.0298,1.03,5.60,3.20
2009.09.18 05:46:30.184,1.02975,1.03,8.10,3.20
2009.09.18 05:46:30.533,1.02975,1.03,8.10,8.00
2009.09.18 05:46:46.530,1.02975,1.03,8.10,4.80
2009.09.18 05:46:46.589,1.02975,1.03,8.10,1.00
2009.09.18 05:46:46.929,1.02975,1.03,9.70,1.00
2009.09.18 05:46:49.009,1.02975,1.03,1.00,3.60
2009.09.18 05:46:49.339,1.02975,1.02995,1.00,1.00
2009.09.18 05:46:53.298,1.02975,1.02995,8.10,1.00
2009.09.18 05:46:58.996,1.02975,1.03,8.10,3.20
2009.09.18 05:46:59.346,1.02975,1.03,8.10,1.00
2009.09.18 05:46:59.726,1.02975,1.03,8.10,7.20
2009.09.18 05:47:00.076,1.02975,1.03,8.10,8.00
2009.09.18 05:47:01.046,1.02975,1.02995,8.10,1.00
2009.09.18 05:47:10.194,1.02975,1.03,8.10,6.00
2009.09.18 05:47:10.484,1.02975,1.02995,8.10,1.00
2009.09.18 05:47:13.533,1.02975,1.02995,2.50,1.00
2009.09.18 05:47:19.271,1.02975,1.03,8.10,3.60
2009.09.18 05:47:19.622,1.02975,1.03,9.70,5.60
2009.09.18 05:47:19.951,1.02975,1.03,8.10,8.00
2009.09.18 05:47:21.001,1.02975,1.03,8.10,5.60
2009.09.18 05:47:21.341,1.02975,1.03,8.10,1.00
2009.09.18 05:47:24.430,1.02975,1.03,9.70,1.00
2009.09.18 05:47:25.290,1.02975,1.03,9.70,1.20
2009.09.18 05:47:25.350,1.02975,1.02995,9.70,1.00
2009.09.18 05:47:25.460,1.02975,1.02995,8.10,1.00
2009.09.18 05:47:25.810,1.0298,1.03,2.40,1.00
2009.09.18 05:47:26.160,1.02985,1.03005,1.60,11.20
2009.09.18 05:47:26.500,1.02975,1.03,15.80,1.00
2009.09.18 05:47:26.860,1.02975,1.03,11.00,1.00
2009.09.18 05:47:27.080,1.02975,1.03,10.10,1.00
2009.09.18 05:47:27.320,1.02975,1.03,9.70,1.00
2009.09.18 05:47:27.850,1.02975,1.03,9.70,3.20
2009.09.18 05:47:28.199,1.02975,1.02995,8.10,1.00
2009.09.18 05:47:28.549,1.02975,1.02995,2.50,1.00
2009.09.18 05:47:30.349,1.02975,1.03,2.50,7.60
2009.09.18 05:47:30.529,1.02975,1.03,2.50,1.00
2009.09.18 05:47:30.749,1.02975,1.02995,8.10,1.00
2009.09.18 05:47:32.288,1.02975,1.02995,2.50,1.00
2009.09.18 05:47:32.638,1.02975,1.02995,8.10,1.00
2009.09.18 05:47:32.978,1.02975,1.03,9.70,5.60
2009.09.18 05:47:33.328,1.0297,1.02995,10.40,2.40
2009.09.18 05:47:33.618,1.0297,1.02995,12.80,2.40
2009.09.18 05:47:33.978,1.0297,1.0299,5.60,1.00
2009.09.18 05:47:34.318,1.02975,1.02995,2.40,4.80
2009.09.18 05:47:34.658,1.02975,1.02995,8.00,1.00
2009.09.18 05:47:34.998,1.02975,1.02995,2.40,1.00
2009.09.18 05:47:36.657,1.02975,1.02995,2.50,1.00
2009.09.18 05:47:37.647,1.02975,1.02995,2.40,1.00
2009.09.18 05:47:38.367,1.02975,1.02995,8.00,1.00
2009.09.18 05:47:38.717,1.02975,1.02995,2.40,1.00
2009.09.18 05:47:39.397,1.02975,1.0299,2.40,1.00
2009.09.18 05:47:39.507,1.0297,1.0299,8.10,1.00
2009.09.18 05:47:39.687,1.0297,1.0299,2.50,1.00
2009.09.18 05:47:39.797,1.0297,1.02995,2.50,3.60
2009.09.18 05:47:39.967,1.0297,1.0299,2.50,1.00
2009.09.18 05:47:40.256,1.0297,1.02995,2.50,4.40
2009.09.18 05:47:40.367,1.0297,1.02995,2.50,3.60
2009.09.18 05:47:40.526,1.0297,1.0299,2.50,1.00
2009.09.18 05:47:40.866,1.02975,1.0299,2.40,1.00
2009.09.18 05:47:41.216,1.0297,1.0299,8.10,1.00
2009.09.18 05:47:41.556,1.02975,1.0299,2.40,1.00
2009.09.18 05:47:41.666,1.02975,1.02995,2.40,1.00
2009.09.18 05:47:41.786,1.0297,1.0299,8.10,1.00
2009.09.18 05:47:41.956,1.0297,1.0299,2.50,1.00
2009.09.18 05:47:42.066,1.0297,1.02995,2.50,4.40
2009.09.18 05:47:42.176,1.02975,1.02995,2.40,1.00
2009.09.18 05:47:42.406,1.0297,1.0299,8.10,1.00
2009.09.18 05:47:42.526,1.0297,1.0299,2.50,1.00
2009.09.18 05:47:42.886,1.02975,1.0299,2.40,1.00
2009.09.18 05:47:43.236,1.0297,1.0299,2.50,1.00
2009.09.18 05:47:43.596,1.0297,1.0299,8.10,1.00
2009.09.18 05:47:43.926,1.0297,1.0299,2.50,1.00
2009.09.18 05:47:45.205,1.02975,1.02995,2.40,5.60
2009.09.18 05:47:45.435,1.02975,1.02995,2.40,1.00
2009.09.18 05:47:46.065,1.02975,1.02995,2.40,2.40
2009.09.18 05:47:46.285,1.0297,1.0299,8.10,1.00
2009.09.18 05:47:46.515,1.02975,1.02995,2.40,1.00
2009.09.18 05:47:46.745,1.02975,1.0299,2.40,1.00
2009.09.18 05:47:47.085,1.0297,1.0299,2.50,1.00
2009.09.18 05:47:47.595,1.02975,1.02995,2.40,1.20
2009.09.18 05:47:48.105,1.0297,1.0299,8.10,1.00
2009.09.18 05:47:48.344,1.0297,1.0299,2.50,1.00
2009.09.18 05:47:50.184,1.02975,1.02995,2.40,4.80
2009.09.18 05:47:50.414,1.0297,1.0299,8.10,1.00
2009.09.18 05:47:50.634,1.0297,1.0299,2.50,1.00
2009.09.18 05:47:50.974,1.02975,1.02995,2.40,1.00
2009.09.18 05:47:51.324,1.0297,1.0299,8.10,1.00
2009.09.18 05:47:51.664,1.0297,1.0299,2.50,1.00
2009.09.18 05:47:53.443,1.02975,1.02995,2.40,5.20
2009.09.18 05:47:53.783,1.02975,1.02995,2.40,1.00
2009.09.18 05:48:00.951,1.0297,1.02995,8.10,1.00
2009.09.18 05:48:01.122,1.0297,1.0299,8.10,1.00
2009.09.18 05:48:04.001,1.0297,1.0299,8.00,1.00
2009.09.18 05:48:04.221,1.0297,1.0299,2.40,1.00
2009.09.18 05:48:04.681,1.0297,1.0299,8.00,1.00
2009.09.18 05:48:05.730,1.0297,1.0299,8.10,1.00
2009.09.18 05:48:12.969,1.0297,1.0299,8.00,1.00
2009.09.18 05:48:14.928,1.0297,1.0299,8.10,1.00
2009.09.18 05:48:30.484,1.0297,1.0299,8.00,1.00
2009.09.18 05:48:31.054,1.0297,1.0299,2.40,1.00
2009.09.18 05:48:37.973,1.02975,1.0299,1.00,1.00
2009.09.18 05:48:38.602,1.02975,1.02995,1.00,1.20
2009.09.18 05:48:38.892,1.02975,1.02995,1.00,2.80
2009.09.18 05:48:39.242,1.02975,1.02995,1.00,1.00
2009.09.18 05:48:40.512,1.02975,1.02995,1.00,1.20
2009.09.18 05:48:41.262,1.02975,1.02995,1.00,1.00
2009.09.18 05:48:41.952,1.02975,1.0299,1.00,1.00
2009.09.18 05:48:51.839,1.0297,1.0299,2.40,1.00
2009.09.18 05:48:53.749,1.0297,1.02995,2.40,5.60
2009.09.18 05:48:56.588,1.0297,1.02995,2.40,8.00
2009.09.18 05:48:56.998,1.0297,1.02995,2.40,7.20
2009.09.18 05:48:57.348,1.0297,1.02995,2.40,5.60
2009.09.18 05:48:57.698,1.0297,1.0299,2.40,1.00
2009.09.18 05:49:12.734,1.0297,1.02985,2.40,1.00
2009.09.18 05:49:13.094,1.0297,1.0299,9.60,1.20
2009.09.18 05:49:13.434,1.0297,1.02985,5.60,1.00
2009.09.18 05:49:13.824,1.02965,1.02985,15.80,1.00
2009.09.18 05:49:14.174,1.02965,1.02985,10.20,1.00
2009.09.18 05:49:15.493,1.02975,1.02985,2.40,1.00
2009.09.18 05:49:15.893,1.02975,1.0299,2.40,1.20
2009.09.18 05:49:16.003,1.02975,1.0299,2.40,1.00
2009.09.18 05:49:16.343,1.0297,1.0299,12.80,1.00
2009.09.18 05:49:17.373,1.0297,1.02985,8.00,1.00
2009.09.18 05:49:18.413,1.0297,1.0299,9.60,1.00
2009.09.18 05:49:18.772,1.0297,1.02985,8.00,1.00
2009.09.18 05:49:24.361,1.02965,1.02985,11.40,1.00
2009.09.18 05:49:24.601,1.02965,1.02985,10.20,1.00
2009.09.18 05:49:34.649,1.02965,1.02975,4.60,1.00
2009.09.18 05:49:34.989,1.0296,1.02985,2.80,3.20
2009.09.18 05:49:35.309,1.0296,1.0298,5.60,1.00
2009.09.18 05:49:35.699,1.02955,1.02975,6.00,1.00
2009.09.18 05:49:36.028,1.0295,1.02975,8.10,1.00
2009.09.18 05:49:36.428,1.02945,1.0297,9.90,1.00
2009.09.18 05:49:37.218,1.02955,1.02975,2.40,8.00
2009.09.18 05:49:37.538,1.0295,1.0297,5.60,1.00
2009.09.18 05:49:37.828,1.0295,1.02975,3.20,2.00
2009.09.18 05:49:38.118,1.0295,1.02975,2.90,1.00
2009.09.18 05:49:38.748,1.0295,1.0297,2.90,1.00
2009.09.18 05:49:39.047,1.02945,1.0297,10.30,1.00
2009.09.18 05:49:39.447,1.0295,1.02975,2.40,2.80
2009.09.18 05:49:39.747,1.02945,1.0297,10.30,1.00
2009.09.18 05:49:40.037,1.02945,1.02975,11.10,10.00
2009.09.18 05:49:40.397,1.0295,1.02975,2.80,5.60
2009.09.18 05:49:40.697,1.02945,1.0297,10.30,1.00
2009.09.18 05:49:40.987,1.0295,1.02975,2.40,11.60
2009.09.18 05:49:41.277,1.0295,1.02975,2.80,5.60
2009.09.18 05:49:41.937,1.0295,1.02975,1.00,9.60
2009.09.18 05:49:42.047,1.02945,1.0297,10.30,1.00
2009.09.18 05:49:42.697,1.0295,1.0297,1.60,1.00
2009.09.18 05:49:43.047,1.0295,1.0297,5.10,1.00
2009.09.18 05:49:43.397,1.0295,1.02975,10.70,7.20
2009.09.18 05:49:44.117,1.0295,1.02975,13.10,7.20
2009.09.18 05:49:45.086,1.0295,1.02975,13.20,7.20
2009.09.18 05:49:45.426,1.02955,1.0298,10.00,5.60
2009.09.18 05:49:45.716,1.02955,1.0298,10.40,1.00
2009.09.18 05:49:46.646,1.02955,1.0298,2.00,4.40
2009.09.18 05:49:46.816,1.02955,1.02975,1.00,1.00
2009.09.18 05:49:51.605,1.0295,1.0298,9.30,8.40
2009.09.18 05:49:51.845,1.0295,1.0298,9.30,8.00
2009.09.18 05:49:52.184,1.02955,1.0298,10.40,5.60
2009.09.18 05:49:52.535,1.02955,1.0298,10.00,5.60
2009.09.18 05:49:53.915,1.02955,1.0298,10.60,5.60
2009.09.18 05:49:54.264,1.02955,1.0298,10.60,1.00
2009.09.18 05:49:59.103,1.02955,1.0298,10.60,1.00
2009.09.18 05:50:08.750,1.0296,1.02985,3.50,12.00
2009.09.18 05:50:08.870,1.0296,1.02985,5.10,8.00
2009.09.18 05:50:09.050,1.02965,1.02985,1.00,2.40
2009.09.18 05:50:24.487,1.0296,1.02985,13.20,2.40
2009.09.18 05:50:26.086,1.02965,1.02985,1.60,1.00
2009.09.18 05:50:26.316,1.02965,1.02985,2.40,1.00
2009.09.18 05:50:35.694,1.02965,1.02985,3.60,1.00
2009.09.18 05:50:39.913,1.02965,1.0298,2.00,1.00
2009.09.18 05:50:40.093,1.0296,1.02975,1.60,1.00
2009.09.18 05:50:40.273,1.02955,1.02975,6.10,2.80
2009.09.18 05:50:40.513,1.02955,1.02975,7.60,1.00
2009.09.18 05:50:40.743,1.02955,1.02975,9.20,1.00
2009.09.18 05:50:40.913,1.02955,1.02975,3.60,1.00
2009.09.18 05:50:57.908,1.0296,1.02975,1.60,1.00
2009.09.18 05:50:58.079,1.02955,1.02975,3.20,1.00
2009.09.18 05:50:58.468,1.02955,1.02975,1.60,1.00
2009.09.18 05:51:29.811,1.0295,1.0297,1.70,1.00
2009.09.18 05:51:33.810,1.02955,1.0297,1.60,1.00
2009.09.18 05:51:34.050,1.02955,1.02975,1.60,4.80
2009.09.18 05:51:34.390,1.02955,1.02975,1.60,4.00
2009.09.18 05:51:34.790,1.02955,1.02975,1.60,1.00
2009.09.18 05:51:39.628,1.0295,1.0297,1.60,1.00
2009.09.18 05:51:40.618,1.02955,1.02975,1.60,10.40
2009.09.18 05:51:40.789,1.0295,1.0297,1.60,1.00
2009.09.18 05:51:41.259,1.0295,1.0297,4.00,1.00
2009.09.18 05:51:41.548,1.0295,1.0297,1.60,1.00
2009.09.18 05:51:41.898,1.0295,1.02975,4.00,8.40
2009.09.18 05:51:42.198,1.0295,1.0297,1.60,1.00
2009.09.18 05:51:42.768,1.02955,1.02975,1.60,6.40
2009.09.18 05:51:43.348,1.02955,1.02975,1.60,1.00
2009.09.18 05:51:44.337,1.02955,1.02975,1.60,1.60
2009.09.18 05:51:44.577,1.02955,1.02975,1.60,4.80
2009.09.18 05:51:44.807,1.02955,1.02975,1.60,1.60
2009.09.18 05:51:45.087,1.02955,1.02975,1.60,1.00
2009.09.18 05:51:52.105,1.02955,1.0297,1.60,1.00
2009.09.18 05:51:52.156,1.0295,1.0297,4.00,1.00
2009.09.18 05:51:52.326,1.0295,1.0297,1.60,1.00
2009.09.18 05:51:53.855,1.02955,1.02975,1.60,12.90
2009.09.18 05:51:54.195,1.0295,1.0297,4.00,1.00
2009.09.18 05:51:54.535,1.0295,1.0297,1.60,1.00
2009.09.18 05:51:54.895,1.02955,1.02975,1.60,12.50
2009.09.18 05:51:55.245,1.0295,1.0297,1.60,3.20
2009.09.18 05:51:56.394,1.0295,1.0297,1.60,4.00
2009.09.18 05:51:56.634,1.0295,1.0297,1.60,6.80
2009.09.18 05:52:02.753,1.0295,1.0297,1.60,3.60
2009.09.18 05:52:02.983,1.02955,1.02975,1.60,12.50
2009.09.18 05:52:06.322,1.02955,1.0297,1.60,4.00
2009.09.18 05:52:06.672,1.0295,1.0297,1.60,6.80
2009.09.18 05:52:10.481,1.02955,1.02975,1.60,11.70
2009.09.18 05:52:10.771,1.02955,1.02975,1.60,12.50
2009.09.18 05:52:15.070,1.02955,1.02975,1.60,9.20
2009.09.18 05:52:15.470,1.02955,1.02975,1.60,6.40
2009.09.18 05:52:15.820,1.02955,1.02975,1.60,1.00
2009.09.18 05:52:16.510,1.02955,1.02975,1.60,12.40
2009.09.18 05:52:17.029,1.0295,1.02975,1.60,14.00
2009.09.18 05:52:17.319,1.0295,1.0297,1.60,1.00
2009.09.18 05:52:17.599,1.02955,1.0297,1.60,1.00
2009.09.18 05:52:18.139,1.0295,1.0297,1.60,1.00
2009.09.18 05:52:18.429,1.0296,1.02975,1.60,3.60
2009.09.18 05:52:18.659,1.0296,1.02975,1.60,4.40
2009.09.18 05:52:18.879,1.02955,1.02975,1.60,1.00
2009.09.18 05:52:22.148,1.02955,1.02975,1.60,6.80
2009.09.18 05:52:22.208,1.02955,1.02975,1.60,12.40
2009.09.18 05:52:22.608,1.02955,1.0297,1.60,1.00
2009.09.18 05:52:23.128,1.02955,1.02975,1.60,12.40
2009.09.18 05:52:23.448,1.0295,1.0297,1.60,1.00
2009.09.18 05:52:23.788,1.02955,1.02975,1.60,12.90
2009.09.18 05:52:24.138,1.0295,1.0297,1.60,1.00
2009.09.18 05:52:24.498,1.02955,1.02975,1.60,12.90
2009.09.18 05:52:24.848,1.0295,1.0297,1.60,1.00
2009.09.18 05:52:25.188,1.0295,1.02975,4.80,14.10
2009.09.18 05:52:25.428,1.02955,1.02975,1.60,12.50
2009.09.18 05:52:25.708,1.0295,1.0297,1.60,1.00
2009.09.18 05:52:26.177,1.0295,1.0297,1.60,3.20
2009.09.18 05:52:27.397,1.0295,1.0297,1.60,1.00
2009.09.18 05:52:27.747,1.0295,1.0297,1.60,4.40
2009.09.18 05:52:29.367,1.0295,1.0297,1.60,3.60
2009.09.18 05:52:29.597,1.02955,1.02975,1.60,12.50
2009.09.18 05:52:29.886,1.0295,1.0297,1.60,1.00
2009.09.18 05:52:30.126,1.02955,1.02975,1.60,12.10
2009.09.18 05:52:30.416,1.0295,1.0297,1.60,1.00
2009.09.18 05:52:30.646,1.0295,1.02975,2.40,12.90
2009.09.18 05:52:30.936,1.0295,1.0297,4.00,1.00
2009.09.18 05:52:31.236,1.0295,1.0297,1.60,1.00
2009.09.18 05:52:31.946,1.02955,1.02975,1.60,13.70
2009.09.18 05:52:31.996,1.02955,1.02975,1.60,12.50
2009.09.18 05:52:32.056,1.0295,1.02975,1.60,14.10
2009.09.18 05:52:32.116,1.0295,1.0297,1.60,1.00
2009.09.18 05:52:32.456,1.0295,1.0297,4.00,1.00
2009.09.18 05:52:32.516,1.0295,1.02975,4.00,14.50
2009.09.18 05:52:32.576,1.02955,1.02975,1.60,10.40
2009.09.18 05:52:32.626,1.02955,1.02975,1.60,9.60
2009.09.18 05:52:32.686,1.02955,1.0297,1.60,1.00
2009.09.18 05:52:33.076,1.0295,1.0297,1.60,1.00
2009.09.18 05:52:33.416,1.02955,1.02975,1.60,9.20
2009.09.18 05:52:33.766,1.0295,1.02975,1.60,8.40
2009.09.18 05:52:34.065,1.02955,1.02975,1.60,9.20
2009.09.18 05:52:34.425,1.0295,1.02975,1.60,8.40
2009.09.18 05:52:34.775,1.0295,1.02975,1.60,14.00
2009.09.18 05:52:35.055,1.02955,1.02975,1.60,3.60
2009.09.18 05:52:35.285,1.0295,1.02975,1.60,8.40
2009.09.18 05:52:35.915,1.0295,1.02975,1.60,14.00
2009.09.18 05:52:36.195,1.0295,1.02975,4.00,11.90
2009.09.18 05:52:36.535,1.0295,1.02975,1.60,14.00
2009.09.18 05:52:36.775,1.02955,1.02975,1.60,9.20
2009.09.18 05:52:37.455,1.02955,1.02975,1.60,3.60
2009.09.18 05:52:38.674,1.02955,1.0298,1.60,14.50
2009.09.18 05:52:39.654,1.02955,1.0298,1.60,12.90
2009.09.18 05:52:40.344,1.02955,1.02975,1.60,1.00
2009.09.18 05:52:40.584,1.02955,1.02975,1.60,3.60
2009.09.18 05:52:40.824,1.02955,1.02975,1.60,3.90
2009.09.18 05:52:41.064,1.02955,1.02975,1.60,1.00
2009.09.18 05:52:41.474,1.0295,1.02975,1.60,5.50
2009.09.18 05:52:41.643,1.0295,1.02975,1.60,9.20
2009.09.18 05:52:41.823,1.0295,1.02975,1.60,14.80
2009.09.18 05:52:42.773,1.0295,1.02975,1.60,14.90
2009.09.18 05:52:43.123,1.0295,1.02975,1.00,14.90
2009.09.18 05:52:48.152,1.0295,1.0297,1.00,1.00
2009.09.18 05:52:48.262,1.0295,1.02965,1.00,1.60
2009.09.18 05:52:48.542,1.0295,1.02965,1.00,5.20
2009.09.18 05:52:48.772,1.0295,1.02965,1.00,8.80
2009.09.18 05:52:49.062,1.0295,1.02965,1.00,14.40
2009.09.18 05:52:49.352,1.0293,1.02965,9.90,14.40
2009.09.18 05:52:50.791,1.02935,1.02965,9.90,14.50
2009.09.18 05:52:51.821,1.02935,1.02965,11.10,11.60
2009.09.18 05:52:51.941,1.0294,1.02965,2.40,9.20
2009.09.18 05:52:52.061,1.02935,1.02965,10.30,14.00
2009.09.18 05:52:52.171,1.02935,1.02965,9.90,13.20
2009.09.18 05:52:52.461,1.0294,1.02965,2.40,10.00
2009.09.18 05:52:52.811,1.0294,1.0297,2.40,12.90
2009.09.18 05:52:53.161,1.02935,1.02965,9.90,14.00
2009.09.18 05:52:53.501,1.0294,1.02965,2.40,9.20
2009.09.18 05:52:53.851,1.0294,1.0297,2.40,12.90
2009.09.18 05:52:54.820,1.02935,1.02965,9.90,14.00
2009.09.18 05:52:55.060,1.0294,1.02965,3.20,9.20
2009.09.18 05:52:55.340,1.0294,1.02965,2.40,9.20
2009.09.18 05:52:55.640,1.0294,1.02965,2.40,1.00
2009.09.18 05:52:55.940,1.0294,1.0297,2.40,12.90
2009.09.18 05:52:57.030,1.0294,1.02965,2.40,1.00
2009.09.18 05:52:57.300,1.02935,1.0296,8.30,2.40
2009.09.18 05:52:57.410,1.02935,1.0296,8.10,2.80
2009.09.18 05:52:57.470,1.02935,1.0296,8.10,2.40
2009.09.18 05:52:57.590,1.02935,1.0296,7.30,2.40
2009.09.18 05:52:57.940,1.02935,1.0296,1.70,2.40
2009.09.18 05:52:59.649,1.02935,1.0296,1.70,3.20
2009.09.18 05:52:59.999,1.02935,1.02965,4.10,16.10
2009.09.18 05:53:00.219,1.02935,1.02965,4.90,13.70
2009.09.18 05:53:00.439,1.0294,1.02965,1.00,13.70
2009.09.18 05:53:00.679,1.02935,1.02965,4.10,12.50
2009.09.18 05:53:00.919,1.02935,1.02965,4.10,14.50
2009.09.18 05:53:01.259,1.02935,1.0296,1.70,3.60
2009.09.18 05:53:01.599,1.02935,1.02955,1.00,1.60
2009.09.18 05:53:01.959,1.02935,1.0296,1.70,6.40
2009.09.18 05:53:02.359,1.02935,1.0296,1.70,6.50
2009.09.18 05:53:05.868,1.02935,1.0296,4.10,3.60
2009.09.18 05:53:07.417,1.02935,1.0296,4.10,2.80
2009.09.18 05:53:07.777,1.02935,1.02965,4.10,14.50
2009.09.18 05:53:12.376,1.02935,1.02965,4.10,12.80
2009.09.18 05:53:12.496,1.0294,1.02965,2.40,9.60
2009.09.18 05:53:12.606,1.0294,1.02965,2.40,9.20
2009.09.18 05:53:12.656,1.0294,1.02965,2.40,3.60
2009.09.18 05:53:12.776,1.0294,1.02965,8.00,3.60
2009.09.18 05:53:13.006,1.02945,1.02965,1.00,2.80
2009.09.18 05:53:13.126,1.02945,1.0297,1.00,3.60
2009.09.18 05:53:13.236,1.02945,1.0297,1.20,3.60
2009.09.18 05:53:13.586,1.0295,1.0297,2.40,3.60
2009.09.18 05:53:13.936,1.0295,1.0297,2.40,1.00
2009.09.18 05:53:14.646,1.0295,1.02975,2.40,3.70
2009.09.18 05:53:14.986,1.0295,1.02975,2.40,11.70
2009.09.18 05:53:16.045,1.0295,1.02975,2.40,12.10
2009.09.18 05:53:16.395,1.0295,1.02975,2.40,11.70
2009.09.18 05:53:17.015,1.0295,1.02975,2.40,12.10
2009.09.18 05:53:17.805,1.0295,1.02975,2.40,11.70
2009.09.18 05:53:18.095,1.0295,1.02975,2.40,12.10
2009.09.18 05:53:18.935,1.02945,1.02975,10.00,14.50
2009.09.18 05:53:19.105,1.0295,1.02975,2.40,14.50
2009.09.18 05:53:19.345,1.0295,1.02975,2.40,11.70
2009.09.18 05:53:19.524,1.0295,1.02975,2.40,12.10
2009.09.18 05:53:19.704,1.0295,1.02975,2.40,14.50
2009.09.18 05:53:19.944,1.02945,1.02975,10.00,14.50
2009.09.18 05:53:20.234,1.0295,1.02975,2.40,11.70
2009.09.18 05:53:20.524,1.02945,1.02975,10.00,14.50
2009.09.18 05:53:20.814,1.02945,1.0297,10.00,2.40
2009.09.18 05:53:21.094,1.0295,1.0297,1.00,2.40
2009.09.18 05:53:21.384,1.0295,1.02975,3.20,8.50
2009.09.18 05:53:21.614,1.02955,1.02975,1.00,8.00
2009.09.18 05:53:21.914,1.02955,1.02975,1.00,2.40
2009.09.18 05:53:23.324,1.02955,1.02975,1.00,5.30
2009.09.18 05:53:24.013,1.02945,1.0297,10.80,2.40
2009.09.18 05:53:24.413,1.0295,1.02975,2.40,11.90
2009.09.18 05:53:24.713,1.0295,1.02975,2.40,6.30
2009.09.18 05:53:25.403,1.0295,1.02975,2.40,3.90
2009.09.18 05:53:25.683,1.0295,1.02975,2.40,2.90
2009.09.18 05:53:25.903,1.0295,1.02975,2.40,1.00
2009.09.18 05:53:30.922,1.02945,1.02975,11.80,3.20
2009.09.18 05:53:31.202,1.02945,1.0297,10.20,1.00
2009.09.18 05:53:31.491,1.0295,1.0297,2.40,1.00
2009.09.18 05:53:31.771,1.02945,1.0297,11.00,1.00
2009.09.18 05:53:32.002,1.02945,1.02975,11.00,10.90
2009.09.18 05:53:32.231,1.02945,1.0297,10.20,1.00
2009.09.18 05:53:32.751,1.0295,1.0297,2.40,1.00
2009.09.18 05:53:32.931,1.02945,1.0297,11.00,1.00
2009.09.18 05:53:33.261,1.0295,1.02975,3.20,6.40
2009.09.18 05:53:33.621,1.0295,1.02975,2.40,6.40
2009.09.18 05:53:37.080,1.0295,1.02975,3.20,8.70
2009.09.18 05:53:37.140,1.0295,1.02975,2.40,9.30
2009.09.18 05:53:37.790,1.0295,1.0297,8.70,1.00
2009.09.18 05:53:37.900,1.0295,1.0297,1.00,1.00
2009.09.18 05:53:38.020,1.0295,1.02975,6.40,2.80
2009.09.18 05:53:38.080,1.0295,1.0298,8.80,12.50
2009.09.18 05:53:38.140,1.0295,1.02975,8.00,1.00
2009.09.18 05:53:38.480,1.02945,1.0297,10.20,1.00
2009.09.18 05:53:39.190,1.0295,1.02975,2.40,1.00
2009.09.18 05:53:44.609,1.02955,1.02975,1.60,1.00
2009.09.18 05:53:44.968,1.0295,1.0297,1.60,1.00
2009.09.18 05:53:45.308,1.02955,1.02975,1.60,11.70
2009.09.18 05:53:45.538,1.0295,1.0297,1.60,1.00
2009.09.18 05:53:45.778,1.02955,1.02975,1.60,6.40
2009.09.18 05:53:46.058,1.02955,1.0298,2.00,13.90
2009.09.18 05:53:46.288,1.02955,1.0297,1.00,1.00
2009.09.18 05:53:46.628,1.0295,1.0297,1.60,1.00
2009.09.18 05:53:47.918,1.0295,1.0297,4.00,1.00
2009.09.18 05:53:48.208,1.0295,1.0297,1.60,1.00
2009.09.18 05:53:48.508,1.02955,1.02975,1.60,8.80
2009.09.18 05:53:48.627,1.02955,1.02975,1.60,8.00
2009.09.18 05:53:49.148,1.02955,1.0297,1.60,1.00
2009.09.18 05:53:49.317,1.02955,1.02975,1.60,8.90
2009.09.18 05:53:49.557,1.0295,1.0297,1.60,1.00
2009.09.18 05:53:50.607,1.02955,1.0297,1.60,1.00
2009.09.18 05:53:50.827,1.0295,1.0297,1.60,1.00
2009.09.18 05:53:51.347,1.0295,1.0297,1.60,3.20
2009.09.18 05:53:52.556,1.0295,1.0297,1.60,4.90
2009.09.18 05:53:52.616,1.0295,1.0297,1.60,5.10
2009.09.18 05:53:52.676,1.0295,1.0297,1.60,5.90
2009.09.18 05:53:55.416,1.0295,1.0297,1.60,6.30
2009.09.18 05:54:00.435,1.02945,1.0296,1.60,1.00
2009.09.18 05:54:00.664,1.02945,1.02965,1.60,6.10
2009.09.18 05:54:00.884,1.02945,1.0296,1.60,2.40
2009.09.18 05:54:01.244,1.0294,1.0296,1.60,3.60
2009.09.18 05:54:01.584,1.0294,1.0296,1.60,1.20
2009.09.18 05:54:02.274,1.0294,1.0296,1.60,1.00
2009.09.18 05:54:06.103,1.0294,1.02965,1.60,13.90
2009.09.18 05:54:06.393,1.0294,1.0296,1.60,2.40
2009.09.18 05:54:06.683,1.0294,1.0296,1.60,2.80
2009.09.18 05:54:06.963,1.02945,1.02965,1.60,11.50
2009.09.18 05:54:07.313,1.0294,1.02965,1.60,15.50
2009.09.18 05:54:09.912,1.02945,1.02965,1.60,13.10
2009.09.18 05:54:10.252,1.02945,1.02965,1.60,8.50
2009.09.18 05:54:10.353,1.02945,1.02965,1.60,2.90
2009.09.18 05:54:10.412,1.02945,1.02965,1.60,3.20
2009.09.18 05:54:11.392,1.02945,1.0297,1.60,11.70
2009.09.18 05:54:12.302,1.02945,1.02965,1.60,1.00
2009.09.18 05:54:31.008,1.0294,1.02965,9.60,2.80
2009.09.18 05:54:31.237,1.02945,1.0296,2.80,1.00
2009.09.18 05:54:31.477,1.02945,1.02965,1.00,4.40
2009.09.18 05:54:31.717,1.02945,1.0297,1.60,11.90
2009.09.18 05:54:32.067,1.02945,1.02965,1.60,1.00
2009.09.18 05:54:36.226,1.02945,1.0296,1.60,2.40
2009.09.18 05:54:36.926,1.0294,1.0296,1.60,3.20
2009.09.18 05:54:38.205,1.0294,1.0296,1.60,3.30
2009.09.18 05:54:44.184,1.0294,1.0296,7.20,1.00
2009.09.18 05:54:44.874,1.0294,1.0296,1.60,1.00
2009.09.18 05:54:47.293,1.02945,1.02965,1.60,1.00
2009.09.18 05:54:48.613,1.02945,1.0297,9.60,3.20
2009.09.18 05:54:49.513,1.02945,1.0297,8.00,3.20
2009.09.18 05:54:49.903,1.02945,1.0297,8.10,3.20
2009.09.18 05:54:53.382,1.02945,1.02965,5.70,2.40
2009.09.18 05:54:53.562,1.02945,1.02965,5.60,2.40
2009.09.18 05:54:53.732,1.0294,1.02965,3.20,2.40
2009.09.18 05:54:55.161,1.0294,1.02965,1.00,2.40
2009.09.18 05:54:55.512,1.0294,1.02965,1.00,8.40
2009.09.18 05:54:57.011,1.0294,1.02965,1.00,8.00
2009.09.18 05:54:57.661,1.0294,1.02965,1.00,8.40
2009.09.18 05:54:57.841,1.0294,1.02965,3.20,6.30
2009.09.18 05:54:58.321,1.0294,1.02965,3.20,1.00
2009.09.18 05:54:58.491,1.0294,1.0297,3.20,8.80
2009.09.18 05:54:59.541,1.0294,1.0297,8.80,3.20
2009.09.18 05:54:59.820,1.0294,1.0297,8.90,3.20
2009.09.18 05:55:06.809,1.0294,1.0297,10.50,3.20
2009.09.18 05:55:07.089,1.0294,1.0297,9.70,3.20
2009.09.18 05:55:07.199,1.0294,1.0297,8.90,3.20
2009.09.18 05:55:13.607,1.0294,1.0297,10.50,3.20
2009.09.18 05:55:14.637,1.02945,1.0297,1.60,3.20
2009.09.18 05:55:15.707,1.02945,1.0297,1.60,3.60
2009.09.18 05:55:16.226,1.02945,1.0297,1.60,9.20
2009.09.18 05:55:16.506,1.0295,1.0297,1.60,1.00
2009.09.18 05:55:16.796,1.0296,1.0298,1.60,9.60
2009.09.18 05:55:17.076,1.02955,1.0298,3.60,8.00
2009.09.18 05:55:17.366,1.02955,1.0298,2.80,2.40
2009.09.18 05:55:17.646,1.02955,1.0298,2.40,8.40
2009.09.18 05:55:17.996,1.02955,1.0298,2.40,8.50
2009.09.18 05:55:18.806,1.02955,1.02975,1.60,2.40
2009.09.18 05:55:19.806,1.02955,1.02975,1.60,2.80
2009.09.18 05:55:20.036,1.0295,1.0297,1.60,1.00
2009.09.18 05:55:20.365,1.0295,1.02975,1.60,13.20
2009.09.18 05:55:21.075,1.0295,1.02975,1.60,12.50
2009.09.18 05:55:21.725,1.0295,1.02975,1.60,10.90
2009.09.18 05:55:22.175,1.02955,1.02975,1.60,9.30
2009.09.18 05:55:22.285,1.02955,1.02975,2.00,5.60
2009.09.18 05:55:22.395,1.02955,1.0298,2.80,14.00
2009.09.18 05:55:22.505,1.02955,1.02975,1.20,4.00
2009.09.18 05:55:22.615,1.0295,1.02975,1.60,4.80
2009.09.18 05:55:22.835,1.02955,1.0298,1.60,10.00
2009.09.18 05:55:23.295,1.02955,1.0298,1.60,8.40
2009.09.18 05:55:23.995,1.02955,1.0298,1.70,8.40
2009.09.18 05:55:26.004,1.02955,1.0298,1.70,8.80
2009.09.18 05:55:26.874,1.02955,1.02975,2.00,2.40
2009.09.18 05:55:27.204,1.02955,1.02975,2.10,2.40
2009.09.18 05:55:27.754,1.0296,1.0298,1.60,5.70
2009.09.18 05:55:28.034,1.0296,1.0298,1.60,1.00
2009.09.18 05:55:28.324,1.0296,1.02985,1.60,12.00
2009.09.18 05:55:29.024,1.0296,1.0298,1.60,2.40
2009.09.18 05:55:29.703,1.0296,1.02985,1.60,10.80
2009.09.18 05:55:30.053,1.0296,1.02985,1.60,11.20
2009.09.18 05:55:31.703,1.0296,1.02985,1.60,10.50
2009.09.18 05:55:31.973,1.0296,1.0298,1.60,2.40
2009.09.18 05:55:32.263,1.0296,1.02985,1.60,10.50
2009.09.18 05:55:33.872,1.0296,1.0298,1.60,2.40
2009.09.18 05:55:35.842,1.0296,1.0298,1.60,2.50
2009.09.18 05:55:38.501,1.0296,1.0298,1.60,1.00
2009.09.18 05:55:38.781,1.0296,1.02985,1.60,11.20
2009.09.18 05:55:39.001,1.0296,1.02985,1.60,10.80
2009.09.18 05:55:39.281,1.0296,1.02985,1.60,10.40
2009.09.18 05:55:39.521,1.0296,1.02985,1.60,5.50
2009.09.18 05:55:40.201,1.0296,1.02985,1.60,5.60
2009.09.18 05:55:40.541,1.0296,1.0298,1.60,2.40
2009.09.18 05:55:40.831,1.02955,1.0298,3.60,5.90
2009.09.18 05:55:41.001,1.02955,1.0298,4.00,11.10
2009.09.18 05:55:41.850,1.02955,1.02975,4.00,3.20
2009.09.18 05:55:42.190,1.02955,1.02975,2.00,3.20
2009.09.18 05:55:42.480,1.02955,1.0298,2.00,8.10
2009.09.18 05:55:42.840,1.02955,1.0298,2.00,8.90
2009.09.18 05:55:46.979,1.02955,1.02975,2.00,2.40
2009.09.18 05:55:48.409,1.02955,1.0298,2.00,8.90
2009.09.18 05:55:59.356,1.02955,1.02975,2.00,2.40
2009.09.18 05:56:01.346,1.02955,1.0298,2.00,8.90
2009.09.18 05:56:02.256,1.02955,1.02975,2.00,2.40
2009.09.18 05:56:03.175,1.02955,1.0298,2.00,8.00
2009.09.18 05:56:03.935,1.02955,1.0298,2.00,2.40
2009.09.18 05:56:06.464,1.0296,1.02985,2.40,14.30
2009.09.18 05:56:06.644,1.0296,1.02985,2.40,14.00
2009.09.18 05:56:06.814,1.02965,1.02985,2.40,11.60
2009.09.18 05:56:06.984,1.02955,1.02985,10.00,13.30
2009.09.18 05:56:07.164,1.02955,1.02985,10.00,18.50
2009.09.18 05:56:07.984,1.02955,1.02985,10.00,18.70
2009.09.18 05:56:09.184,1.02955,1.0298,10.00,2.40
2009.09.18 05:56:09.523,1.02955,1.0298,4.40,2.40
2009.09.18 05:56:10.633,1.02955,1.0298,4.40,2.50
2009.09.18 05:56:11.243,1.02955,1.0298,4.40,2.40
2009.09.18 05:56:14.862,1.02955,1.0298,4.40,3.20
2009.09.18 05:56:15.912,1.02955,1.02985,4.40,19.90
2009.09.18 05:56:15.972,1.0296,1.02985,1.60,21.60
2009.09.18 05:56:16.142,1.0296,1.02985,1.60,20.00
2009.09.18 05:56:16.262,1.0296,1.02985,1.60,12.00
2009.09.18 05:56:16.992,1.0296,1.02985,1.60,11.90
2009.09.18 05:56:17.282,1.0296,1.02985,1.60,11.10
2009.09.18 05:56:17.972,1.0296,1.02985,1.60,11.20
2009.09.18 05:56:18.271,1.0296,1.02985,1.60,11.10
2009.09.18 05:56:18.881,1.0296,1.02985,1.60,11.20
2009.09.18 05:56:20.321,1.02955,1.02985,8.80,11.20
2009.09.18 05:56:20.611,1.02955,1.0298,1.00,3.20
2009.09.18 05:56:29.099,1.02955,1.0298,2.80,1.00
2009.09.18 05:56:29.339,1.02955,1.0298,4.80,1.00
2009.09.18 05:56:29.579,1.02955,1.0298,10.40,1.00
2009.09.18 05:56:30.489,1.02955,1.0298,8.00,3.20
2009.09.18 05:56:30.828,1.02955,1.0298,1.00,3.20
2009.09.18 05:56:33.568,1.02955,1.0298,1.00,3.20
2009.09.18 05:56:35.168,1.02955,1.0298,8.80,1.00
2009.09.18 05:56:35.508,1.02955,1.0298,8.90,1.00
2009.09.18 05:56:37.127,1.02955,1.0298,10.50,1.00
2009.09.18 05:56:37.187,1.02955,1.02975,10.50,1.00
2009.09.18 05:56:37.397,1.02955,1.0298,10.50,1.20
2009.09.18 05:56:37.457,1.02955,1.0298,10.50,1.00
2009.09.18 05:56:44.465,1.02955,1.0298,12.10,1.00
2009.09.18 05:56:47.574,1.02955,1.0298,10.50,1.00
2009.09.18 05:56:51.923,1.02955,1.0298,7.70,3.20
2009.09.18 05:56:52.043,1.02955,1.0298,2.00,3.20
2009.09.18 05:56:53.623,1.02955,1.02975,2.00,1.00
2009.09.18 05:57:00.001,1.02955,1.0298,8.00,2.40
2009.09.18 05:57:00.351,1.02955,1.02985,12.00,12.60
2009.09.18 05:57:00.581,1.0296,1.02985,1.00,13.20
2009.09.18 05:57:00.871,1.0296,1.02985,1.00,14.00
2009.09.18 05:57:01.891,1.0296,1.02985,1.00,14.40
2009.09.18 05:57:05.410,1.0296,1.0298,1.00,1.00
2009.09.18 05:57:05.590,1.02955,1.0298,4.00,3.20
2009.09.18 05:57:05.770,1.02955,1.02975,4.00,1.00
2009.09.18 05:57:05.990,1.02955,1.02975,2.40,1.00
2009.09.18 05:57:12.318,1.02955,1.0298,2.40,3.60
2009.09.18 05:57:12.669,1.02955,1.0298,2.40,3.20
2009.09.18 05:57:13.408,1.02955,1.02975,2.00,1.00
2009.09.18 05:57:13.768,1.02955,1.0298,2.00,3.20
2009.09.18 05:57:14.118,1.02955,1.0298,2.40,3.20
2009.09.18 05:57:23.836,1.02955,1.02975,2.40,1.00
2009.09.18 05:57:24.576,1.02955,1.02975,8.00,1.00
2009.09.18 05:57:25.795,1.02955,1.02975,2.10,1.00
2009.09.18 05:57:26.375,1.02955,1.02975,2.00,1.00
2009.09.18 05:57:26.945,1.0296,1.02975,1.00,1.00
2009.09.18 05:57:27.175,1.02955,1.02975,2.00,1.70
2009.09.18 05:57:27.595,1.02955,1.02975,1.60,1.70
2009.09.18 05:57:29.045,1.02955,1.02975,7.20,1.70
2009.09.18 05:57:29.564,1.02955,1.02975,1.60,1.70
2009.09.18 05:57:36.223,1.02955,1.02975,10.10,1.70
2009.09.18 05:57:36.453,1.0296,1.02975,1.60,1.70
2009.09.18 05:57:36.913,1.0296,1.02975,1.60,1.00
2009.09.18 05:57:37.133,1.02955,1.02975,9.20,1.00
2009.09.18 05:57:37.312,1.02955,1.02975,3.60,1.00
2009.09.18 05:57:45.920,1.0296,1.0298,1.60,5.60
2009.09.18 05:57:46.210,1.0296,1.02985,1.60,14.80
2009.09.18 05:57:46.890,1.0296,1.02985,1.60,14.00
2009.09.18 05:57:47.770,1.0296,1.02985,1.60,13.80
2009.09.18 05:57:49.919,1.02955,1.0298,11.70,1.60
2009.09.18 05:57:50.150,1.02955,1.0298,3.60,12.00
2009.09.18 05:57:52.789,1.02955,1.0298,3.60,12.10
2009.09.18 05:58:07.855,1.02955,1.0298,3.60,12.00
2009.09.18 05:58:07.905,1.0296,1.0298,1.60,10.40
2009.09.18 05:58:07.965,1.0296,1.0298,1.60,7.20
2009.09.18 05:58:08.025,1.0296,1.0298,1.60,5.60
2009.09.18 05:58:08.145,1.0296,1.02985,1.60,21.80
2009.09.18 05:58:08.205,1.0296,1.02985,1.60,14.80
2009.09.18 05:58:08.435,1.0296,1.02985,1.60,14.60
2009.09.18 05:58:08.895,1.0296,1.02985,1.60,14.10
2009.09.18 05:58:09.235,1.0296,1.02985,1.60,13.30
2009.09.18 05:58:12.594,1.0296,1.0298,1.60,1.00
2009.09.18 05:58:12.814,1.02955,1.0298,10.80,6.40
2009.09.18 05:58:13.164,1.02955,1.0298,3.60,12.00
2009.09.18 05:58:15.613,1.02955,1.0298,3.60,12.10
2009.09.18 05:58:18.932,1.02955,1.02975,3.60,1.00
2009.09.18 05:58:23.741,1.0296,1.0298,1.60,8.00
2009.09.18 05:58:23.971,1.0296,1.0298,1.60,5.60
2009.09.18 05:58:24.191,1.0296,1.02985,1.60,15.30
2009.09.18 05:58:24.431,1.0296,1.02985,1.60,14.50
2009.09.18 05:58:34.189,1.0296,1.02985,1.60,12.10
2009.09.18 05:58:34.538,1.0296,1.0298,1.60,2.40
2009.09.18 05:58:34.889,1.0296,1.02975,1.60,1.00
2009.09.18 05:58:39.097,1.0296,1.02975,1.60,1.00
2009.09.18 05:58:39.427,1.0296,1.0298,1.60,2.50
2009.09.18 05:58:42.447,1.02955,1.0298,3.60,4.90
2009.09.18 05:58:42.737,1.02955,1.0298,3.60,12.10
2009.09.18 05:58:46.836,1.02955,1.02975,3.60,2.40
2009.09.18 05:58:50.675,1.02955,1.0298,3.60,12.10
2009.09.18 05:58:51.025,1.0295,1.02975,10.30,4.00
2009.09.18 05:58:53.704,1.0295,1.02975,10.30,12.00
2009.09.18 05:58:53.934,1.0295,1.0297,2.30,8.80
2009.09.18 05:58:54.164,1.0294,1.02965,7.60,4.80
2009.09.18 05:58:54.344,1.0294,1.02965,1.00,4.80
2009.09.18 05:58:57.543,1.0294,1.02965,10.70,1.60
2009.09.18 05:58:57.763,1.0294,1.02965,6.70,4.80
2009.09.18 05:58:58.043,1.02935,1.02965,11.90,4.80
2009.09.18 05:58:58.443,1.0294,1.02965,2.40,4.80
2009.09.18 05:58:58.663,1.0294,1.02965,1.00,4.80
2009.09.18 05:58:58.833,1.0294,1.02965,2.80,4.80
2009.09.18 05:58:59.872,1.0294,1.02965,2.90,4.80
2009.09.18 05:59:00.222,1.02945,1.0297,5.60,2.40
2009.09.18 05:59:00.572,1.02945,1.02975,10.40,18.50
2009.09.18 05:59:00.922,1.02945,1.02975,10.40,10.50
2009.09.18 05:59:01.092,1.02945,1.02975,12.00,10.50
2009.09.18 05:59:01.662,1.02945,1.02975,12.20,10.50
2009.09.18 05:59:02.702,1.02945,1.02975,10.60,10.50
2009.09.18 05:59:21.497,1.02945,1.02975,10.20,10.50
2009.09.18 05:59:27.846,1.02945,1.02975,10.20,10.80
2009.09.18 05:59:28.086,1.02945,1.02975,10.20,11.20
2009.09.18 05:59:28.606,1.02945,1.0297,5.70,3.20
2009.09.18 05:59:28.786,1.02945,1.0297,8.10,3.20
2009.09.18 05:59:29.015,1.0294,1.0297,8.10,3.20
2009.09.18 05:59:41.482,1.0294,1.02965,8.10,1.60
2009.09.18 05:59:42.013,1.0294,1.02965,8.00,4.80
2009.09.18 05:59:42.352,1.02935,1.02965,9.90,4.80
2009.09.18 05:59:44.622,1.0294,1.02965,1.60,4.80
2009.09.18 05:59:54.809,1.02945,1.0297,3.60,12.90
2009.09.18 05:59:55.089,1.02945,1.02965,3.60,3.20
2009.09.18 05:59:55.379,1.0294,1.02965,1.60,4.80
2009.09.18 05:59:55.889,1.0294,1.02965,1.60,10.40
2009.09.18 05:59:56.809,1.0294,1.02965,1.60,4.80
2009.09.18 05:59:57.099,1.0294,1.02965,1.60,5.20
2009.09.18 05:59:57.669,1.0294,1.02965,4.00,4.80
2009.09.18 05:59:57.999,1.0294,1.02965,1.60,4.80
2009.09.18 05:59:58.099,1.0294,1.02965,4.00,4.80
2009.09.18 05:59:58.379,1.0294,1.02965,1.60,4.80
2009.09.18 05:59:58.850,1.02945,1.02965,2.00,3.20
2009.09.18 05:59:59.208,1.02945,1.0297,4.00,11.60
2009.09.18 05:59:59.898,1.02945,1.0297,4.00,11.50
