2011.11.08 12:00:00.051,0.89827,0.89845,1.79,2.29
2011.11.08 12:00:00.179,0.89827,0.89845,1.79,2.25
2011.11.08 12:00:00.304,0.89829,0.89847,1.50,2.25
2011.11.08 12:00:00.679,0.8983,0.89849,2.25,1.50
2011.11.08 12:00:00.809,0.89834,0.8985,1.04,1.50
2011.11.08 12:00:01.465,0.89835,0.89853,1.79,1.50
2011.11.08 12:00:01.832,0.89835,0.89853,1.04,1.50
2011.11.08 12:00:02.446,0.89833,0.89851,1.79,2.25
2011.11.08 12:00:02.809,0.89827,0.89843,2.54,1.80
2011.11.08 12:00:03.173,0.89823,0.89841,1.50,4.35
2011.11.08 12:00:03.563,0.8982,0.89839,1.79,1.69
2011.11.08 12:00:04.422,0.8982,0.89838,1.79,1.50
2011.11.08 12:00:04.675,0.89818,0.89836,1.04,2.18
2011.11.08 12:00:04.918,0.89816,0.89832,1.04,1.50
2011.11.08 12:00:05.700,0.89816,0.89832,1.50,1.50
2011.11.08 12:00:06.314,0.89816,0.89834,1.04,1.50
2011.11.08 12:00:06.560,0.89818,0.89835,1.04,1.50
2011.11.08 12:00:06.686,0.89818,0.89836,1.04,1.50
2011.11.08 12:00:07.267,0.89819,0.89837,1.50,2.63
2011.11.08 12:00:07.823,0.89818,0.89836,1.79,1.50
2011.11.08 12:00:07.955,0.89823,0.89838,1.50,1.35
2011.11.08 12:00:08.083,0.89825,0.89842,1.50,1.65
2011.11.08 12:00:08.334,0.89826,0.89842,1.50,1.65
2011.11.08 12:00:08.927,0.89826,0.89841,1.04,1.05
2011.11.08 12:00:09.620,0.89824,0.89841,1.04,1.05
2011.11.08 12:00:09.987,0.89824,0.8984,1.79,2.85
2011.11.08 12:00:10.226,0.89818,0.89836,1.04,1.50
2011.11.08 12:00:10.739,0.89817,0.89836,1.79,2.10
2011.11.08 12:00:11.099,0.89815,0.89834,1.04,1.50
2011.11.08 12:00:11.451,0.89813,0.89832,3.70,1.50
2011.11.08 12:00:12.063,0.89814,0.89831,1.50,2.25
2011.11.08 12:00:12.426,0.89813,0.89831,1.50,2.25
2011.11.08 12:00:12.670,0.89813,0.89831,1.50,4.50
2011.11.08 12:00:12.789,0.89812,0.8983,1.50,2.25
2011.11.08 12:00:14.089,0.89812,0.89829,1.50,2.63
2011.11.08 12:00:14.446,0.89809,0.89826,2.72,1.50
2011.11.08 12:00:15.008,0.8981,0.89827,2.25,2.25
2011.11.08 12:00:15.575,0.89811,0.89827,2.54,1.50
2011.11.08 12:00:16.165,0.89813,0.89829,1.50,2.85
2011.11.08 12:00:18.907,0.8981,0.89827,3.29,1.35
2011.11.08 12:00:19.269,0.89813,0.89827,1.79,1.50
2011.11.08 12:00:19.511,0.89817,0.89832,1.50,1.05
2011.11.08 12:00:19.629,0.89817,0.89833,1.50,1.43
2011.11.08 12:00:20.229,0.89816,0.89833,1.04,2.18
2011.11.08 12:00:20.349,0.89816,0.89833,1.04,2.18
2011.11.08 12:00:20.847,0.89814,0.89831,1.79,1.69
2011.11.08 12:00:21.450,0.89813,0.8983,2.25,1.50
2011.11.08 12:00:22.030,0.89813,0.89831,1.50,1.69
2011.11.08 12:00:22.155,0.89819,0.89833,1.50,1.05
2011.11.08 12:00:22.988,0.89817,0.89833,1.04,1.05
2011.11.08 12:00:23.950,0.89816,0.89833,1.04,1.80
2011.11.08 12:00:24.537,0.89816,0.89833,1.04,2.55
2011.11.08 12:00:25.578,0.89817,0.89833,1.13,1.80
2011.11.08 12:00:26.040,0.89817,0.89835,3.21,1.69
2011.11.08 12:00:26.816,0.89817,0.89836,2.46,3.68
2011.11.08 12:00:27.636,0.89817,0.89836,2.91,1.88
2011.11.08 12:00:28.227,0.89816,0.89832,1.50,1.69
2011.11.08 12:00:28.685,0.89816,0.89833,1.04,3.04
2011.11.08 12:00:29.038,0.89813,0.89826,1.04,1.50
2011.11.08 12:00:29.276,0.89809,0.89826,1.04,1.50
2011.11.08 12:00:29.398,0.89811,0.89829,1.04,4.92
2011.11.08 12:00:30.005,0.89814,0.8983,1.04,1.13
2011.11.08 12:00:30.127,0.89814,0.89832,1.04,3.60
2011.11.08 12:00:30.663,0.89813,0.8983,1.04,1.69
2011.11.08 12:00:31.246,0.89813,0.8983,1.04,1.69
2011.11.08 12:00:34.456,0.89814,0.89832,1.79,1.84
2011.11.08 12:00:34.819,0.89814,0.8983,1.04,1.50
2011.11.08 12:00:35.181,0.89814,0.8983,1.04,1.50
2011.11.08 12:00:36.600,0.89813,0.89829,1.04,2.25
2011.11.08 12:00:36.837,0.8981,0.89828,1.79,1.50
2011.11.08 12:00:37.196,0.8981,0.89827,1.04,1.50
2011.11.08 12:00:37.437,0.89809,0.89827,2.54,1.50
2011.11.08 12:00:38.040,0.89809,0.89827,1.79,2.25
2011.11.08 12:00:38.547,0.89809,0.89827,1.79,2.25
2011.11.08 12:00:38.779,0.89809,0.89827,1.79,1.88
2011.11.08 12:00:39.306,0.89809,0.89823,1.04,1.50
2011.11.08 12:00:39.896,0.89808,0.89826,1.04,3.94
2011.11.08 12:00:40.613,0.8981,0.89826,1.79,3.94
2011.11.08 12:00:40.981,0.89816,0.89829,1.04,1.50
2011.11.08 12:00:41.117,0.89815,0.8983,1.04,1.50
2011.11.08 12:00:41.238,0.89816,0.89833,1.04,1.80
2011.11.08 12:00:41.781,0.89816,0.89834,1.79,2.10
2011.11.08 12:00:41.902,0.89816,0.89834,1.79,2.29
2011.11.08 12:00:42.507,0.89817,0.89835,1.50,1.13
2011.11.08 12:00:43.090,0.89819,0.89835,1.50,1.13
2011.11.08 12:00:43.214,0.89817,0.89835,1.79,1.13
2011.11.08 12:00:43.919,0.89817,0.89834,1.04,1.69
2011.11.08 12:00:44.464,0.89815,0.8983,1.04,1.65
2011.11.08 12:00:44.596,0.89811,0.8983,1.04,1.88
2011.11.08 12:00:44.724,0.8981,0.89828,2.54,1.50
2011.11.08 12:00:45.327,0.8981,0.89827,1.79,1.50
2011.11.08 12:00:45.897,0.8981,0.89826,2.54,1.50
2011.11.08 12:00:46.016,0.8981,0.89828,2.54,1.69
2011.11.08 12:00:46.617,0.89811,0.89828,1.04,1.69
2011.11.08 12:00:50.307,0.89812,0.89828,1.50,1.50
2011.11.08 12:00:50.549,0.89813,0.89831,2.25,2.44
2011.11.08 12:00:51.126,0.89814,0.89832,1.04,3.68
2011.11.08 12:00:52.123,0.89814,0.89832,1.79,2.55
2011.11.08 12:00:52.696,0.89814,0.89832,1.79,3.30
2011.11.08 12:00:54.816,0.89814,0.89832,1.79,2.55
2011.11.08 12:00:55.836,0.89814,0.89832,1.04,2.55
2011.11.08 12:00:56.405,0.89814,0.89831,1.04,1.69
2011.11.08 12:00:59.791,0.89814,0.89832,1.04,2.18
2011.11.08 12:01:00.635,0.89821,0.89835,1.50,1.80
2011.11.08 12:01:00.772,0.89822,0.89839,1.50,1.50
2011.11.08 12:01:01.330,0.89826,0.8984,1.50,1.05
2011.11.08 12:01:01.464,0.89827,0.89843,1.50,1.54
2011.11.08 12:01:02.075,0.89827,0.89843,1.50,2.74
2011.11.08 12:01:02.567,0.89827,0.89843,1.50,1.99
2011.11.08 12:01:03.520,0.89828,0.89842,1.04,1.35
2011.11.08 12:01:04.368,0.89828,0.89843,1.04,1.54
2011.11.08 12:01:07.824,0.89828,0.89842,1.04,1.05
2011.11.08 12:01:08.421,0.89828,0.89844,1.79,1.99
2011.11.08 12:01:10.923,0.8983,0.89845,1.13,2.25
2011.11.08 12:01:11.330,0.89833,0.8985,1.50,1.50
2011.11.08 12:01:11.460,0.89835,0.89853,1.50,2.44
2011.11.08 12:01:12.785,0.89835,0.89852,1.50,1.69
2011.11.08 12:01:13.142,0.89843,0.89852,1.35,1.50
2011.11.08 12:01:13.268,0.89843,0.89855,1.35,1.50
2011.11.08 12:01:13.515,0.89845,0.8986,2.10,1.69
2011.11.08 12:01:13.643,0.89844,0.89861,2.25,2.82
2011.11.08 12:01:14.259,0.89843,0.89861,2.39,1.50
2011.11.08 12:01:14.390,0.89843,0.89861,2.10,2.25
2011.11.08 12:01:16.351,0.89843,0.89859,1.35,2.25
2011.11.08 12:01:16.479,0.89843,0.89859,2.10,1.50
2011.11.08 12:01:19.194,0.89843,0.89861,2.10,2.25
2011.11.08 12:01:21.815,0.89844,0.89863,1.50,2.25
2011.11.08 12:01:23.616,0.89845,0.89861,1.35,1.50
2011.11.08 12:01:25.040,0.89846,0.89862,2.85,1.50
2011.11.08 12:01:25.278,0.89848,0.89864,2.10,2.25
2011.11.08 12:01:25.402,0.8985,0.89867,1.35,1.50
2011.11.08 12:01:25.986,0.8985,0.89867,2.39,2.25
2011.11.08 12:01:27.337,0.8985,0.89867,2.39,2.25
2011.11.08 12:01:27.457,0.8985,0.89868,3.14,1.50
2011.11.08 12:01:28.046,0.89851,0.89869,1.50,2.25
2011.11.08 12:01:29.912,0.8985,0.89867,1.35,1.50
2011.11.08 12:01:30.497,0.89848,0.89866,1.79,1.50
2011.11.08 12:01:31.240,0.89849,0.89866,1.50,1.50
2011.11.08 12:01:34.999,0.8985,0.89866,2.10,1.50
2011.11.08 12:01:35.357,0.89851,0.89869,4.54,2.25
2011.11.08 12:01:35.601,0.89853,0.89871,2.25,1.50
2011.11.08 12:01:35.722,0.89854,0.89872,2.25,2.55
2011.11.08 12:01:36.858,0.89854,0.89872,1.50,1.80
2011.11.08 12:01:36.982,0.89853,0.89872,1.97,1.80
2011.11.08 12:01:37.576,0.89854,0.89872,1.35,1.50
2011.11.08 12:01:37.921,0.89862,0.89873,1.50,2.18
2011.11.08 12:01:38.049,0.89864,0.89876,1.50,1.35
2011.11.08 12:01:38.646,0.89862,0.89876,1.50,1.50
2011.11.08 12:01:38.888,0.89862,0.89876,1.50,1.50
2011.11.08 12:01:39.007,0.89862,0.89879,1.50,1.73
2011.11.08 12:01:39.476,0.8986,0.89878,1.79,1.50
2011.11.08 12:01:39.936,0.89859,0.89876,1.50,1.13
2011.11.08 12:01:40.691,0.89859,0.89875,1.50,1.13
2011.11.08 12:01:41.285,0.89857,0.89875,1.50,1.50
2011.11.08 12:01:41.847,0.89857,0.89875,1.50,1.50
2011.11.08 12:01:42.526,0.89857,0.89875,1.50,1.50
2011.11.08 12:01:43.115,0.89858,0.89875,1.50,1.50
2011.11.08 12:01:43.583,0.89856,0.89874,1.79,1.50
2011.11.08 12:01:43.710,0.89856,0.89874,1.04,1.50
2011.11.08 12:01:43.830,0.89856,0.89874,1.04,1.50
2011.11.08 12:01:44.397,0.89854,0.89872,2.10,1.88
2011.11.08 12:01:44.519,0.89854,0.8987,1.35,1.69
2011.11.08 12:01:45.154,0.8985,0.89866,1.04,1.35
2011.11.08 12:01:45.535,0.89845,0.89861,2.10,1.50
2011.11.08 12:01:45.665,0.89843,0.89861,2.16,2.63
2011.11.08 12:01:45.794,0.89842,0.8986,1.82,1.50
2011.11.08 12:01:46.163,0.89839,0.89856,2.91,1.88
2011.11.08 12:01:46.652,0.89838,0.89852,1.04,1.69
2011.11.08 12:01:47.277,0.89835,0.89851,1.04,1.65
2011.11.08 12:01:47.521,0.89835,0.89852,1.04,1.65
2011.11.08 12:01:50.882,0.89835,0.89851,1.04,1.50
2011.11.08 12:01:51.688,0.89836,0.89853,1.04,1.35
2011.11.08 12:01:52.497,0.89836,0.89852,1.04,1.50
2011.11.08 12:01:53.698,0.89834,0.89851,1.04,1.50
2011.11.08 12:01:55.643,0.89833,0.89851,1.22,2.25
2011.11.08 12:01:55.891,0.89833,0.89851,1.97,2.25
2011.11.08 12:01:56.497,0.89833,0.8985,1.97,1.50
2011.11.08 12:01:57.082,0.89834,0.89851,1.50,2.25
2011.11.08 12:02:01.615,0.89834,0.89852,1.79,1.50
2011.11.08 12:02:03.615,0.89834,0.8985,1.04,1.50
2011.11.08 12:02:04.492,0.89832,0.89848,1.50,1.13
2011.11.08 12:02:04.623,0.8983,0.89846,1.50,1.50
2011.11.08 12:02:05.227,0.89828,0.89846,2.54,2.10
2011.11.08 12:02:05.800,0.89828,0.89844,1.79,1.88
2011.11.08 12:02:06.156,0.89825,0.89843,1.79,1.50
2011.11.08 12:02:06.398,0.89825,0.89843,1.50,1.88
2011.11.08 12:02:06.997,0.89823,0.89841,1.50,1.50
2011.11.08 12:02:09.105,0.89823,0.8984,1.50,1.88
2011.11.08 12:02:09.893,0.89824,0.89841,1.50,1.13
2011.11.08 12:02:10.024,0.89823,0.89841,1.50,2.63
2011.11.08 12:02:10.630,0.89823,0.89841,1.50,1.50
2011.11.08 12:02:11.472,0.89823,0.89841,2.25,1.13
2011.11.08 12:02:12.626,0.89824,0.89841,1.50,1.88
2011.11.08 12:02:15.727,0.89824,0.89841,1.50,1.88
2011.11.08 12:02:15.847,0.89826,0.89841,1.50,1.88
2011.11.08 12:02:16.201,0.89825,0.89842,1.50,1.13
2011.11.08 12:02:16.717,0.89825,0.89842,1.50,1.13
2011.11.08 12:02:17.832,0.89825,0.89841,1.50,1.13
2011.11.08 12:02:18.325,0.89823,0.89839,2.52,1.13
2011.11.08 12:02:18.455,0.89823,0.89839,1.77,1.13
2011.11.08 12:02:18.581,0.89823,0.89839,1.77,1.13
2011.11.08 12:02:19.177,0.89823,0.89839,1.58,1.13
2011.11.08 12:02:19.750,0.89823,0.89839,1.58,1.13
2011.11.08 12:02:20.076,0.89823,0.89839,1.58,1.13
2011.11.08 12:02:22.774,0.89823,0.89839,1.58,1.13
2011.11.08 12:02:23.124,0.89823,0.89839,1.58,1.13
2011.11.08 12:02:26.657,0.89821,0.89837,6.08,1.13
2011.11.08 12:02:26.777,0.89821,0.89837,1.50,1.13
2011.11.08 12:02:27.006,0.89821,0.8984,1.50,3.23
2011.11.08 12:02:27.128,0.89822,0.8984,1.50,3.23
2011.11.08 12:02:27.247,0.89821,0.8984,2.25,3.23
2011.11.08 12:02:27.619,0.89821,0.89839,2.25,1.13
2011.11.08 12:02:28.556,0.89821,0.89838,2.25,1.13
2011.11.08 12:02:29.028,0.89821,0.89838,2.25,1.88
2011.11.08 12:02:29.276,0.89819,0.89834,1.04,2.48
2011.11.08 12:02:29.878,0.89816,0.89832,1.13,1.88
2011.11.08 12:02:30.119,0.89813,0.89831,1.50,1.88
2011.11.08 12:02:30.605,0.89811,0.89829,1.79,1.50
2011.11.08 12:02:31.026,0.89807,0.89824,1.13,2.63
2011.11.08 12:02:31.389,0.89805,0.89819,1.13,1.50
2011.11.08 12:02:31.514,0.89804,0.89823,1.04,2.44
2011.11.08 12:02:32.115,0.89804,0.89821,1.04,1.50
2011.11.08 12:02:33.490,0.89803,0.89819,1.04,1.50
2011.11.08 12:02:33.728,0.89803,0.89819,1.04,1.50
2011.11.08 12:02:33.848,0.89801,0.89818,1.04,1.50
2011.11.08 12:02:34.087,0.898,0.89816,1.79,1.13
2011.11.08 12:02:34.662,0.89796,0.89814,4.79,1.13
2011.11.08 12:02:34.912,0.89796,0.89814,2.54,1.88
2011.11.08 12:02:35.039,0.89796,0.89815,2.25,1.88
2011.11.08 12:02:36.128,0.89796,0.89814,1.50,1.50
2011.11.08 12:02:36.698,0.89795,0.89813,2.25,1.88
2011.11.08 12:02:37.180,0.89796,0.89812,1.50,1.13
2011.11.08 12:02:37.780,0.89795,0.89812,1.50,1.13
2011.11.08 12:02:40.145,0.89797,0.89813,1.50,1.50
2011.11.08 12:02:42.734,0.89796,0.89813,1.79,1.50
2011.11.08 12:02:43.304,0.89797,0.89813,1.50,1.50
2011.11.08 12:02:43.894,0.89796,0.89812,1.50,1.13
2011.11.08 12:02:44.487,0.89796,0.89814,1.79,1.88
2011.11.08 12:02:47.628,0.89797,0.89815,2.25,1.50
2011.11.08 12:02:47.939,0.89799,0.89816,1.04,1.50
2011.11.08 12:02:51.044,0.898,0.89816,1.50,1.50
2011.11.08 12:02:51.856,0.898,0.89818,1.50,1.35
2011.11.08 12:02:52.883,0.89798,0.89814,1.35,1.13
2011.11.08 12:02:57.087,0.89798,0.89816,2.10,3.00
2011.11.08 12:02:58.185,0.89798,0.89816,2.10,3.00
2011.11.08 12:03:00.022,0.89798,0.89814,1.35,1.50
2011.11.08 12:03:00.625,0.89798,0.89815,2.85,1.13
2011.11.08 12:03:00.991,0.89798,0.89816,3.89,1.50
2011.11.08 12:03:01.237,0.89799,0.89816,1.35,1.50
2011.11.08 12:03:02.131,0.89799,0.89816,1.35,2.63
2011.11.08 12:03:05.983,0.89799,0.89817,2.54,1.88
2011.11.08 12:03:06.865,0.89801,0.89817,1.04,1.13
2011.11.08 12:03:07.658,0.898,0.89815,1.79,2.85
2011.11.08 12:03:07.777,0.898,0.89816,1.04,2.03
2011.11.08 12:03:09.766,0.89801,0.89816,1.04,2.03
2011.11.08 12:03:10.573,0.898,0.89818,1.04,1.88
2011.11.08 12:03:11.280,0.89803,0.89819,1.04,1.95
2011.11.08 12:03:11.400,0.89803,0.89822,1.79,1.88
2011.11.08 12:03:11.638,0.89806,0.89822,1.04,1.13
2011.11.08 12:03:12.553,0.89804,0.8982,2.54,1.50
2011.11.08 12:03:12.680,0.89805,0.8982,1.04,1.50
2011.11.08 12:03:12.926,0.89802,0.89817,1.79,1.50
2011.11.08 12:03:13.297,0.89799,0.89813,1.04,1.50
2011.11.08 12:03:13.418,0.89799,0.89813,1.04,1.50
2011.11.08 12:03:13.660,0.89798,0.89813,2.16,2.25
2011.11.08 12:03:13.783,0.89797,0.89813,3.66,2.25
2011.11.08 12:03:14.367,0.89797,0.89811,1.88,1.50
2011.11.08 12:03:14.493,0.89796,0.89811,2.39,1.50
2011.11.08 12:03:14.619,0.89796,0.89811,1.64,1.50
2011.11.08 12:03:14.861,0.89798,0.89812,1.04,1.13
2011.11.08 12:03:14.988,0.89797,0.89812,1.79,3.38
2011.11.08 12:03:15.110,0.89795,0.8981,2.16,1.50
2011.11.08 12:03:15.707,0.89795,0.8981,1.79,2.25
2011.11.08 12:03:15.951,0.89792,0.89808,2.16,2.25
2011.11.08 12:03:16.071,0.89791,0.89804,2.16,1.50
2011.11.08 12:03:16.431,0.89789,0.89804,2.16,1.50
2011.11.08 12:03:16.561,0.89789,0.89805,2.16,1.69
2011.11.08 12:03:16.690,0.89796,0.89805,1.04,1.50
2011.11.08 12:03:17.052,0.89806,0.89818,1.50,1.50
2011.11.08 12:03:17.563,0.89796,0.89812,4.79,1.50
2011.11.08 12:03:17.932,0.89797,0.8981,1.41,3.00
2011.11.08 12:03:18.301,0.89793,0.89811,2.91,1.88
2011.11.08 12:03:18.662,0.89795,0.89812,1.04,1.50
2011.11.08 12:03:18.911,0.89799,0.89815,2.25,1.13
2011.11.08 12:03:19.038,0.89797,0.89813,1.04,1.50
2011.11.08 12:03:19.399,0.89794,0.89812,5.16,1.50
2011.11.08 12:03:19.998,0.89794,0.89812,4.41,2.25
2011.11.08 12:03:20.599,0.89795,0.89813,2.63,1.50
2011.11.08 12:03:20.723,0.89798,0.89813,1.04,1.50
2011.11.08 12:03:21.106,0.89799,0.89817,1.50,3.00
2011.11.08 12:03:21.233,0.89798,0.89814,1.50,1.50
2011.11.08 12:03:21.360,0.89796,0.89812,2.63,2.25
2011.11.08 12:03:21.600,0.89797,0.89811,1.13,1.50
2011.11.08 12:03:21.840,0.89796,0.89811,1.88,1.50
2011.11.08 12:03:22.081,0.89793,0.89809,1.41,1.50
2011.11.08 12:03:22.743,0.89795,0.89809,1.04,1.50
2011.11.08 12:03:22.882,0.89798,0.89813,1.04,1.13
2011.11.08 12:03:23.011,0.89799,0.89817,1.50,3.00
2011.11.08 12:03:23.139,0.89801,0.89817,1.50,1.88
2011.11.08 12:03:23.706,0.898,0.89817,1.50,1.13
2011.11.08 12:03:23.831,0.89798,0.89814,1.50,1.13
2011.11.08 12:03:23.951,0.89797,0.89814,1.13,1.50
2011.11.08 12:03:24.078,0.89796,0.8981,2.63,1.50
2011.11.08 12:03:24.648,0.89796,0.8981,2.63,1.50
2011.11.08 12:03:24.877,0.89796,0.89812,2.63,2.25
2011.11.08 12:03:25.124,0.89793,0.89809,2.91,1.50
2011.11.08 12:03:25.488,0.89799,0.89817,1.50,1.88
2011.11.08 12:03:25.727,0.89797,0.89816,2.16,1.50
2011.11.08 12:03:26.089,0.89797,0.89813,1.50,1.69
2011.11.08 12:03:26.576,0.89794,0.89808,1.13,1.50
2011.11.08 12:03:26.951,0.89793,0.89808,1.50,1.50
2011.11.08 12:03:27.083,0.89798,0.89812,3.00,1.50
2011.11.08 12:03:27.208,0.89794,0.89811,1.04,1.50
2011.11.08 12:03:27.796,0.89795,0.89811,1.04,2.25
2011.11.08 12:03:28.711,0.89797,0.89811,1.04,1.50
2011.11.08 12:03:28.840,0.89798,0.89816,4.04,1.88
2011.11.08 12:03:28.961,0.898,0.89818,1.50,1.88
2011.11.08 12:03:29.210,0.89801,0.89818,1.13,1.50
2011.11.08 12:03:29.566,0.89801,0.89818,2.16,1.50
2011.11.08 12:03:30.241,0.89804,0.8982,1.13,1.50
2011.11.08 12:03:30.360,0.89808,0.89823,1.50,1.50
2011.11.08 12:03:30.693,0.89808,0.89826,2.16,3.30
2011.11.08 12:03:30.947,0.89813,0.8983,1.79,2.29
2011.11.08 12:03:31.527,0.89813,0.89829,1.04,1.69
2011.11.08 12:03:32.084,0.89813,0.89829,1.04,1.88
2011.11.08 12:03:32.659,0.89812,0.89829,1.50,1.13
2011.11.08 12:03:33.679,0.89811,0.89828,2.25,1.69
2011.11.08 12:03:34.258,0.89813,0.89829,1.50,1.50
2011.11.08 12:03:34.623,0.89824,0.89838,1.50,1.50
2011.11.08 12:03:34.751,0.89826,0.8984,1.50,1.88
2011.11.08 12:03:34.869,0.89828,0.89843,1.04,1.13
2011.11.08 12:03:34.991,0.89831,0.89846,1.04,1.50
2011.11.08 12:03:35.757,0.89828,0.89844,1.79,1.50
2011.11.08 12:03:35.881,0.89828,0.89846,1.79,3.00
2011.11.08 12:03:36.447,0.89829,0.89846,1.04,3.00
2011.11.08 12:03:37.292,0.89825,0.8984,1.04,1.50
2011.11.08 12:03:37.540,0.89825,0.89843,1.04,2.55
2011.11.08 12:03:37.783,0.89824,0.8984,1.04,1.50
2011.11.08 12:03:38.148,0.89819,0.89836,1.79,1.13
2011.11.08 12:03:38.268,0.89818,0.89836,1.79,1.13
2011.11.08 12:03:38.390,0.89818,0.89836,1.79,1.88
2011.11.08 12:03:39.402,0.89816,0.89834,1.04,1.88
2011.11.08 12:03:39.539,0.89815,0.89832,1.04,1.50
2011.11.08 12:03:39.915,0.89816,0.89832,3.00,1.13
2011.11.08 12:03:40.042,0.89815,0.89831,1.50,3.75
2011.11.08 12:03:40.173,0.89812,0.89829,1.04,1.50
2011.11.08 12:03:40.423,0.8981,0.89827,1.04,1.50
2011.11.08 12:03:40.553,0.89808,0.89827,1.04,1.50
2011.11.08 12:03:40.684,0.89808,0.89827,1.04,1.50
2011.11.08 12:03:41.209,0.8981,0.8983,2.25,1.88
2011.11.08 12:03:41.570,0.89811,0.89829,1.04,1.50
2011.11.08 12:03:42.160,0.89813,0.89831,1.04,2.63
2011.11.08 12:03:42.640,0.89813,0.8983,1.79,1.05
2011.11.08 12:03:42.762,0.89809,0.89824,1.79,1.50
2011.11.08 12:03:42.888,0.89809,0.89824,1.04,1.50
2011.11.08 12:03:43.129,0.89808,0.89826,1.79,2.25
2011.11.08 12:03:43.571,0.89809,0.89827,3.00,1.50
2011.11.08 12:03:43.701,0.89811,0.89829,1.50,1.50
2011.11.08 12:03:44.549,0.8981,0.89828,1.04,1.50
2011.11.08 12:03:45.128,0.8981,0.89828,1.79,1.50
2011.11.08 12:03:45.686,0.89812,0.89829,1.50,1.50
2011.11.08 12:03:46.047,0.89819,0.89831,1.50,1.50
2011.11.08 12:03:46.172,0.89822,0.89833,1.50,1.50
2011.11.08 12:03:46.303,0.89814,0.89833,1.50,1.50
2011.11.08 12:03:46.433,0.89813,0.89829,1.69,1.50
2011.11.08 12:03:47.848,0.89816,0.89832,1.50,1.50
2011.11.08 12:03:48.211,0.89821,0.89838,2.25,1.13
2011.11.08 12:03:48.824,0.89823,0.89839,1.50,2.10
2011.11.08 12:03:48.950,0.89822,0.89839,1.79,2.10
2011.11.08 12:03:49.420,0.89819,0.89835,1.50,1.13
2011.11.08 12:03:49.899,0.89816,0.89834,1.04,1.50
2011.11.08 12:03:50.698,0.89815,0.89834,1.04,2.25
2011.11.08 12:03:52.147,0.89814,0.89831,1.04,2.25
2011.11.08 12:03:53.526,0.89814,0.89831,1.04,2.25
2011.11.08 12:03:53.770,0.89819,0.89837,1.50,1.88
2011.11.08 12:03:54.357,0.89819,0.89837,1.50,1.88
2011.11.08 12:03:54.817,0.89818,0.89836,1.50,1.88
2011.11.08 12:03:54.939,0.89817,0.89835,3.00,3.38
2011.11.08 12:03:55.177,0.89814,0.89833,1.79,1.50
2011.11.08 12:03:55.697,0.89814,0.89833,1.04,2.25
2011.11.08 12:03:55.831,0.89812,0.89831,2.35,1.50
2011.11.08 12:03:56.080,0.89811,0.89829,1.41,2.25
2011.11.08 12:03:56.442,0.89814,0.89829,3.75,1.50
2011.11.08 12:03:56.815,0.89814,0.89831,2.25,2.25
2011.11.08 12:03:57.423,0.89812,0.89827,1.13,1.50
2011.11.08 12:03:57.656,0.89812,0.89827,1.13,1.50
2011.11.08 12:03:59.491,0.89814,0.89829,2.25,1.50
2011.11.08 12:03:59.847,0.89816,0.89834,2.25,1.32
2011.11.08 12:04:00.528,0.89816,0.89834,1.79,1.13
2011.11.08 12:04:01.010,0.89814,0.89832,1.50,1.50
2011.11.08 12:04:01.128,0.89812,0.8983,3.29,2.25
2011.11.08 12:04:03.463,0.89813,0.89831,1.41,1.50
2011.11.08 12:04:03.950,0.89812,0.8983,2.16,2.25
2011.11.08 12:04:04.538,0.89811,0.89829,1.88,1.50
2011.11.08 12:04:05.021,0.89816,0.89831,3.00,1.50
2011.11.08 12:04:05.137,0.89815,0.89831,1.04,1.50
2011.11.08 12:04:05.458,0.89811,0.8983,1.88,1.50
2011.11.08 12:04:06.060,0.89812,0.89829,1.50,1.50
2011.11.08 12:04:06.870,0.89819,0.8983,2.25,1.50
2011.11.08 12:04:06.991,0.8982,0.89836,1.50,1.32
2011.11.08 12:04:07.109,0.89822,0.89837,1.50,1.50
2011.11.08 12:04:07.346,0.89824,0.89838,1.50,1.50
2011.11.08 12:04:08.151,0.89818,0.89834,2.54,1.50
2011.11.08 12:04:08.697,0.89816,0.89834,1.79,1.50
2011.11.08 12:04:10.650,0.89816,0.89834,1.79,1.50
2011.11.08 12:04:10.892,0.89816,0.89832,1.04,1.50
2011.11.08 12:04:11.732,0.89814,0.89832,3.75,2.25
2011.11.08 12:04:15.013,0.89816,0.89834,2.54,1.50
2011.11.08 12:04:15.616,0.89816,0.89835,1.79,1.80
2011.11.08 12:04:18.550,0.89816,0.89834,1.79,1.50
2011.11.08 12:04:19.851,0.89816,0.89833,1.04,1.50
2011.11.08 12:04:20.816,0.89819,0.89833,2.25,1.50
2011.11.08 12:04:21.181,0.8982,0.89837,1.50,1.05
2011.11.08 12:04:21.525,0.8982,0.89837,1.50,1.05
2011.11.08 12:04:24.387,0.89822,0.89837,1.50,1.05
2011.11.08 12:04:24.509,0.89823,0.89839,1.50,1.54
2011.11.08 12:04:24.736,0.89823,0.8984,1.50,1.80
2011.11.08 12:04:25.295,0.89823,0.8984,1.50,1.80
2011.11.08 12:04:26.305,0.89823,0.8984,1.50,2.40
2011.11.08 12:04:30.274,0.89823,0.89839,1.50,1.50
2011.11.08 12:04:30.404,0.89816,0.89834,3.29,1.50
2011.11.08 12:04:31.006,0.89816,0.89835,1.79,2.25
2011.11.08 12:04:31.237,0.89816,0.89835,1.79,2.25
2011.11.08 12:04:34.467,0.89815,0.89833,1.04,1.88
2011.11.08 12:04:35.007,0.89812,0.89831,2.35,1.50
2011.11.08 12:04:35.137,0.89811,0.89828,1.04,1.50
2011.11.08 12:04:35.738,0.89811,0.89828,1.79,1.50
2011.11.08 12:04:36.308,0.89811,0.89827,1.79,1.50
2011.11.08 12:04:37.220,0.89811,0.89827,1.04,1.50
2011.11.08 12:04:37.809,0.89811,0.89827,1.79,1.50
2011.11.08 12:04:38.401,0.89816,0.8983,1.50,1.88
2011.11.08 12:04:39.011,0.89819,0.89833,1.79,1.32
2011.11.08 12:04:39.252,0.89819,0.89834,1.04,1.32
2011.11.08 12:04:39.382,0.89813,0.89831,1.79,1.13
2011.11.08 12:04:39.508,0.8981,0.89831,1.04,1.13
2011.11.08 12:04:39.629,0.89808,0.89827,2.16,1.50
2011.11.08 12:04:40.219,0.89809,0.89829,1.04,1.50
2011.11.08 12:04:40.929,0.8981,0.89829,1.04,1.50
2011.11.08 12:04:41.170,0.89814,0.89832,1.50,2.44
2011.11.08 12:04:41.409,0.89817,0.89833,1.04,1.54
2011.11.08 12:04:41.530,0.89817,0.89834,1.79,1.92
2011.11.08 12:04:42.147,0.89814,0.89829,1.04,1.50
2011.11.08 12:04:42.271,0.8981,0.89828,2.54,1.50
2011.11.08 12:04:43.192,0.89818,0.8983,1.50,1.13
2011.11.08 12:04:43.319,0.89818,0.89835,1.50,2.10
2011.11.08 12:04:43.565,0.89821,0.89836,1.50,1.13
2011.11.08 12:04:43.690,0.89823,0.89839,1.50,2.10
2011.11.08 12:04:44.400,0.89823,0.89839,1.04,2.10
2011.11.08 12:04:44.520,0.89819,0.89837,1.50,1.50
2011.11.08 12:04:45.299,0.89815,0.89833,1.04,1.50
2011.11.08 12:04:45.429,0.89815,0.89832,1.04,1.50
2011.11.08 12:04:48.530,0.89819,0.89835,1.50,1.88
2011.11.08 12:04:48.889,0.89817,0.89834,1.04,1.50
2011.11.08 12:04:49.416,0.89817,0.89835,1.79,2.63
2011.11.08 12:04:49.549,0.89817,0.89833,1.79,1.50
2011.11.08 12:04:50.116,0.89817,0.89834,1.79,1.50
2011.11.08 12:04:50.696,0.89817,0.89834,1.04,1.50
2011.11.08 12:04:52.507,0.89817,0.89835,1.79,1.88
2011.11.08 12:04:53.275,0.89817,0.89835,1.79,1.88
2011.11.08 12:04:55.105,0.89817,0.89836,2.54,2.44
2011.11.08 12:04:55.456,0.89819,0.89836,1.50,1.88
2011.11.08 12:04:56.015,0.89819,0.89836,1.50,1.50
2011.11.08 12:04:58.126,0.89819,0.89836,1.50,1.50
2011.11.08 12:05:00.638,0.8982,0.89836,1.50,1.50
2011.11.08 12:05:00.997,0.89825,0.89841,1.50,2.07
2011.11.08 12:05:01.347,0.89824,0.89841,1.50,3.19
2011.11.08 12:05:01.917,0.89823,0.8984,1.79,1.13
2011.11.08 12:05:02.507,0.89825,0.8984,1.50,1.13
2011.11.08 12:05:02.627,0.89825,0.89841,1.50,3.00
2011.11.08 12:05:02.861,0.89832,0.89845,1.50,2.25
2011.11.08 12:05:03.106,0.89833,0.89853,2.16,2.63
2011.11.08 12:05:03.233,0.89835,0.89852,1.50,1.50
2011.11.08 12:05:03.601,0.89828,0.89844,2.91,1.88
2011.11.08 12:05:03.717,0.89828,0.89844,2.91,1.88
2011.11.08 12:05:04.238,0.89829,0.89844,1.41,1.88
2011.11.08 12:05:04.827,0.89829,0.89844,1.41,1.88
2011.11.08 12:05:05.626,0.89829,0.89844,1.41,1.88
2011.11.08 12:05:05.874,0.89833,0.89845,2.85,3.00
2011.11.08 12:05:05.998,0.89834,0.89851,1.50,2.63
2011.11.08 12:05:06.240,0.89833,0.89846,1.73,2.10
2011.11.08 12:05:06.357,0.89832,0.89846,2.01,2.10
2011.11.08 12:05:07.049,0.89833,0.8985,1.73,1.13
2011.11.08 12:05:07.410,0.89833,0.8985,2.76,4.35
2011.11.08 12:05:10.658,0.89833,0.89849,2.54,2.10
2011.11.08 12:05:11.131,0.89834,0.8985,2.25,1.88
2011.11.08 12:05:11.257,0.89835,0.89851,1.50,1.13
2011.11.08 12:05:11.505,0.89842,0.89855,1.50,2.63
2011.11.08 12:05:11.751,0.89844,0.89856,1.50,1.88
2011.11.08 12:05:12.593,0.89842,0.89857,1.04,1.32
2011.11.08 12:05:13.317,0.89841,0.89857,2.54,1.13
2011.11.08 12:05:13.793,0.89838,0.89856,1.50,1.88
2011.11.08 12:05:13.923,0.89838,0.89854,1.50,1.50
2011.11.08 12:05:14.509,0.89836,0.89854,2.54,1.50
2011.11.08 12:05:16.911,0.89837,0.89855,1.50,3.00
2011.11.08 12:05:17.028,0.89837,0.89855,1.50,2.25
2011.11.08 12:05:17.149,0.89837,0.89855,1.50,2.25
2011.11.08 12:05:17.719,0.89837,0.89855,1.50,2.63
2011.11.08 12:05:19.008,0.89835,0.89851,1.79,1.13
2011.11.08 12:05:19.477,0.89835,0.89851,1.50,3.19
2011.11.08 12:05:20.036,0.89834,0.89849,1.04,1.13
2011.11.08 12:05:20.605,0.89833,0.89849,2.54,1.13
2011.11.08 12:05:22.868,0.89834,0.89851,1.04,1.54
2011.11.08 12:05:22.988,0.89835,0.89853,1.50,1.50
2011.11.08 12:05:23.470,0.89838,0.89857,1.50,3.30
2011.11.08 12:05:24.897,0.89838,0.89856,1.50,1.88
2011.11.08 12:05:27.008,0.8984,0.89856,1.50,2.25
2011.11.08 12:05:28.058,0.89837,0.89855,1.50,1.13
2011.11.08 12:05:28.424,0.89837,0.89855,1.50,1.13
2011.11.08 12:05:28.910,0.89836,0.89852,2.24,1.13
2011.11.08 12:05:29.509,0.89835,0.89851,1.95,1.43
2011.11.08 12:05:29.748,0.89834,0.89851,1.50,2.18
2011.11.08 12:05:30.338,0.89835,0.89851,1.04,1.80
2011.11.08 12:05:30.846,0.89836,0.89852,2.54,1.24
2011.11.08 12:05:31.225,0.89841,0.89856,1.04,2.55
2011.11.08 12:05:31.472,0.89839,0.89857,1.79,1.80
2011.11.08 12:05:37.356,0.89841,0.89858,3.60,1.35
2011.11.08 12:05:37.480,0.89842,0.8986,1.50,1.65
2011.11.08 12:05:37.708,0.89841,0.8986,1.50,2.25
2011.11.08 12:05:39.057,0.89842,0.8986,1.50,1.50
2011.11.08 12:05:40.088,0.89842,0.8986,1.04,1.50
2011.11.08 12:05:40.209,0.89841,0.89858,1.04,1.50
2011.11.08 12:05:40.731,0.89841,0.89857,1.50,1.50
2011.11.08 12:05:40.857,0.89841,0.89859,1.50,2.44
2011.11.08 12:05:42.697,0.89841,0.89859,3.60,2.44
2011.11.08 12:05:42.937,0.89843,0.89861,2.10,2.25
2011.11.08 12:05:43.496,0.89843,0.89861,2.10,1.50
2011.11.08 12:05:43.617,0.89842,0.89859,1.35,1.50
2011.11.08 12:05:43.740,0.89841,0.89859,1.04,3.00
2011.11.08 12:05:43.858,0.89841,0.89857,1.04,3.23
2011.11.08 12:05:44.446,0.8984,0.89857,1.79,1.50
2011.11.08 12:05:45.393,0.89841,0.8986,1.50,2.63
2011.11.08 12:05:45.530,0.89842,0.8986,1.50,1.88
2011.11.08 12:05:45.866,0.89844,0.89861,1.50,1.65
2011.11.08 12:05:46.122,0.89846,0.89864,1.50,3.00
2011.11.08 12:05:47.408,0.89847,0.89862,1.04,1.73
2011.11.08 12:05:47.529,0.89846,0.89862,1.79,2.97
2011.11.08 12:05:47.654,0.89844,0.89859,2.16,2.85
2011.11.08 12:05:48.239,0.89844,0.89859,1.04,2.85
2011.11.08 12:05:48.606,0.89853,0.89866,1.50,2.40
2011.11.08 12:05:49.128,0.89851,0.89866,1.04,4.47
2011.11.08 12:05:49.730,0.89851,0.89864,1.04,1.35
2011.11.08 12:05:50.577,0.89854,0.89866,1.13,1.05
2011.11.08 12:05:50.700,0.89857,0.89871,2.10,1.88
2011.11.08 12:05:51.298,0.89858,0.89872,2.10,1.50
2011.11.08 12:05:52.994,0.89858,0.89874,2.10,1.50
2011.11.08 12:05:53.479,0.89859,0.89877,2.10,1.69
2011.11.08 12:05:54.901,0.89859,0.89875,1.35,1.50
2011.11.08 12:05:55.500,0.89857,0.89872,2.10,1.50
2011.11.08 12:05:55.622,0.89852,0.89871,2.16,1.50
2011.11.08 12:05:55.749,0.89852,0.8987,2.16,1.50
2011.11.08 12:05:56.780,0.89852,0.89868,1.41,1.50
2011.11.08 12:05:59.981,0.89854,0.8987,3.29,1.88
2011.11.08 12:06:00.100,0.89856,0.89872,1.50,2.25
2011.11.08 12:06:00.702,0.89857,0.89875,3.00,3.75
2011.11.08 12:06:00.964,0.89854,0.89869,1.04,1.50
2011.11.08 12:06:01.090,0.89852,0.89869,1.04,1.50
2011.11.08 12:06:01.689,0.89852,0.89868,1.04,1.50
2011.11.08 12:06:04.656,0.89852,0.89868,1.04,1.50
2011.11.08 12:06:05.228,0.89852,0.89868,1.04,1.50
2011.11.08 12:06:05.456,0.89852,0.89868,1.04,1.50
2011.11.08 12:06:05.687,0.89852,0.89868,1.04,1.50
2011.11.08 12:06:05.808,0.89851,0.89868,1.04,1.50
2011.11.08 12:06:07.887,0.89851,0.89868,1.04,1.50
2011.11.08 12:06:09.007,0.89851,0.89868,1.04,1.50
2011.11.08 12:06:09.576,0.89851,0.89868,1.04,1.50
2011.11.08 12:06:10.170,0.89851,0.89868,1.04,1.50
2011.11.08 12:06:10.755,0.89851,0.89868,1.04,1.50
2011.11.08 12:06:13.017,0.89851,0.8987,1.79,2.25
2011.11.08 12:06:13.665,0.89851,0.8987,1.04,2.25
2011.11.08 12:06:14.271,0.89854,0.8987,1.04,2.25
2011.11.08 12:06:20.557,0.89854,0.89869,1.04,1.50
2011.11.08 12:06:20.676,0.89854,0.8987,1.04,2.44
2011.11.08 12:06:21.235,0.89854,0.89868,1.04,1.50
2011.11.08 12:06:22.357,0.89854,0.89869,1.04,1.50
2011.11.08 12:06:24.530,0.89854,0.89871,1.04,1.88
2011.11.08 12:06:24.648,0.89854,0.89871,1.04,1.13
2011.11.08 12:06:27.353,0.89854,0.8987,1.04,1.50
2011.11.08 12:06:27.929,0.89854,0.89869,1.04,1.50
2011.11.08 12:06:29.799,0.89854,0.89869,1.04,1.50
2011.11.08 12:06:31.250,0.8985,0.89866,2.54,1.50
2011.11.08 12:06:32.434,0.8985,0.89867,1.04,1.50
2011.11.08 12:06:33.028,0.8985,0.89866,1.04,1.50
2011.11.08 12:06:34.590,0.89848,0.89867,3.66,1.88
2011.11.08 12:06:36.721,0.89852,0.89867,2.25,1.50
2011.11.08 12:06:36.844,0.89853,0.89869,1.50,2.25
2011.11.08 12:06:37.088,0.89851,0.89867,1.04,1.50
2011.11.08 12:06:38.645,0.89852,0.89867,2.25,1.50
2011.11.08 12:06:38.769,0.89852,0.8987,3.60,2.25
2011.11.08 12:06:39.469,0.89853,0.89871,3.29,1.50
2011.11.08 12:06:39.709,0.89856,0.89872,1.50,1.80
2011.11.08 12:06:40.287,0.89855,0.89872,3.36,1.05
2011.11.08 12:06:41.172,0.89856,0.89873,1.50,1.05
2011.11.08 12:06:42.158,0.89855,0.89873,1.04,1.24
2011.11.08 12:06:42.630,0.89855,0.89872,1.04,1.50
2011.11.08 12:06:42.748,0.89853,0.89871,3.29,1.50
2011.11.08 12:06:43.331,0.89853,0.89871,3.29,1.50
2011.11.08 12:06:43.689,0.89854,0.89872,1.50,1.50
2011.11.08 12:06:45.507,0.89853,0.89871,3.29,2.25
2011.11.08 12:06:45.627,0.89853,0.89871,3.29,1.50
2011.11.08 12:06:46.186,0.89854,0.89871,1.50,1.50
2011.11.08 12:06:59.968,0.89853,0.89871,1.04,2.25
2011.11.08 12:07:00.577,0.89852,0.89868,1.35,1.28
2011.11.08 12:07:00.933,0.89849,0.89865,2.25,1.50
2011.11.08 12:07:01.354,0.89849,0.89864,2.25,1.80
2011.11.08 12:07:01.959,0.89849,0.89864,1.50,1.80
2011.11.08 12:07:02.084,0.8985,0.89866,1.50,1.24
2011.11.08 12:07:02.331,0.8985,0.89864,1.50,1.80
2011.11.08 12:07:02.700,0.8985,0.89864,1.50,1.05
2011.11.08 12:07:02.928,0.89848,0.89864,2.25,1.05
2011.11.08 12:07:04.390,0.89848,0.89866,1.50,1.43
2011.11.08 12:07:04.991,0.89848,0.89866,1.50,1.43
2011.11.08 12:07:08.069,0.89852,0.89867,1.35,1.05
2011.11.08 12:07:08.192,0.89854,0.89869,1.50,1.50
2011.11.08 12:07:08.791,0.89854,0.89869,1.50,1.50
2011.11.08 12:07:09.386,0.89853,0.89871,1.50,1.50
2011.11.08 12:07:09.740,0.89852,0.89869,1.50,2.25
2011.11.08 12:07:10.766,0.89853,0.89869,1.50,2.25
2011.11.08 12:07:11.346,0.89852,0.8987,1.50,3.38
2011.11.08 12:07:11.923,0.89856,0.89869,2.10,1.50
2011.11.08 12:07:12.170,0.8986,0.89873,1.50,2.25
2011.11.08 12:07:12.412,0.8986,0.89878,1.50,2.25
2011.11.08 12:07:12.539,0.89859,0.89877,2.25,1.50
2011.11.08 12:07:13.138,0.89859,0.89877,1.50,1.50
2011.11.08 12:07:21.758,0.89859,0.89878,1.50,2.25
2011.11.08 12:07:21.878,0.89861,0.89878,1.50,1.50
2011.11.08 12:07:23.231,0.89883,0.89887,0.75,3.53
2011.11.08 12:07:23.483,0.89879,0.89892,3.00,3.24
2011.11.08 12:07:23.612,0.89876,0.89892,1.50,2.10
2011.11.08 12:07:23.741,0.89871,0.89888,1.79,1.50
2011.11.08 12:07:23.859,0.89868,0.89887,1.69,1.50
2011.11.08 12:07:23.979,0.89869,0.89887,1.50,1.50
2011.11.08 12:07:24.338,0.89876,0.89894,1.50,1.50
2011.11.08 12:07:24.579,0.89877,0.89895,1.50,1.50
2011.11.08 12:07:24.697,0.89877,0.89897,2.07,4.80
2011.11.08 12:07:24.928,0.8988,0.89898,2.63,1.50
2011.11.08 12:07:25.399,0.89882,0.899,2.07,1.50
2011.11.08 12:07:25.518,0.89884,0.89901,1.13,2.25
2011.11.08 12:07:26.099,0.89886,0.89902,1.50,1.50
2011.11.08 12:07:28.505,0.89886,0.89903,2.25,2.63
2011.11.08 12:07:29.066,0.89886,0.89903,2.25,1.88
2011.11.08 12:07:29.860,0.89885,0.89902,2.25,1.50
2011.11.08 12:07:31.340,0.89885,0.89901,1.50,1.50
2011.11.08 12:07:32.273,0.89883,0.89901,1.79,1.50
2011.11.08 12:07:32.520,0.89883,0.899,1.04,1.50
2011.11.08 12:07:32.640,0.89884,0.89901,2.25,1.50
2011.11.08 12:07:33.341,0.89884,0.89902,1.50,2.25
2011.11.08 12:07:34.020,0.89884,0.89902,2.25,2.25
2011.11.08 12:07:34.928,0.89885,0.89901,1.50,1.50
2011.11.08 12:07:35.485,0.89883,0.89901,2.91,1.50
2011.11.08 12:07:36.077,0.89885,0.89901,1.50,1.50
2011.11.08 12:07:36.747,0.89883,0.89901,2.54,1.50
2011.11.08 12:07:37.306,0.89884,0.89901,1.50,1.50
2011.11.08 12:07:37.428,0.89885,0.89904,1.50,1.50
2011.11.08 12:07:37.547,0.89884,0.89902,1.79,1.50
2011.11.08 12:07:38.010,0.89883,0.89902,2.54,2.25
2011.11.08 12:07:38.862,0.89881,0.89897,2.29,1.50
2011.11.08 12:07:39.003,0.8988,0.89896,1.54,2.25
2011.11.08 12:07:39.590,0.89883,0.89898,1.50,1.50
2011.11.08 12:07:39.711,0.89883,0.899,2.25,2.25
2011.11.08 12:07:40.309,0.89884,0.89902,2.25,2.25
2011.11.08 12:07:40.887,0.89884,0.89902,2.25,2.25
2011.11.08 12:07:41.456,0.89884,0.89902,1.50,2.25
2011.11.08 12:07:42.048,0.89884,0.89902,2.25,2.25
2011.11.08 12:07:43.870,0.89885,0.89902,3.00,1.50
2011.11.08 12:07:44.339,0.89884,0.89902,1.50,1.50
2011.11.08 12:07:45.891,0.89883,0.899,3.00,1.50
2011.11.08 12:07:46.467,0.89883,0.899,1.50,1.50
2011.11.08 12:07:48.695,0.89882,0.899,2.25,1.88
2011.11.08 12:07:49.784,0.89882,0.899,2.25,1.88
2011.11.08 12:07:52.387,0.89881,0.89898,1.79,1.50
2011.11.08 12:07:52.729,0.8988,0.89897,1.50,2.44
2011.11.08 12:07:53.354,0.89879,0.89894,1.50,1.50
2011.11.08 12:07:53.948,0.89879,0.89897,1.50,2.44
2011.11.08 12:07:54.300,0.89878,0.89894,1.88,2.10
2011.11.08 12:07:54.423,0.89877,0.89892,3.00,1.50
2011.11.08 12:07:54.549,0.89873,0.89889,1.04,1.50
2011.11.08 12:07:54.912,0.89876,0.89894,1.50,2.78
2011.11.08 12:07:55.042,0.89872,0.89889,3.23,1.50
2011.11.08 12:07:55.619,0.89872,0.89889,1.73,1.50
2011.11.08 12:07:56.219,0.89872,0.89888,1.13,1.50
2011.11.08 12:07:56.887,0.89873,0.89888,3.60,1.50
2011.11.08 12:07:57.134,0.89874,0.89891,1.50,1.50
2011.11.08 12:07:57.741,0.89873,0.8989,2.54,1.50
2011.11.08 12:07:58.209,0.89872,0.8989,2.54,3.00
2011.11.08 12:07:58.329,0.89872,0.8989,2.54,2.25
2011.11.08 12:07:58.572,0.89872,0.8989,1.04,2.25
2011.11.08 12:07:58.932,0.8988,0.89893,1.50,1.13
2011.11.08 12:07:59.061,0.8988,0.89894,1.50,2.07
2011.11.08 12:07:59.181,0.89875,0.89892,1.04,2.25
2011.11.08 12:07:59.298,0.89874,0.89891,1.79,1.50
2011.11.08 12:07:59.878,0.89873,0.8989,1.88,1.50
2011.11.08 12:08:01.610,0.89874,0.8989,2.63,1.50
2011.11.08 12:08:01.972,0.89875,0.89891,1.50,1.50
2011.11.08 12:08:02.338,0.89871,0.89886,2.91,1.50
2011.11.08 12:08:02.807,0.89868,0.89886,2.39,1.50
2011.11.08 12:08:02.929,0.89867,0.89883,5.01,1.50
2011.11.08 12:08:03.398,0.89867,0.89882,3.23,1.50
2011.11.08 12:08:03.746,0.89868,0.89882,1.73,1.50
2011.11.08 12:08:04.110,0.89868,0.89885,4.58,1.50
2011.11.08 12:08:04.349,0.89869,0.89884,1.13,1.50
2011.11.08 12:08:05.195,0.89869,0.89884,2.63,1.50
2011.11.08 12:08:05.778,0.89869,0.89884,3.00,2.25
2011.11.08 12:08:06.139,0.89873,0.89887,1.13,1.50
2011.11.08 12:08:06.379,0.89871,0.89887,1.88,1.50
2011.11.08 12:08:06.947,0.89871,0.89887,2.63,1.50
2011.11.08 12:08:07.861,0.8987,0.89887,1.79,1.50
2011.11.08 12:08:08.103,0.89873,0.89889,1.04,1.50
2011.11.08 12:08:08.470,0.89873,0.89889,1.41,1.50
2011.11.08 12:08:08.960,0.89879,0.89892,1.50,2.25
2011.11.08 12:08:09.092,0.89877,0.89891,1.50,1.50
2011.11.08 12:08:09.223,0.89873,0.89887,1.64,1.50
2011.11.08 12:08:09.354,0.89871,0.89887,1.79,1.50
2011.11.08 12:08:09.483,0.89869,0.89886,1.13,1.50
2011.11.08 12:08:09.734,0.89868,0.89886,2.25,1.50
2011.11.08 12:08:09.857,0.89868,0.89886,2.25,1.50
2011.11.08 12:08:10.209,0.89869,0.89887,1.50,1.69
2011.11.08 12:08:10.758,0.89867,0.89883,2.63,1.69
2011.11.08 12:08:10.890,0.89865,0.89882,1.13,2.25
2011.11.08 12:08:11.132,0.89871,0.8988,2.25,1.50
2011.11.08 12:08:11.578,0.89871,0.89884,3.00,1.50
2011.11.08 12:08:11.838,0.89867,0.89884,2.25,1.50
2011.11.08 12:08:11.964,0.89868,0.89884,1.50,1.50
2011.11.08 12:08:12.093,0.8987,0.89884,1.50,1.50
2011.11.08 12:08:12.698,0.8987,0.89884,1.50,1.50
2011.11.08 12:08:12.940,0.89868,0.89884,1.13,1.50
2011.11.08 12:08:13.182,0.89867,0.89884,1.79,2.25
2011.11.08 12:08:13.791,0.89866,0.89882,1.41,1.50
2011.11.08 12:08:14.674,0.89866,0.89883,1.13,1.50
2011.11.08 12:08:15.046,0.89864,0.89881,2.25,1.50
2011.11.08 12:08:15.294,0.89864,0.89881,3.00,1.50
2011.11.08 12:08:15.546,0.89866,0.89883,3.29,1.80
2011.11.08 12:08:16.035,0.8987,0.89885,1.04,1.50
2011.11.08 12:08:16.163,0.89869,0.89886,1.04,1.50
2011.11.08 12:08:16.742,0.89873,0.89889,1.50,1.50
2011.11.08 12:08:17.110,0.89873,0.89889,1.79,1.50
2011.11.08 12:08:17.922,0.89871,0.89889,1.04,2.44
2011.11.08 12:08:18.052,0.89872,0.8989,1.88,2.44
2011.11.08 12:08:18.648,0.89872,0.8989,2.54,1.50
2011.11.08 12:08:19.012,0.89874,0.8989,1.20,1.50
2011.11.08 12:08:19.918,0.89873,0.8989,1.04,1.50
2011.11.08 12:08:21.330,0.89872,0.8989,2.54,2.25
2011.11.08 12:08:21.701,0.89869,0.89885,1.64,1.50
2011.11.08 12:08:22.301,0.89868,0.89884,1.88,1.50
2011.11.08 12:08:22.822,0.89867,0.89884,1.50,1.50
2011.11.08 12:08:23.420,0.89866,0.89885,3.60,2.25
2011.11.08 12:08:23.783,0.89866,0.89883,3.60,1.50
2011.11.08 12:08:24.150,0.89864,0.8988,4.41,1.50
2011.11.08 12:08:24.751,0.89871,0.89877,2.25,1.50
2011.11.08 12:08:24.874,0.89871,0.89882,2.25,1.50
2011.11.08 12:08:25.003,0.89871,0.89887,2.25,2.25
2011.11.08 12:08:25.135,0.89868,0.89886,4.50,1.88
2011.11.08 12:08:25.262,0.89867,0.89883,3.38,1.50
2011.11.08 12:08:25.596,0.89867,0.89882,1.13,1.50
2011.11.08 12:08:26.868,0.89864,0.8988,1.88,2.25
2011.11.08 12:08:27.471,0.89861,0.89878,2.35,1.50
2011.11.08 12:08:27.708,0.89861,0.8988,2.16,3.00
2011.11.08 12:08:27.828,0.89866,0.8988,1.88,3.00
2011.11.08 12:08:28.188,0.89868,0.89886,5.07,1.50
2011.11.08 12:08:28.307,0.89868,0.89884,1.32,1.50
2011.11.08 12:08:29.073,0.89867,0.89881,1.88,1.50
2011.11.08 12:08:29.320,0.89864,0.89881,1.41,2.25
2011.11.08 12:08:30.137,0.89864,0.8988,1.41,1.50
2011.11.08 12:08:30.368,0.89864,0.8988,1.41,1.50
2011.11.08 12:08:30.938,0.89864,0.8988,1.04,2.25
2011.11.08 12:08:31.420,0.89862,0.8988,1.32,1.50
2011.11.08 12:08:32.544,0.89866,0.89879,1.13,1.50
2011.11.08 12:08:32.903,0.89869,0.89882,2.25,1.50
2011.11.08 12:08:33.154,0.89864,0.89882,1.50,3.00
2011.11.08 12:08:33.279,0.89864,0.89882,1.13,3.00
2011.11.08 12:08:33.858,0.89864,0.89881,1.13,1.50
2011.11.08 12:08:37.769,0.89864,0.89881,1.13,3.19
2011.11.08 12:08:40.427,0.89862,0.89878,3.29,1.50
2011.11.08 12:08:40.788,0.89858,0.89873,3.66,1.50
2011.11.08 12:08:41.137,0.89858,0.89872,1.50,1.50
2011.11.08 12:08:43.517,0.89858,0.89872,1.50,1.50
2011.11.08 12:08:44.860,0.8986,0.89876,1.04,1.50
2011.11.08 12:08:45.099,0.89864,0.89878,2.25,1.69
2011.11.08 12:08:45.217,0.89861,0.89878,3.00,1.69
2011.11.08 12:08:46.009,0.89861,0.89869,2.25,1.50
2011.11.08 12:08:46.369,0.8986,0.89873,2.25,1.03
2011.11.08 12:08:47.117,0.89861,0.89878,3.00,1.69
2011.11.08 12:08:47.360,0.89862,0.89879,1.50,1.13
2011.11.08 12:08:48.160,0.89864,0.8988,1.13,1.50
2011.11.08 12:08:48.756,0.89864,0.89882,1.50,2.44
2011.11.08 12:08:49.316,0.89865,0.89882,1.50,2.44
2011.11.08 12:08:49.562,0.89864,0.8988,1.13,1.50
2011.11.08 12:08:49.692,0.89862,0.89879,1.50,1.50
2011.11.08 12:08:50.063,0.8986,0.89878,2.25,1.50
2011.11.08 12:08:50.589,0.89859,0.89876,1.13,1.50
2011.11.08 12:08:52.138,0.89859,0.89877,4.04,1.50
2011.11.08 12:08:52.608,0.89861,0.89877,1.13,1.50
2011.11.08 12:08:53.129,0.89861,0.89879,1.50,2.44
2011.11.08 12:08:53.258,0.89862,0.8988,3.75,1.69
2011.11.08 12:08:58.208,0.89864,0.89881,1.50,1.50
2011.11.08 12:08:58.688,0.89867,0.89884,2.25,2.63
2011.11.08 12:08:59.282,0.89869,0.89884,1.50,1.13
2011.11.08 12:08:59.888,0.89867,0.89883,2.54,1.50
2011.11.08 12:09:00.464,0.89867,0.89885,1.79,1.88
2011.11.08 12:09:01.103,0.89866,0.8988,1.50,1.50
2011.11.08 12:09:01.224,0.89861,0.89879,1.88,2.25
2011.11.08 12:09:03.359,0.89861,0.89877,1.50,1.50
2011.11.08 12:09:03.957,0.89861,0.89877,1.50,1.50
2011.11.08 12:09:04.191,0.89864,0.89879,3.75,1.50
2011.11.08 12:09:04.780,0.89862,0.89879,1.50,1.50
2011.11.08 12:09:05.370,0.89861,0.89879,1.04,3.00
2011.11.08 12:09:06.442,0.89865,0.89881,1.50,2.63
2011.11.08 12:09:06.743,0.89864,0.89881,1.79,2.25
2011.11.08 12:09:07.435,0.89862,0.89881,1.50,3.00
2011.11.08 12:09:07.793,0.89862,0.8988,1.50,1.50
2011.11.08 12:09:08.369,0.89867,0.89881,1.50,1.69
2011.11.08 12:09:08.609,0.89867,0.89881,1.04,1.69
2011.11.08 12:09:08.727,0.89865,0.89881,1.79,1.69
2011.11.08 12:09:09.319,0.89864,0.89881,1.04,1.69
2011.11.08 12:09:09.437,0.89863,0.89881,1.79,1.69
2011.11.08 12:09:10.587,0.89863,0.89881,1.79,1.50
2011.11.08 12:09:11.857,0.89865,0.89881,1.50,1.50
2011.11.08 12:09:12.459,0.89866,0.8988,1.04,1.50
2011.11.08 12:09:12.817,0.89867,0.89881,1.04,1.50
2011.11.08 12:09:13.178,0.89867,0.8988,1.04,1.50
2011.11.08 12:09:13.545,0.89865,0.8988,1.04,1.50
2011.11.08 12:09:14.024,0.89865,0.89878,1.04,1.50
2011.11.08 12:09:14.391,0.89861,0.89879,1.04,1.50
2011.11.08 12:09:14.510,0.89859,0.89876,1.41,2.25
2011.11.08 12:09:14.632,0.89858,0.89874,4.88,1.50
2011.11.08 12:09:15.391,0.89858,0.89874,3.00,1.50
2011.11.08 12:09:15.531,0.89859,0.89878,1.50,1.88
2011.11.08 12:09:15.655,0.89864,0.8988,1.50,3.00
2011.11.08 12:09:15.788,0.89859,0.89876,4.22,1.50
2011.11.08 12:09:16.269,0.89857,0.89875,4.88,1.50
2011.11.08 12:09:16.979,0.89857,0.89874,4.13,1.50
2011.11.08 12:09:17.220,0.89855,0.89872,1.88,2.25
2011.11.08 12:09:17.458,0.89854,0.89872,1.41,3.00
2011.11.08 12:09:17.577,0.89853,0.89869,5.16,1.50
2011.11.08 12:09:18.228,0.89863,0.89873,2.25,1.50
2011.11.08 12:09:18.365,0.89856,0.89872,3.10,1.50
2011.11.08 12:09:19.969,0.89856,0.89872,1.04,2.25
2011.11.08 12:09:20.214,0.89861,0.89876,2.25,2.93
2011.11.08 12:09:20.580,0.89858,0.89874,1.04,1.50
2011.11.08 12:09:21.185,0.89856,0.89872,1.41,1.50
2011.11.08 12:09:21.770,0.89856,0.89871,1.41,1.50
2011.11.08 12:09:22.478,0.89855,0.89871,3.08,1.50
2011.11.08 12:09:26.955,0.89856,0.89872,1.04,1.50
2011.11.08 12:09:27.540,0.89855,0.89872,3.66,1.50
2011.11.08 12:09:27.898,0.89854,0.89868,2.16,1.50
2011.11.08 12:09:28.138,0.89856,0.89873,3.00,1.88
2011.11.08 12:09:29.607,0.89856,0.8987,3.75,1.13
2011.11.08 12:09:31.178,0.89856,0.8987,3.00,1.13
2011.11.08 12:09:31.298,0.89856,0.89874,3.75,3.00
2011.11.08 12:09:31.838,0.89856,0.89871,3.75,1.13
2011.11.08 12:09:32.406,0.89856,0.89871,3.00,1.88
2011.11.08 12:09:32.976,0.89856,0.89871,3.00,1.88
2011.11.08 12:09:33.540,0.89856,0.89871,3.00,1.88
2011.11.08 12:09:34.546,0.89856,0.89871,3.00,2.63
2011.11.08 12:09:34.777,0.89856,0.8987,3.00,1.69
2011.11.08 12:09:35.357,0.89856,0.8987,3.00,1.88
2011.11.08 12:09:36.591,0.89858,0.8987,3.00,1.13
2011.11.08 12:09:37.044,0.89859,0.89871,2.25,1.50
2011.11.08 12:09:37.183,0.89859,0.89872,2.25,1.13
2011.11.08 12:09:37.557,0.89859,0.89873,3.00,1.13
2011.11.08 12:09:39.529,0.89859,0.89872,3.00,1.88
2011.11.08 12:09:39.895,0.89852,0.89863,1.04,1.50
2011.11.08 12:09:40.227,0.89852,0.89863,1.04,1.50
2011.11.08 12:09:40.360,0.89845,0.8986,1.88,2.44
2011.11.08 12:09:40.719,0.89842,0.89859,1.41,1.69
2011.11.08 12:09:40.843,0.89842,0.89859,1.41,1.69
2011.11.08 12:09:41.210,0.8984,0.89855,1.13,1.50
2011.11.08 12:09:41.572,0.89831,0.89845,1.79,1.13
2011.11.08 12:09:41.700,0.89826,0.89843,1.79,1.50
2011.11.08 12:09:41.817,0.89826,0.89843,1.04,1.50
2011.11.08 12:09:42.180,0.8983,0.89845,4.13,1.88
2011.11.08 12:09:42.300,0.89831,0.89848,1.13,2.25
2011.11.08 12:09:42.421,0.89836,0.89849,1.50,1.50
2011.11.08 12:09:42.997,0.89836,0.8985,1.50,1.13
2011.11.08 12:09:44.030,0.89834,0.8985,1.79,1.13
2011.11.08 12:09:48.811,0.89833,0.89848,1.79,1.50
2011.11.08 12:09:49.408,0.89832,0.89848,1.13,2.25
2011.11.08 12:09:49.767,0.89832,0.89847,1.13,5.25
2011.11.08 12:09:50.217,0.89833,0.89847,1.13,5.25
2011.11.08 12:09:50.341,0.89837,0.89849,1.50,1.13
2011.11.08 12:09:50.461,0.89838,0.89853,1.50,1.13
2011.11.08 12:09:50.580,0.89838,0.8985,1.50,4.50
2011.11.08 12:09:50.704,0.89839,0.89853,1.04,1.50
2011.11.08 12:09:50.834,0.89837,0.89853,3.29,1.50
2011.11.08 12:09:50.960,0.89837,0.89853,1.79,1.50
2011.11.08 12:09:51.548,0.89837,0.89853,1.04,1.50
2011.11.08 12:09:53.007,0.89837,0.89853,1.04,2.25
2011.11.08 12:09:53.576,0.89837,0.89853,1.04,1.50
2011.11.08 12:09:54.248,0.89837,0.89853,1.04,1.50
2011.11.08 12:09:54.806,0.89837,0.89853,1.04,2.25
2011.11.08 12:09:56.946,0.89837,0.89852,1.04,1.50
2011.11.08 12:09:57.067,0.89837,0.89853,1.04,2.25
2011.11.08 12:10:06.856,0.89834,0.89852,1.79,1.50
2011.11.08 12:10:08.309,0.89834,0.89851,1.79,1.50
2011.11.08 12:10:08.432,0.89832,0.89848,1.04,2.25
2011.11.08 12:10:08.800,0.89828,0.89846,1.50,1.13
2011.11.08 12:10:09.162,0.89825,0.89842,1.41,2.10
2011.11.08 12:10:09.528,0.89823,0.89837,1.88,1.50
2011.11.08 12:10:09.647,0.89823,0.89837,2.63,1.50
2011.11.08 12:10:10.013,0.89822,0.8984,1.13,1.50
2011.11.08 12:10:10.616,0.89822,0.89839,1.13,1.50
2011.11.08 12:10:11.307,0.8982,0.89838,1.04,2.25
2011.11.08 12:10:11.538,0.8982,0.89836,1.04,1.50
2011.11.08 12:10:12.106,0.8982,0.89836,1.04,1.50
2011.11.08 12:10:12.778,0.89819,0.89836,1.41,1.50
2011.11.08 12:10:12.899,0.89819,0.89835,1.41,1.50
2011.11.08 12:10:13.285,0.89819,0.89836,1.04,1.50
2011.11.08 12:10:13.417,0.89817,0.89833,1.34,1.50
2011.11.08 12:10:14.764,0.89817,0.89835,1.50,3.00
2011.11.08 12:10:15.368,0.89819,0.89835,1.50,1.50
2011.11.08 12:10:15.937,0.89818,0.89835,1.50,1.50
2011.11.08 12:10:19.308,0.89818,0.89835,1.50,1.50
2011.11.08 12:10:20.218,0.89817,0.89835,1.04,2.25
2011.11.08 12:10:20.578,0.89816,0.89832,1.79,1.50
2011.11.08 12:10:20.699,0.89816,0.89834,1.04,2.25
2011.11.08 12:10:20.817,0.89816,0.89834,1.04,2.25
2011.11.08 12:10:21.387,0.89816,0.89834,1.04,2.25
2011.11.08 12:10:21.860,0.89818,0.89836,2.25,3.19
2011.11.08 12:10:22.086,0.89818,0.89834,1.50,1.50
2011.11.08 12:10:23.107,0.89818,0.89835,1.50,1.50
2011.11.08 12:10:23.675,0.89818,0.89834,1.50,1.50
2011.11.08 12:10:26.808,0.89816,0.89833,1.04,1.50
2011.11.08 12:10:27.257,0.89814,0.89832,1.04,1.50
2011.11.08 12:10:27.837,0.89814,0.89832,1.79,1.50
2011.11.08 12:10:30.096,0.89815,0.89832,1.04,1.50
2011.11.08 12:10:31.051,0.89817,0.89835,1.50,2.07
2011.11.08 12:10:33.306,0.89818,0.89835,1.04,3.94
2011.11.08 12:10:33.674,0.89816,0.89833,1.04,1.50
2011.11.08 12:10:34.288,0.89816,0.89832,1.04,2.25
2011.11.08 12:10:35.837,0.89816,0.89832,1.04,1.50
2011.11.08 12:10:39.734,0.89818,0.89833,1.04,1.50
2011.11.08 12:10:41.037,0.89818,0.89835,1.50,1.69
2011.11.08 12:10:41.708,0.89818,0.89835,1.50,1.69
2011.11.08 12:10:42.729,0.89817,0.89835,1.04,2.44
2011.11.08 12:10:43.175,0.89817,0.89835,1.79,1.69
2011.11.08 12:10:44.106,0.89817,0.89835,1.79,1.69
2011.11.08 12:10:45.728,0.89817,0.89834,1.04,1.69
2011.11.08 12:10:48.168,0.89817,0.89834,1.04,1.69
2011.11.08 12:10:48.758,0.89817,0.89835,1.79,2.44
2011.11.08 12:10:49.965,0.89821,0.89837,1.50,4.69
2011.11.08 12:10:50.998,0.89818,0.89835,1.50,1.50
2011.11.08 12:10:53.467,0.89818,0.89836,1.50,1.50
2011.11.08 12:10:54.957,0.8982,0.89838,1.79,1.50
2011.11.08 12:10:57.397,0.8982,0.89839,1.50,2.25
2011.11.08 12:11:01.278,0.8982,0.89838,1.79,1.50
2011.11.08 12:11:07.118,0.8982,0.89836,1.79,1.35
2011.11.08 12:11:07.472,0.89819,0.89835,1.50,1.50
2011.11.08 12:11:09.188,0.89821,0.89836,1.50,1.65
2011.11.08 12:11:09.777,0.89819,0.89837,1.50,1.50
2011.11.08 12:11:09.898,0.89819,0.89837,1.50,1.50
2011.11.08 12:11:11.974,0.89819,0.89838,1.50,3.19
2011.11.08 12:11:12.258,0.89819,0.89838,1.50,3.00
2011.11.08 12:11:12.631,0.89822,0.89839,1.04,2.25
2011.11.08 12:11:13.228,0.8982,0.89838,2.54,1.50
2011.11.08 12:11:13.349,0.89822,0.89838,1.04,1.50
2011.11.08 12:11:13.594,0.89822,0.8984,1.79,1.69
2011.11.08 12:11:14.201,0.89824,0.89841,1.50,1.80
2011.11.08 12:11:14.559,0.89824,0.89842,1.50,2.40
2011.11.08 12:11:14.995,0.8983,0.89846,1.50,3.00
2011.11.08 12:11:15.122,0.8983,0.89846,1.50,2.25
2011.11.08 12:11:16.042,0.89831,0.89849,1.50,2.25
2011.11.08 12:11:16.172,0.89832,0.89851,1.88,2.25
2011.11.08 12:11:16.537,0.89835,0.89852,1.50,1.73
2011.11.08 12:11:17.107,0.89835,0.89852,1.79,1.73
2011.11.08 12:11:19.136,0.89835,0.89851,1.04,1.50
2011.11.08 12:11:19.719,0.89834,0.8985,1.04,1.50
2011.11.08 12:11:20.290,0.89834,0.8985,1.79,1.50
2011.11.08 12:11:22.679,0.89834,0.8985,1.79,1.50
2011.11.08 12:11:23.248,0.89836,0.89852,1.04,2.10
2011.11.08 12:11:24.088,0.89838,0.89853,1.04,1.35
2011.11.08 12:11:24.696,0.89837,0.89852,1.04,1.35
2011.11.08 12:11:25.427,0.89837,0.89853,1.04,1.35
2011.11.08 12:11:26.216,0.89837,0.89852,1.04,1.35
2011.11.08 12:11:26.756,0.89837,0.89852,1.04,1.35
2011.11.08 12:11:27.098,0.89839,0.89854,1.50,1.54
2011.11.08 12:11:27.813,0.89838,0.89854,4.79,1.54
2011.11.08 12:11:27.943,0.89842,0.89858,1.50,2.63
2011.11.08 12:11:28.246,0.89844,0.89858,1.04,1.50
2011.11.08 12:11:28.379,0.89849,0.89863,1.04,3.98
2011.11.08 12:11:28.957,0.89849,0.89863,1.04,2.48
2011.11.08 12:11:29.486,0.89849,0.89863,1.04,1.88
2011.11.08 12:11:29.717,0.89849,0.89862,1.04,1.13
2011.11.08 12:11:29.961,0.89845,0.89862,1.79,1.13
2011.11.08 12:11:30.313,0.89847,0.89863,1.04,1.50
2011.11.08 12:11:30.922,0.89847,0.89865,1.04,2.33
2011.11.08 12:11:31.288,0.89848,0.89865,1.04,1.95
2011.11.08 12:11:31.538,0.89849,0.89865,1.50,2.33
2011.11.08 12:11:31.669,0.89848,0.89865,1.79,1.77
2011.11.08 12:11:32.278,0.89848,0.89865,1.04,1.58
2011.11.08 12:11:33.209,0.89846,0.89862,1.79,1.50
2011.11.08 12:11:34.788,0.89846,0.89862,1.79,1.69
2011.11.08 12:11:35.367,0.89845,0.89862,1.79,1.50
2011.11.08 12:11:36.005,0.89848,0.89863,1.04,3.19
2011.11.08 12:11:36.382,0.89845,0.89861,1.79,1.50
2011.11.08 12:11:36.981,0.89844,0.89861,1.04,1.50
2011.11.08 12:11:37.339,0.89845,0.89863,2.25,1.50
2011.11.08 12:11:37.697,0.89848,0.89864,1.04,1.13
2011.11.08 12:11:38.378,0.89848,0.89863,1.04,1.50
2011.11.08 12:11:38.738,0.89843,0.89859,1.04,2.25
2011.11.08 12:11:39.622,0.89846,0.89864,3.29,1.13
2011.11.08 12:11:41.497,0.89849,0.89864,1.79,1.13
2011.11.08 12:11:42.323,0.89849,0.89866,1.04,4.50
2011.11.08 12:11:42.941,0.89847,0.89864,1.04,1.50
2011.11.08 12:11:43.073,0.89847,0.89864,1.04,2.25
2011.11.08 12:11:43.431,0.89845,0.89861,1.04,2.25
2011.11.08 12:11:43.898,0.89845,0.89861,1.04,1.50
2011.11.08 12:11:44.349,0.89845,0.89861,1.04,1.50
2011.11.08 12:11:44.708,0.89847,0.89863,1.04,1.50
2011.11.08 12:11:45.641,0.89847,0.89863,1.04,1.50
2011.11.08 12:11:46.353,0.89848,0.89864,1.04,1.50
2011.11.08 12:11:48.420,0.89847,0.89863,1.04,1.50
2011.11.08 12:11:49.245,0.89846,0.89863,1.04,1.50
2011.11.08 12:11:49.493,0.89846,0.89863,1.04,1.50
2011.11.08 12:11:50.076,0.89846,0.89863,1.79,1.50
2011.11.08 12:11:52.937,0.89846,0.89863,1.04,2.25
2011.11.08 12:11:53.420,0.89846,0.89863,1.79,1.50
2011.11.08 12:11:54.009,0.89846,0.89864,1.79,1.50
2011.11.08 12:11:55.718,0.89846,0.89863,1.04,2.25
2011.11.08 12:11:56.073,0.89846,0.89857,1.04,1.50
2011.11.08 12:11:56.201,0.89843,0.89857,3.29,1.50
2011.11.08 12:11:56.534,0.89843,0.89858,4.79,1.50
2011.11.08 12:11:56.667,0.89847,0.89864,1.04,2.44
2011.11.08 12:11:57.379,0.89847,0.89864,1.79,1.50
2011.11.08 12:11:57.979,0.89847,0.89861,1.04,1.50
2011.11.08 12:11:58.566,0.89846,0.89863,1.13,1.50
2011.11.08 12:12:01.783,0.89847,0.89865,1.50,2.25
2011.11.08 12:12:02.150,0.89847,0.89864,1.04,1.50
2011.11.08 12:12:02.738,0.89847,0.89863,1.04,1.50
2011.11.08 12:12:03.345,0.89848,0.89864,1.79,1.50
2011.11.08 12:12:03.776,0.89849,0.89867,1.04,1.50
2011.11.08 12:12:04.378,0.89849,0.89866,1.04,1.50
2011.11.08 12:12:04.861,0.89849,0.89865,1.04,2.25
2011.11.08 12:12:05.329,0.89849,0.89866,1.04,1.50
2011.11.08 12:12:05.790,0.89849,0.89866,1.04,1.50
2011.11.08 12:12:05.908,0.89849,0.89866,1.04,1.50
2011.11.08 12:12:09.115,0.89849,0.89866,1.04,1.50
2011.11.08 12:12:09.349,0.89849,0.89867,1.04,1.50
2011.11.08 12:12:09.719,0.89854,0.89869,1.28,2.44
2011.11.08 12:12:10.082,0.89855,0.89869,1.04,1.50
2011.11.08 12:12:10.201,0.89856,0.89874,1.50,1.50
2011.11.08 12:12:10.324,0.89855,0.89872,1.04,1.50
2011.11.08 12:12:10.906,0.89856,0.89873,1.04,1.50
2011.11.08 12:12:11.476,0.89856,0.89873,1.04,2.25
2011.11.08 12:12:12.077,0.89856,0.89873,1.04,2.25
2011.11.08 12:12:12.657,0.89856,0.89873,1.04,1.50
2011.11.08 12:12:13.256,0.89856,0.89873,1.04,2.25
2011.11.08 12:12:14.371,0.89856,0.89872,1.04,1.50
2011.11.08 12:12:14.736,0.89853,0.8987,1.04,1.50
2011.11.08 12:12:14.982,0.89852,0.8987,1.50,1.50
2011.11.08 12:12:15.231,0.89853,0.8987,1.79,1.50
2011.11.08 12:12:15.835,0.89852,0.89871,2.54,2.25
2011.11.08 12:12:15.963,0.89853,0.89871,1.50,2.25
2011.11.08 12:12:16.094,0.89854,0.89871,1.50,1.50
2011.11.08 12:12:16.698,0.89856,0.89873,1.50,1.50
2011.11.08 12:12:17.277,0.89855,0.89872,1.79,1.50
2011.11.08 12:12:18.332,0.89855,0.89872,1.04,2.25
2011.11.08 12:12:18.894,0.89853,0.8987,1.04,1.50
2011.11.08 12:12:19.379,0.89855,0.89873,1.50,1.50
2011.11.08 12:12:19.740,0.89857,0.89874,1.50,1.13
2011.11.08 12:12:21.122,0.89857,0.89876,1.50,2.25
2011.11.08 12:12:21.249,0.89857,0.89876,1.50,1.50
2011.11.08 12:12:21.490,0.89857,0.89877,1.79,4.50
2011.11.08 12:12:22.374,0.89859,0.89877,1.04,5.25
2011.11.08 12:12:22.746,0.89862,0.89878,1.04,1.13
2011.11.08 12:12:22.994,0.89868,0.89883,1.69,1.88
2011.11.08 12:12:23.119,0.89868,0.89884,1.69,1.88
2011.11.08 12:12:23.718,0.8987,0.89884,1.04,1.13
2011.11.08 12:12:24.848,0.89869,0.89884,1.22,1.13
2011.11.08 12:12:25.092,0.89872,0.89886,1.50,2.25
2011.11.08 12:12:25.777,0.89873,0.89888,1.50,1.88
2011.11.08 12:12:25.908,0.89871,0.8989,1.79,3.38
2011.11.08 12:12:26.155,0.89871,0.89888,1.04,1.50
2011.11.08 12:12:26.283,0.89871,0.89888,1.04,1.50
2011.11.08 12:12:26.408,0.89871,0.89889,1.04,1.13
2011.11.08 12:12:31.868,0.89873,0.8989,2.25,2.63
2011.11.08 12:12:32.115,0.89874,0.89892,1.50,2.25
2011.11.08 12:12:32.239,0.89874,0.89894,2.91,3.19
2011.11.08 12:12:32.829,0.89877,0.89894,1.50,2.25
2011.11.08 12:12:36.258,0.89877,0.89894,2.25,2.25
2011.11.08 12:12:36.606,0.89877,0.89894,2.25,2.25
2011.11.08 12:12:37.182,0.89879,0.89895,1.50,3.00
2011.11.08 12:12:37.301,0.89879,0.89896,1.88,2.07
2011.11.08 12:12:37.422,0.89879,0.89897,2.07,1.13
2011.11.08 12:12:37.660,0.89883,0.89898,1.50,2.63
2011.11.08 12:12:38.237,0.89883,0.89898,1.50,1.88
2011.11.08 12:12:40.189,0.89881,0.89897,1.50,1.13
2011.11.08 12:12:40.310,0.89879,0.89897,2.37,4.13
2011.11.08 12:12:41.585,0.89879,0.89896,2.37,1.50
2011.11.08 12:12:41.725,0.89877,0.89895,1.41,3.75
2011.11.08 12:12:41.972,0.89877,0.89897,1.79,2.63
2011.11.08 12:12:42.569,0.89878,0.89896,2.25,1.50
2011.11.08 12:12:46.406,0.89878,0.89896,1.50,1.50
2011.11.08 12:12:47.174,0.89879,0.89896,1.50,3.75
2011.11.08 12:12:47.761,0.89879,0.89895,1.50,1.50
2011.11.08 12:12:47.884,0.89878,0.89894,1.04,3.00
2011.11.08 12:12:48.250,0.89879,0.89897,2.25,3.75
2011.11.08 12:12:48.491,0.89882,0.89898,1.50,2.25
2011.11.08 12:12:48.973,0.89884,0.89901,1.50,2.85
2011.11.08 12:12:49.462,0.89881,0.899,3.00,1.50
2011.11.08 12:12:49.593,0.89881,0.89899,1.50,2.25
2011.11.08 12:12:49.843,0.8988,0.89898,1.50,4.50
2011.11.08 12:12:50.455,0.89881,0.89898,1.50,3.00
2011.11.08 12:12:51.053,0.89883,0.899,2.16,1.50
2011.11.08 12:12:51.420,0.89885,0.89902,1.50,3.53
2011.11.08 12:12:52.019,0.89891,0.89904,1.50,1.88
2011.11.08 12:12:52.145,0.89892,0.89908,2.63,2.07
2011.11.08 12:12:52.275,0.89895,0.8991,1.50,3.00
2011.11.08 12:12:52.402,0.89895,0.89909,1.50,1.88
2011.11.08 12:12:52.533,0.89895,0.89911,1.50,1.13
2011.11.08 12:12:53.023,0.89897,0.89914,1.50,1.50
2011.11.08 12:12:53.390,0.89897,0.89914,1.50,3.00
2011.11.08 12:12:53.515,0.89894,0.89913,1.97,2.25
2011.11.08 12:12:53.760,0.89897,0.89913,2.25,1.50
2011.11.08 12:12:53.885,0.89898,0.89915,1.50,1.88
2011.11.08 12:12:54.619,0.89898,0.89916,1.50,2.25
2011.11.08 12:12:55.209,0.89899,0.89917,2.25,1.50
2011.11.08 12:12:55.909,0.89898,0.89915,1.50,3.00
2011.11.08 12:12:56.270,0.89896,0.89914,1.79,1.50
2011.11.08 12:12:56.389,0.89896,0.89912,1.04,1.50
2011.11.08 12:12:57.400,0.89897,0.89914,1.50,1.50
2011.11.08 12:12:57.895,0.89899,0.89916,1.50,1.50
2011.11.08 12:12:58.026,0.89898,0.89915,1.50,1.50
2011.11.08 12:13:00.634,0.89897,0.89907,1.04,2.25
2011.11.08 12:13:00.762,0.89889,0.89907,1.41,2.37
2011.11.08 12:13:01.119,0.89887,0.89905,2.63,2.44
2011.11.08 12:13:01.479,0.89881,0.89897,1.24,3.75
2011.11.08 12:13:02.218,0.89877,0.89893,2.55,1.50
2011.11.08 12:13:02.699,0.89881,0.89897,1.65,1.50
2011.11.08 12:13:03.245,0.89882,0.89899,1.65,1.50
2011.11.08 12:13:03.827,0.89885,0.89901,1.50,2.63
2011.11.08 12:13:05.997,0.89883,0.899,1.65,1.50
2011.11.08 12:13:06.731,0.89882,0.89898,1.65,1.50
2011.11.08 12:13:08.567,0.89882,0.89898,1.65,3.00
2011.11.08 12:13:08.800,0.89882,0.89898,1.65,1.50
2011.11.08 12:13:09.377,0.89885,0.899,1.50,1.50
2011.11.08 12:13:09.946,0.89885,0.89901,1.50,2.63
2011.11.08 12:13:10.524,0.89885,0.89901,1.50,1.50
2011.11.08 12:13:10.652,0.89887,0.89904,1.50,1.69
2011.11.08 12:13:11.171,0.89888,0.89906,1.50,1.69
2011.11.08 12:13:12.897,0.89889,0.89907,1.50,1.62
2011.11.08 12:13:14.682,0.8989,0.89908,1.50,2.37
2011.11.08 12:13:20.479,0.8989,0.89906,1.50,1.50
2011.11.08 12:13:20.719,0.89887,0.89904,1.04,1.50
2011.11.08 12:13:20.961,0.89885,0.89903,1.50,1.50
2011.11.08 12:13:21.764,0.89888,0.89907,1.04,3.12
2011.11.08 12:13:22.358,0.89886,0.89904,1.04,1.50
2011.11.08 12:13:22.930,0.89886,0.89904,1.04,1.50
2011.11.08 12:13:24.278,0.89884,0.89901,4.51,1.50
2011.11.08 12:13:27.829,0.89884,0.899,1.65,1.50
2011.11.08 12:13:31.726,0.89884,0.899,1.65,2.25
2011.11.08 12:13:35.831,0.89882,0.89898,1.84,1.50
2011.11.08 12:13:35.954,0.89882,0.89897,1.09,1.50
2011.11.08 12:13:36.326,0.89878,0.89892,1.80,1.13
2011.11.08 12:13:36.931,0.89873,0.89888,1.69,1.50
2011.11.08 12:13:37.170,0.89873,0.8989,1.69,1.50
2011.11.08 12:13:37.703,0.89875,0.8989,1.69,1.50
2011.11.08 12:13:38.302,0.89875,0.89891,1.69,1.50
2011.11.08 12:13:38.901,0.89876,0.89892,1.69,2.25
2011.11.08 12:13:39.140,0.89876,0.89893,1.69,2.25
2011.11.08 12:13:39.725,0.89877,0.89895,1.87,1.88
2011.11.08 12:13:39.852,0.89878,0.89896,2.44,1.50
2011.11.08 12:13:40.522,0.89881,0.89897,1.50,1.50
2011.11.08 12:13:41.190,0.89881,0.89898,1.50,2.25
2011.11.08 12:13:41.429,0.89879,0.89897,1.69,2.25
2011.11.08 12:13:41.555,0.89878,0.89896,4.69,1.13
2011.11.08 12:13:41.926,0.8987,0.89888,1.69,2.25
2011.11.08 12:13:42.529,0.89871,0.89889,1.69,2.63
2011.11.08 12:13:43.413,0.89872,0.89889,1.69,1.50
2011.11.08 12:13:43.550,0.89874,0.89891,1.69,1.50
2011.11.08 12:13:44.156,0.89879,0.89895,1.69,1.50
2011.11.08 12:13:44.284,0.89879,0.89896,1.69,1.50
2011.11.08 12:13:44.534,0.89878,0.89895,1.69,1.50
2011.11.08 12:13:45.066,0.89878,0.89893,1.69,1.50
2011.11.08 12:13:45.430,0.89877,0.89893,1.69,1.50
2011.11.08 12:13:45.793,0.8988,0.89897,1.50,1.50
2011.11.08 12:13:45.924,0.89878,0.89896,2.44,1.50
2011.11.08 12:13:46.051,0.89879,0.89897,2.25,1.50
2011.11.08 12:13:46.410,0.89879,0.89896,1.50,2.25
2011.11.08 12:13:48.062,0.89877,0.89895,2.44,1.50
2011.11.08 12:13:48.657,0.89877,0.89894,1.69,1.50
2011.11.08 12:13:49.228,0.89878,0.89896,1.97,2.25
2011.11.08 12:13:49.579,0.89879,0.89896,1.69,1.50
2011.11.08 12:13:50.818,0.89879,0.89896,1.69,1.50
2011.11.08 12:13:51.356,0.89878,0.89895,1.22,1.50
2011.11.08 12:13:51.600,0.89879,0.89896,1.69,1.50
2011.11.08 12:13:52.170,0.8988,0.89896,1.50,1.50
2011.11.08 12:13:56.449,0.89879,0.89897,1.69,1.50
2011.11.08 12:13:57.162,0.89881,0.89899,1.50,2.63
2011.11.08 12:13:57.289,0.8988,0.89896,1.50,1.50
2011.11.08 12:13:58.001,0.8988,0.89896,1.50,1.50
2011.11.08 12:13:58.486,0.89875,0.89894,1.97,1.50
2011.11.08 12:13:58.615,0.89875,0.89893,1.97,3.00
2011.11.08 12:13:59.219,0.89873,0.89892,1.69,2.25
2011.11.08 12:14:00.592,0.89874,0.89892,1.69,2.25
2011.11.08 12:14:01.188,0.89877,0.89894,1.69,1.50
2011.11.08 12:14:01.549,0.89872,0.89889,1.31,1.50
2011.11.08 12:14:03.405,0.89873,0.8989,1.69,2.25
2011.11.08 12:14:03.649,0.89875,0.89894,1.69,3.00
2011.11.08 12:14:05.001,0.89875,0.89894,1.69,3.00
2011.11.08 12:14:05.124,0.89873,0.89891,1.69,1.50
2011.11.08 12:14:05.717,0.89873,0.8989,1.69,1.50
2011.11.08 12:14:06.712,0.89872,0.8989,1.22,2.25
2011.11.08 12:14:07.312,0.89872,0.8989,1.97,1.50
2011.11.08 12:14:08.037,0.89872,0.8989,1.97,1.50
2011.11.08 12:14:12.633,0.89875,0.89893,1.69,2.25
2011.11.08 12:14:13.121,0.89877,0.89893,1.69,1.50
2011.11.08 12:14:15.878,0.89875,0.89893,1.69,1.50
2011.11.08 12:14:17.267,0.89874,0.89892,1.22,1.50
2011.11.08 12:14:18.050,0.89874,0.89892,1.97,1.50
2011.11.08 12:14:18.172,0.89876,0.89894,1.69,1.50
2011.11.08 12:14:18.994,0.8988,0.89898,3.00,1.13
2011.11.08 12:14:19.918,0.89881,0.89899,1.50,2.44
2011.11.08 12:14:20.264,0.8988,0.89896,3.75,1.50
2011.11.08 12:14:20.863,0.89878,0.89896,1.69,1.50
2011.11.08 12:14:21.439,0.89877,0.89896,5.34,1.69
2011.11.08 12:14:22.379,0.8988,0.89896,1.50,1.69
2011.11.08 12:14:22.743,0.89881,0.89898,3.00,1.50
2011.11.08 12:14:23.109,0.89878,0.89894,2.06,2.25
2011.11.08 12:14:23.942,0.89877,0.89894,2.81,2.25
2011.11.08 12:14:24.525,0.89884,0.89902,1.50,5.25
2011.11.08 12:14:24.653,0.89884,0.89902,1.79,1.50
2011.11.08 12:14:24.782,0.89884,0.89902,1.79,3.75
2011.11.08 12:14:25.144,0.89888,0.89903,1.50,1.88
2011.11.08 12:14:25.512,0.8989,0.89906,1.50,2.55
2011.11.08 12:14:26.591,0.8989,0.89906,1.50,2.37
2011.11.08 12:14:27.700,0.8989,0.89906,1.50,2.55
2011.11.08 12:14:27.945,0.89894,0.8991,1.50,1.13
2011.11.08 12:14:28.072,0.89896,0.89912,1.50,2.07
2011.11.08 12:14:28.312,0.89897,0.89914,1.50,1.50
2011.11.08 12:14:28.909,0.89898,0.89915,1.50,1.50
2011.11.08 12:14:29.413,0.89899,0.89916,1.50,1.50
2011.11.08 12:14:30.549,0.89898,0.89916,1.50,1.50
2011.11.08 12:14:31.149,0.899,0.89917,1.04,5.82
2011.11.08 12:14:31.268,0.899,0.89917,1.04,2.07
2011.11.08 12:14:31.871,0.899,0.89918,2.54,3.38
2011.11.08 12:14:32.409,0.89899,0.89916,1.50,1.69
2011.11.08 12:14:32.894,0.89899,0.89916,2.25,1.50
2011.11.08 12:14:33.141,0.89898,0.89916,1.79,2.25
2011.11.08 12:14:33.262,0.89899,0.89916,1.50,1.50
2011.11.08 12:14:33.392,0.89902,0.89918,1.50,2.25
2011.11.08 12:14:33.860,0.89902,0.89918,1.50,2.25
2011.11.08 12:14:34.223,0.89897,0.89913,1.04,1.50
2011.11.08 12:14:34.349,0.89895,0.89913,1.79,1.50
2011.11.08 12:14:35.221,0.89898,0.89915,1.50,1.50
2011.11.08 12:14:35.461,0.899,0.89916,1.50,2.25
2011.11.08 12:14:39.196,0.89898,0.89915,1.50,1.50
2011.11.08 12:14:39.561,0.89897,0.89913,1.50,1.50
2011.11.08 12:14:40.039,0.89897,0.89916,1.50,3.19
2011.11.08 12:14:41.335,0.89896,0.89915,1.50,1.50
2011.11.08 12:14:41.589,0.89896,0.89914,1.50,1.50
2011.11.08 12:14:42.188,0.89895,0.89913,1.50,1.50
2011.11.08 12:14:42.768,0.89895,0.89913,1.50,1.50
2011.11.08 12:14:43.108,0.89894,0.89912,1.04,1.50
2011.11.08 12:14:43.787,0.89895,0.89913,1.50,1.69
2011.11.08 12:14:45.432,0.89895,0.89911,1.04,1.50
2011.11.08 12:14:45.909,0.89893,0.89911,1.04,2.25
2011.11.08 12:14:46.468,0.89893,0.89911,1.04,3.00
2011.11.08 12:14:48.010,0.89893,0.89911,1.04,3.00
2011.11.08 12:14:48.129,0.89893,0.89911,1.04,2.25
2011.11.08 12:14:48.640,0.89898,0.89913,1.50,1.09
2011.11.08 12:14:49.239,0.89895,0.89913,1.79,1.50
2011.11.08 12:14:49.360,0.89895,0.89912,1.04,1.50
2011.11.08 12:14:49.710,0.89895,0.89912,1.04,1.50
2011.11.08 12:14:50.278,0.89895,0.89913,1.50,2.25
2011.11.08 12:14:50.856,0.89898,0.89916,1.50,1.50
2011.11.08 12:14:50.982,0.89899,0.89917,1.50,1.88
2011.11.08 12:14:51.109,0.89899,0.89917,1.50,1.13
2011.11.08 12:14:51.469,0.89896,0.89914,1.50,1.50
2011.11.08 12:14:51.932,0.89894,0.8991,1.50,1.50
2011.11.08 12:14:52.289,0.89892,0.8991,1.13,2.25
2011.11.08 12:14:53.002,0.89891,0.89908,1.50,1.50
2011.11.08 12:14:53.360,0.89891,0.89909,1.79,1.50
2011.11.08 12:14:53.480,0.89893,0.89909,1.50,1.50
2011.11.08 12:14:54.068,0.89894,0.89911,1.50,1.50
2011.11.08 12:14:55.012,0.89894,0.89911,1.50,1.50
2011.11.08 12:14:55.905,0.89892,0.89909,1.50,1.50
2011.11.08 12:14:56.041,0.8989,0.89907,1.50,2.25
2011.11.08 12:14:56.649,0.89888,0.89906,1.50,2.25
2011.11.08 12:14:57.132,0.89889,0.89906,1.50,1.50
2011.11.08 12:14:57.487,0.89889,0.89906,1.50,1.50
2011.11.08 12:14:58.141,0.89887,0.89904,3.00,1.50
2011.11.08 12:14:58.270,0.89885,0.89903,1.50,2.25
2011.11.08 12:14:58.389,0.89886,0.89904,1.50,2.25
2011.11.08 12:14:58.512,0.89886,0.89904,1.50,2.25
2011.11.08 12:15:00.289,0.89888,0.89906,3.75,2.25
2011.11.08 12:15:00.653,0.89889,0.89906,1.50,1.50
2011.11.08 12:15:01.186,0.89887,0.89903,1.50,1.50
2011.11.08 12:15:01.554,0.89891,0.89906,1.50,1.50
2011.11.08 12:15:01.683,0.89892,0.8991,1.50,2.25
2011.11.08 12:15:02.290,0.89892,0.89909,1.50,1.50
2011.11.08 12:15:02.651,0.89893,0.89911,1.50,2.40
2011.11.08 12:15:03.173,0.89892,0.89911,1.50,2.25
2011.11.08 12:15:03.305,0.89894,0.89912,1.50,2.40
2011.11.08 12:15:04.378,0.89894,0.89912,1.50,2.40
2011.11.08 12:15:04.617,0.89895,0.89912,1.50,1.65
2011.11.08 12:15:04.737,0.89895,0.89913,1.50,3.15
2011.11.08 12:15:05.709,0.89895,0.89913,1.50,3.15
2011.11.08 12:15:07.042,0.89895,0.89912,1.50,1.65
2011.11.08 12:15:08.106,0.89895,0.89912,1.50,1.65
2011.11.08 12:15:09.075,0.89895,0.89912,1.50,2.40
2011.11.08 12:15:09.210,0.89893,0.8991,1.50,1.65
2011.11.08 12:15:09.339,0.8989,0.89909,2.25,1.50
2011.11.08 12:15:09.464,0.89894,0.89912,1.50,1.28
2011.11.08 12:15:10.014,0.89895,0.89913,1.50,2.40
2011.11.08 12:15:10.982,0.89897,0.89914,2.25,1.09
2011.11.08 12:15:11.223,0.899,0.89917,1.50,1.50
2011.11.08 12:15:12.423,0.899,0.89918,2.54,2.63
2011.11.08 12:15:13.064,0.89902,0.89918,1.50,1.13
2011.11.08 12:15:13.314,0.899,0.89918,1.79,1.13
2011.11.08 12:15:14.758,0.899,0.89918,1.04,1.88
2011.11.08 12:15:15.229,0.89901,0.89918,1.50,1.13
2011.11.08 12:15:16.042,0.899,0.89918,1.79,1.50
2011.11.08 12:15:16.405,0.899,0.89919,1.04,1.65
2011.11.08 12:15:16.971,0.89893,0.89913,1.13,5.25
2011.11.08 12:15:17.100,0.89892,0.89911,1.79,1.50
2011.11.08 12:15:17.703,0.89893,0.89911,1.50,1.50
2011.11.08 12:15:18.076,0.89895,0.89912,1.50,1.50
2011.11.08 12:15:19.278,0.89896,0.89913,1.50,1.50
2011.11.08 12:15:19.860,0.89895,0.89913,2.25,1.50
2011.11.08 12:15:21.028,0.89895,0.89913,1.50,2.25
2011.11.08 12:15:21.155,0.89893,0.8991,1.04,1.50
2011.11.08 12:15:21.725,0.89893,0.8991,1.04,2.25
2011.11.08 12:15:21.868,0.89887,0.89903,1.04,3.00
2011.11.08 12:15:22.479,0.89889,0.89906,1.79,1.50
2011.11.08 12:15:22.847,0.89894,0.89913,1.50,1.50
2011.11.08 12:15:23.438,0.89897,0.89916,1.04,2.25
2011.11.08 12:15:23.804,0.89897,0.89916,1.04,2.25
2011.11.08 12:15:24.175,0.89897,0.89915,1.04,3.75
2011.11.08 12:15:24.306,0.89895,0.8991,2.25,1.50
2011.11.08 12:15:24.435,0.89892,0.8991,1.79,3.00
2011.11.08 12:15:24.809,0.8989,0.89909,1.04,1.50
2011.11.08 12:15:25.234,0.8989,0.89908,1.04,1.50
2011.11.08 12:15:25.824,0.8989,0.89908,1.04,1.50
2011.11.08 12:15:26.190,0.89886,0.89904,1.79,1.50
2011.11.08 12:15:26.310,0.89886,0.89904,1.04,1.50
2011.11.08 12:15:26.434,0.89885,0.89904,1.04,2.25
2011.11.08 12:15:27.381,0.89886,0.89904,1.04,2.25
2011.11.08 12:15:28.463,0.89885,0.89903,1.50,1.50
2011.11.08 12:15:28.832,0.89887,0.89905,1.50,2.25
2011.11.08 12:15:29.430,0.89886,0.89905,1.79,2.25
2011.11.08 12:15:30.821,0.89886,0.89904,1.50,1.50
2011.11.08 12:15:32.958,0.89885,0.89903,1.50,1.50
2011.11.08 12:15:33.319,0.89884,0.89901,1.50,1.50
2011.11.08 12:15:33.869,0.89884,0.89902,1.50,1.50
2011.11.08 12:15:35.980,0.89884,0.89902,1.50,1.50
2011.11.08 12:15:36.460,0.89883,0.89902,2.54,1.50
2011.11.08 12:15:37.818,0.89883,0.89902,1.79,2.25
2011.11.08 12:15:38.799,0.89883,0.89902,2.54,1.69
2011.11.08 12:15:38.920,0.89883,0.89901,1.79,3.00
2011.11.08 12:15:39.159,0.89881,0.89899,1.50,1.50
2011.11.08 12:15:39.512,0.89882,0.899,2.25,1.50
2011.11.08 12:15:40.109,0.89883,0.89901,1.50,1.50
2011.11.08 12:15:41.069,0.89883,0.89901,1.50,1.50
2011.11.08 12:15:45.522,0.89882,0.89899,1.50,1.50
2011.11.08 12:15:45.641,0.8988,0.89898,1.50,1.50
2011.11.08 12:15:47.511,0.8988,0.89898,1.79,2.25
2011.11.08 12:15:49.583,0.8988,0.89897,1.04,1.50
2011.11.08 12:15:56.552,0.8988,0.89898,1.04,2.25
2011.11.08 12:15:56.915,0.8988,0.89898,1.79,2.25
2011.11.08 12:15:59.978,0.8988,0.89898,1.50,2.25
2011.11.08 12:16:00.841,0.8988,0.89898,1.50,1.50
2011.11.08 12:16:00.960,0.89881,0.89899,1.50,2.25
2011.11.08 12:16:01.085,0.89882,0.89899,1.50,1.50
2011.11.08 12:16:01.221,0.89884,0.89901,1.50,1.50
2011.11.08 12:16:01.820,0.89885,0.89901,1.50,1.50
2011.11.08 12:16:04.216,0.89883,0.89901,2.54,2.10
2011.11.08 12:16:04.344,0.8988,0.89896,1.50,2.25
2011.11.08 12:16:04.948,0.8988,0.89897,1.50,1.50
2011.11.08 12:16:05.541,0.89879,0.89897,1.50,2.25
2011.11.08 12:16:05.899,0.89877,0.89893,1.50,1.50
2011.11.08 12:16:07.660,0.89877,0.89893,1.50,1.50
2011.11.08 12:16:08.258,0.89878,0.89895,1.50,1.50
2011.11.08 12:16:09.306,0.89877,0.89895,1.50,2.25
2011.11.08 12:16:09.437,0.89875,0.89892,1.88,1.13
2011.11.08 12:16:09.810,0.89869,0.89883,1.35,1.50
2011.11.08 12:16:10.180,0.89867,0.89882,2.85,2.25
2011.11.08 12:16:10.309,0.89865,0.89879,1.50,1.50
2011.11.08 12:16:10.555,0.89863,0.89877,1.13,1.50
2011.11.08 12:16:10.945,0.89876,0.89894,1.35,1.50
2011.11.08 12:16:11.196,0.89872,0.89887,1.69,1.50
2011.11.08 12:16:11.716,0.8987,0.89887,1.60,1.50
2011.11.08 12:16:11.963,0.8987,0.8989,2.16,1.50
2011.11.08 12:16:12.096,0.8987,0.89887,1.04,1.50
2011.11.08 12:16:12.467,0.89868,0.89885,1.13,1.50
2011.11.08 12:16:12.834,0.89868,0.89886,1.79,1.50
2011.11.08 12:16:13.901,0.89866,0.89886,1.88,3.00
2011.11.08 12:16:14.792,0.89868,0.89887,1.50,2.25
2011.11.08 12:16:14.914,0.89866,0.89883,1.50,1.50
2011.11.08 12:16:16.702,0.89867,0.89885,1.50,2.25
2011.11.08 12:16:17.203,0.89872,0.89888,1.50,2.25
2011.11.08 12:16:17.811,0.89871,0.89889,1.50,3.00
2011.11.08 12:16:18.271,0.89868,0.89888,1.04,1.50
2011.11.08 12:16:18.622,0.89872,0.8989,1.50,1.13
2011.11.08 12:16:19.219,0.89872,0.8989,1.79,2.63
2011.11.08 12:16:20.037,0.89872,0.89889,1.79,1.50
2011.11.08 12:16:20.617,0.89872,0.8989,1.79,2.63
2011.11.08 12:16:20.740,0.89872,0.8989,1.79,2.63
2011.11.08 12:16:20.982,0.89872,0.8989,1.04,2.63
2011.11.08 12:16:26.218,0.89872,0.8989,1.04,1.88
2011.11.08 12:16:26.798,0.89872,0.8989,1.79,1.88
2011.11.08 12:16:27.916,0.89872,0.8989,1.04,2.63
2011.11.08 12:16:28.437,0.89872,0.8989,1.79,1.88
2011.11.08 12:16:30.081,0.89872,0.8989,1.04,2.63
2011.11.08 12:16:30.677,0.89872,0.8989,1.04,1.13
2011.11.08 12:16:33.199,0.89872,0.8989,1.04,1.13
2011.11.08 12:16:33.767,0.89872,0.8989,1.04,1.13
2011.11.08 12:16:35.489,0.89871,0.8989,1.79,1.88
2011.11.08 12:16:36.046,0.89872,0.8989,1.04,1.13
2011.11.08 12:16:36.636,0.89872,0.8989,1.04,1.88
2011.11.08 12:16:37.212,0.89874,0.89891,1.79,2.63
2011.11.08 12:16:37.330,0.89877,0.89894,1.50,1.69
2011.11.08 12:16:37.920,0.89876,0.89887,1.04,1.50
2011.11.08 12:16:38.040,0.89874,0.89888,1.19,1.13
2011.11.08 12:16:38.280,0.89876,0.89896,1.50,1.88
2011.11.08 12:16:38.404,0.89876,0.89895,1.50,1.50
2011.11.08 12:16:39.009,0.89876,0.89894,1.50,2.25
2011.11.08 12:16:39.250,0.89876,0.89894,1.50,1.50
2011.11.08 12:16:39.612,0.89876,0.89894,1.50,4.50
2011.11.08 12:16:40.007,0.89869,0.89888,1.79,1.50
2011.11.08 12:16:40.138,0.89868,0.89885,1.04,1.50
2011.11.08 12:16:40.262,0.89866,0.89885,1.50,1.50
2011.11.08 12:16:40.389,0.89865,0.89883,2.16,1.50
2011.11.08 12:16:40.967,0.89865,0.89883,1.41,1.50
2011.11.08 12:16:41.538,0.89866,0.89884,1.04,2.25
2011.11.08 12:16:42.821,0.89868,0.89884,1.50,1.50
2011.11.08 12:16:42.944,0.8987,0.89888,3.00,1.50
2011.11.08 12:16:43.071,0.89872,0.89889,1.50,1.13
2011.11.08 12:16:43.429,0.89875,0.89891,1.50,2.25
2011.11.08 12:16:43.901,0.89873,0.89891,1.04,1.50
2011.11.08 12:16:44.024,0.89872,0.89887,1.04,1.50
2011.11.08 12:16:44.149,0.89869,0.89885,1.04,1.50
2011.11.08 12:16:44.581,0.89868,0.89885,1.41,1.50
2011.11.08 12:16:44.822,0.89865,0.89884,2.16,1.50
2011.11.08 12:16:44.939,0.89865,0.89884,1.41,1.50
2011.11.08 12:16:45.518,0.89865,0.89884,1.50,1.50
2011.11.08 12:16:46.079,0.89864,0.89884,2.16,2.25
2011.11.08 12:16:49.210,0.89869,0.89885,1.50,2.25
2011.11.08 12:16:49.340,0.89874,0.89891,1.50,1.50
2011.11.08 12:16:52.052,0.89871,0.8989,2.25,1.50
2011.11.08 12:16:52.171,0.89871,0.89889,1.50,1.50
2011.11.08 12:16:52.292,0.89868,0.89889,1.04,3.75
2011.11.08 12:16:52.540,0.89866,0.89885,1.13,1.50
2011.11.08 12:16:53.787,0.89866,0.89884,2.16,2.25
2011.11.08 12:16:55.811,0.89866,0.89884,1.79,1.50
2011.11.08 12:16:55.935,0.89866,0.89886,2.54,3.00
2011.11.08 12:16:56.064,0.8987,0.89887,1.50,1.50
2011.11.08 12:16:56.313,0.89872,0.89888,1.50,1.50
2011.11.08 12:16:56.562,0.89875,0.89892,1.50,1.50
2011.11.08 12:16:57.154,0.89873,0.89891,1.79,2.25
2011.11.08 12:16:57.400,0.89872,0.89891,2.54,2.25
2011.11.08 12:16:57.521,0.89872,0.89891,1.79,2.25
2011.11.08 12:16:58.003,0.89869,0.89888,1.50,1.50
2011.11.08 12:16:58.134,0.89867,0.89886,1.79,1.50
2011.11.08 12:16:58.729,0.89867,0.89885,1.79,1.50
2011.11.08 12:16:58.850,0.89867,0.89884,1.50,1.13
2011.11.08 12:17:00.392,0.89867,0.89884,2.25,1.13
2011.11.08 12:17:00.630,0.8987,0.89887,1.50,1.50
2011.11.08 12:17:02.428,0.89872,0.89888,1.50,1.69
2011.11.08 12:17:03.032,0.89877,0.89892,1.50,1.88
2011.11.08 12:17:05.691,0.89876,0.89892,1.50,1.50
2011.11.08 12:17:07.071,0.89874,0.89891,1.50,1.50
2011.11.08 12:17:07.434,0.89873,0.8989,1.04,1.69
2011.11.08 12:17:07.683,0.89873,0.89891,1.50,1.50
2011.11.08 12:17:09.702,0.89872,0.8989,1.50,1.69
2011.11.08 12:17:10.074,0.89868,0.89887,1.79,2.44
2011.11.08 12:17:10.201,0.89867,0.89886,1.88,3.19
2011.11.08 12:17:10.768,0.89867,0.89885,1.50,1.50
2011.11.08 12:17:11.368,0.89867,0.89885,1.50,2.25
2011.11.08 12:17:12.269,0.89869,0.89886,1.50,2.25
2011.11.08 12:17:12.859,0.89869,0.89885,1.50,1.50
2011.11.08 12:17:13.788,0.89869,0.89885,1.50,1.50
2011.11.08 12:17:14.347,0.89869,0.89885,1.50,1.50
2011.11.08 12:17:14.985,0.89869,0.89885,1.50,1.50
2011.11.08 12:17:18.891,0.89869,0.89887,2.25,3.75
2011.11.08 12:17:19.467,0.89869,0.89886,1.50,1.50
2011.11.08 12:17:24.226,0.89869,0.89887,1.50,3.75
2011.11.08 12:17:25.329,0.89869,0.89886,1.50,1.50
2011.11.08 12:17:27.132,0.89868,0.89884,1.79,1.50
2011.11.08 12:17:27.253,0.89867,0.89884,1.50,1.50
2011.11.08 12:17:27.859,0.89866,0.89882,1.50,1.13
2011.11.08 12:17:34.979,0.89867,0.89883,1.50,1.88
2011.11.08 12:17:35.586,0.89867,0.89883,1.50,1.88
2011.11.08 12:17:36.289,0.89867,0.89883,1.50,1.88
2011.11.08 12:17:36.879,0.89867,0.89883,1.50,2.63
2011.11.08 12:17:39.858,0.89863,0.89881,1.04,1.50
2011.11.08 12:17:39.980,0.89862,0.8988,1.79,1.50
2011.11.08 12:17:40.100,0.89862,0.8988,1.79,1.50
2011.11.08 12:17:40.670,0.89861,0.89879,1.50,2.25
2011.11.08 12:17:41.249,0.89861,0.89879,2.25,2.25
2011.11.08 12:17:41.611,0.89868,0.89884,1.50,1.50
2011.11.08 12:17:42.209,0.89866,0.89884,1.50,1.50
2011.11.08 12:17:42.665,0.89868,0.89884,1.50,1.50
2011.11.08 12:17:43.101,0.89867,0.89885,2.25,2.44
2011.11.08 12:17:43.233,0.89867,0.89884,1.50,2.25
2011.11.08 12:17:43.856,0.89865,0.8988,1.13,1.50
2011.11.08 12:17:44.111,0.89858,0.89875,2.25,1.50
2011.11.08 12:17:44.367,0.89855,0.89872,2.00,2.25
2011.11.08 12:17:44.984,0.89855,0.89873,2.54,1.13
2011.11.08 12:17:45.578,0.89855,0.89873,2.54,1.13
2011.11.08 12:17:46.160,0.89856,0.89873,1.50,1.13
2011.11.08 12:17:46.528,0.8986,0.89878,2.25,1.69
2011.11.08 12:17:46.777,0.89863,0.8988,1.50,2.25
2011.11.08 12:17:47.184,0.89864,0.89881,1.50,1.50
2011.11.08 12:17:47.428,0.89866,0.89881,1.50,1.50
2011.11.08 12:17:48.282,0.89864,0.89881,1.50,2.25
2011.11.08 12:17:49.214,0.89862,0.89879,1.50,1.69
2011.11.08 12:17:49.345,0.8986,0.89878,1.79,2.44
2011.11.08 12:17:49.914,0.8986,0.89877,1.79,1.69
2011.11.08 12:17:50.049,0.89859,0.89875,1.04,1.50
2011.11.08 12:17:50.650,0.89857,0.89874,1.79,1.13
2011.11.08 12:17:51.328,0.89858,0.89874,1.50,1.13
2011.11.08 12:17:52.012,0.89859,0.89876,1.79,1.50
2011.11.08 12:17:52.598,0.89859,0.89877,1.04,1.50
2011.11.08 12:17:52.950,0.8986,0.89878,1.50,2.44
2011.11.08 12:17:54.005,0.8986,0.89879,1.79,4.69
2011.11.08 12:17:54.940,0.89863,0.8988,1.50,1.50
2011.11.08 12:17:55.779,0.89865,0.89881,1.50,1.50
2011.11.08 12:17:56.140,0.89864,0.89882,1.50,3.94
2011.11.08 12:17:56.710,0.89863,0.89882,2.54,3.94
2011.11.08 12:17:57.978,0.89863,0.89881,2.54,1.50
2011.11.08 12:17:58.548,0.89865,0.89882,1.50,4.69
2011.11.08 12:17:59.150,0.89864,0.89881,1.50,1.50
2011.11.08 12:17:59.619,0.89862,0.8988,1.50,1.50
2011.11.08 12:18:00.100,0.89862,0.89881,1.50,2.44
2011.11.08 12:18:00.702,0.89864,0.89882,1.79,2.44
2011.11.08 12:18:01.384,0.89864,0.89882,1.79,1.69
2011.11.08 12:18:01.980,0.89864,0.89882,1.79,2.44
2011.11.08 12:18:02.691,0.89864,0.89882,2.54,1.69
2011.11.08 12:18:03.268,0.89864,0.89882,1.04,4.69
2011.11.08 12:18:03.950,0.89862,0.8988,1.79,1.50
2011.11.08 12:18:04.072,0.89862,0.8988,1.79,1.50
2011.11.08 12:18:04.830,0.89862,0.89878,1.50,1.50
2011.11.08 12:18:05.190,0.8986,0.89878,1.04,2.25
2011.11.08 12:18:06.579,0.8986,0.89878,1.79,1.50
2011.11.08 12:18:07.310,0.8986,0.89878,1.04,1.50
2011.11.08 12:18:07.550,0.89856,0.89875,1.50,1.50
2011.11.08 12:18:08.250,0.8986,0.89878,1.50,3.00
2011.11.08 12:18:08.858,0.8986,0.89878,2.25,1.50
2011.11.08 12:18:08.979,0.8986,0.89879,2.25,1.50
2011.11.08 12:18:09.547,0.8986,0.89878,1.50,1.50
2011.11.08 12:18:10.010,0.8986,0.89878,1.50,2.25
2011.11.08 12:18:10.134,0.89858,0.89876,1.50,1.50
2011.11.08 12:18:10.503,0.89865,0.89882,1.50,1.50
2011.11.08 12:18:10.751,0.89865,0.89883,1.50,3.94
2011.11.08 12:18:11.476,0.89864,0.89882,1.50,1.88
2011.11.08 12:18:11.845,0.8986,0.89877,1.04,1.13
2011.11.08 12:18:12.321,0.89859,0.89877,1.50,1.13
2011.11.08 12:18:12.441,0.89856,0.89876,1.50,2.63
2011.11.08 12:18:12.804,0.89855,0.89874,1.04,1.50
2011.11.08 12:18:13.398,0.89855,0.89873,1.79,1.13
2011.11.08 12:18:13.958,0.89855,0.89873,1.79,1.13
2011.11.08 12:18:14.418,0.89855,0.89873,1.79,1.13
2011.11.08 12:18:14.898,0.89859,0.89877,1.50,2.44
2011.11.08 12:18:15.748,0.8986,0.89878,1.50,2.44
2011.11.08 12:18:16.099,0.89859,0.89878,1.50,3.19
2011.11.08 12:18:17.618,0.89859,0.89877,1.50,1.13
2011.11.08 12:18:18.290,0.8986,0.89877,1.50,1.13
2011.11.08 12:18:21.052,0.89858,0.89876,1.50,1.69
2011.11.08 12:18:21.411,0.89857,0.89873,1.04,1.13
2011.11.08 12:18:24.149,0.89857,0.89874,1.04,1.50
2011.11.08 12:18:26.058,0.89857,0.89874,1.79,1.50
2011.11.08 12:18:26.419,0.89858,0.89874,1.50,1.50
2011.11.08 12:18:27.254,0.89857,0.89874,1.79,1.50
2011.11.08 12:18:27.828,0.89856,0.89874,2.25,1.50
2011.11.08 12:18:28.413,0.89855,0.89872,1.04,1.13
2011.11.08 12:18:29.010,0.89854,0.89872,1.50,1.13
2011.11.08 12:18:35.910,0.89856,0.89872,1.04,1.13
2011.11.08 12:18:36.275,0.89856,0.89873,1.50,1.13
2011.11.08 12:18:36.738,0.89861,0.89875,1.50,1.35
2011.11.08 12:18:37.218,0.8986,0.89875,1.50,2.10
2011.11.08 12:18:38.748,0.89858,0.89875,1.04,2.10
2011.11.08 12:18:39.406,0.89855,0.89873,1.04,3.94
2011.11.08 12:18:40.613,0.89856,0.89873,1.79,3.19
2011.11.08 12:18:40.981,0.89857,0.89873,1.50,3.19
2011.11.08 12:18:41.505,0.89856,0.89872,1.79,1.13
2011.11.08 12:18:44.696,0.89856,0.89872,1.04,1.13
2011.11.08 12:18:47.602,0.89859,0.89873,1.50,1.13
2011.11.08 12:18:47.964,0.89863,0.89876,1.04,1.05
2011.11.08 12:18:48.552,0.89864,0.89877,1.04,1.13
2011.11.08 12:18:49.031,0.89864,0.89879,1.04,3.19
2011.11.08 12:18:49.389,0.89859,0.89877,2.54,1.50
2011.11.08 12:18:49.635,0.89859,0.89875,1.79,1.69
2011.11.08 12:18:50.569,0.89858,0.89876,1.50,1.69
2011.11.08 12:18:53.308,0.89858,0.89875,1.04,1.13
2011.11.08 12:18:53.550,0.89859,0.89876,1.50,1.13
2011.11.08 12:18:53.910,0.89858,0.89875,1.79,1.13
2011.11.08 12:18:54.029,0.89857,0.89875,1.79,1.88
2011.11.08 12:18:54.639,0.89857,0.89875,1.04,1.88
2011.11.08 12:18:54.762,0.8986,0.89877,1.50,1.69
2011.11.08 12:18:55.358,0.89864,0.8988,1.50,1.50
2011.11.08 12:18:55.718,0.89865,0.8988,1.04,1.13
2011.11.08 12:18:56.728,0.89864,0.89882,2.54,2.48
2011.11.08 12:18:56.870,0.89868,0.89886,1.50,1.88
2011.11.08 12:18:57.330,0.89873,0.89891,1.04,2.44
2011.11.08 12:18:57.811,0.89872,0.89889,1.04,1.50
2011.11.08 12:18:57.931,0.89871,0.89887,1.04,1.50
2011.11.08 12:18:58.858,0.89871,0.89889,1.79,1.50
2011.11.08 12:18:59.450,0.89871,0.89889,1.50,2.25
2011.11.08 12:18:59.979,0.8987,0.89888,1.79,1.50
2011.11.08 12:19:01.587,0.8987,0.89888,1.04,2.25
2011.11.08 12:19:03.385,0.89869,0.89883,1.04,1.50
2011.11.08 12:19:03.633,0.89865,0.89882,2.91,1.50
2011.11.08 12:19:03.878,0.89865,0.89882,1.04,2.25
2011.11.08 12:19:04.347,0.89862,0.89879,2.16,1.69
2011.11.08 12:19:06.802,0.89863,0.89881,2.54,1.88
2011.11.08 12:19:06.931,0.89864,0.89881,1.79,1.50
2011.11.08 12:19:07.721,0.89864,0.89882,2.54,1.50
2011.11.08 12:19:08.322,0.89864,0.89882,1.79,1.50
2011.11.08 12:19:08.949,0.89864,0.89883,2.54,1.50
2011.11.08 12:19:09.073,0.89866,0.89884,1.50,1.50
2011.11.08 12:19:09.800,0.89872,0.89888,2.25,2.25
2011.11.08 12:19:10.046,0.89872,0.89889,1.50,1.50
2011.11.08 12:19:10.175,0.89869,0.89888,1.79,1.50
2011.11.08 12:19:10.794,0.89869,0.89886,1.04,2.25
2011.11.08 12:19:20.558,0.89867,0.89885,1.79,1.50
2011.11.08 12:19:21.939,0.89868,0.89886,2.25,1.50
2011.11.08 12:19:22.291,0.89869,0.89887,1.79,2.25
2011.11.08 12:19:22.651,0.89867,0.89884,1.50,1.50
2011.11.08 12:19:22.894,0.89871,0.89889,1.79,1.50
2011.11.08 12:19:23.862,0.89871,0.89889,1.04,2.25
2011.11.08 12:19:23.993,0.8987,0.89888,1.79,1.50
2011.11.08 12:19:25.882,0.89871,0.8989,1.79,1.88
2011.11.08 12:19:26.124,0.89874,0.89893,1.50,1.50
2011.11.08 12:19:26.609,0.89873,0.89891,1.50,1.50
2011.11.08 12:19:27.068,0.89873,0.89891,1.50,1.69
2011.11.08 12:19:27.434,0.89872,0.89891,1.79,1.69
2011.11.08 12:19:27.867,0.89879,0.89894,1.50,2.07
2011.11.08 12:19:28.004,0.89885,0.89899,1.50,1.50
2011.11.08 12:19:28.373,0.89886,0.89899,1.50,1.50
2011.11.08 12:19:28.622,0.89884,0.89898,1.79,1.50
2011.11.08 12:19:28.743,0.89882,0.89898,2.54,1.50
2011.11.08 12:19:28.983,0.89879,0.89897,3.29,3.00
2011.11.08 12:19:29.110,0.89879,0.89897,1.79,4.50
2011.11.08 12:19:29.354,0.89878,0.89896,1.79,1.50
2011.11.08 12:19:29.959,0.89878,0.89896,1.79,1.50
2011.11.08 12:19:31.352,0.8988,0.89895,1.04,1.50
2011.11.08 12:19:31.605,0.89878,0.89897,1.79,1.50
2011.11.08 12:19:32.213,0.89881,0.89898,1.50,2.63
2011.11.08 12:19:33.361,0.89879,0.89888,1.04,1.50
2011.11.08 12:19:33.599,0.89882,0.89893,1.04,1.50
2011.11.08 12:19:33.981,0.89879,0.89895,1.50,1.50
2011.11.08 12:19:34.110,0.89879,0.89895,1.50,1.50
2011.11.08 12:19:34.234,0.8988,0.89898,1.50,1.50
2011.11.08 12:19:34.589,0.89879,0.89898,1.50,2.25
2011.11.08 12:19:35.059,0.89879,0.89898,1.50,2.25
2011.11.08 12:19:35.299,0.89881,0.89899,1.50,1.92
2011.11.08 12:19:36.899,0.89882,0.899,2.25,3.98
2011.11.08 12:19:37.366,0.89882,0.89899,1.50,1.54
2011.11.08 12:19:37.878,0.89881,0.89899,1.50,2.29
2011.11.08 12:19:39.368,0.89881,0.89899,1.50,2.29
2011.11.08 12:19:39.489,0.89881,0.89899,1.50,2.29
2011.11.08 12:19:40.390,0.89881,0.89899,1.50,1.92
2011.11.08 12:19:40.635,0.89884,0.899,1.50,1.13
2011.11.08 12:19:40.766,0.89882,0.89899,1.50,1.50
2011.11.08 12:19:41.128,0.89881,0.89897,1.50,1.13
2011.11.08 12:19:41.719,0.89879,0.89897,1.50,1.88
2011.11.08 12:19:43.549,0.89879,0.89897,1.50,1.13
2011.11.08 12:19:43.791,0.89883,0.89901,1.50,3.00
2011.11.08 12:19:43.909,0.89887,0.89902,1.50,1.13
2011.11.08 12:19:44.369,0.89886,0.89903,1.50,1.50
2011.11.08 12:19:45.412,0.89886,0.89902,1.50,1.13
2011.11.08 12:19:46.011,0.89887,0.89903,1.79,1.73
2011.11.08 12:19:46.371,0.89888,0.89904,1.79,1.73
2011.11.08 12:19:47.010,0.89891,0.89906,1.04,1.13
2011.11.08 12:19:47.253,0.89893,0.8991,1.04,2.70
2011.11.08 12:19:47.500,0.89893,0.8991,1.04,2.70
2011.11.08 12:19:48.190,0.89895,0.8991,1.04,2.70
2011.11.08 12:19:49.101,0.89895,0.8991,1.04,2.70
2011.11.08 12:19:49.222,0.89892,0.89909,1.04,1.35
2011.11.08 12:19:49.578,0.8989,0.89909,1.79,4.35
2011.11.08 12:19:49.700,0.8989,0.89907,1.04,1.50
2011.11.08 12:19:50.288,0.89889,0.89907,1.79,1.50
2011.11.08 12:19:51.003,0.8989,0.89908,1.79,1.13
2011.11.08 12:19:51.135,0.89891,0.89909,1.50,1.73
2011.11.08 12:19:51.738,0.89892,0.8991,1.50,1.35
2011.11.08 12:19:52.898,0.89894,0.89911,1.04,2.03
2011.11.08 12:19:53.386,0.89895,0.89911,1.79,1.43
2011.11.08 12:19:54.805,0.89897,0.89912,1.04,1.62
2011.11.08 12:19:56.358,0.89898,0.89911,1.04,1.05
2011.11.08 12:19:56.496,0.89901,0.89918,1.04,2.48
2011.11.08 12:19:57.100,0.89901,0.89918,1.79,1.73
2011.11.08 12:19:58.403,0.89899,0.89914,1.04,1.50
2011.11.08 12:19:59.017,0.89894,0.89911,1.79,1.50
2011.11.08 12:19:59.569,0.89894,0.89911,1.04,1.50
2011.11.08 12:20:00.279,0.89894,0.89912,1.79,2.25
2011.11.08 12:20:00.524,0.89895,0.89913,1.04,1.88
2011.11.08 12:20:00.773,0.89897,0.89914,1.04,1.32
2011.11.08 12:20:04.451,0.89898,0.89914,1.79,1.13
2011.11.08 12:20:05.031,0.89904,0.89914,1.50,1.13
2011.11.08 12:20:05.395,0.89911,0.89926,1.79,2.25
2011.11.08 12:20:05.521,0.89911,0.89927,1.79,1.69
2011.11.08 12:20:05.757,0.89913,0.89927,1.04,1.69
2011.11.08 12:20:06.859,0.89913,0.89927,1.04,2.44
2011.11.08 12:20:07.438,0.89913,0.89927,1.04,2.44
2011.11.08 12:20:10.028,0.89913,0.89926,1.04,1.13
2011.11.08 12:20:11.656,0.89913,0.89927,2.16,1.69
2011.11.08 12:20:11.909,0.89919,0.89931,1.04,1.88
2011.11.08 12:20:12.400,0.8992,0.89936,1.04,1.88
2011.11.08 12:20:12.537,0.8992,0.89936,1.79,1.13
2011.11.08 12:20:13.129,0.8992,0.89936,1.04,1.13
2011.11.08 12:20:13.716,0.89919,0.89935,1.79,2.25
2011.11.08 12:20:14.079,0.89918,0.89935,1.04,2.25
2011.11.08 12:20:14.440,0.89918,0.89927,1.04,1.88
2011.11.08 12:20:14.680,0.89915,0.89934,1.04,2.25
2011.11.08 12:20:15.270,0.89915,0.89932,1.79,1.35
2011.11.08 12:20:17.124,0.89919,0.89934,3.00,1.69
2011.11.08 12:20:17.252,0.89917,0.89934,1.50,2.44
2011.11.08 12:20:17.492,0.89917,0.89932,1.04,1.13
2011.11.08 12:20:19.831,0.89918,0.89934,1.04,1.50
2011.11.08 12:20:19.955,0.89919,0.89936,1.50,2.25
2011.11.08 12:20:20.079,0.89919,0.89936,1.50,1.50
2011.11.08 12:20:20.649,0.89919,0.89937,1.04,1.88
2011.11.08 12:20:20.769,0.89919,0.89937,1.04,1.88
2011.11.08 12:20:21.009,0.89919,0.89935,1.04,1.50
2011.11.08 12:20:21.634,0.89919,0.89935,1.04,1.50
2011.11.08 12:20:22.217,0.89918,0.89935,1.04,1.50
2011.11.08 12:20:23.498,0.89918,0.89935,1.04,1.50
2011.11.08 12:20:24.869,0.89915,0.89933,2.54,1.50
2011.11.08 12:20:25.230,0.89915,0.89931,1.04,1.50
2011.11.08 12:20:25.850,0.89915,0.89932,1.04,1.88
2011.11.08 12:20:26.479,0.89919,0.89936,3.00,1.50
2011.11.08 12:20:26.605,0.89915,0.89933,2.54,1.50
2011.11.08 12:20:27.208,0.89915,0.89933,1.79,2.25
2011.11.08 12:20:27.908,0.89918,0.89936,1.50,2.63
2011.11.08 12:20:28.275,0.89922,0.89937,1.13,1.50
2011.11.08 12:20:28.401,0.89923,0.89941,1.50,1.65
2011.11.08 12:20:28.883,0.89924,0.89941,1.41,1.50
2011.11.08 12:20:30.008,0.89924,0.8994,2.16,1.50
2011.11.08 12:20:30.371,0.89922,0.8994,2.20,2.25
2011.11.08 12:20:30.612,0.89921,0.89938,1.79,2.10
2011.11.08 12:20:30.733,0.89919,0.89936,2.35,1.50
2011.11.08 12:20:31.198,0.89918,0.89933,1.04,1.50
2011.11.08 12:20:33.114,0.89919,0.89937,1.79,1.50
2011.11.08 12:20:33.242,0.8992,0.89937,1.04,1.50
2011.11.08 12:20:33.928,0.89919,0.89937,1.79,1.50
2011.11.08 12:20:35.270,0.89921,0.89935,1.04,1.13
2011.11.08 12:20:36.027,0.89919,0.89935,1.79,1.88
2011.11.08 12:20:36.930,0.89919,0.8993,1.79,1.50
2011.11.08 12:20:37.519,0.89921,0.89934,1.04,1.50
2011.11.08 12:20:38.462,0.89921,0.89936,1.79,1.50
2011.11.08 12:20:39.049,0.89922,0.89936,1.04,2.25
2011.11.08 12:20:39.609,0.89922,0.8993,1.04,1.50
2011.11.08 12:20:40.144,0.89922,0.89929,1.04,1.50
2011.11.08 12:20:40.516,0.89921,0.89938,1.04,1.69
2011.11.08 12:20:40.644,0.8992,0.89938,1.04,2.07
2011.11.08 12:20:42.053,0.89921,0.89939,1.79,1.88
2011.11.08 12:20:42.180,0.89921,0.89939,1.04,2.63
2011.11.08 12:20:42.540,0.8992,0.89936,1.04,1.50
2011.11.08 12:20:43.099,0.8992,0.89932,1.04,2.25
2011.11.08 12:20:43.682,0.89919,0.8993,1.04,1.50
2011.11.08 12:20:44.040,0.89914,0.89926,1.41,1.50
2011.11.08 12:20:44.639,0.89915,0.89926,1.04,1.50
2011.11.08 12:20:45.550,0.89914,0.89927,2.16,1.50
2011.11.08 12:20:46.400,0.89914,0.89928,1.41,1.50
2011.11.08 12:20:46.533,0.89916,0.89929,1.04,1.50
2011.11.08 12:20:47.339,0.89916,0.89926,1.79,1.50
2011.11.08 12:20:47.587,0.89912,0.89927,1.50,1.88
2011.11.08 12:20:47.833,0.89911,0.89923,1.88,1.50
2011.11.08 12:20:48.199,0.89909,0.89921,1.88,1.50
2011.11.08 12:20:48.442,0.89905,0.89922,2.63,2.44
2011.11.08 12:20:48.684,0.89906,0.89921,1.88,1.50
2011.11.08 12:20:48.813,0.89906,0.89921,1.13,1.50
2011.11.08 12:20:48.947,0.89905,0.8992,2.63,1.50
2011.11.08 12:20:49.354,0.89904,0.8992,2.63,2.25
2011.11.08 12:20:49.963,0.89903,0.89921,2.54,1.50
2011.11.08 12:20:50.443,0.89901,0.89919,2.16,1.50
2011.11.08 12:20:50.563,0.89901,0.89918,2.16,1.50
2011.11.08 12:20:51.052,0.89902,0.8992,1.50,1.50
2011.11.08 12:20:51.294,0.8991,0.89924,1.50,1.50
2011.11.08 12:20:51.425,0.89909,0.89925,1.50,2.25
2011.11.08 12:20:51.673,0.89907,0.89924,1.79,1.50
2011.11.08 12:20:52.026,0.89907,0.89923,2.54,1.50
2011.11.08 12:20:52.159,0.89911,0.89926,1.50,1.50
2011.11.08 12:20:53.318,0.89911,0.89927,1.50,1.50
2011.11.08 12:20:53.889,0.89911,0.89923,1.50,1.50
2011.11.08 12:20:55.352,0.89911,0.89926,1.50,1.50
2011.11.08 12:20:55.469,0.89911,0.89928,1.50,1.50
2011.11.08 12:20:55.592,0.89913,0.89929,1.50,2.25
2011.11.08 12:20:55.710,0.89913,0.89929,1.50,2.25
2011.11.08 12:20:56.334,0.89913,0.89929,1.50,1.50
2011.11.08 12:20:56.568,0.89913,0.89929,1.50,1.50
2011.11.08 12:20:58.673,0.89911,0.89923,1.50,1.50
2011.11.08 12:21:00.883,0.89913,0.89925,1.50,1.50
2011.11.08 12:21:01.011,0.89916,0.89928,1.50,1.50
2011.11.08 12:21:01.130,0.89916,0.89932,1.50,2.25
2011.11.08 12:21:01.251,0.89917,0.89932,1.04,2.25
2011.11.08 12:21:01.733,0.89915,0.8993,1.04,1.50
2011.11.08 12:21:02.121,0.89911,0.89926,1.13,1.50
2011.11.08 12:21:03.869,0.89911,0.89926,1.13,2.25
2011.11.08 12:21:03.991,0.8991,0.89923,1.04,1.50
2011.11.08 12:21:04.602,0.89907,0.89922,1.79,1.50
2011.11.08 12:21:04.852,0.89904,0.8992,1.04,1.50
2011.11.08 12:21:04.976,0.89902,0.89918,3.38,1.50
2011.11.08 12:21:05.107,0.89902,0.89915,1.13,1.50
2011.11.08 12:21:05.654,0.89901,0.89914,1.50,1.50
2011.11.08 12:21:05.793,0.899,0.89913,4.13,1.50
2011.11.08 12:21:06.393,0.899,0.89913,1.50,1.50
2011.11.08 12:21:06.994,0.89901,0.89914,1.50,1.50
2011.11.08 12:21:07.801,0.89901,0.89914,1.50,1.50
2011.11.08 12:21:08.639,0.89901,0.89912,1.50,1.50
2011.11.08 12:21:08.883,0.89899,0.89912,1.50,1.50
2011.11.08 12:21:09.731,0.89897,0.89912,2.25,1.50
2011.11.08 12:21:12.112,0.89898,0.89911,1.50,1.50
2011.11.08 12:21:13.742,0.89896,0.89911,1.50,1.50
2011.11.08 12:21:13.984,0.89901,0.89917,4.50,2.25
2011.11.08 12:21:14.351,0.89898,0.89911,4.50,1.50
2011.11.08 12:21:14.470,0.89896,0.89911,1.50,1.50
2011.11.08 12:21:15.059,0.89897,0.89911,1.50,1.50
2011.11.08 12:21:16.134,0.89895,0.89911,1.50,1.50
2011.11.08 12:21:16.262,0.89895,0.89911,1.50,1.50
2011.11.08 12:21:17.296,0.89898,0.8991,1.50,1.50
2011.11.08 12:21:17.545,0.89898,0.89912,3.75,1.50
2011.11.08 12:21:17.792,0.89898,0.89911,3.75,1.50
2011.11.08 12:21:18.607,0.89898,0.89912,3.00,2.25
2011.11.08 12:21:18.746,0.89902,0.89917,1.04,1.50
2011.11.08 12:21:19.113,0.89905,0.89917,1.50,1.50
2011.11.08 12:21:20.401,0.89905,0.89917,1.79,1.50
2011.11.08 12:21:20.999,0.89906,0.89917,1.79,1.50
2011.11.08 12:21:21.580,0.89906,0.89917,1.79,1.50
2011.11.08 12:21:22.250,0.89906,0.89917,1.04,1.50
2011.11.08 12:21:22.735,0.89902,0.89917,1.04,1.50
2011.11.08 12:21:22.985,0.89903,0.89917,2.25,1.50
2011.11.08 12:21:23.476,0.89909,0.89917,1.79,1.50
2011.11.08 12:21:23.853,0.89914,0.89932,1.79,1.50
2011.11.08 12:21:23.981,0.89915,0.89932,1.04,1.50
2011.11.08 12:21:24.534,0.89914,0.89931,1.04,1.50
2011.11.08 12:21:24.901,0.89913,0.89927,1.04,2.25
2011.11.08 12:21:25.022,0.89913,0.89923,1.04,1.50
2011.11.08 12:21:25.620,0.8991,0.89923,1.04,1.50
2011.11.08 12:21:25.863,0.89915,0.89923,2.54,1.50
2011.11.08 12:21:26.103,0.89919,0.89931,1.50,1.50
2011.11.08 12:21:26.234,0.89919,0.89931,1.79,1.50
2011.11.08 12:21:26.840,0.89919,0.89931,2.54,1.50
2011.11.08 12:21:28.452,0.89919,0.89932,1.79,1.50
2011.11.08 12:21:29.028,0.89919,0.89931,1.79,1.50
2011.11.08 12:21:30.688,0.89918,0.89931,1.50,1.50
2011.11.08 12:21:30.817,0.89918,0.89926,1.50,1.50
2011.11.08 12:21:30.947,0.89916,0.89924,1.04,1.50
2011.11.08 12:21:31.078,0.89914,0.89923,1.04,1.50
2011.11.08 12:21:31.431,0.89916,0.8993,1.50,1.13
2011.11.08 12:21:31.550,0.89917,0.89933,1.79,1.69
2011.11.08 12:21:32.151,0.89917,0.89934,1.79,1.50
2011.11.08 12:21:32.718,0.89917,0.89934,1.79,1.50
2011.11.08 12:21:33.343,0.89917,0.89934,1.79,1.50
2011.11.08 12:21:35.559,0.89917,0.89933,1.04,1.50
2011.11.08 12:21:36.165,0.8992,0.89933,1.04,1.50
2011.11.08 12:21:36.710,0.89919,0.89933,1.04,1.50
2011.11.08 12:21:37.300,0.89919,0.89933,1.04,1.50
2011.11.08 12:21:39.367,0.89919,0.89933,1.04,1.50
2011.11.08 12:21:39.928,0.89919,0.89933,1.04,1.50
2011.11.08 12:21:41.159,0.89919,0.89933,1.04,1.50
2011.11.08 12:21:41.717,0.89919,0.89933,1.04,1.50
2011.11.08 12:21:42.400,0.89919,0.89933,1.04,1.50
2011.11.08 12:21:42.988,0.89919,0.89934,2.54,1.50
2011.11.08 12:21:43.230,0.89917,0.8993,1.04,1.50
2011.11.08 12:21:43.798,0.89916,0.89931,2.54,1.50
2011.11.08 12:21:51.117,0.89916,0.89932,1.04,1.50
2011.11.08 12:21:54.158,0.89915,0.89932,1.04,1.05
2011.11.08 12:21:57.927,0.89916,0.89932,1.04,1.50
2011.11.08 12:22:01.148,0.89916,0.89932,1.04,1.50
2011.11.08 12:22:01.486,0.89916,0.89931,1.04,2.25
2011.11.08 12:22:05.356,0.89916,0.89931,1.04,2.25
2011.11.08 12:22:12.176,0.89916,0.89931,1.04,2.25
2011.11.08 12:22:12.736,0.89916,0.8993,1.04,1.50
2011.11.08 12:22:14.416,0.89916,0.89929,1.04,1.50
2011.11.08 12:22:19.297,0.89916,0.89929,1.04,1.50
2011.11.08 12:22:20.067,0.89916,0.89926,1.04,1.35
2011.11.08 12:22:20.326,0.89903,0.89916,1.13,1.50
2011.11.08 12:22:20.456,0.89902,0.89916,1.13,2.07
2011.11.08 12:22:20.585,0.89897,0.8991,1.88,1.50
2011.11.08 12:22:20.837,0.89897,0.89909,1.13,2.22
2011.11.08 12:22:21.086,0.8989,0.89906,1.41,2.25
2011.11.08 12:22:21.212,0.8989,0.89906,1.13,3.00
2011.11.08 12:22:22.725,0.89892,0.89906,1.50,1.50
2011.11.08 12:22:22.976,0.8989,0.89905,1.88,1.50
2011.11.08 12:22:23.226,0.89887,0.89903,4.04,1.50
2011.11.08 12:22:23.471,0.89887,0.89899,2.54,1.50
2011.11.08 12:22:23.829,0.89888,0.899,1.50,1.50
2011.11.08 12:22:24.307,0.8989,0.89904,1.13,1.50
2011.11.08 12:22:24.440,0.89897,0.89907,1.50,1.50
2011.11.08 12:22:24.568,0.89898,0.89914,2.25,1.88
2011.11.08 12:22:24.809,0.899,0.89914,2.54,1.13
2011.11.08 12:22:26.126,0.89905,0.89917,3.00,1.50
2011.11.08 12:22:26.254,0.89907,0.89918,1.50,1.50
2011.11.08 12:22:26.386,0.89911,0.89925,1.50,1.50
2011.11.08 12:22:26.990,0.89912,0.89924,1.04,1.50
2011.11.08 12:22:27.617,0.89906,0.8992,1.50,1.50
2011.11.08 12:22:28.099,0.89904,0.8992,5.35,2.25
2011.11.08 12:22:28.577,0.89907,0.8992,1.50,1.50
2011.11.08 12:22:28.704,0.8991,0.89924,3.00,1.50
2011.11.08 12:22:29.070,0.89908,0.8992,1.50,1.50
2011.11.08 12:22:29.190,0.89906,0.8992,2.91,1.50
2011.11.08 12:22:29.780,0.89906,0.89919,1.50,1.50
2011.11.08 12:22:30.412,0.89905,0.89919,1.04,1.50
2011.11.08 12:22:30.780,0.89908,0.8992,1.04,1.50
2011.11.08 12:22:31.138,0.89908,0.89921,1.04,1.50
2011.11.08 12:22:32.843,0.89907,0.89921,3.66,1.50
2011.11.08 12:22:33.211,0.89906,0.89919,1.79,1.50
2011.11.08 12:22:34.600,0.89906,0.8992,1.04,1.50
2011.11.08 12:22:34.968,0.89904,0.89917,4.79,1.50
2011.11.08 12:22:39.960,0.89907,0.89922,2.25,1.50
2011.11.08 12:22:41.130,0.89907,0.89922,2.25,1.50
2011.11.08 12:22:41.492,0.89905,0.89918,1.04,1.50
2011.11.08 12:22:44.987,0.89904,0.89918,3.66,2.25
2011.11.08 12:22:45.870,0.89904,0.89918,3.66,1.50
2011.11.08 12:22:48.827,0.89902,0.89917,2.91,1.50
2011.11.08 12:22:49.743,0.89907,0.89918,3.00,1.50
2011.11.08 12:22:49.871,0.89908,0.89924,3.00,3.00
2011.11.08 12:22:49.992,0.89908,0.89924,3.00,2.25
2011.11.08 12:22:50.111,0.89909,0.89924,1.04,1.50
2011.11.08 12:22:50.801,0.8991,0.89924,1.04,1.50
2011.11.08 12:22:51.169,0.89915,0.89927,1.04,1.50
2011.11.08 12:22:51.296,0.89917,0.89932,1.50,2.25
2011.11.08 12:22:51.424,0.89917,0.89932,1.50,2.25
2011.11.08 12:22:51.825,0.89921,0.89927,1.50,1.50
2011.11.08 12:22:51.961,0.89922,0.8993,1.79,1.50
2011.11.08 12:22:52.328,0.89922,0.89934,1.79,2.25
2011.11.08 12:22:52.929,0.89922,0.89934,1.79,1.50
2011.11.08 12:22:53.410,0.89922,0.89934,1.04,1.50
2011.11.08 12:22:53.529,0.89922,0.89934,1.04,1.50
2011.11.08 12:22:54.113,0.89924,0.89935,1.04,2.25
2011.11.08 12:22:55.678,0.89924,0.89935,1.04,1.50
2011.11.08 12:22:56.040,0.89924,0.89936,1.79,1.50
2011.11.08 12:22:56.607,0.89924,0.89936,1.79,1.50
2011.11.08 12:22:57.082,0.89924,0.89936,1.04,1.50
2011.11.08 12:22:57.648,0.89923,0.89936,1.04,1.50
2011.11.08 12:22:58.258,0.89923,0.89936,1.04,1.50
2011.11.08 12:22:58.863,0.89923,0.89935,1.04,1.50
2011.11.08 12:22:59.557,0.89926,0.89937,1.50,1.50
2011.11.08 12:22:59.805,0.89927,0.89938,1.79,1.50
2011.11.08 12:22:59.932,0.89927,0.89941,1.50,1.50
2011.11.08 12:23:00.528,0.89928,0.89941,1.04,2.25
2011.11.08 12:23:01.710,0.89926,0.89942,1.04,1.50
2011.11.08 12:23:02.949,0.89928,0.89942,1.04,1.50
2011.11.08 12:23:06.332,0.89928,0.89942,1.41,1.50
2011.11.08 12:23:06.457,0.89929,0.89942,2.29,1.50
2011.11.08 12:23:06.588,0.89933,0.89948,1.71,2.25
2011.11.08 12:23:06.958,0.89934,0.89952,4.32,3.00
2011.11.08 12:23:07.096,0.89941,0.89956,1.79,1.50
2011.11.08 12:23:07.230,0.89943,0.89956,1.04,1.50
2011.11.08 12:23:07.473,0.89943,0.89957,1.04,2.63
2011.11.08 12:23:09.041,0.89942,0.89956,1.04,2.25
2011.11.08 12:23:11.262,0.89942,0.89956,1.04,1.50
2011.11.08 12:23:11.738,0.89941,0.89956,1.04,1.50
2011.11.08 12:23:13.441,0.89941,0.89957,1.04,1.50
2011.11.08 12:23:14.141,0.89941,0.89957,1.79,1.50
2011.11.08 12:23:15.021,0.8994,0.89956,1.04,1.50
2011.11.08 12:23:16.222,0.89941,0.89957,1.13,1.50
2011.11.08 12:23:16.461,0.89941,0.89955,1.50,1.50
2011.11.08 12:23:16.809,0.89939,0.89957,1.04,1.50
2011.11.08 12:23:17.378,0.89939,0.89957,1.04,1.50
2011.11.08 12:23:18.330,0.89939,0.89957,1.04,1.50
2011.11.08 12:23:19.038,0.89938,0.89953,1.13,1.69
2011.11.08 12:23:19.546,0.89934,0.89945,1.04,1.50
2011.11.08 12:23:19.685,0.89932,0.89947,1.88,1.50
2011.11.08 12:23:20.041,0.89932,0.89944,1.04,1.50
2011.11.08 12:23:20.639,0.8993,0.89945,1.13,1.50
2011.11.08 12:23:20.759,0.8993,0.89947,1.13,3.00
2011.11.08 12:23:21.123,0.89932,0.89947,1.50,2.25
2011.11.08 12:23:21.717,0.8993,0.89946,2.16,1.50
2011.11.08 12:23:22.085,0.89929,0.89945,2.54,2.25
2011.11.08 12:23:24.496,0.89926,0.89942,3.59,1.50
2011.11.08 12:23:24.629,0.89924,0.89938,1.79,1.50
2011.11.08 12:23:25.013,0.89917,0.89931,2.63,1.50
2011.11.08 12:23:25.148,0.89913,0.89926,1.71,1.50
2011.11.08 12:23:25.786,0.89912,0.89926,1.50,1.50
2011.11.08 12:23:32.979,0.89912,0.89929,2.82,2.25
2011.11.08 12:23:33.780,0.89913,0.89928,1.88,1.50
2011.11.08 12:23:34.139,0.89914,0.89928,1.88,1.50
2011.11.08 12:23:34.505,0.8992,0.89932,1.13,1.50
2011.11.08 12:23:34.834,0.89918,0.89932,1.13,1.50
2011.11.08 12:23:34.974,0.8992,0.89937,1.04,1.50
2011.11.08 12:23:35.105,0.89919,0.89937,1.04,2.25
2011.11.08 12:23:35.474,0.89918,0.89935,1.22,1.50
2011.11.08 12:23:36.080,0.89919,0.89937,2.16,2.25
2011.11.08 12:23:36.201,0.89928,0.89937,2.25,1.50
2011.11.08 12:23:36.563,0.89929,0.89941,2.25,3.00
2011.11.08 12:23:36.681,0.89925,0.89941,1.04,3.00
2011.11.08 12:23:37.248,0.89923,0.8994,4.04,1.50
2011.11.08 12:23:37.926,0.89923,0.89938,2.16,1.50
2011.11.08 12:23:38.076,0.8992,0.89936,2.16,2.25
2011.11.08 12:23:38.207,0.8992,0.89932,1.04,1.50
2011.11.08 12:23:38.458,0.89914,0.8993,1.13,2.25
2011.11.08 12:23:39.633,0.89913,0.8993,2.07,1.50
2011.11.08 12:23:40.354,0.89913,0.8993,1.43,1.50
2011.11.08 12:23:41.696,0.89916,0.89931,1.13,1.50
2011.11.08 12:23:41.825,0.89923,0.89935,2.25,3.00
2011.11.08 12:23:41.954,0.89924,0.89933,3.21,2.25
2011.11.08 12:23:42.083,0.89924,0.89938,1.50,4.50
2011.11.08 12:23:42.201,0.89923,0.89938,1.04,2.25
2011.11.08 12:23:42.565,0.89922,0.89938,1.04,1.50
2011.11.08 12:23:42.691,0.89922,0.89938,1.04,1.50
2011.11.08 12:23:43.260,0.89917,0.89932,1.41,1.50
2011.11.08 12:23:43.858,0.89929,0.89939,3.75,2.25
2011.11.08 12:23:44.226,0.89926,0.8994,1.04,1.50
2011.11.08 12:23:44.356,0.89924,0.89939,1.04,1.50
2011.11.08 12:23:44.602,0.89926,0.89942,1.04,1.50
2011.11.08 12:23:44.842,0.89926,0.89943,1.79,1.50
2011.11.08 12:23:45.200,0.89929,0.89947,1.79,2.63
2011.11.08 12:23:45.680,0.89935,0.89947,3.00,1.13
2011.11.08 12:23:45.802,0.89938,0.89948,1.13,1.50
2011.11.08 12:23:46.401,0.89939,0.89955,1.13,1.80
2011.11.08 12:23:46.520,0.89939,0.89955,1.13,1.80
2011.11.08 12:23:47.110,0.8994,0.89954,1.04,1.05
2011.11.08 12:23:47.689,0.8994,0.89955,1.04,1.05
2011.11.08 12:23:50.790,0.89937,0.89954,3.29,1.50
2011.11.08 12:23:51.031,0.89938,0.89951,1.50,1.50
2011.11.08 12:23:51.150,0.89935,0.89951,5.01,1.50
2011.11.08 12:23:52.020,0.89935,0.89951,3.51,1.50
2011.11.08 12:23:52.390,0.89932,0.89945,1.88,2.25
2011.11.08 12:23:52.753,0.89931,0.89943,1.88,2.25
2011.11.08 12:23:52.880,0.89928,0.89942,2.16,1.50
2011.11.08 12:23:53.008,0.89933,0.89942,1.50,1.50
2011.11.08 12:23:53.135,0.89933,0.89948,1.50,1.50
2011.11.08 12:23:53.262,0.89935,0.89948,1.50,1.50
2011.11.08 12:23:53.621,0.89937,0.8995,1.50,1.50
2011.11.08 12:23:54.239,0.89938,0.8995,1.50,1.50
2011.11.08 12:23:54.602,0.89938,0.89948,1.50,1.50
2011.11.08 12:23:54.720,0.89936,0.89948,1.04,1.50
2011.11.08 12:23:54.843,0.89936,0.89952,1.04,2.07
2011.11.08 12:23:54.979,0.89934,0.89951,1.50,1.50
2011.11.08 12:23:55.563,0.89932,0.89949,1.79,1.13
2011.11.08 12:23:55.922,0.89932,0.89941,1.04,1.50
2011.11.08 12:23:56.510,0.89933,0.89941,1.04,1.50
2011.11.08 12:23:57.544,0.89933,0.89942,1.04,1.50
2011.11.08 12:24:00.212,0.89932,0.89942,2.54,1.50
2011.11.08 12:24:00.927,0.89933,0.89941,1.04,1.50
2011.11.08 12:24:01.488,0.89934,0.89942,1.04,1.50
2011.11.08 12:24:02.077,0.89933,0.89941,1.50,1.50
2011.11.08 12:24:03.480,0.89934,0.89941,1.79,1.50
2011.11.08 12:24:04.069,0.89933,0.89941,2.25,1.50
2011.11.08 12:24:04.434,0.89937,0.89948,1.13,1.50
2011.11.08 12:24:04.566,0.89939,0.89954,1.79,3.75
2011.11.08 12:24:04.997,0.8994,0.89954,1.79,1.50
2011.11.08 12:24:05.370,0.89944,0.89954,1.04,1.50
2011.11.08 12:24:05.970,0.89943,0.89955,1.79,1.50
2011.11.08 12:24:06.937,0.89944,0.89955,1.04,1.50
2011.11.08 12:24:07.304,0.8994,0.89952,1.04,1.50
2011.11.08 12:24:07.438,0.89938,0.89955,1.79,1.50
2011.11.08 12:24:07.817,0.89938,0.89954,1.04,2.25
2011.11.08 12:24:09.338,0.89939,0.89954,1.04,2.25
2011.11.08 12:24:11.632,0.89939,0.89954,1.04,2.63
2011.11.08 12:24:11.764,0.89931,0.89946,2.54,3.00
2011.11.08 12:24:11.893,0.89931,0.89942,2.54,1.50
2011.11.08 12:24:12.260,0.89931,0.89942,2.25,1.50
2011.11.08 12:24:12.380,0.89929,0.89942,2.54,1.50
2011.11.08 12:24:14.190,0.89929,0.89937,2.54,2.25
2011.11.08 12:24:14.312,0.89928,0.89937,1.79,3.00
2011.11.08 12:24:14.430,0.89926,0.89934,1.04,1.50
2011.11.08 12:24:14.551,0.89921,0.89934,1.25,2.25
2011.11.08 12:24:14.670,0.89921,0.89931,1.04,1.50
2011.11.08 12:24:14.791,0.89918,0.89929,1.04,1.50
2011.11.08 12:24:14.911,0.89918,0.89926,1.04,1.13
2011.11.08 12:24:15.032,0.89909,0.89924,1.04,3.00
2011.11.08 12:24:15.152,0.89908,0.89922,1.50,1.50
2011.11.08 12:24:15.392,0.89906,0.89921,1.50,1.50
2011.11.08 12:24:18.560,0.89905,0.89921,1.88,1.50
2011.11.08 12:24:24.525,0.89906,0.89924,1.79,1.50
2011.11.08 12:24:24.665,0.89908,0.89926,2.16,1.50
2011.11.08 12:24:25.259,0.8991,0.89927,1.13,2.25
2011.11.08 12:24:25.747,0.89909,0.89926,1.13,1.50
2011.11.08 12:24:26.441,0.89906,0.89922,1.04,1.13
2011.11.08 12:24:26.560,0.89906,0.89922,1.04,4.13
2011.11.08 12:24:26.680,0.89905,0.89916,1.79,1.50
2011.11.08 12:24:27.240,0.89904,0.89916,2.91,1.50
2011.11.08 12:24:29.508,0.89904,0.89917,2.91,1.50
2011.11.08 12:24:31.628,0.89904,0.89916,2.16,1.50
2011.11.08 12:24:32.090,0.89904,0.8992,2.16,1.50
2011.11.08 12:24:32.328,0.89905,0.8992,1.04,1.50
2011.11.08 12:24:32.954,0.89906,0.8992,1.04,2.25
2011.11.08 12:24:33.918,0.89905,0.89918,1.04,1.50
2011.11.08 12:24:34.508,0.89905,0.89919,1.04,1.50
2011.11.08 12:24:36.560,0.89905,0.89918,1.04,1.50
2011.11.08 12:24:37.568,0.89905,0.89918,1.04,1.50
2011.11.08 12:24:39.478,0.89904,0.89918,1.41,1.50
2011.11.08 12:24:40.038,0.89904,0.89916,1.13,1.50
2011.11.08 12:24:40.840,0.89901,0.89918,1.41,1.50
2011.11.08 12:24:41.068,0.89901,0.89919,1.41,1.50
2011.11.08 12:24:41.300,0.89901,0.89917,2.16,1.50
2011.11.08 12:24:41.541,0.89904,0.89919,1.04,1.50
2011.11.08 12:24:42.367,0.89904,0.89916,1.04,1.50
2011.11.08 12:24:42.738,0.89904,0.89916,1.04,2.25
2011.11.08 12:24:42.871,0.89901,0.89916,2.16,2.25
2011.11.08 12:24:43.816,0.89903,0.89915,1.04,1.50
2011.11.08 12:24:44.422,0.899,0.89915,1.04,2.25
2011.11.08 12:24:44.544,0.89899,0.89913,1.04,1.50
2011.11.08 12:24:44.917,0.89897,0.8991,1.05,1.50
2011.11.08 12:24:46.379,0.89897,0.89911,1.34,2.25
2011.11.08 12:24:49.599,0.89897,0.89913,1.04,1.50
2011.11.08 12:24:50.819,0.89897,0.89913,1.04,1.50
2011.11.08 12:24:53.084,0.89898,0.89914,1.79,2.25
2011.11.08 12:24:53.211,0.89898,0.89914,1.79,1.50
2011.11.08 12:24:53.694,0.89897,0.89913,1.05,1.50
2011.11.08 12:24:54.049,0.89897,0.89911,1.04,1.50
2011.11.08 12:24:54.816,0.89898,0.89914,1.04,1.50
2011.11.08 12:24:58.288,0.89898,0.89915,1.79,2.25
2011.11.08 12:25:02.490,0.89898,0.89914,1.79,1.50
2011.11.08 12:25:03.028,0.89898,0.89913,1.04,1.50
2011.11.08 12:25:03.156,0.89896,0.8991,1.80,1.50
2011.11.08 12:25:03.750,0.89897,0.8991,1.05,1.50
2011.11.08 12:25:04.652,0.89896,0.89913,1.80,1.50
2011.11.08 12:25:05.229,0.89896,0.89914,1.80,3.00
2011.11.08 12:25:07.749,0.89897,0.89914,1.05,3.00
2011.11.08 12:25:07.992,0.89897,0.89911,1.05,1.50
2011.11.08 12:25:08.504,0.89897,0.89911,1.05,2.25
2011.11.08 12:25:11.888,0.89894,0.89909,1.26,1.50
2011.11.08 12:25:12.420,0.89895,0.8991,1.35,1.50
2011.11.08 12:25:12.947,0.89897,0.8991,1.50,1.50
2011.11.08 12:25:13.528,0.89897,0.8991,2.09,1.50
2011.11.08 12:25:15.827,0.89897,0.89913,2.09,2.25
2011.11.08 12:25:15.953,0.89897,0.89913,2.09,1.50
2011.11.08 12:25:16.312,0.89897,0.89912,1.05,1.50
2011.11.08 12:25:17.722,0.89896,0.8991,1.43,1.50
2011.11.08 12:25:17.963,0.89897,0.89914,2.25,1.50
2011.11.08 12:25:21.136,0.89899,0.89915,1.04,1.50
2011.11.08 12:25:21.849,0.89899,0.89915,1.04,2.25
2011.11.08 12:25:30.779,0.89898,0.89914,1.79,1.50
2011.11.08 12:25:31.013,0.89899,0.89915,1.04,2.25
2011.11.08 12:25:31.426,0.899,0.89912,1.04,1.50
2011.11.08 12:25:32.118,0.899,0.89912,1.04,1.50
2011.11.08 12:25:32.725,0.89897,0.89912,1.05,1.50
2011.11.08 12:25:34.119,0.89896,0.89911,2.09,1.50
2011.11.08 12:25:34.359,0.89896,0.89911,2.09,1.50
2011.11.08 12:25:34.931,0.89896,0.89911,2.09,1.50
2011.11.08 12:25:35.528,0.89898,0.89912,1.50,1.50
2011.11.08 12:25:36.170,0.89896,0.89911,1.34,1.50
2011.11.08 12:25:36.737,0.89896,0.89911,1.34,1.50
2011.11.08 12:25:37.282,0.89896,0.89911,1.34,1.50
2011.11.08 12:25:38.267,0.89896,0.89911,1.34,1.50
2011.11.08 12:25:38.388,0.89896,0.89911,1.34,1.50
2011.11.08 12:25:38.982,0.89896,0.89911,1.52,1.50
2011.11.08 12:25:40.727,0.89897,0.89912,1.05,1.50
2011.11.08 12:25:41.518,0.89897,0.89914,1.05,1.50
2011.11.08 12:25:46.459,0.89895,0.89913,1.80,1.50
2011.11.08 12:25:47.039,0.89895,0.89913,1.80,1.50
2011.11.08 12:25:49.616,0.89897,0.89913,1.05,1.50
2011.11.08 12:25:50.880,0.89897,0.89914,1.05,1.50
2011.11.08 12:25:51.459,0.89896,0.89914,1.80,1.50
2011.11.08 12:25:51.577,0.89896,0.89914,1.80,1.50
2011.11.08 12:25:52.029,0.89896,0.89914,1.80,1.50
2011.11.08 12:25:52.600,0.89896,0.89914,1.80,1.50
2011.11.08 12:25:53.392,0.89896,0.89915,1.80,3.00
2011.11.08 12:25:53.959,0.89897,0.89915,1.50,2.25
2011.11.08 12:25:55.489,0.89897,0.89914,1.50,1.50
2011.11.08 12:25:56.777,0.89897,0.89915,1.50,2.25
2011.11.08 12:25:57.419,0.89896,0.89915,1.80,3.00
2011.11.08 12:25:58.021,0.89897,0.89915,1.50,2.25
2011.11.08 12:25:59.316,0.89898,0.89916,1.50,2.25
2011.11.08 12:25:59.865,0.89899,0.89917,1.50,1.50
2011.11.08 12:26:00.900,0.89898,0.89916,1.79,1.50
2011.11.08 12:26:01.588,0.89898,0.89915,1.04,2.25
2011.11.08 12:26:01.947,0.89899,0.89915,2.25,1.50
2011.11.08 12:26:02.077,0.899,0.89918,1.50,1.13
2011.11.08 12:26:02.560,0.89901,0.89917,1.50,1.50
2011.11.08 12:26:02.923,0.89902,0.89917,1.04,2.25
2011.11.08 12:26:03.989,0.89904,0.89916,1.04,1.50
2011.11.08 12:26:05.261,0.89902,0.89916,1.04,1.50
2011.11.08 12:26:05.967,0.89902,0.89916,1.04,1.50
2011.11.08 12:26:07.291,0.89902,0.89916,1.04,1.50
2011.11.08 12:26:07.531,0.89902,0.89917,1.04,1.50
2011.11.08 12:26:07.776,0.89897,0.89915,3.02,1.50
2011.11.08 12:26:08.368,0.89898,0.89916,1.22,2.25
2011.11.08 12:26:09.438,0.89898,0.89915,1.22,1.50
2011.11.08 12:26:09.998,0.89898,0.89915,1.22,1.50
2011.11.08 12:26:10.909,0.89898,0.89915,1.22,1.50
2011.11.08 12:26:11.548,0.89899,0.89915,1.79,1.50
2011.11.08 12:26:11.676,0.899,0.89917,1.04,2.25
2011.11.08 12:26:12.535,0.899,0.89917,1.79,1.50
2011.11.08 12:26:13.142,0.899,0.89916,1.04,1.50
2011.11.08 12:26:15.408,0.899,0.89917,1.04,2.25
2011.11.08 12:26:16.408,0.89899,0.89915,1.79,1.50
2011.11.08 12:26:19.401,0.89899,0.89915,1.04,1.50
2011.11.08 12:26:19.641,0.89896,0.89912,5.37,2.25
2011.11.08 12:26:19.763,0.89896,0.89911,4.24,1.50
2011.11.08 12:26:20.244,0.89892,0.89908,1.60,1.50
2011.11.08 12:26:21.011,0.89892,0.89905,1.13,2.25
2011.11.08 12:26:22.790,0.89892,0.89904,1.13,1.50
2011.11.08 12:26:23.146,0.89891,0.89906,3.38,1.50
2011.11.08 12:26:23.771,0.89893,0.89909,1.13,1.50
2011.11.08 12:26:24.139,0.89892,0.89908,1.88,1.50
2011.11.08 12:26:24.260,0.89892,0.89907,1.13,1.50
2011.11.08 12:26:24.855,0.89892,0.89908,1.13,2.25
2011.11.08 12:26:24.988,0.89894,0.8991,1.50,2.25
2011.11.08 12:26:26.278,0.89894,0.8991,1.50,1.50
2011.11.08 12:26:28.082,0.89894,0.89913,2.91,2.25
2011.11.08 12:26:28.204,0.89898,0.89913,1.50,1.50
2011.11.08 12:26:28.811,0.89897,0.89913,2.91,1.50
2011.11.08 12:26:29.718,0.89898,0.89916,2.01,1.50
2011.11.08 12:26:29.949,0.89898,0.89916,2.01,1.50
2011.11.08 12:26:30.315,0.89901,0.8992,1.04,1.50
2011.11.08 12:26:30.440,0.89899,0.89916,1.60,1.50
2011.11.08 12:26:31.018,0.89898,0.89916,3.32,1.50
2011.11.08 12:26:31.869,0.899,0.89916,1.41,1.50
2011.11.08 12:26:32.461,0.89901,0.89919,1.88,1.50
2011.11.08 12:26:32.809,0.89903,0.8992,1.04,1.50
2011.11.08 12:26:33.829,0.89903,0.8992,1.04,1.50
2011.11.08 12:26:34.431,0.89904,0.8992,1.04,1.50
2011.11.08 12:26:35.802,0.89903,0.89918,1.04,1.50
2011.11.08 12:26:36.041,0.89899,0.89915,1.97,1.50
2011.11.08 12:26:36.162,0.89899,0.89915,1.22,1.50
2011.11.08 12:26:36.915,0.899,0.89916,1.04,1.50
2011.11.08 12:26:37.388,0.89899,0.89915,1.04,1.50
2011.11.08 12:26:37.861,0.89899,0.89917,1.79,1.50
2011.11.08 12:26:37.980,0.89901,0.89919,1.79,1.50
2011.11.08 12:26:38.461,0.89899,0.89915,2.91,1.50
2011.11.08 12:26:39.040,0.89899,0.89915,3.10,1.50
2011.11.08 12:26:39.728,0.89899,0.89915,2.35,1.50
2011.11.08 12:26:40.522,0.89899,0.89917,2.35,2.25
2011.11.08 12:26:40.643,0.899,0.89918,1.50,1.50
2011.11.08 12:26:41.183,0.89901,0.89919,1.79,1.50
2011.11.08 12:26:41.758,0.89901,0.89917,1.50,1.50
2011.11.08 12:26:41.880,0.89898,0.89916,2.57,1.50
2011.11.08 12:26:44.331,0.89899,0.89915,1.13,1.50
2011.11.08 12:26:44.668,0.89899,0.89915,1.41,1.50
2011.11.08 12:26:48.469,0.89897,0.89913,2.16,1.50
2011.11.08 12:26:49.342,0.89897,0.89912,1.04,1.50
2011.11.08 12:26:49.583,0.89894,0.8991,2.91,1.50
2011.11.08 12:26:49.703,0.89894,0.89909,2.16,2.25
2011.11.08 12:26:50.159,0.89894,0.89909,2.16,1.50
2011.11.08 12:26:51.070,0.89893,0.89909,1.41,1.50
2011.11.08 12:26:51.311,0.89893,0.89909,1.41,1.50
2011.11.08 12:26:51.672,0.89892,0.89905,1.50,2.25
2011.11.08 12:26:52.368,0.89892,0.89905,1.50,1.50
2011.11.08 12:26:52.940,0.89892,0.89906,1.50,1.50
2011.11.08 12:26:54.390,0.89892,0.89905,1.13,1.50
2011.11.08 12:26:54.769,0.89891,0.89903,1.13,1.50
2011.11.08 12:26:55.016,0.89888,0.89901,2.85,1.50
2011.11.08 12:26:55.154,0.89885,0.899,2.44,1.50
2011.11.08 12:26:55.676,0.89885,0.89901,3.00,1.50
2011.11.08 12:26:56.271,0.89886,0.89903,1.50,2.25
2011.11.08 12:26:56.391,0.89886,0.89902,1.50,1.50
2011.11.08 12:26:57.312,0.89885,0.899,1.88,2.25
2011.11.08 12:26:57.431,0.89884,0.899,1.13,2.25
2011.11.08 12:26:57.555,0.89883,0.89897,2.44,2.25
2011.11.08 12:26:58.162,0.89881,0.89896,1.43,2.25
2011.11.08 12:26:58.941,0.89881,0.89896,1.13,1.50
2011.11.08 12:26:59.064,0.8988,0.89895,1.43,2.25
2011.11.08 12:26:59.433,0.89877,0.89889,1.13,1.50
2011.11.08 12:26:59.552,0.89877,0.89889,1.13,1.50
2011.11.08 12:26:59.671,0.89875,0.89889,1.50,1.50
2011.11.08 12:27:00.040,0.89874,0.89887,2.25,1.50
2011.11.08 12:27:00.636,0.89873,0.89889,2.33,1.50
2011.11.08 12:27:01.229,0.89873,0.89889,1.20,1.50
2011.11.08 12:27:02.723,0.89872,0.89885,3.08,1.50
2011.11.08 12:27:03.170,0.8987,0.89886,2.99,1.50
2011.11.08 12:27:03.295,0.8987,0.89881,2.33,1.50
2011.11.08 12:27:03.661,0.89862,0.89875,1.88,1.50
2011.11.08 12:27:03.783,0.89866,0.89875,2.25,1.50
2011.11.08 12:27:03.899,0.89866,0.89875,2.25,1.50
2011.11.08 12:27:04.022,0.89862,0.89874,1.88,1.50
2011.11.08 12:27:04.372,0.89862,0.89877,1.88,1.50
2011.11.08 12:27:04.610,0.8986,0.89877,1.88,1.50
2011.11.08 12:27:04.850,0.8986,0.89876,1.88,1.50
2011.11.08 12:27:05.092,0.8986,0.89878,1.13,1.50
2011.11.08 12:27:05.215,0.89862,0.89878,1.04,1.50
2011.11.08 12:27:05.809,0.89862,0.89878,1.79,1.50
2011.11.08 12:27:06.339,0.89864,0.8988,1.50,1.13
2011.11.08 12:27:06.466,0.89868,0.89883,1.50,1.50
2011.11.08 12:27:06.594,0.89868,0.89886,2.25,1.13
2011.11.08 12:27:07.891,0.89868,0.89884,1.79,1.13
2011.11.08 12:27:08.251,0.89863,0.89881,1.32,2.25
2011.11.08 12:27:08.964,0.89863,0.89881,1.41,2.25
2011.11.08 12:27:09.219,0.89867,0.89884,2.25,1.13
2011.11.08 12:27:09.343,0.89864,0.89881,3.66,2.25
2011.11.08 12:27:09.581,0.89864,0.8988,1.04,1.50
2011.11.08 12:27:09.823,0.89864,0.8988,1.04,1.50
2011.11.08 12:27:10.648,0.89863,0.89881,2.54,1.50
2011.11.08 12:27:11.232,0.89866,0.89882,1.41,1.50
2011.11.08 12:27:11.350,0.89869,0.89885,1.50,1.88
2011.11.08 12:27:12.520,0.89869,0.89886,1.50,1.88
2011.11.08 12:27:13.589,0.89867,0.89884,1.04,1.88
2011.11.08 12:27:13.712,0.89866,0.89881,1.04,1.50
2011.11.08 12:27:14.070,0.89864,0.89878,1.04,1.50
2011.11.08 12:27:15.341,0.89865,0.89883,1.04,3.00
2011.11.08 12:27:15.462,0.89868,0.89884,1.50,1.88
2011.11.08 12:27:16.039,0.89868,0.89884,1.79,1.13
2011.11.08 12:27:16.718,0.89869,0.89884,1.04,1.13
2011.11.08 12:27:17.499,0.89868,0.89884,1.04,1.13
2011.11.08 12:27:18.392,0.89868,0.89884,1.04,1.13
2011.11.08 12:27:18.890,0.89863,0.89881,1.04,1.50
2011.11.08 12:27:19.261,0.89867,0.89882,1.04,1.88
2011.11.08 12:27:19.744,0.89864,0.89881,1.41,1.50
2011.11.08 12:27:19.877,0.89863,0.89878,1.04,1.50
2011.11.08 12:27:20.003,0.89858,0.89874,2.54,1.50
2011.11.08 12:27:20.121,0.89858,0.89874,1.79,2.25
2011.11.08 12:27:20.471,0.89858,0.89871,2.91,1.50
2011.11.08 12:27:20.710,0.89858,0.89874,2.63,1.50
2011.11.08 12:27:21.194,0.89862,0.89878,2.25,1.50
2011.11.08 12:27:21.497,0.89863,0.89882,1.79,2.25
2011.11.08 12:27:21.741,0.89863,0.89882,1.79,2.25
2011.11.08 12:27:22.232,0.89862,0.89879,1.04,2.25
2011.11.08 12:27:22.355,0.89861,0.89879,1.41,2.25
2011.11.08 12:27:22.483,0.89859,0.89877,4.41,1.50
2011.11.08 12:27:23.083,0.89859,0.89875,1.41,2.25
2011.11.08 12:27:23.811,0.89859,0.89875,1.13,2.25
2011.11.08 12:27:24.672,0.89858,0.89874,1.13,1.50
2011.11.08 12:27:26.890,0.89858,0.89874,1.13,1.50
2011.11.08 12:27:27.410,0.89858,0.89875,1.41,1.50
2011.11.08 12:27:27.918,0.89858,0.89876,1.41,2.25
2011.11.08 12:27:28.458,0.89858,0.89876,1.41,2.25
2011.11.08 12:27:29.801,0.89858,0.89874,1.13,1.50
2011.11.08 12:27:29.922,0.89858,0.89873,1.13,1.50
2011.11.08 12:27:30.686,0.89855,0.89872,3.85,1.50
2011.11.08 12:27:31.171,0.89857,0.89873,1.13,1.50
2011.11.08 12:27:31.409,0.89859,0.89875,1.50,1.50
2011.11.08 12:27:32.200,0.89861,0.89875,1.04,1.50
2011.11.08 12:27:32.565,0.89863,0.89879,1.04,1.50
2011.11.08 12:27:32.691,0.89865,0.89881,1.04,1.88
2011.11.08 12:27:33.269,0.89865,0.89881,1.79,1.88
2011.11.08 12:27:33.513,0.8986,0.89879,1.60,1.50
2011.11.08 12:27:34.343,0.8986,0.89878,1.97,1.50
2011.11.08 12:27:38.602,0.89861,0.89879,1.04,1.50
2011.11.08 12:27:38.731,0.89866,0.89881,1.50,1.50
2011.11.08 12:27:38.972,0.8987,0.89887,1.50,1.13
2011.11.08 12:27:39.558,0.89873,0.89887,1.04,1.13
2011.11.08 12:27:41.001,0.8987,0.89885,1.04,1.13
2011.11.08 12:27:41.473,0.89868,0.89884,1.04,1.50
2011.11.08 12:27:41.820,0.89866,0.8988,1.04,1.50
2011.11.08 12:27:42.500,0.89866,0.89882,1.04,2.25
2011.11.08 12:27:42.866,0.89863,0.89881,2.35,1.50
2011.11.08 12:27:44.040,0.89865,0.89881,1.04,1.50
2011.11.08 12:27:44.160,0.89866,0.89883,1.04,1.50
2011.11.08 12:27:44.726,0.89866,0.89884,1.04,1.50
2011.11.08 12:27:45.211,0.89866,0.89883,1.04,1.50
2011.11.08 12:27:46.169,0.89866,0.89884,1.79,2.25
2011.11.08 12:27:48.263,0.89868,0.89884,1.04,2.25
2011.11.08 12:27:48.737,0.89868,0.89884,1.79,1.50
2011.11.08 12:27:49.330,0.89868,0.89884,1.04,1.50
2011.11.08 12:27:49.572,0.8987,0.89885,1.04,1.13
2011.11.08 12:27:50.155,0.8987,0.89885,1.04,1.13
2011.11.08 12:27:50.885,0.89869,0.89885,2.54,1.13
2011.11.08 12:27:51.317,0.89869,0.89885,1.79,1.88
2011.11.08 12:27:51.564,0.89868,0.89885,1.04,1.88
2011.11.08 12:27:51.691,0.89868,0.89885,1.04,1.88
2011.11.08 12:27:53.380,0.89868,0.89885,1.79,1.13
2011.11.08 12:27:53.740,0.89866,0.89882,1.41,1.50
2011.11.08 12:27:55.078,0.89866,0.89882,1.04,1.50
2011.11.08 12:27:55.648,0.89869,0.89885,1.04,2.63
2011.11.08 12:27:56.680,0.89867,0.89885,1.04,1.88
2011.11.08 12:27:57.743,0.8987,0.89886,1.32,1.50
2011.11.08 12:27:57.862,0.89871,0.89888,1.13,3.75
2011.11.08 12:27:58.101,0.89869,0.89887,1.79,2.48
2011.11.08 12:27:58.345,0.89866,0.89884,1.04,1.88
2011.11.08 12:27:58.951,0.89867,0.89884,1.79,1.13
2011.11.08 12:27:59.538,0.89867,0.89884,1.04,1.50
2011.11.08 12:28:02.508,0.89867,0.89885,1.04,4.88
2011.11.08 12:28:03.067,0.89867,0.89885,1.04,4.88
2011.11.08 12:28:03.521,0.89867,0.89885,1.04,4.88
2011.11.08 12:28:03.638,0.89867,0.89885,1.04,4.88
2011.11.08 12:28:05.024,0.89866,0.89883,1.04,1.50
2011.11.08 12:28:05.619,0.89866,0.89883,1.50,1.50
2011.11.08 12:28:06.911,0.89865,0.89883,3.75,1.50
2011.11.08 12:28:07.259,0.89865,0.89883,3.75,1.50
2011.11.08 12:28:08.938,0.89866,0.89883,1.50,1.50
2011.11.08 12:28:09.389,0.89865,0.89881,2.25,1.50
2011.11.08 12:28:09.912,0.89863,0.89881,1.79,1.50
2011.11.08 12:28:10.979,0.89866,0.89883,1.50,3.00
2011.11.08 12:28:11.648,0.89865,0.89883,3.75,1.50
2011.11.08 12:28:12.013,0.89864,0.89881,1.04,1.50
2011.11.08 12:28:12.379,0.89862,0.89879,1.04,2.25
2011.11.08 12:28:13.520,0.89861,0.89877,1.04,1.50
2011.11.08 12:28:13.870,0.89861,0.89876,1.04,1.50
2011.11.08 12:28:14.501,0.89859,0.89875,1.41,2.25
2011.11.08 12:28:21.218,0.89857,0.89875,2.25,2.25
2011.11.08 12:28:21.790,0.89859,0.89875,1.13,2.25
2011.11.08 12:28:22.698,0.89859,0.89875,1.13,1.50
2011.11.08 12:28:23.594,0.89859,0.89878,2.16,2.25
2011.11.08 12:28:23.718,0.8986,0.89878,1.50,2.25
2011.11.08 12:28:24.332,0.8986,0.89878,2.54,1.50
2011.11.08 12:28:24.457,0.8986,0.89878,2.54,1.50
2011.11.08 12:28:25.049,0.89861,0.89877,1.79,1.50
2011.11.08 12:28:26.208,0.89863,0.8988,3.00,1.50
2011.11.08 12:28:26.452,0.89864,0.89882,2.54,2.82
2011.11.08 12:28:27.038,0.89865,0.89882,1.04,1.69
2011.11.08 12:28:29.001,0.89864,0.89882,1.50,1.50
2011.11.08 12:28:29.121,0.89863,0.89878,2.54,1.50
2011.11.08 12:28:33.238,0.89861,0.89878,1.79,1.50
2011.11.08 12:28:33.942,0.8986,0.89877,4.04,1.50
2011.11.08 12:28:36.449,0.89861,0.89877,1.79,1.50
2011.11.08 12:28:37.051,0.89862,0.8988,4.04,1.50
2011.11.08 12:28:38.101,0.89862,0.8988,4.41,1.50
2011.11.08 12:28:38.440,0.89863,0.8988,1.04,1.50
2011.11.08 12:28:39.001,0.89863,0.89879,1.04,1.50
2011.11.08 12:28:39.378,0.89862,0.89877,3.00,1.50
2011.11.08 12:28:39.506,0.8986,0.89878,4.22,1.50
2011.11.08 12:28:39.748,0.8986,0.89878,4.22,1.50
2011.11.08 12:28:40.322,0.8986,0.89878,3.47,1.50
2011.11.08 12:28:40.910,0.8986,0.89878,4.04,1.50
2011.11.08 12:28:43.289,0.8986,0.89878,4.04,1.50
2011.11.08 12:28:43.858,0.8986,0.89876,3.29,2.25
2011.11.08 12:28:46.781,0.8986,0.89877,3.00,1.50
2011.11.08 12:28:47.362,0.8986,0.89877,4.04,1.50
2011.11.08 12:28:47.722,0.89862,0.89878,1.04,1.50
2011.11.08 12:28:48.408,0.8986,0.89878,4.04,2.25
2011.11.08 12:28:48.772,0.8986,0.89876,2.54,2.25
2011.11.08 12:28:49.240,0.8986,0.89876,2.54,1.50
2011.11.08 12:28:49.799,0.8986,0.89878,4.04,1.50
2011.11.08 12:28:51.849,0.89861,0.89879,1.04,1.50
2011.11.08 12:28:52.450,0.89861,0.89878,1.04,1.50
2011.11.08 12:28:53.238,0.89861,0.89878,1.04,1.50
2011.11.08 12:28:54.303,0.89861,0.89878,1.04,1.88
2011.11.08 12:28:54.664,0.89857,0.89872,1.79,1.13
2011.11.08 12:28:55.032,0.89856,0.89869,1.34,2.25
2011.11.08 12:28:55.637,0.89856,0.89869,1.04,3.00
2011.11.08 12:28:56.003,0.89853,0.89867,4.50,1.50
2011.11.08 12:28:56.350,0.89853,0.89866,4.50,1.50
2011.11.08 12:28:57.104,0.89853,0.89866,4.50,1.50
2011.11.08 12:28:58.628,0.8985,0.89866,1.79,1.50
2011.11.08 12:28:59.465,0.89858,0.89869,2.25,1.50
2011.11.08 12:28:59.592,0.89856,0.89871,1.50,1.84
2011.11.08 12:29:00.194,0.89853,0.8987,1.50,2.25
2011.11.08 12:29:00.751,0.89855,0.89865,1.50,1.50
2011.11.08 12:29:01.257,0.89855,0.89865,1.50,1.50
2011.11.08 12:29:01.642,0.89852,0.89861,1.50,3.00
2011.11.08 12:29:01.766,0.89848,0.89861,1.50,4.50
2011.11.08 12:29:02.216,0.89849,0.89858,1.50,1.50
2011.11.08 12:29:06.076,0.89848,0.89858,1.50,1.50
2011.11.08 12:29:06.200,0.89848,0.8986,1.50,1.50
2011.11.08 12:29:06.815,0.89846,0.89855,1.50,2.25
2011.11.08 12:29:06.945,0.89842,0.89855,1.13,3.00
2011.11.08 12:29:07.074,0.89841,0.89857,2.25,1.50
2011.11.08 12:29:07.202,0.89844,0.89858,1.50,1.50
2011.11.08 12:29:07.326,0.89842,0.89856,1.50,2.25
2011.11.08 12:29:07.575,0.89842,0.89858,1.50,2.25
2011.11.08 12:29:08.179,0.89842,0.89858,1.50,1.50
2011.11.08 12:29:08.863,0.89842,0.89856,2.25,2.25
2011.11.08 12:29:09.335,0.89844,0.89853,1.50,4.88
2011.11.08 12:29:09.472,0.89839,0.89848,1.50,2.25
2011.11.08 12:29:10.059,0.8984,0.89848,1.50,3.00
2011.11.08 12:29:10.871,0.8984,0.89847,1.50,2.25
2011.11.08 12:29:10.991,0.89832,0.89847,2.46,2.25
2011.11.08 12:29:11.219,0.89832,0.89847,2.46,2.25
2011.11.08 12:29:11.904,0.89832,0.89847,1.34,2.25
2011.11.08 12:29:12.145,0.89828,0.89844,1.50,3.00
2011.11.08 12:29:12.897,0.89826,0.89844,1.50,4.50
2011.11.08 12:29:13.026,0.89826,0.89844,1.50,4.50
2011.11.08 12:29:13.391,0.89826,0.89844,1.04,4.50
2011.11.08 12:29:17.961,0.89825,0.89844,1.50,3.75
2011.11.08 12:29:21.441,0.89825,0.89843,1.88,1.50
2011.11.08 12:29:22.016,0.89825,0.89837,1.13,2.25
2011.11.08 12:29:23.951,0.89822,0.89837,1.13,3.00
2011.11.08 12:29:24.533,0.89822,0.89837,1.13,3.00
2011.11.08 12:29:27.730,0.89822,0.89839,4.13,3.75
2011.11.08 12:29:28.979,0.89824,0.89839,1.13,2.25
2011.11.08 12:29:29.460,0.89826,0.89845,2.63,2.44
2011.11.08 12:29:29.809,0.89827,0.89845,1.50,2.44
2011.11.08 12:29:30.170,0.89827,0.89845,1.50,1.69
2011.11.08 12:29:30.570,0.89826,0.89842,1.41,1.50
2011.11.08 12:29:31.390,0.89826,0.89843,1.41,2.25
2011.11.08 12:29:31.983,0.89827,0.89844,1.13,1.50
2011.11.08 12:29:33.182,0.89827,0.89844,1.13,2.25
2011.11.08 12:29:33.851,0.89826,0.89843,1.41,1.50
2011.11.08 12:29:35.783,0.89827,0.89844,1.13,2.25
2011.11.08 12:29:36.391,0.89827,0.89844,2.63,2.25
2011.11.08 12:29:36.991,0.89828,0.89844,1.50,1.50
2011.11.08 12:29:40.670,0.89829,0.89845,3.00,1.50
2011.11.08 12:29:40.791,0.89829,0.89846,3.75,1.50
2011.11.08 12:29:41.317,0.8983,0.89848,3.75,1.88
2011.11.08 12:29:41.443,0.89832,0.89848,1.50,1.88
2011.11.08 12:29:42.012,0.89832,0.89848,2.25,1.88
2011.11.08 12:29:42.369,0.89833,0.89848,1.50,1.13
2011.11.08 12:29:43.074,0.89833,0.89848,1.50,1.13
2011.11.08 12:29:45.003,0.89832,0.89848,2.25,1.88
2011.11.08 12:29:45.742,0.89835,0.8985,1.50,3.38
2011.11.08 12:29:47.702,0.89833,0.89849,2.25,1.50
2011.11.08 12:29:49.577,0.89833,0.89848,1.50,1.13
2011.11.08 12:29:49.704,0.89831,0.89846,1.50,1.50
2011.11.08 12:29:49.829,0.8983,0.89846,1.79,1.50
2011.11.08 12:29:50.410,0.8983,0.89846,1.04,1.50
2011.11.08 12:29:50.969,0.89832,0.89848,1.50,1.88
2011.11.08 12:29:51.090,0.89832,0.89848,1.50,1.88
2011.11.08 12:29:51.330,0.89831,0.89848,1.50,1.13
2011.11.08 12:29:51.450,0.8983,0.89848,2.25,1.13
2011.11.08 12:29:52.020,0.8983,0.89848,1.50,1.88
2011.11.08 12:29:52.271,0.8983,0.89848,1.79,2.63
2011.11.08 12:29:54.471,0.89832,0.89848,1.04,2.07
2011.11.08 12:29:54.598,0.89836,0.89851,3.00,3.94
2011.11.08 12:29:55.311,0.89837,0.89849,2.25,1.13
2011.11.08 12:29:55.433,0.89833,0.89849,1.50,4.88
2011.11.08 12:29:55.674,0.89829,0.89847,1.79,1.50
2011.11.08 12:29:57.494,0.89837,0.89848,2.25,1.50
2011.11.08 12:29:57.734,0.89837,0.89851,3.00,1.84
2011.11.08 12:29:58.189,0.89837,0.89853,3.00,2.20
2011.11.08 12:29:58.818,0.8984,0.89854,1.50,1.63
2011.11.08 12:29:59.206,0.89848,0.89863,5.25,1.88
2011.11.08 12:29:59.336,0.89852,0.89866,1.50,1.05
2011.11.08 12:29:59.710,0.89857,0.89873,1.79,1.88
2011.11.08 12:29:59.834,0.89857,0.89873,1.04,1.13
2011.11.08 12:29:59.969,0.89856,0.89868,3.29,1.88
2011.11.08 12:30:00.101,0.89856,0.8987,2.54,2.63
2011.11.08 12:30:00.715,0.89857,0.89871,1.50,1.88
2011.11.08 12:30:00.964,0.89857,0.89873,1.50,1.88
2011.11.08 12:30:01.798,0.89856,0.89871,1.50,1.50
2011.11.08 12:30:01.922,0.89856,0.89872,1.50,2.63
2011.11.08 12:30:02.523,0.89856,0.89872,2.25,1.88
2011.11.08 12:30:02.645,0.89856,0.89872,1.50,1.88
2011.11.08 12:30:02.778,0.89855,0.89872,1.50,2.63
2011.11.08 12:30:03.193,0.89856,0.89872,1.04,1.88
2011.11.08 12:30:03.320,0.89856,0.89872,1.79,1.88
2011.11.08 12:30:03.682,0.89859,0.89873,1.50,1.50
2011.11.08 12:30:03.921,0.89861,0.89875,1.50,1.88
2011.11.08 12:30:04.509,0.8986,0.89876,2.25,1.13
2011.11.08 12:30:05.801,0.8986,0.89876,2.25,2.25
2011.11.08 12:30:06.390,0.8986,0.89876,2.25,1.50
2011.11.08 12:30:07.991,0.89861,0.89876,1.50,1.13
2011.11.08 12:30:08.593,0.89861,0.89875,1.50,1.50
2011.11.08 12:30:12.950,0.8986,0.89875,1.50,1.50
2011.11.08 12:30:13.289,0.89857,0.89875,3.29,1.50
2011.11.08 12:30:13.521,0.89858,0.89876,2.25,1.88
2011.11.08 12:30:14.431,0.8986,0.89876,1.79,1.13
2011.11.08 12:30:25.791,0.89861,0.89877,1.04,1.88
2011.11.08 12:30:26.710,0.89861,0.89876,1.04,1.13
2011.11.08 12:30:30.001,0.89862,0.89876,1.04,1.13
2011.11.08 12:30:30.607,0.89863,0.89876,1.79,1.13
2011.11.08 12:30:31.247,0.89863,0.89878,1.04,1.13
2011.11.08 12:30:31.492,0.89863,0.89876,1.04,1.13
2011.11.08 12:30:32.620,0.89863,0.89876,1.04,1.13
2011.11.08 12:30:33.205,0.89863,0.89876,1.04,1.13
2011.11.08 12:30:34.459,0.89863,0.89876,1.04,1.13
2011.11.08 12:30:35.159,0.89863,0.89876,1.04,1.13
2011.11.08 12:30:37.445,0.89863,0.89876,1.79,1.13
2011.11.08 12:30:40.158,0.89862,0.89876,1.79,1.13
2011.11.08 12:30:41.756,0.89859,0.89875,1.79,1.50
2011.11.08 12:30:42.349,0.89857,0.89874,1.79,3.75
2011.11.08 12:30:42.892,0.89857,0.89874,1.04,4.50
2011.11.08 12:30:46.384,0.89857,0.89872,1.50,3.75
2011.11.08 12:30:47.089,0.89856,0.89872,1.88,3.75
2011.11.08 12:30:48.758,0.89857,0.89872,1.50,3.75
2011.11.08 12:30:49.196,0.89856,0.89867,1.88,2.25
2011.11.08 12:30:49.807,0.89857,0.89865,1.50,2.25
2011.11.08 12:30:50.296,0.89855,0.89865,1.50,3.75
2011.11.08 12:30:51.573,0.89854,0.89865,1.50,3.75
2011.11.08 12:30:52.544,0.89851,0.89865,1.50,3.75
2011.11.08 12:30:53.014,0.89851,0.89863,1.50,3.00
2011.11.08 12:30:53.506,0.89848,0.89861,1.13,2.25
2011.11.08 12:30:53.629,0.89846,0.89861,1.32,2.25
2011.11.08 12:30:54.220,0.89846,0.89861,1.13,3.00
2011.11.08 12:31:04.800,0.89846,0.89859,1.13,2.25
2011.11.08 12:31:10.652,0.89844,0.89861,5.20,3.75
2011.11.08 12:31:22.774,0.89844,0.89858,3.51,1.50
2011.11.08 12:31:23.211,0.89844,0.89854,3.23,1.88
2011.11.08 12:31:23.360,0.89828,0.89842,2.00,3.00
2011.11.08 12:31:23.500,0.89826,0.89842,1.41,3.00
2011.11.08 12:31:23.633,0.89825,0.89842,1.13,1.50
2011.11.08 12:31:24.200,0.89825,0.89843,1.88,4.50
2011.11.08 12:31:26.363,0.89825,0.89842,1.13,1.50
2011.11.08 12:31:31.081,0.89824,0.89841,1.13,3.00
2011.11.08 12:31:31.766,0.89824,0.89839,1.13,1.50
2011.11.08 12:31:31.897,0.89823,0.89838,1.13,1.50
2011.11.08 12:31:32.150,0.89822,0.89837,1.32,2.25
2011.11.08 12:31:32.277,0.89823,0.89837,1.13,1.50
2011.11.08 12:31:32.983,0.89823,0.89836,1.13,1.50
2011.11.08 12:31:33.113,0.8982,0.89836,1.13,2.25
2011.11.08 12:31:33.713,0.8982,0.89835,1.13,1.50
2011.11.08 12:31:33.957,0.89821,0.89837,3.75,1.50
2011.11.08 12:31:34.201,0.89823,0.89837,2.25,1.50
2011.11.08 12:31:34.321,0.89823,0.89839,3.00,1.50
2011.11.08 12:31:34.929,0.89823,0.89838,3.00,1.50
2011.11.08 12:31:35.748,0.8982,0.89837,1.04,3.00
2011.11.08 12:31:35.876,0.89817,0.89835,1.13,1.50
2011.11.08 12:31:36.431,0.89818,0.89834,1.50,2.25
2011.11.08 12:31:36.798,0.8982,0.89835,2.25,1.50
2011.11.08 12:31:36.921,0.89822,0.89835,3.00,1.50
2011.11.08 12:31:37.727,0.89822,0.89837,3.00,2.25
2011.11.08 12:31:38.095,0.89823,0.89838,1.50,1.88
2011.11.08 12:31:39.644,0.89822,0.89838,4.50,1.88
2011.11.08 12:31:44.832,0.89823,0.89837,1.50,1.50
2011.11.08 12:31:45.215,0.89822,0.89836,2.25,2.25
2011.11.08 12:31:45.462,0.89818,0.89834,3.00,1.50
2011.11.08 12:31:47.182,0.89819,0.89834,1.50,1.50
2011.11.08 12:31:47.769,0.89823,0.89836,1.50,2.25
2011.11.08 12:31:48.656,0.89823,0.89839,2.25,1.88
2011.11.08 12:31:49.931,0.89823,0.89839,1.50,1.88
2011.11.08 12:31:50.609,0.89824,0.89839,1.50,1.50
2011.11.08 12:31:51.014,0.89825,0.89841,3.00,3.00
2011.11.08 12:31:51.157,0.89827,0.89842,2.25,2.25
2011.11.08 12:31:51.763,0.89827,0.89839,1.50,2.25
2011.11.08 12:31:52.006,0.89827,0.89841,1.50,3.00
2011.11.08 12:31:52.822,0.89827,0.89842,1.79,3.00
2011.11.08 12:31:55.132,0.89829,0.89841,1.79,2.25
2011.11.08 12:31:56.863,0.89829,0.89841,1.04,3.00
2011.11.08 12:31:58.961,0.89829,0.89841,1.04,3.00
2011.11.08 12:31:59.538,0.89829,0.89841,1.04,3.00
2011.11.08 12:32:00.361,0.89829,0.89841,1.04,3.00
2011.11.08 12:32:01.150,0.89826,0.89842,1.79,3.00
2011.11.08 12:32:01.709,0.89826,0.89841,2.54,1.50
2011.11.08 12:32:02.171,0.89826,0.89841,2.54,1.50
2011.11.08 12:32:03.767,0.89826,0.89842,1.50,2.25
2011.11.08 12:32:03.891,0.89825,0.89839,1.79,1.50
2011.11.08 12:32:04.011,0.89825,0.89839,1.79,1.50
2011.11.08 12:32:04.429,0.89825,0.89841,1.79,3.75
2011.11.08 12:32:06.169,0.89825,0.89841,1.79,3.00
2011.11.08 12:32:06.869,0.89828,0.89841,1.50,3.00
2011.11.08 12:32:07.330,0.89825,0.89842,2.25,1.50
2011.11.08 12:32:07.841,0.89825,0.89842,1.50,3.00
2011.11.08 12:32:08.500,0.89825,0.89841,1.50,1.50
2011.11.08 12:32:08.870,0.89824,0.89839,2.54,1.50
2011.11.08 12:32:09.709,0.89824,0.89838,1.50,1.50
2011.11.08 12:32:12.455,0.89821,0.89834,1.50,2.25
2011.11.08 12:32:12.587,0.89822,0.89836,1.50,1.50
2011.11.08 12:32:12.713,0.89822,0.89833,1.50,2.25
2011.11.08 12:32:13.290,0.89821,0.89833,1.50,3.00
2011.11.08 12:32:13.774,0.89819,0.89833,3.00,3.00
2011.11.08 12:32:14.608,0.89818,0.89832,1.50,1.50
2011.11.08 12:32:16.824,0.89818,0.89832,1.50,1.50
2011.11.08 12:32:16.945,0.89819,0.89832,1.50,1.50
2011.11.08 12:32:17.314,0.89821,0.89834,1.50,1.50
2011.11.08 12:32:17.651,0.89821,0.89832,1.50,1.50
2011.11.08 12:32:17.892,0.8982,0.89834,1.50,3.00
2011.11.08 12:32:18.013,0.89821,0.89832,1.50,1.50
2011.11.08 12:32:18.570,0.89821,0.89834,1.50,2.25
2011.11.08 12:32:20.480,0.89819,0.89834,1.50,2.25
2011.11.08 12:32:21.504,0.89819,0.89834,1.50,1.50
2011.11.08 12:32:21.742,0.89819,0.89835,2.25,2.25
2011.11.08 12:32:22.740,0.89819,0.89835,1.50,3.00
2011.11.08 12:32:23.281,0.89822,0.89833,1.50,2.25
2011.11.08 12:32:24.474,0.89817,0.89833,3.00,2.25
2011.11.08 12:32:25.074,0.89817,0.89833,2.25,2.25
2011.11.08 12:32:26.544,0.89817,0.89833,2.25,3.00
2011.11.08 12:32:26.880,0.89817,0.89833,2.25,2.25
2011.11.08 12:32:29.608,0.89817,0.89829,1.50,1.50
2011.11.08 12:32:30.230,0.89817,0.89829,1.50,4.50
2011.11.08 12:32:30.592,0.89816,0.89827,1.50,2.25
2011.11.08 12:32:30.959,0.89815,0.89823,1.13,1.50
2011.11.08 12:32:31.211,0.8981,0.89819,1.13,2.25
2011.11.08 12:32:31.344,0.89807,0.89818,1.50,3.00
2011.11.08 12:32:31.588,0.89803,0.89818,1.13,3.00
2011.11.08 12:32:31.725,0.89802,0.89815,1.88,1.50
2011.11.08 12:32:32.351,0.898,0.89814,1.13,1.50
2011.11.08 12:32:32.841,0.89802,0.89815,1.13,1.50
2011.11.08 12:32:32.967,0.89802,0.89819,1.13,2.25
2011.11.08 12:32:34.505,0.89802,0.89819,1.88,1.50
2011.11.08 12:32:34.957,0.89804,0.89822,1.88,2.25
2011.11.08 12:32:35.085,0.89804,0.89822,1.88,2.25
2011.11.08 12:32:35.691,0.89804,0.89823,1.88,4.50
2011.11.08 12:32:36.178,0.89806,0.89823,1.50,2.25
2011.11.08 12:32:36.421,0.89806,0.89823,1.50,3.00
2011.11.08 12:32:37.830,0.89807,0.89823,1.50,2.25
2011.11.08 12:32:38.239,0.8981,0.89826,1.50,1.88
2011.11.08 12:32:38.819,0.8981,0.89827,1.50,3.38
2011.11.08 12:32:39.306,0.89809,0.89824,1.04,2.25
2011.11.08 12:32:39.432,0.89806,0.89824,1.69,3.75
2011.11.08 12:32:39.550,0.89806,0.89824,1.69,4.50
2011.11.08 12:32:40.139,0.89805,0.89823,1.04,1.50
2011.11.08 12:32:40.701,0.89805,0.89823,1.04,1.50
2011.11.08 12:32:42.459,0.89805,0.89823,1.04,1.50
2011.11.08 12:32:43.030,0.89805,0.89823,1.04,1.50
2011.11.08 12:32:43.718,0.89805,0.89823,1.04,3.75
2011.11.08 12:32:47.321,0.89806,0.89823,1.50,2.25
2011.11.08 12:32:48.009,0.89805,0.89823,1.04,3.75
2011.11.08 12:32:48.460,0.89805,0.89823,1.04,1.50
2011.11.08 12:32:49.020,0.89807,0.89824,1.50,4.88
2011.11.08 12:32:49.527,0.89805,0.89824,1.04,5.63
2011.11.08 12:32:50.102,0.89805,0.89822,1.04,1.50
2011.11.08 12:32:50.833,0.89807,0.89823,1.50,1.13
2011.11.08 12:32:52.693,0.89806,0.89823,1.50,1.13
2011.11.08 12:32:59.219,0.89806,0.89824,1.50,4.88
2011.11.08 12:33:02.126,0.89806,0.89824,1.50,4.88
2011.11.08 12:33:02.255,0.89808,0.89824,1.79,3.38
2011.11.08 12:33:03.370,0.8981,0.89824,1.50,2.63
2011.11.08 12:33:03.504,0.89809,0.89824,1.79,2.63
2011.11.08 12:33:06.390,0.89808,0.89823,1.79,2.25
2011.11.08 12:33:12.771,0.89809,0.89824,1.04,2.63
2011.11.08 12:33:13.513,0.89809,0.89824,1.79,2.63
2011.11.08 12:33:14.077,0.89809,0.89824,1.04,2.63
2011.11.08 12:33:14.638,0.89809,0.89824,1.04,2.63
2011.11.08 12:33:15.554,0.89808,0.89824,1.04,2.63
2011.11.08 12:33:16.479,0.89809,0.89824,1.79,2.63
2011.11.08 12:33:19.227,0.8981,0.89824,1.50,2.63
2011.11.08 12:33:20.809,0.89809,0.89824,1.79,2.63
2011.11.08 12:33:22.619,0.8981,0.89823,1.50,2.25
2011.11.08 12:33:24.381,0.89809,0.89824,1.04,2.63
2011.11.08 12:33:24.800,0.89809,0.89824,1.04,2.63
2011.11.08 12:33:26.643,0.89809,0.89824,1.04,2.63
2011.11.08 12:33:26.994,0.89808,0.89825,1.50,3.38
2011.11.08 12:33:27.367,0.8981,0.89823,1.04,2.25
2011.11.08 12:33:27.490,0.8981,0.89823,1.04,2.25
2011.11.08 12:33:28.190,0.8981,0.89823,1.04,2.25
2011.11.08 12:33:28.893,0.89811,0.89823,1.50,2.25
2011.11.08 12:33:29.469,0.89819,0.89832,1.50,2.63
2011.11.08 12:33:29.727,0.89819,0.89838,1.88,3.00
2011.11.08 12:33:29.860,0.89821,0.89839,2.25,1.69
2011.11.08 12:33:30.104,0.89823,0.8984,1.50,3.38
2011.11.08 12:33:30.227,0.89823,0.8984,1.50,4.13
2011.11.08 12:33:33.414,0.89823,0.89839,1.50,1.50
2011.11.08 12:33:33.775,0.89819,0.89836,1.88,1.50
2011.11.08 12:33:34.406,0.89817,0.89833,1.13,1.50
2011.11.08 12:33:35.122,0.89817,0.89832,1.13,1.50
2011.11.08 12:33:35.721,0.89817,0.89834,1.13,1.50
2011.11.08 12:33:39.230,0.89817,0.89833,1.13,1.50
2011.11.08 12:33:43.889,0.89817,0.89833,1.13,1.50
2011.11.08 12:33:44.134,0.89817,0.89833,1.13,1.50
2011.11.08 12:33:44.719,0.89817,0.89834,1.13,2.25
2011.11.08 12:33:45.347,0.89817,0.89834,1.13,2.25
2011.11.08 12:33:45.822,0.89817,0.89834,1.13,2.25
2011.11.08 12:33:46.270,0.89817,0.89834,1.13,2.25
2011.11.08 12:33:46.389,0.89817,0.89834,1.13,2.25
2011.11.08 12:33:46.948,0.89817,0.89834,1.13,2.25
2011.11.08 12:33:47.620,0.89817,0.89834,1.13,2.25
2011.11.08 12:33:48.199,0.89817,0.89834,1.13,2.25
2011.11.08 12:34:00.721,0.89817,0.89834,1.88,1.50
2011.11.08 12:34:01.301,0.89817,0.89835,1.88,1.50
2011.11.08 12:34:01.663,0.89817,0.89836,2.16,2.25
2011.11.08 12:34:02.875,0.89818,0.89836,1.04,1.50
2011.11.08 12:34:03.924,0.89817,0.89836,1.13,1.50
2011.11.08 12:34:05.329,0.89817,0.89835,1.88,2.25
2011.11.08 12:34:05.930,0.89817,0.89835,1.13,1.50
2011.11.08 12:34:20.800,0.89817,0.89835,1.13,2.25
2011.11.08 12:34:21.380,0.89817,0.89835,1.88,2.25
2011.11.08 12:34:22.989,0.89817,0.89833,1.13,1.50
2011.11.08 12:34:23.330,0.89817,0.89832,1.13,1.50
2011.11.08 12:34:23.802,0.89817,0.89833,1.13,1.50
2011.11.08 12:34:24.731,0.89817,0.89833,1.13,1.50
2011.11.08 12:34:27.253,0.89817,0.89833,1.13,1.50
2011.11.08 12:34:31.639,0.89817,0.89832,1.13,1.50
2011.11.08 12:34:31.760,0.89817,0.89832,1.13,1.50
2011.11.08 12:34:34.959,0.89817,0.89832,1.13,1.50
2011.11.08 12:34:35.081,0.89817,0.89834,1.13,3.75
2011.11.08 12:34:35.202,0.89817,0.89834,1.13,3.00
2011.11.08 12:34:35.818,0.89817,0.89836,1.88,3.00
2011.11.08 12:34:35.931,0.89817,0.89836,1.88,2.25
2011.11.08 12:34:36.162,0.89817,0.89834,1.13,1.50
2011.11.08 12:34:37.288,0.89817,0.89835,1.88,1.50
2011.11.08 12:34:38.321,0.89817,0.89835,1.13,1.50
2011.11.08 12:34:38.669,0.89817,0.89835,1.13,1.50
2011.11.08 12:34:39.229,0.89817,0.89834,1.13,1.50
2011.11.08 12:34:39.813,0.89817,0.89834,1.13,1.50
2011.11.08 12:34:40.408,0.89817,0.89834,1.13,1.50
2011.11.08 12:34:55.158,0.89817,0.89834,1.13,1.50
2011.11.08 12:34:57.290,0.89817,0.89833,1.13,1.50
2011.11.08 12:34:57.860,0.89817,0.89832,1.13,1.50
2011.11.08 12:34:59.553,0.89817,0.89832,1.13,1.50
2011.11.08 12:34:59.781,0.89817,0.89832,1.13,1.50
2011.11.08 12:35:00.184,0.89817,0.8983,1.13,1.50
2011.11.08 12:35:01.119,0.89816,0.8983,1.13,1.50
2011.11.08 12:35:03.530,0.89817,0.89831,1.13,1.50
2011.11.08 12:35:03.652,0.89817,0.89833,1.13,1.50
2011.11.08 12:35:04.011,0.89817,0.89834,1.13,2.25
2011.11.08 12:35:04.470,0.89817,0.89834,1.13,2.25
2011.11.08 12:35:04.956,0.89817,0.89831,1.13,1.50
2011.11.08 12:35:05.445,0.89814,0.89827,1.13,1.50
2011.11.08 12:35:06.004,0.89814,0.89825,1.13,1.50
2011.11.08 12:35:06.367,0.89811,0.89825,1.13,1.50
2011.11.08 12:35:06.500,0.89805,0.89822,1.97,1.50
2011.11.08 12:35:06.625,0.89804,0.89819,2.91,1.50
2011.11.08 12:35:06.874,0.89806,0.89819,1.13,1.50
2011.11.08 12:35:07.461,0.89803,0.8982,1.32,2.25
2011.11.08 12:35:07.969,0.89803,0.89821,1.32,2.25
2011.11.08 12:35:08.200,0.89803,0.8982,1.13,1.50
2011.11.08 12:35:08.794,0.89801,0.8982,1.41,2.25
2011.11.08 12:35:08.916,0.89801,0.89818,1.13,1.50
2011.11.08 12:35:09.045,0.89801,0.89816,1.13,1.50
2011.11.08 12:35:09.172,0.898,0.89815,1.04,1.50
2011.11.08 12:35:09.869,0.898,0.89815,1.41,1.50
2011.11.08 12:35:10.971,0.898,0.89817,1.41,1.50
2011.11.08 12:35:11.560,0.898,0.89817,1.13,2.25
2011.11.08 12:35:12.869,0.898,0.89817,1.13,2.25
2011.11.08 12:35:13.428,0.898,0.89817,1.13,2.25
2011.11.08 12:35:14.000,0.898,0.89817,4.13,1.50
2011.11.08 12:35:14.474,0.89802,0.89818,1.50,1.50
2011.11.08 12:35:16.140,0.89802,0.89819,3.00,3.75
2011.11.08 12:35:16.733,0.89807,0.89819,3.00,1.50
2011.11.08 12:35:17.092,0.8981,0.89823,3.00,1.50
2011.11.08 12:35:17.333,0.89808,0.89823,3.00,1.50
2011.11.08 12:35:17.453,0.89808,0.89823,3.00,1.50
2011.11.08 12:35:18.127,0.89806,0.8982,3.00,1.50
2011.11.08 12:35:18.264,0.89803,0.89817,1.13,1.50
2011.11.08 12:35:18.665,0.89803,0.89817,1.13,1.50
2011.11.08 12:35:19.039,0.89803,0.89817,1.13,1.50
2011.11.08 12:35:19.408,0.89803,0.89814,1.13,1.50
2011.11.08 12:35:19.661,0.89801,0.89813,1.13,1.50
2011.11.08 12:35:19.903,0.89798,0.89813,1.13,1.50
2011.11.08 12:35:20.308,0.89798,0.89812,3.38,1.50
2011.11.08 12:35:20.804,0.89796,0.89807,1.13,3.00
2011.11.08 12:35:20.928,0.89796,0.89807,1.13,2.25
2011.11.08 12:35:21.185,0.89793,0.89806,1.13,3.00
2011.11.08 12:35:21.677,0.89792,0.89804,1.41,2.25
2011.11.08 12:35:22.068,0.89792,0.89808,1.13,3.75
2011.11.08 12:35:22.437,0.89791,0.89808,3.38,1.50
2011.11.08 12:35:22.564,0.89792,0.89809,1.04,3.00
2011.11.08 12:35:22.922,0.89796,0.89811,3.00,1.50
2011.11.08 12:35:23.501,0.89796,0.89812,3.00,1.50
2011.11.08 12:35:24.223,0.89796,0.89813,3.00,3.75
2011.11.08 12:35:24.966,0.89796,0.89813,3.00,4.50
2011.11.08 12:35:27.577,0.89796,0.89813,3.60,3.00
2011.11.08 12:35:28.175,0.89796,0.89812,3.60,1.50
2011.11.08 12:35:30.141,0.89796,0.89813,3.60,3.00
2011.11.08 12:35:30.930,0.89796,0.89812,3.60,1.50
2011.11.08 12:35:31.816,0.89796,0.89812,3.60,1.50
2011.11.08 12:35:32.604,0.89796,0.89813,3.60,3.00
2011.11.08 12:35:32.723,0.89796,0.8981,3.60,1.50
2011.11.08 12:35:32.843,0.89796,0.8981,3.60,1.50
2011.11.08 12:35:33.432,0.89796,0.89812,3.00,1.50
2011.11.08 12:35:34.026,0.89796,0.89811,3.00,2.63
2011.11.08 12:35:34.316,0.89792,0.89809,2.10,3.00
2011.11.08 12:35:34.457,0.89791,0.89809,3.57,3.75
2011.11.08 12:35:35.152,0.89796,0.89808,3.00,1.50
2011.11.08 12:35:35.273,0.89796,0.89809,3.00,2.25
2011.11.08 12:35:35.870,0.89796,0.8981,3.00,1.50
2011.11.08 12:35:36.473,0.89796,0.8981,3.00,1.50
2011.11.08 12:35:36.931,0.89796,0.8981,3.00,1.50
2011.11.08 12:35:37.784,0.89796,0.89811,3.00,2.25
2011.11.08 12:35:38.163,0.89796,0.89811,3.00,2.25
2011.11.08 12:35:38.641,0.89796,0.89811,3.38,1.50
2011.11.08 12:35:39.127,0.89802,0.89813,1.13,2.25
2011.11.08 12:35:39.616,0.89801,0.89811,1.13,1.50
2011.11.08 12:35:39.863,0.89801,0.89813,2.63,2.25
2011.11.08 12:35:42.465,0.89799,0.89812,3.75,1.50
2011.11.08 12:35:42.839,0.89799,0.89813,2.63,2.25
2011.11.08 12:35:42.968,0.89798,0.89812,2.25,2.25
2011.11.08 12:35:43.334,0.89798,0.89812,3.00,1.50
2011.11.08 12:35:43.986,0.89798,0.89813,3.00,2.25
2011.11.08 12:35:45.772,0.89798,0.89811,3.00,2.25
2011.11.08 12:35:45.892,0.89797,0.89811,3.00,1.50
2011.11.08 12:35:46.480,0.89798,0.8981,3.00,1.50
2011.11.08 12:35:47.095,0.89799,0.89811,3.00,2.25
2011.11.08 12:35:51.221,0.89799,0.8981,2.25,1.50
2011.11.08 12:35:51.821,0.898,0.89812,3.00,1.50
2011.11.08 12:35:52.182,0.89801,0.89815,1.13,2.25
2011.11.08 12:35:55.632,0.89801,0.89815,1.13,2.25
2011.11.08 12:35:55.877,0.89802,0.89818,1.13,1.50
2011.11.08 12:35:56.005,0.89803,0.89819,1.50,2.25
2011.11.08 12:35:56.755,0.89803,0.89819,1.50,2.25
2011.11.08 12:35:57.960,0.89803,0.89819,1.50,2.25
2011.11.08 12:35:59.798,0.89801,0.89816,1.13,1.50
2011.11.08 12:36:00.676,0.89801,0.89816,1.13,1.50
2011.11.08 12:36:00.806,0.89801,0.89816,1.13,1.50
2011.11.08 12:36:05.276,0.89801,0.89815,1.13,1.50
2011.11.08 12:36:05.526,0.89801,0.89817,1.13,2.25
2011.11.08 12:36:06.584,0.89801,0.89816,3.38,1.50
2011.11.08 12:36:07.172,0.89801,0.89817,3.38,1.50
2011.11.08 12:36:07.774,0.89804,0.89818,1.13,1.50
2011.11.08 12:36:08.019,0.89809,0.8982,2.63,2.25
2011.11.08 12:36:08.147,0.89809,0.89821,2.25,1.50
2011.11.08 12:36:08.273,0.89811,0.89821,3.00,1.50
2011.11.08 12:36:09.337,0.89811,0.89824,3.00,1.50
2011.11.08 12:36:09.825,0.89812,0.89827,3.00,3.75
2011.11.08 12:36:10.410,0.89812,0.89827,3.00,3.75
2011.11.08 12:36:12.309,0.89812,0.89827,3.00,3.00
2011.11.08 12:36:12.881,0.89812,0.89827,3.00,3.00
2011.11.08 12:36:13.922,0.89812,0.89827,3.00,3.00
2011.11.08 12:36:14.287,0.89812,0.89825,3.00,1.50
2011.11.08 12:36:14.539,0.8981,0.89827,3.38,4.50
2011.11.08 12:36:15.141,0.89812,0.89827,3.00,3.00
2011.11.08 12:36:15.691,0.8981,0.89827,1.50,3.00
2011.11.08 12:36:16.263,0.8981,0.89827,1.50,3.75
2011.11.08 12:36:17.552,0.89812,0.89828,2.10,2.25
2011.11.08 12:36:17.900,0.89813,0.89828,1.13,2.25
2011.11.08 12:36:18.414,0.89813,0.89827,1.13,1.50
2011.11.08 12:36:19.212,0.89811,0.89827,1.73,4.50
2011.11.08 12:36:20.432,0.89813,0.89827,1.13,3.75
2011.11.08 12:36:21.009,0.89813,0.89827,1.13,3.75
2011.11.08 12:36:21.601,0.89813,0.89827,1.13,3.00
2011.11.08 12:36:22.206,0.89809,0.89825,1.88,1.50
2011.11.08 12:36:22.334,0.89809,0.89825,1.13,1.50
2011.11.08 12:36:22.935,0.89809,0.89825,1.13,1.50
2011.11.08 12:36:25.562,0.89809,0.89825,1.13,4.13
2011.11.08 12:36:26.048,0.89806,0.89821,1.13,3.00
2011.11.08 12:36:30.561,0.89804,0.89817,1.13,1.13
2011.11.08 12:36:30.686,0.89802,0.89817,1.13,1.13
2011.11.08 12:36:30.816,0.89802,0.89815,1.13,3.00
2011.11.08 12:36:31.185,0.89802,0.89817,1.13,1.13
2011.11.08 12:36:33.834,0.89802,0.89818,1.88,1.50
2011.11.08 12:36:33.962,0.89805,0.8982,1.13,3.19
2011.11.08 12:36:34.087,0.89807,0.89822,1.50,2.25
2011.11.08 12:36:34.681,0.89805,0.89822,1.88,2.25
2011.11.08 12:36:34.803,0.89805,0.89822,1.88,2.25
2011.11.08 12:36:34.926,0.89808,0.89824,1.50,2.25
2011.11.08 12:36:35.051,0.89808,0.8982,1.50,2.25
2011.11.08 12:36:35.176,0.89808,0.89825,1.50,1.13
2011.11.08 12:36:35.305,0.89811,0.89826,1.50,2.25
2011.11.08 12:36:36.902,0.89812,0.89827,1.50,2.63
2011.11.08 12:36:37.723,0.89815,0.89828,1.50,2.63
2011.11.08 12:36:38.088,0.89811,0.89825,1.04,1.50
2011.11.08 12:36:38.212,0.89805,0.89824,3.38,1.50
2011.11.08 12:36:38.780,0.89807,0.89826,1.50,2.25
2011.11.08 12:36:39.624,0.89807,0.89825,1.50,1.50
2011.11.08 12:36:39.976,0.89813,0.89827,2.25,1.13
2011.11.08 12:36:40.348,0.89815,0.89828,1.50,2.63
2011.11.08 12:36:40.876,0.89822,0.89837,2.25,2.63
2011.11.08 12:36:41.018,0.8983,0.8984,1.50,1.13
2011.11.08 12:36:41.385,0.89832,0.89841,1.50,1.88
2011.11.08 12:36:41.635,0.89832,0.89843,1.50,1.88
2011.11.08 12:36:41.887,0.89832,0.89846,1.50,1.88
2011.11.08 12:36:42.490,0.89831,0.89845,1.50,1.88
2011.11.08 12:36:43.081,0.89831,0.89847,1.50,3.38
2011.11.08 12:36:43.208,0.8983,0.89847,1.50,2.07
2011.11.08 12:36:43.449,0.89828,0.89846,1.50,1.50
2011.11.08 12:36:43.571,0.89828,0.89846,1.50,1.50
2011.11.08 12:36:44.081,0.89825,0.89843,1.50,1.50
2011.11.08 12:36:44.659,0.89823,0.89843,1.58,2.25
2011.11.08 12:36:45.010,0.89823,0.89843,1.58,2.25
2011.11.08 12:36:46.113,0.89823,0.89843,1.58,2.25
2011.11.08 12:36:49.220,0.89825,0.89843,2.25,1.50
2011.11.08 12:36:49.570,0.89828,0.89846,1.50,1.50
2011.11.08 12:36:49.692,0.89827,0.89846,1.50,1.50
2011.11.08 12:36:49.816,0.89823,0.89841,1.77,1.50
2011.11.08 12:36:49.942,0.89827,0.89843,1.50,1.88
2011.11.08 12:36:50.410,0.89827,0.89845,1.50,1.88
2011.11.08 12:36:51.214,0.89827,0.89845,1.50,1.88
2011.11.08 12:36:51.738,0.89833,0.89847,1.13,2.25
2011.11.08 12:36:52.111,0.89836,0.89854,1.50,1.99
2011.11.08 12:36:52.355,0.89834,0.89853,1.50,1.65
2011.11.08 12:36:52.951,0.89833,0.89851,1.50,1.65
2011.11.08 12:36:53.531,0.89833,0.89851,1.50,1.65
2011.11.08 12:36:54.372,0.89832,0.8985,1.13,1.65
2011.11.08 12:36:54.842,0.89831,0.89849,1.88,1.50
2011.11.08 12:36:55.531,0.89832,0.8985,1.88,2.40
2011.11.08 12:36:56.363,0.89832,0.8985,1.13,2.40
2011.11.08 12:36:57.604,0.89835,0.89852,1.50,1.65
2011.11.08 12:36:57.843,0.89833,0.89849,1.50,1.65
2011.11.08 12:36:58.202,0.89832,0.89849,1.13,1.65
2011.11.08 12:36:58.322,0.89832,0.89849,1.13,1.65
2011.11.08 12:36:58.563,0.89833,0.89851,1.50,2.25
2011.11.08 12:36:58.927,0.89837,0.89853,1.50,1.50
2011.11.08 12:36:59.490,0.89837,0.89856,1.50,1.88
2011.11.08 12:36:59.863,0.89841,0.89857,1.50,2.18
2011.11.08 12:36:59.988,0.89843,0.89859,1.50,2.10
2011.11.08 12:37:00.355,0.89843,0.8986,1.50,2.25
2011.11.08 12:37:00.483,0.89843,0.8986,1.50,2.25
2011.11.08 12:37:01.653,0.89843,0.89859,1.50,2.25
2011.11.08 12:37:02.602,0.8984,0.89857,1.50,1.13
2011.11.08 12:37:02.963,0.89839,0.89857,1.50,1.88
2011.11.08 12:37:04.751,0.89838,0.89855,1.50,1.50
2011.11.08 12:37:05.335,0.89839,0.89857,2.25,1.13
2011.11.08 12:37:05.581,0.89839,0.89857,2.25,1.13
2011.11.08 12:37:06.171,0.89839,0.89857,1.50,1.88
2011.11.08 12:37:06.995,0.89838,0.89855,1.50,1.50
2011.11.08 12:37:07.552,0.89838,0.89854,1.50,1.50
2011.11.08 12:37:07.918,0.89839,0.89857,1.50,1.13
2011.11.08 12:37:08.521,0.89838,0.89857,1.50,1.88
2011.11.08 12:37:09.080,0.89837,0.89855,1.50,1.50
2011.11.08 12:37:09.440,0.89836,0.89854,2.25,1.50
2011.11.08 12:37:11.040,0.89836,0.89855,2.25,2.44
2011.11.08 12:37:11.395,0.89838,0.89857,1.50,1.88
2011.11.08 12:37:11.522,0.89839,0.89857,1.50,1.88
2011.11.08 12:37:12.004,0.89839,0.89857,1.50,1.88
2011.11.08 12:37:12.119,0.89839,0.89857,1.50,1.88
2011.11.08 12:37:12.933,0.89839,0.89857,1.50,1.88
2011.11.08 12:37:13.871,0.89839,0.89857,1.50,1.13
2011.11.08 12:37:15.920,0.89838,0.89856,2.25,1.50
2011.11.08 12:37:16.683,0.89838,0.89857,2.25,1.88
2011.11.08 12:37:17.041,0.89839,0.89857,1.50,1.88
2011.11.08 12:37:17.269,0.89838,0.89857,1.50,1.88
2011.11.08 12:37:20.312,0.89839,0.89857,1.50,1.88
2011.11.08 12:37:20.989,0.89839,0.89856,1.50,1.50
2011.11.08 12:37:21.334,0.89837,0.89851,1.50,1.50
2011.11.08 12:37:21.457,0.89834,0.89849,1.50,3.00
2011.11.08 12:37:21.583,0.89842,0.89852,2.25,1.50
2011.11.08 12:37:21.705,0.89838,0.89856,1.50,1.50
2011.11.08 12:37:21.834,0.89839,0.89855,1.50,1.50
2011.11.08 12:37:22.071,0.89837,0.89855,2.25,1.50
2011.11.08 12:37:22.190,0.89839,0.89855,1.50,1.50
2011.11.08 12:37:22.758,0.89839,0.89855,1.50,1.50
2011.11.08 12:37:25.420,0.89838,0.89855,2.25,2.25
2011.11.08 12:37:26.004,0.89836,0.89852,1.79,1.50
2011.11.08 12:37:26.509,0.89834,0.89852,1.13,2.25
2011.11.08 12:37:26.871,0.89833,0.89851,4.13,1.50
2011.11.08 12:37:29.113,0.89833,0.89851,4.13,1.50
2011.11.08 12:37:29.239,0.89833,0.89851,4.13,2.25
2011.11.08 12:37:29.364,0.89835,0.89851,2.63,1.50
2011.11.08 12:37:32.121,0.89834,0.89851,2.63,1.50
2011.11.08 12:37:32.591,0.89834,0.8985,2.25,1.50
2011.11.08 12:37:32.713,0.89832,0.8985,3.00,2.25
2011.11.08 12:37:32.833,0.8983,0.89848,2.91,2.25
2011.11.08 12:37:33.402,0.89828,0.89846,4.50,1.50
2011.11.08 12:37:33.971,0.89831,0.89847,1.50,3.00
2011.11.08 12:37:34.905,0.89831,0.89847,1.50,1.50
2011.11.08 12:37:35.330,0.89833,0.89849,3.75,1.50
2011.11.08 12:37:35.931,0.89833,0.8985,2.25,1.50
2011.11.08 12:37:36.176,0.89833,0.89845,2.25,1.50
2011.11.08 12:37:36.313,0.89824,0.8984,5.46,1.50
2011.11.08 12:37:36.439,0.89824,0.89839,3.00,1.50
2011.11.08 12:37:36.690,0.89826,0.89838,2.25,1.50
2011.11.08 12:37:36.821,0.89818,0.89836,3.66,2.25
2011.11.08 12:37:37.249,0.89815,0.89833,3.75,1.50
2011.11.08 12:37:37.500,0.89815,0.89832,1.13,1.50
2011.11.08 12:37:38.102,0.89814,0.8983,1.13,1.50
2011.11.08 12:37:41.611,0.89815,0.89831,1.13,2.25
2011.11.08 12:37:42.072,0.89815,0.89831,1.13,2.25
2011.11.08 12:37:42.507,0.89813,0.89829,1.88,1.50
2011.11.08 12:37:42.638,0.89813,0.89829,3.00,2.25
2011.11.08 12:37:43.139,0.89813,0.89827,2.25,1.50
2011.11.08 12:37:43.743,0.89812,0.89825,2.63,1.50
2011.11.08 12:37:45.363,0.89812,0.89827,2.25,2.25
2011.11.08 12:37:46.264,0.89813,0.89828,3.00,1.50
2011.11.08 12:37:47.672,0.89812,0.89828,2.25,1.50
2011.11.08 12:37:47.801,0.8981,0.89828,1.50,2.63
2011.11.08 12:37:48.390,0.8981,0.89827,1.50,1.50
2011.11.08 12:37:49.911,0.8981,0.89828,1.50,1.88
2011.11.08 12:37:52.430,0.89809,0.89827,2.54,1.13
2011.11.08 12:37:53.784,0.89809,0.89828,1.79,1.88
2011.11.08 12:37:54.359,0.89809,0.89827,2.54,1.50
2011.11.08 12:37:55.892,0.8981,0.89828,1.50,1.88
2011.11.08 12:37:56.461,0.89809,0.89828,2.54,1.88
2011.11.08 12:38:00.782,0.89811,0.89828,1.50,1.13
2011.11.08 12:38:01.136,0.89811,0.89828,2.25,1.13
2011.11.08 12:38:01.625,0.89815,0.89831,1.50,1.88
2011.11.08 12:38:04.550,0.89814,0.8983,2.54,1.13
2011.11.08 12:38:09.196,0.89814,0.8983,1.04,1.13
2011.11.08 12:38:09.326,0.89812,0.89829,1.50,1.13
2011.11.08 12:38:09.693,0.89812,0.89828,2.25,1.13
2011.11.08 12:38:10.278,0.89812,0.89828,1.50,1.13
2011.11.08 12:38:11.202,0.89812,0.89828,1.50,1.88
2011.11.08 12:38:12.008,0.89811,0.89828,1.50,1.88
2011.11.08 12:38:12.601,0.89813,0.89829,3.75,1.13
2011.11.08 12:38:13.821,0.89813,0.89829,3.75,1.13
2011.11.08 12:38:14.961,0.89813,0.89829,3.75,1.13
2011.11.08 12:38:15.529,0.89813,0.89829,3.75,1.13
2011.11.08 12:38:16.112,0.89811,0.89829,1.50,2.63
2011.11.08 12:38:16.689,0.89811,0.89828,1.50,1.88
2011.11.08 12:38:17.273,0.8981,0.89827,1.04,1.50
2011.11.08 12:38:17.772,0.89808,0.89825,1.50,1.50
2011.11.08 12:38:18.135,0.89807,0.89823,1.13,1.50
2011.11.08 12:38:22.912,0.89805,0.89823,2.16,2.25
2011.11.08 12:38:23.281,0.89803,0.89811,2.63,1.50
2011.11.08 12:38:23.965,0.89799,0.89811,2.63,2.25
2011.11.08 12:38:23.976,0.89799,0.89813,3.38,1.50
2011.11.08 12:38:24.574,0.89801,0.89814,2.25,1.50
2011.11.08 12:38:25.416,0.89802,0.89818,2.54,1.50
2011.11.08 12:38:25.547,0.89803,0.89819,2.25,1.50
2011.11.08 12:38:25.917,0.89802,0.89817,2.54,1.50
2011.11.08 12:38:26.524,0.89799,0.89815,1.41,1.50
2011.11.08 12:38:26.643,0.89797,0.89814,1.79,1.50
2011.11.08 12:38:26.882,0.89795,0.89813,2.01,2.25
2011.11.08 12:38:28.085,0.89795,0.89813,1.64,1.50
2011.11.08 12:38:28.453,0.898,0.89817,1.50,1.50
2011.11.08 12:38:28.813,0.89802,0.89818,1.04,1.13
2011.11.08 12:38:29.172,0.898,0.89818,2.25,1.88
2011.11.08 12:38:29.413,0.898,0.89818,1.50,1.88
2011.11.08 12:38:29.807,0.898,0.89818,1.50,1.88
2011.11.08 12:38:30.417,0.89799,0.89818,1.04,1.88
2011.11.08 12:38:31.101,0.89799,0.89818,1.04,1.88
2011.11.08 12:38:31.702,0.898,0.89817,1.50,1.50
2011.11.08 12:38:32.291,0.89801,0.89819,1.50,1.13
2011.11.08 12:38:32.753,0.89799,0.89815,2.25,1.50
2011.11.08 12:38:32.888,0.89794,0.89811,1.13,1.50
2011.11.08 12:38:33.497,0.89794,0.89812,1.88,1.50
2011.11.08 12:38:34.084,0.89795,0.89812,1.04,1.50
2011.11.08 12:38:34.675,0.89794,0.8981,1.50,1.50
2011.11.08 12:38:35.351,0.89794,0.89811,1.50,1.50
2011.11.08 12:38:37.527,0.89795,0.89812,3.00,1.50
2011.11.08 12:38:37.898,0.89794,0.89809,1.50,1.50
2011.11.08 12:38:38.266,0.89791,0.89809,1.79,2.25
2011.11.08 12:38:38.959,0.89792,0.8981,1.50,1.50
2011.11.08 12:38:39.562,0.89792,0.89809,1.50,1.50
2011.11.08 12:38:40.797,0.89793,0.8981,1.50,1.50
2011.11.08 12:38:41.267,0.89793,0.89811,1.50,1.50
2011.11.08 12:38:42.782,0.89795,0.89813,1.50,3.00
2011.11.08 12:38:43.877,0.89797,0.89813,3.75,1.50
2011.11.08 12:38:44.247,0.89798,0.89815,3.00,3.19
2011.11.08 12:38:44.616,0.898,0.89816,1.04,3.38
2011.11.08 12:38:44.991,0.89799,0.89815,3.75,1.13
2011.11.08 12:38:45.412,0.89799,0.89815,1.50,4.88
2011.11.08 12:38:45.543,0.89795,0.89811,1.50,1.50
2011.11.08 12:38:45.787,0.89795,0.89812,1.50,1.50
2011.11.08 12:38:46.034,0.89794,0.89812,4.50,1.50
2011.11.08 12:38:48.262,0.89794,0.89812,2.25,1.50
2011.11.08 12:38:48.856,0.89794,0.89812,1.50,1.50
2011.11.08 12:38:49.443,0.89793,0.89812,1.50,2.25
2011.11.08 12:38:50.042,0.89792,0.89808,1.50,1.50
2011.11.08 12:38:50.841,0.89792,0.89806,1.50,1.13
2011.11.08 12:38:51.430,0.89791,0.89805,2.25,1.50
2011.11.08 12:38:52.526,0.89791,0.89807,3.00,3.75
2011.11.08 12:38:53.111,0.89791,0.89807,3.00,2.25
2011.11.08 12:38:55.036,0.89791,0.89807,3.00,3.00
2011.11.08 12:38:55.622,0.89791,0.89807,3.00,2.25
2011.11.08 12:38:56.209,0.89791,0.89806,3.00,1.50
2011.11.08 12:38:58.320,0.89791,0.89804,2.25,1.50
2011.11.08 12:38:58.827,0.8979,0.89804,2.25,1.50
2011.11.08 12:38:59.310,0.8979,0.89805,2.25,2.25
2011.11.08 12:38:59.881,0.8979,0.89804,2.25,1.50
2011.11.08 12:39:01.883,0.8979,0.89804,2.25,2.25
2011.11.08 12:39:03.213,0.8979,0.89802,2.25,1.50
2011.11.08 12:39:03.830,0.8979,0.89801,2.25,1.50
2011.11.08 12:39:04.076,0.89785,0.898,2.63,1.50
2011.11.08 12:39:04.569,0.89789,0.89803,2.25,1.50
2011.11.08 12:39:05.156,0.89789,0.89803,2.25,3.00
2011.11.08 12:39:05.289,0.89791,0.89804,2.25,2.25
2011.11.08 12:39:05.416,0.89791,0.89804,2.25,1.50
2011.11.08 12:39:06.024,0.89791,0.89805,2.25,1.50
2011.11.08 12:39:06.380,0.89791,0.89805,2.25,1.50
2011.11.08 12:39:06.624,0.89789,0.89805,2.25,2.25
2011.11.08 12:39:07.174,0.89791,0.89805,2.25,2.25
2011.11.08 12:39:07.534,0.89788,0.89803,3.38,1.50
2011.11.08 12:39:08.132,0.89789,0.89803,2.25,1.50
2011.11.08 12:39:08.601,0.89791,0.89803,2.25,1.50
2011.11.08 12:39:09.566,0.89791,0.89804,2.25,1.50
2011.11.08 12:39:10.062,0.8979,0.89804,2.25,3.75
2011.11.08 12:39:10.304,0.89788,0.89801,3.38,1.50
2011.11.08 12:39:10.424,0.8979,0.89801,2.25,1.50
2011.11.08 12:39:11.017,0.89785,0.898,2.63,2.25
2011.11.08 12:39:11.522,0.89789,0.89801,2.25,2.25
2011.11.08 12:39:12.005,0.89788,0.89799,3.38,1.50
2011.11.08 12:39:12.244,0.89783,0.89798,1.13,3.00
2011.11.08 12:39:12.368,0.89783,0.89798,3.38,3.75
2011.11.08 12:39:12.735,0.89783,0.89795,3.38,1.50
2011.11.08 12:39:13.392,0.89777,0.89792,1.04,3.38
2011.11.08 12:39:13.517,0.89775,0.89791,1.50,3.00
2011.11.08 12:39:13.645,0.89774,0.89788,1.41,1.50
2011.11.08 12:39:13.773,0.89772,0.89788,4.13,1.50
2011.11.08 12:39:14.714,0.89772,0.8979,4.88,2.25
2011.11.08 12:39:14.840,0.89772,0.89789,4.13,2.25
2011.11.08 12:39:15.085,0.89772,0.89791,4.41,3.00
2011.11.08 12:39:15.546,0.89772,0.89789,1.13,1.50
2011.11.08 12:39:15.800,0.89774,0.89791,1.04,1.50
2011.11.08 12:39:16.401,0.89774,0.89791,1.79,1.50
2011.11.08 12:39:17.974,0.89774,0.8979,1.50,2.25
2011.11.08 12:39:18.575,0.89774,0.8979,1.50,1.50
2011.11.08 12:39:19.053,0.89773,0.8979,3.00,1.50
2011.11.08 12:39:19.656,0.89771,0.89787,3.75,1.50
2011.11.08 12:39:20.357,0.8977,0.89788,3.29,3.00
2011.11.08 12:39:20.487,0.8977,0.89788,3.29,1.50
2011.11.08 12:39:20.738,0.8977,0.89787,3.29,1.50
2011.11.08 12:39:21.344,0.8977,0.89788,3.29,4.50
2011.11.08 12:39:21.944,0.89771,0.89788,3.00,3.75
2011.11.08 12:39:24.411,0.8977,0.89786,3.29,1.50
2011.11.08 12:39:25.014,0.8977,0.89784,2.25,1.50
2011.11.08 12:39:25.614,0.8977,0.89784,2.25,2.25
2011.11.08 12:39:25.732,0.8977,0.89784,2.25,2.25
2011.11.08 12:39:25.855,0.8977,0.89784,2.25,2.25
2011.11.08 12:39:28.305,0.8977,0.89785,2.25,1.50
2011.11.08 12:39:28.911,0.8977,0.89786,3.00,1.50
2011.11.08 12:39:29.641,0.8977,0.89786,3.00,1.50
2011.11.08 12:39:30.243,0.8977,0.89786,3.00,1.50
2011.11.08 12:39:31.023,0.8977,0.89784,2.25,1.50
2011.11.08 12:39:33.657,0.8977,0.89786,3.00,1.50
2011.11.08 12:39:36.122,0.8977,0.89787,3.00,2.25
2011.11.08 12:39:36.699,0.8977,0.89787,2.25,2.25
2011.11.08 12:39:37.293,0.8977,0.89787,3.00,2.25
2011.11.08 12:39:37.871,0.8977,0.89787,2.25,2.25
2011.11.08 12:39:40.440,0.8977,0.89787,3.00,2.25
2011.11.08 12:39:41.816,0.89771,0.89786,2.54,1.50
2011.11.08 12:39:42.413,0.89772,0.89789,1.04,3.75
2011.11.08 12:39:42.663,0.89771,0.89787,1.50,1.50
2011.11.08 12:39:42.890,0.8977,0.89789,3.29,3.75
2011.11.08 12:39:43.133,0.8977,0.89788,4.04,2.63
2011.11.08 12:39:43.257,0.8977,0.89786,3.29,1.13
2011.11.08 12:39:45.183,0.89769,0.89783,3.00,1.88
2011.11.08 12:39:45.425,0.89767,0.89781,3.00,1.13
2011.11.08 12:39:46.024,0.89767,0.89781,2.25,1.13
2011.11.08 12:39:46.267,0.89765,0.8978,2.25,4.88
2011.11.08 12:39:53.327,0.89765,0.89779,2.25,1.88
2011.11.08 12:39:55.064,0.89765,0.89779,2.25,1.50
2011.11.08 12:39:55.399,0.89765,0.89779,2.25,1.13
2011.11.08 12:39:56.691,0.89765,0.89779,2.25,1.13
2011.11.08 12:39:57.248,0.89765,0.89778,2.25,1.13
2011.11.08 12:39:58.516,0.89765,0.89776,2.25,1.50
2011.11.08 12:39:58.884,0.89765,0.89777,2.25,1.13
2011.11.08 12:39:59.666,0.89765,0.89776,2.25,1.13
2011.11.08 12:40:00.733,0.89765,0.89777,2.25,1.88
2011.11.08 12:40:02.978,0.89765,0.89776,2.25,2.25
2011.11.08 12:40:03.230,0.89763,0.89774,2.63,1.13
2011.11.08 12:40:03.832,0.89764,0.89774,2.25,1.13
2011.11.08 12:40:05.556,0.89764,0.89774,2.25,1.50
2011.11.08 12:40:05.685,0.8976,0.89776,3.38,2.48
2011.11.08 12:40:05.935,0.8976,0.89766,3.00,1.13
2011.11.08 12:40:06.068,0.89757,0.89764,1.04,1.35
2011.11.08 12:40:06.327,0.89752,0.89764,1.04,3.23
2011.11.08 12:40:06.459,0.89751,0.89764,2.25,2.63
2011.11.08 12:40:06.702,0.89748,0.89764,3.00,2.25
2011.11.08 12:40:07.314,0.89749,0.89764,1.13,1.50
2011.11.08 12:40:09.100,0.89749,0.89764,1.13,1.50
2011.11.08 12:40:10.802,0.89748,0.89764,1.88,1.50
2011.11.08 12:40:11.304,0.89748,0.89764,2.07,1.50
2011.11.08 12:40:11.429,0.89749,0.89764,1.13,1.50
2011.11.08 12:40:15.003,0.89748,0.89764,1.13,2.25
2011.11.08 12:40:15.391,0.89749,0.89764,1.13,2.63
2011.11.08 12:40:15.528,0.89746,0.89762,2.25,1.13
2011.11.08 12:40:15.662,0.89746,0.89763,1.50,1.50
2011.11.08 12:40:15.789,0.89749,0.89762,2.25,1.50
2011.11.08 12:40:15.917,0.89746,0.89762,1.50,1.50
2011.11.08 12:40:17.310,0.89745,0.89763,2.25,1.88
2011.11.08 12:40:17.879,0.89745,0.89761,1.50,1.50
2011.11.08 12:40:18.975,0.89744,0.89759,3.00,1.13
2011.11.08 12:40:19.124,0.89744,0.89761,3.00,2.25
2011.11.08 12:40:19.370,0.89744,0.8976,3.00,1.50
2011.11.08 12:40:20.335,0.89744,0.89758,3.00,2.25
2011.11.08 12:40:20.467,0.89744,0.89758,3.00,1.50
2011.11.08 12:40:21.048,0.89744,0.89761,3.00,1.50
2011.11.08 12:40:23.163,0.89744,0.89761,3.00,1.50
2011.11.08 12:40:23.880,0.89744,0.8976,3.00,2.25
2011.11.08 12:40:24.712,0.89744,0.89758,3.00,2.25
2011.11.08 12:40:24.838,0.89744,0.89758,3.00,1.50
2011.11.08 12:40:28.009,0.89744,0.89759,3.00,1.50
2011.11.08 12:40:28.732,0.89744,0.89757,2.63,1.50
2011.11.08 12:40:29.098,0.89742,0.89753,2.63,1.50
2011.11.08 12:40:29.467,0.89744,0.89754,2.63,1.50
2011.11.08 12:40:30.015,0.89744,0.89754,2.63,2.25
2011.11.08 12:40:31.931,0.89743,0.89756,2.63,1.50
2011.11.08 12:40:32.843,0.89744,0.8976,3.38,1.50
2011.11.08 12:40:33.449,0.89743,0.89758,2.63,1.50
2011.11.08 12:40:33.956,0.89743,0.89758,2.63,1.50
2011.11.08 12:40:34.683,0.89744,0.89757,2.25,2.25
2011.11.08 12:40:35.069,0.89744,0.89754,2.25,1.50
2011.11.08 12:40:35.211,0.89741,0.89753,2.63,1.50
2011.11.08 12:40:35.792,0.8974,0.89753,2.25,1.50
2011.11.08 12:40:36.260,0.8974,0.89754,2.25,1.50
2011.11.08 12:40:36.963,0.8974,0.89754,2.25,3.00
2011.11.08 12:40:37.562,0.8974,0.89753,2.25,2.25
2011.11.08 12:40:38.983,0.89741,0.89753,2.25,1.50
2011.11.08 12:40:39.802,0.89741,0.89753,2.25,1.50
2011.11.08 12:40:40.393,0.89741,0.89753,2.25,2.25
2011.11.08 12:40:40.918,0.89741,0.89752,2.25,1.50
2011.11.08 12:40:41.048,0.89738,0.89752,2.25,1.50
2011.11.08 12:40:41.177,0.89736,0.8975,2.25,1.50
2011.11.08 12:40:41.774,0.89736,0.89748,2.25,1.50
2011.11.08 12:40:43.726,0.89736,0.89745,2.25,1.50
2011.11.08 12:40:43.860,0.89729,0.89745,1.80,1.43
2011.11.08 12:40:43.983,0.89728,0.89744,3.00,1.05
2011.11.08 12:40:44.230,0.89728,0.89745,3.00,2.55
2011.11.08 12:40:44.834,0.89728,0.89743,2.25,2.25
2011.11.08 12:40:45.430,0.89728,0.89741,2.25,2.25
2011.11.08 12:40:47.669,0.89728,0.89742,2.25,2.25
2011.11.08 12:40:54.953,0.89728,0.89745,3.00,2.55
2011.11.08 12:40:55.422,0.89728,0.89744,3.00,1.50
2011.11.08 12:40:55.892,0.89728,0.89745,3.00,2.25
2011.11.08 12:40:56.373,0.89734,0.89747,3.00,1.50
2011.11.08 12:40:56.613,0.89731,0.89748,3.75,1.50
2011.11.08 12:40:56.855,0.89729,0.89747,1.50,1.50
2011.11.08 12:40:56.971,0.89729,0.89747,1.50,2.25
2011.11.08 12:40:57.572,0.89728,0.89745,3.00,1.50
2011.11.08 12:40:58.512,0.89728,0.89746,3.00,2.25
2011.11.08 12:40:58.860,0.89728,0.89746,3.00,2.25
2011.11.08 12:40:59.963,0.89728,0.89746,3.00,2.25
2011.11.08 12:41:00.207,0.89729,0.89747,3.75,1.50
2011.11.08 12:41:00.576,0.89728,0.89744,3.29,1.50
2011.11.08 12:41:01.171,0.89728,0.89744,3.29,1.50
2011.11.08 12:41:01.522,0.89728,0.89744,3.00,1.88
2011.11.08 12:41:01.646,0.89727,0.89744,1.50,1.13
2011.11.08 12:41:02.251,0.89727,0.89743,1.04,1.50
2011.11.08 12:41:02.371,0.89727,0.89745,1.04,1.50
2011.11.08 12:41:02.816,0.89732,0.89748,3.75,3.38
2011.11.08 12:41:02.938,0.89733,0.89748,1.50,1.13
2011.11.08 12:41:03.542,0.89731,0.89747,1.50,1.50
2011.11.08 12:41:03.788,0.8973,0.89748,2.25,2.63
2011.11.08 12:41:03.914,0.89728,0.89748,2.25,2.63
2011.11.08 12:41:04.039,0.89727,0.89746,1.13,1.50
2011.11.08 12:41:04.843,0.89726,0.89744,1.88,2.25
2011.11.08 12:41:04.968,0.89726,0.89742,1.88,1.50
2011.11.08 12:41:05.576,0.89727,0.89744,1.50,1.50
2011.11.08 12:41:05.706,0.89727,0.89745,1.50,1.50
2011.11.08 12:41:06.102,0.89731,0.89746,1.50,1.50
2011.11.08 12:41:06.232,0.8973,0.89746,1.50,1.50
2011.11.08 12:41:07.677,0.8973,0.89746,1.50,1.50
2011.11.08 12:41:13.141,0.8973,0.89746,2.25,1.50
2011.11.08 12:41:13.261,0.8973,0.89746,2.25,1.50
2011.11.08 12:41:14.611,0.8973,0.89746,1.50,1.50
2011.11.08 12:41:14.730,0.8973,0.89746,1.50,1.50
2011.11.08 12:41:15.390,0.8973,0.89746,1.50,1.50
2011.11.08 12:41:16.137,0.89731,0.89748,1.50,1.50
2011.11.08 12:41:16.658,0.8973,0.89746,1.50,1.50
2011.11.08 12:41:18.936,0.89731,0.89748,1.50,1.50
2011.11.08 12:41:19.067,0.89734,0.8975,1.50,3.38
2011.11.08 12:41:19.344,0.89734,0.89751,1.50,1.50
2011.11.08 12:41:19.477,0.89737,0.89751,2.25,1.50
2011.11.08 12:41:19.928,0.8974,0.89752,1.50,1.13
2011.11.08 12:41:20.194,0.89738,0.89752,3.75,1.50
2011.11.08 12:41:20.682,0.89734,0.89752,1.79,3.75
2011.11.08 12:41:21.450,0.89735,0.89752,1.04,3.75
2011.11.08 12:41:21.584,0.89735,0.89753,4.04,3.00
2011.11.08 12:41:22.182,0.89737,0.89753,1.79,3.75
2011.11.08 12:41:22.665,0.89738,0.89755,1.50,2.63
2011.11.08 12:41:23.166,0.89738,0.89754,2.25,3.00
2011.11.08 12:41:23.310,0.89742,0.89758,2.25,1.50
2011.11.08 12:41:23.443,0.89743,0.89759,1.50,1.50
2011.11.08 12:41:23.807,0.89743,0.89759,1.50,1.50
2011.11.08 12:41:24.179,0.89741,0.89756,4.04,1.13
2011.11.08 12:41:24.310,0.89741,0.89756,3.29,1.13
2011.11.08 12:41:24.797,0.89739,0.89756,1.50,1.13
2011.11.08 12:41:24.934,0.89743,0.89758,2.25,3.75
2011.11.08 12:41:25.057,0.89743,0.89758,3.00,3.75
2011.11.08 12:41:35.485,0.89743,0.89758,3.00,1.88
2011.11.08 12:41:35.543,0.89742,0.89759,1.50,3.75
2011.11.08 12:41:36.128,0.89745,0.89756,2.25,1.50
2011.11.08 12:41:36.160,0.89741,0.89756,1.50,1.13
2011.11.08 12:41:36.534,0.89747,0.89759,1.50,3.75
2011.11.08 12:41:37.149,0.89747,0.89762,1.50,3.38
2011.11.08 12:41:37.323,0.89746,0.89762,3.00,1.13
2011.11.08 12:41:37.455,0.89746,0.89765,4.50,2.25
2011.11.08 12:41:37.708,0.89749,0.89767,1.79,1.50
2011.11.08 12:41:38.423,0.89753,0.89769,2.25,2.25
2011.11.08 12:41:38.786,0.89758,0.8977,2.25,1.50
2011.11.08 12:41:39.337,0.89748,0.89766,1.50,1.88
2011.11.08 12:41:39.474,0.89747,0.89765,3.00,1.50
2011.11.08 12:41:39.955,0.89746,0.8976,2.25,2.25
2011.11.08 12:41:40.082,0.89744,0.89759,2.25,1.50
2011.11.08 12:41:40.588,0.89744,0.89758,2.25,1.50
2011.11.08 12:41:41.811,0.89744,0.89759,2.25,1.50
2011.11.08 12:41:42.537,0.89746,0.8976,2.25,3.00
2011.11.08 12:41:43.022,0.89744,0.89758,2.25,1.50
2011.11.08 12:41:43.485,0.89744,0.89757,2.25,1.50
2011.11.08 12:41:43.732,0.89742,0.89757,2.44,4.50
2011.11.08 12:41:44.324,0.89743,0.89755,2.25,1.50
2011.11.08 12:41:45.174,0.89746,0.8976,1.50,3.75
2011.11.08 12:41:45.416,0.89746,0.89764,1.50,1.50
2011.11.08 12:41:45.543,0.89746,0.89765,1.79,1.50
2011.11.08 12:41:45.896,0.89746,0.89766,1.79,3.00
2011.11.08 12:41:46.144,0.89749,0.89766,1.04,3.00
2011.11.08 12:41:46.263,0.89752,0.89767,1.50,3.94
2011.11.08 12:41:46.807,0.89751,0.89768,1.50,1.05
2011.11.08 12:41:47.394,0.89751,0.89766,1.50,1.50
2011.11.08 12:41:48.333,0.89749,0.89768,1.79,1.50
2011.11.08 12:41:48.574,0.89749,0.89766,1.04,1.50
2011.11.08 12:41:48.963,0.89746,0.89767,3.66,3.00
2011.11.08 12:41:49.561,0.89746,0.89765,2.54,1.50
2011.11.08 12:41:50.141,0.89746,0.89764,2.54,1.50
2011.11.08 12:41:51.474,0.89746,0.89764,5.16,1.50
2011.11.08 12:41:51.606,0.89746,0.89763,2.25,1.50
2011.11.08 12:41:51.856,0.89745,0.89761,2.25,2.25
2011.11.08 12:41:52.463,0.89745,0.8976,2.25,1.50
2011.11.08 12:41:54.472,0.89745,0.89759,2.25,1.50
2011.11.08 12:41:55.102,0.89745,0.89756,1.50,1.69
2011.11.08 12:41:55.244,0.89742,0.89754,3.00,1.50
2011.11.08 12:41:55.484,0.89742,0.89753,3.00,1.50
2011.11.08 12:41:55.844,0.89742,0.89751,3.00,3.00
2011.11.08 12:41:56.366,0.89742,0.89751,3.00,2.25
2011.11.08 12:41:56.623,0.89742,0.89753,3.00,2.25
2011.11.08 12:41:57.470,0.89742,0.89755,3.00,2.25
2011.11.08 12:41:57.940,0.89738,0.89751,1.50,1.69
2011.11.08 12:41:58.066,0.89737,0.89751,1.50,2.44
2011.11.08 12:41:58.859,0.89734,0.89749,2.25,1.50
2011.11.08 12:41:59.695,0.89734,0.8975,3.00,1.50
2011.11.08 12:42:00.423,0.89736,0.89752,3.75,1.50
2011.11.08 12:42:01.252,0.89736,0.89749,2.25,1.50
2011.11.08 12:42:01.746,0.89735,0.89748,2.25,2.25
2011.11.08 12:42:02.109,0.89735,0.89743,2.25,1.50
2011.11.08 12:42:02.243,0.89733,0.89743,2.25,1.50
2011.11.08 12:42:02.486,0.89731,0.89744,2.25,1.50
2011.11.08 12:42:02.623,0.8973,0.89742,2.25,1.50
2011.11.08 12:42:02.870,0.89724,0.8974,3.00,1.50
2011.11.08 12:42:02.994,0.89724,0.8974,3.00,1.50
2011.11.08 12:42:03.732,0.8973,0.89738,2.25,1.50
2011.11.08 12:42:03.984,0.8973,0.89741,2.25,1.50
2011.11.08 12:42:04.227,0.8973,0.89739,2.25,1.50
2011.11.08 12:42:04.360,0.89726,0.89739,2.25,2.25
2011.11.08 12:42:04.491,0.89726,0.89739,2.25,1.50
2011.11.08 12:42:04.858,0.89724,0.89739,2.25,2.25
2011.11.08 12:42:05.224,0.89722,0.89736,2.25,1.50
2011.11.08 12:42:05.544,0.89727,0.89736,2.25,1.50
2011.11.08 12:42:05.673,0.89722,0.89735,3.00,1.50
2011.11.08 12:42:05.920,0.89731,0.89737,2.25,1.50
2011.11.08 12:42:06.051,0.89731,0.89741,2.25,1.50
2011.11.08 12:42:06.537,0.89733,0.89743,2.25,1.13
2011.11.08 12:42:06.781,0.89733,0.89746,2.25,3.00
2011.11.08 12:42:07.362,0.89732,0.89746,2.25,3.00
2011.11.08 12:42:08.912,0.89732,0.89746,2.25,2.25
2011.11.08 12:42:09.157,0.89734,0.89746,2.25,1.50
2011.11.08 12:42:10.283,0.89737,0.89748,2.25,1.32
2011.11.08 12:42:10.646,0.89733,0.89749,2.25,3.00
2011.11.08 12:42:11.223,0.89733,0.89748,2.25,2.25
2011.11.08 12:42:12.103,0.89733,0.8975,3.00,1.13
2011.11.08 12:42:12.231,0.89736,0.89751,1.04,1.28
2011.11.08 12:42:12.357,0.89737,0.89752,3.00,1.65
2011.11.08 12:42:12.485,0.89737,0.89755,3.75,1.50
2011.11.08 12:42:13.094,0.89737,0.89755,2.54,1.50
2011.11.08 12:42:13.692,0.89739,0.89757,1.04,1.50
2011.11.08 12:42:14.267,0.89739,0.89757,1.79,1.88
2011.11.08 12:42:14.646,0.8974,0.89754,2.25,2.25
2011.11.08 12:42:15.242,0.89739,0.89756,2.54,2.44
2011.11.08 12:42:15.820,0.89739,0.89755,2.25,1.69
2011.11.08 12:42:16.504,0.89738,0.89754,1.79,1.50
2011.11.08 12:42:17.302,0.89738,0.89754,1.04,1.50
2011.11.08 12:42:18.408,0.89738,0.89754,1.79,1.50
2011.11.08 12:42:19.112,0.89738,0.89754,1.04,1.50
2011.11.08 12:42:19.363,0.89736,0.89752,1.41,1.50
2011.11.08 12:42:19.964,0.89735,0.89752,1.04,2.25
2011.11.08 12:42:20.314,0.89733,0.89748,1.79,1.50
2011.11.08 12:42:21.023,0.89733,0.89749,1.04,1.50
2011.11.08 12:42:21.610,0.89732,0.89748,1.41,1.50
2011.11.08 12:42:21.737,0.89731,0.89747,3.66,1.50
2011.11.08 12:42:21.862,0.8973,0.89746,4.04,1.50
2011.11.08 12:42:22.442,0.8973,0.89746,2.25,1.50
2011.11.08 12:42:23.146,0.8973,0.89746,3.00,1.50
2011.11.08 12:42:23.918,0.8973,0.89746,3.00,1.50
2011.11.08 12:42:24.513,0.8973,0.89747,3.00,1.50
2011.11.08 12:42:25.108,0.89729,0.89745,3.00,1.50
2011.11.08 12:42:25.715,0.8973,0.89743,2.25,1.50
2011.11.08 12:42:26.824,0.8973,0.89748,3.00,1.50
2011.11.08 12:42:26.945,0.8973,0.89748,3.75,1.50
2011.11.08 12:42:27.196,0.8973,0.89746,3.00,1.50
2011.11.08 12:42:27.553,0.89731,0.89747,1.88,1.50
2011.11.08 12:42:27.797,0.89739,0.8975,2.25,1.50
2011.11.08 12:42:28.821,0.89739,0.89751,2.25,1.50
2011.11.08 12:42:29.296,0.89739,0.89751,2.25,1.50
2011.11.08 12:42:29.867,0.89739,0.89751,2.25,2.25
2011.11.08 12:42:31.353,0.89739,0.89752,2.25,1.50
2011.11.08 12:42:31.595,0.89739,0.89754,2.25,1.50
2011.11.08 12:42:31.953,0.89739,0.89756,3.00,1.50
2011.11.08 12:42:32.699,0.89739,0.89756,3.00,1.50
2011.11.08 12:42:33.073,0.89745,0.89759,2.25,1.50
2011.11.08 12:42:33.915,0.89745,0.8976,2.25,1.05
2011.11.08 12:42:34.733,0.89749,0.89761,2.25,1.80
2011.11.08 12:42:35.067,0.89749,0.89763,2.25,1.50
2011.11.08 12:42:35.200,0.89749,0.8976,2.25,1.50
2011.11.08 12:42:35.327,0.89746,0.8976,2.25,1.50
2011.11.08 12:42:35.572,0.89746,0.89761,2.25,4.50
2011.11.08 12:42:36.163,0.89746,0.89761,3.00,4.50
2011.11.08 12:42:37.003,0.89746,0.8976,2.25,1.50
2011.11.08 12:42:37.613,0.89746,0.89761,2.25,4.50
2011.11.08 12:42:37.854,0.89746,0.89761,2.25,4.50
2011.11.08 12:42:38.457,0.89746,0.89761,2.25,4.50
2011.11.08 12:42:40.406,0.89746,0.89759,2.25,1.50
2011.11.08 12:42:40.780,0.89736,0.89752,3.00,1.50
2011.11.08 12:42:41.374,0.89736,0.89751,2.25,1.50
2011.11.08 12:42:42.885,0.89736,0.89749,2.25,1.50
2011.11.08 12:42:43.243,0.8973,0.89744,1.04,2.25
2011.11.08 12:42:43.364,0.89728,0.89744,4.79,2.25
2011.11.08 12:42:43.604,0.89728,0.89744,4.04,2.25
2011.11.08 12:42:44.774,0.89728,0.89743,2.54,1.50
2011.11.08 12:42:45.356,0.89729,0.89745,2.25,1.13
2011.11.08 12:42:45.489,0.89733,0.89746,2.25,1.50
2011.11.08 12:42:45.732,0.89728,0.89744,1.04,1.50
2011.11.08 12:42:46.302,0.89728,0.89746,1.04,2.25
2011.11.08 12:42:47.331,0.89727,0.89743,1.79,1.50
2011.11.08 12:42:47.579,0.89726,0.89742,2.16,1.50
2011.11.08 12:42:48.069,0.89728,0.89746,1.50,1.69
2011.11.08 12:42:48.204,0.89728,0.89744,1.79,1.50
2011.11.08 12:42:48.332,0.89728,0.89744,1.04,1.50
2011.11.08 12:42:48.918,0.89727,0.89743,1.04,1.50
2011.11.08 12:42:49.401,0.89726,0.89742,1.04,1.50
2011.11.08 12:42:50.902,0.89725,0.89742,1.04,1.50
2011.11.08 12:42:51.966,0.89725,0.8974,1.04,1.50
2011.11.08 12:42:52.351,0.89724,0.89737,2.25,1.50
2011.11.08 12:42:53.167,0.89711,0.89718,2.25,1.17
2011.11.08 12:42:53.314,0.89704,0.89714,1.04,2.25
2011.11.08 12:42:53.440,0.89704,0.89722,1.79,1.50
2011.11.08 12:42:55.914,0.89707,0.89723,2.54,1.50
2011.11.08 12:42:56.498,0.89707,0.89723,3.29,1.50
2011.11.08 12:42:57.111,0.89708,0.89725,3.14,1.50
2011.11.08 12:42:57.473,0.8971,0.89726,2.91,1.50
2011.11.08 12:42:57.833,0.89711,0.89726,1.79,1.50
2011.11.08 12:42:59.033,0.89712,0.89729,1.04,1.50
2011.11.08 12:42:59.279,0.89716,0.8973,1.04,1.50
2011.11.08 12:42:59.408,0.89716,0.89731,1.04,2.29
2011.11.08 12:43:00.013,0.89718,0.89732,1.04,1.50
2011.11.08 12:43:00.570,0.89715,0.89731,1.04,1.50
2011.11.08 12:43:00.703,0.89713,0.89729,1.79,1.50
2011.11.08 12:43:01.071,0.89715,0.89731,3.29,1.50
2011.11.08 12:43:01.203,0.89717,0.89731,1.04,1.50
2011.11.08 12:43:01.803,0.89721,0.89734,1.13,1.50
2011.11.08 12:43:01.924,0.89724,0.89736,1.13,1.50
2011.11.08 12:43:02.047,0.89724,0.89736,1.13,1.50
2011.11.08 12:43:02.177,0.89726,0.89739,1.50,1.50
2011.11.08 12:43:02.687,0.89724,0.89738,2.10,1.50
2011.11.08 12:43:03.174,0.89722,0.89738,2.01,1.50
2011.11.08 12:43:03.775,0.89722,0.89739,1.26,2.25
2011.11.08 12:43:04.384,0.89722,0.89739,1.26,2.25
2011.11.08 12:43:04.953,0.89722,0.89739,1.26,2.25
2011.11.08 12:43:05.516,0.89722,0.89739,1.26,2.25
2011.11.08 12:43:06.022,0.8972,0.89738,1.79,1.50
2011.11.08 12:43:09.293,0.89722,0.89737,1.04,2.25
2011.11.08 12:43:09.641,0.89719,0.89736,1.26,1.50
2011.11.08 12:43:09.762,0.89718,0.89735,1.26,1.50
2011.11.08 12:43:09.882,0.89717,0.89735,1.50,2.25
2011.11.08 12:43:10.244,0.89715,0.89731,2.16,1.50
2011.11.08 12:43:10.724,0.89715,0.8973,3.75,2.25
2011.11.08 12:43:11.321,0.89715,0.8973,2.25,1.50
2011.11.08 12:43:11.882,0.89715,0.89731,2.25,1.50
2011.11.08 12:43:15.665,0.89715,0.89731,3.75,2.25
2011.11.08 12:43:16.261,0.89715,0.89731,3.00,1.50
2011.11.08 12:43:16.849,0.89715,0.89732,3.75,1.50
2011.11.08 12:43:17.198,0.89715,0.89731,3.00,1.50
2011.11.08 12:43:17.674,0.89715,0.89729,3.00,1.50
2011.11.08 12:43:18.255,0.89715,0.89731,3.00,2.44
2011.11.08 12:43:19.111,0.89715,0.89731,3.75,2.25
2011.11.08 12:43:19.691,0.89715,0.89731,3.00,2.25
2011.11.08 12:43:19.816,0.89715,0.89727,2.25,2.22
2011.11.08 12:43:20.187,0.89714,0.89726,2.25,2.78
2011.11.08 12:43:20.793,0.89714,0.89726,2.25,2.78
2011.11.08 12:43:21.385,0.89714,0.89726,2.25,3.72
2011.11.08 12:43:22.763,0.89713,0.89725,2.25,1.50
2011.11.08 12:43:23.722,0.89713,0.89726,2.25,2.22
2011.11.08 12:43:24.321,0.89713,0.89726,2.25,2.97
2011.11.08 12:43:25.688,0.89712,0.89725,2.25,2.63
2011.11.08 12:43:25.933,0.89707,0.89723,3.75,1.69
2011.11.08 12:43:26.054,0.89707,0.89725,3.75,2.63
2011.11.08 12:43:26.296,0.89707,0.89724,2.25,1.69
2011.11.08 12:43:27.531,0.89707,0.89724,3.00,1.50
2011.11.08 12:43:27.901,0.89708,0.89727,3.60,1.50
2011.11.08 12:43:28.024,0.89711,0.89729,1.50,2.25
2011.11.08 12:43:28.388,0.89714,0.89731,1.50,1.50
2011.11.08 12:43:29.117,0.89714,0.89732,2.16,3.00
2011.11.08 12:43:29.485,0.89713,0.89729,1.50,3.00
2011.11.08 12:43:29.904,0.89711,0.89728,4.88,1.50
2011.11.08 12:43:30.033,0.89711,0.89727,2.25,1.50
2011.11.08 12:43:30.161,0.89711,0.89725,1.50,2.25
2011.11.08 12:43:30.525,0.89706,0.89724,1.43,2.44
2011.11.08 12:43:30.886,0.89706,0.89723,1.80,1.50
2011.11.08 12:43:31.482,0.89706,0.89724,1.80,3.38
2011.11.08 12:43:32.081,0.89706,0.89724,1.80,3.38
2011.11.08 12:43:32.492,0.8971,0.89724,2.25,2.63
2011.11.08 12:43:32.617,0.89706,0.89724,1.80,3.38
2011.11.08 12:43:33.774,0.89711,0.89723,2.25,1.13
2011.11.08 12:43:33.896,0.89706,0.89724,4.80,3.00
2011.11.08 12:43:34.021,0.89706,0.89723,3.30,1.50
2011.11.08 12:43:34.267,0.89707,0.89725,1.79,1.88
2011.11.08 12:43:34.837,0.89715,0.89726,2.25,1.13
2011.11.08 12:43:39.415,0.8972,0.89731,3.00,1.88
2011.11.08 12:43:39.642,0.8972,0.89731,2.25,1.13
2011.11.08 12:43:39.766,0.89718,0.89731,3.00,1.13
2011.11.08 12:43:40.017,0.89727,0.89734,2.25,1.50
2011.11.08 12:43:40.620,0.89727,0.89736,2.25,1.50
2011.11.08 12:43:41.312,0.89723,0.89737,1.50,1.43
2011.11.08 12:43:42.996,0.89725,0.89735,2.25,1.13
2011.11.08 12:43:43.122,0.89722,0.89735,1.50,1.13
2011.11.08 12:43:43.728,0.8972,0.89735,1.50,1.13
2011.11.08 12:43:44.335,0.89719,0.89735,2.25,1.88
2011.11.08 12:43:45.341,0.89718,0.89735,1.79,2.25
2011.11.08 12:43:47.191,0.89718,0.89735,2.54,1.69
2011.11.08 12:43:47.791,0.8972,0.89736,1.79,1.69
2011.11.08 12:43:49.417,0.89722,0.89736,3.00,1.13
2011.11.08 12:43:52.272,0.89723,0.89736,3.29,1.05
2011.11.08 12:43:52.953,0.89723,0.89739,3.29,1.73
2011.11.08 12:43:53.284,0.89723,0.89739,3.29,1.73
2011.11.08 12:43:53.661,0.89727,0.89741,4.04,1.13
2011.11.08 12:43:54.025,0.89727,0.8974,4.04,1.13
2011.11.08 12:43:56.787,0.89727,0.8974,2.25,2.25
2011.11.08 12:43:57.045,0.89724,0.89739,1.50,2.25
2011.11.08 12:43:57.177,0.89722,0.89737,3.75,2.25
2011.11.08 12:43:57.310,0.89722,0.89737,2.63,2.25
2011.11.08 12:43:57.575,0.89724,0.89739,2.25,2.25
2011.11.08 12:43:58.186,0.89723,0.89739,1.50,3.00
2011.11.08 12:44:00.656,0.89724,0.89739,2.25,2.25
2011.11.08 12:44:01.188,0.89722,0.89739,3.75,4.50
2011.11.08 12:44:02.782,0.89722,0.89737,3.75,2.25
2011.11.08 12:44:03.027,0.89722,0.89737,2.25,3.60
2011.11.08 12:44:03.610,0.89721,0.89735,2.25,1.50
2011.11.08 12:44:04.662,0.89722,0.89735,2.25,1.88
2011.11.08 12:44:04.901,0.89722,0.89735,3.00,1.50
2011.11.08 12:44:06.855,0.89719,0.89735,1.50,2.25
2011.11.08 12:44:07.095,0.89719,0.89735,1.50,2.25
2011.11.08 12:44:07.744,0.89719,0.89735,1.50,3.00
2011.11.08 12:44:08.590,0.89717,0.89735,4.79,3.00
2011.11.08 12:44:08.836,0.89717,0.89733,1.79,1.50
2011.11.08 12:44:09.201,0.89716,0.89733,1.50,3.00
2011.11.08 12:44:09.803,0.89715,0.89733,1.79,3.38
2011.11.08 12:44:13.971,0.89716,0.89733,1.50,3.38
2011.11.08 12:44:14.678,0.89715,0.89732,1.04,1.50
2011.11.08 12:44:15.286,0.89715,0.89731,1.04,1.69
2011.11.08 12:44:15.536,0.89713,0.8973,1.04,1.50
2011.11.08 12:44:19.131,0.89712,0.8973,1.50,3.00
2011.11.08 12:44:19.257,0.89712,0.89728,1.50,2.25
2011.11.08 12:44:20.137,0.8971,0.89727,1.35,2.25
2011.11.08 12:44:20.626,0.89712,0.8973,1.50,1.50
2011.11.08 12:44:20.875,0.8971,0.89723,1.35,3.00
2011.11.08 12:44:21.115,0.8971,0.89723,1.35,3.00
2011.11.08 12:44:21.249,0.89708,0.89723,3.51,4.50
2011.11.08 12:44:21.616,0.89713,0.89727,3.00,1.50
2011.11.08 12:44:22.044,0.89713,0.89729,3.75,1.50
2011.11.08 12:44:22.635,0.89713,0.8973,3.75,1.50
2011.11.08 12:44:23.144,0.89713,0.8973,3.00,1.50
2011.11.08 12:44:23.593,0.89713,0.89724,2.25,1.50
2011.11.08 12:44:23.714,0.89708,0.89723,4.64,3.00
2011.11.08 12:44:23.834,0.89712,0.89726,3.00,1.50
2011.11.08 12:44:24.823,0.89712,0.8973,3.75,1.50
2011.11.08 12:44:24.942,0.89713,0.89731,1.50,3.19
2011.11.08 12:44:25.530,0.89713,0.8973,1.50,1.50
2011.11.08 12:44:25.764,0.89714,0.8973,1.50,1.50
2011.11.08 12:44:26.223,0.89715,0.89732,3.00,2.25
2011.11.08 12:44:26.813,0.89715,0.89732,3.00,3.00
2011.11.08 12:44:27.957,0.89715,0.89732,3.00,3.00
2011.11.08 12:44:28.540,0.89715,0.89732,2.25,3.00
2011.11.08 12:44:29.584,0.89716,0.89731,2.25,2.25
2011.11.08 12:44:29.703,0.89712,0.89731,3.00,2.25
2011.11.08 12:44:30.300,0.89713,0.89729,3.00,1.50
2011.11.08 12:44:30.643,0.89713,0.89729,3.75,1.50
2011.11.08 12:44:32.423,0.89712,0.89727,3.00,1.50
2011.11.08 12:44:32.546,0.89712,0.89727,2.25,3.00
2011.11.08 12:44:32.793,0.8971,0.89723,2.25,1.50
2011.11.08 12:44:32.920,0.89705,0.8972,1.13,3.00
2011.11.08 12:44:33.167,0.89703,0.89719,1.35,3.00
2011.11.08 12:44:33.784,0.89702,0.89719,1.04,3.75
2011.11.08 12:44:33.950,0.897,0.89717,3.29,3.75
2011.11.08 12:44:34.674,0.89703,0.89716,1.50,3.00
2011.11.08 12:44:34.920,0.897,0.89716,1.79,3.75
2011.11.08 12:44:35.169,0.897,0.89713,2.54,2.25
2011.11.08 12:44:35.412,0.89701,0.89716,1.88,1.50
2011.11.08 12:44:36.010,0.89702,0.89716,1.50,1.50
2011.11.08 12:44:36.663,0.89701,0.89716,2.25,1.50
2011.11.08 12:44:36.781,0.89701,0.89716,2.25,1.50
2011.11.08 12:44:38.081,0.89701,0.89716,1.50,1.50
2011.11.08 12:44:39.414,0.897,0.89716,4.13,1.50
2011.11.08 12:44:39.533,0.897,0.89716,3.75,1.50
2011.11.08 12:44:39.656,0.897,0.89716,2.25,1.50
2011.11.08 12:44:40.263,0.897,0.89714,2.25,1.50
2011.11.08 12:44:40.575,0.897,0.89715,2.25,4.50
2011.11.08 12:44:40.704,0.89702,0.89718,1.50,1.50
2011.11.08 12:44:41.064,0.897,0.89718,4.04,2.25
2011.11.08 12:44:41.186,0.89702,0.89718,1.50,2.25
2011.11.08 12:44:42.660,0.89702,0.89718,1.79,2.25
2011.11.08 12:44:43.269,0.89702,0.89718,1.04,2.25
2011.11.08 12:44:43.864,0.89702,0.89718,2.54,2.25
2011.11.08 12:44:44.212,0.89702,0.89718,1.79,2.25
2011.11.08 12:44:47.404,0.89702,0.89718,1.04,3.75
2011.11.08 12:44:47.766,0.89702,0.89718,1.04,5.25
2011.11.08 12:44:48.837,0.897,0.89718,4.50,4.50
2011.11.08 12:44:49.475,0.89702,0.89718,1.04,4.50
2011.11.08 12:44:50.623,0.89702,0.89718,1.04,5.25
2011.11.08 12:44:51.209,0.89702,0.89718,1.04,4.50
2011.11.08 12:44:51.771,0.89702,0.89717,1.04,1.50
2011.11.08 12:44:52.339,0.89702,0.89718,1.04,5.25
2011.11.08 12:44:56.004,0.89702,0.89718,1.04,2.25
2011.11.08 12:44:57.472,0.89702,0.89719,1.79,1.50
2011.11.08 12:44:59.580,0.89703,0.89719,1.04,2.25
2011.11.08 12:45:02.542,0.89706,0.8972,1.50,3.75
2011.11.08 12:45:08.931,0.89708,0.89726,2.35,1.13
2011.11.08 12:45:09.069,0.89705,0.89721,2.72,1.50
2011.11.08 12:45:09.660,0.89705,0.8972,1.97,1.50
2011.11.08 12:45:10.268,0.89706,0.89722,1.04,1.50
2011.11.08 12:45:10.759,0.8971,0.89724,2.25,1.13
2011.11.08 12:45:11.378,0.89711,0.89724,1.50,1.13
2011.11.08 12:45:12.792,0.89709,0.89722,2.25,1.50
2011.11.08 12:45:13.275,0.89705,0.89722,1.79,1.50
2011.11.08 12:45:14.136,0.89705,0.89722,1.79,1.50
2011.11.08 12:45:14.274,0.89707,0.89723,1.79,1.50
2011.11.08 12:45:22.274,0.89705,0.89722,1.50,1.50
2011.11.08 12:45:22.402,0.89705,0.89722,1.79,1.50
2011.11.08 12:45:23.084,0.89704,0.8972,1.79,1.50
2011.11.08 12:45:23.563,0.89703,0.89721,2.54,1.50
2011.11.08 12:45:23.683,0.89703,0.89721,2.54,1.50
2011.11.08 12:45:24.036,0.89707,0.89721,2.25,1.50
2011.11.08 12:45:24.634,0.89707,0.89722,2.25,3.75
2011.11.08 12:45:24.875,0.89707,0.89722,2.25,3.75
2011.11.08 12:45:25.547,0.89707,0.8972,2.25,1.88
2011.11.08 12:45:25.675,0.89705,0.89721,2.25,1.50
2011.11.08 12:45:26.281,0.89705,0.89722,2.25,3.75
2011.11.08 12:45:26.633,0.89705,0.8972,2.25,1.50
2011.11.08 12:45:26.992,0.89701,0.89716,3.29,1.50
2011.11.08 12:45:27.524,0.89701,0.89714,2.54,1.50
2011.11.08 12:45:27.764,0.89701,0.89717,3.00,4.50
2011.11.08 12:45:28.265,0.89701,0.89715,2.25,1.50
2011.11.08 12:45:28.634,0.89701,0.89717,2.54,3.75
2011.11.08 12:45:28.874,0.89701,0.89716,2.54,1.50
2011.11.08 12:45:30.436,0.89701,0.89716,2.25,1.50
2011.11.08 12:45:30.809,0.89701,0.89716,2.54,1.65
2011.11.08 12:45:31.746,0.89699,0.89714,3.29,1.50
2011.11.08 12:45:31.998,0.89701,0.89717,2.54,3.75
2011.11.08 12:45:32.603,0.89701,0.89717,4.04,3.75
2011.11.08 12:45:32.848,0.89706,0.8972,2.25,1.50
2011.11.08 12:45:32.973,0.89706,0.8972,2.25,2.25
2011.11.08 12:45:33.324,0.89706,0.8972,2.25,2.25
2011.11.08 12:45:33.946,0.89706,0.8972,2.25,2.25
2011.11.08 12:45:34.318,0.89706,0.89719,2.25,1.50
2011.11.08 12:45:34.562,0.89706,0.8972,2.25,1.50
2011.11.08 12:45:35.170,0.89707,0.89722,2.85,1.65
2011.11.08 12:45:35.301,0.89707,0.89722,2.85,1.65
2011.11.08 12:45:35.427,0.89709,0.89723,2.25,1.65
2011.11.08 12:45:36.181,0.89709,0.89723,2.25,1.65
2011.11.08 12:45:37.704,0.89709,0.89724,2.25,3.15
2011.11.08 12:45:38.821,0.89711,0.89727,2.10,3.75
2011.11.08 12:45:39.531,0.8971,0.89727,3.29,1.50
2011.11.08 12:45:40.126,0.8971,0.89725,3.00,1.50
2011.11.08 12:45:40.625,0.8971,0.89727,3.00,1.50
2011.11.08 12:45:40.864,0.8971,0.89725,2.25,2.25
2011.11.08 12:45:41.467,0.8971,0.89726,2.25,1.50
2011.11.08 12:45:42.071,0.89711,0.89726,2.25,3.75
2011.11.08 12:45:43.125,0.89711,0.89722,2.25,1.50
2011.11.08 12:45:43.584,0.89702,0.8972,4.22,2.25
2011.11.08 12:45:44.184,0.89704,0.89723,1.50,3.00
2011.11.08 12:45:44.427,0.89704,0.89721,1.04,1.50
2011.11.08 12:45:45.147,0.89705,0.89721,1.50,1.50
2011.11.08 12:45:45.664,0.89706,0.89722,1.50,1.50
2011.11.08 12:45:46.507,0.89706,0.89722,1.50,1.50
2011.11.08 12:45:47.100,0.89705,0.89721,1.04,1.50
2011.11.08 12:45:48.383,0.89705,0.89721,1.79,1.50
2011.11.08 12:45:48.508,0.89708,0.89723,3.75,3.19
2011.11.08 12:45:48.874,0.8971,0.89724,3.00,1.32
2011.11.08 12:45:49.233,0.89711,0.89724,1.50,1.13
2011.11.08 12:45:49.823,0.8971,0.89724,3.75,1.13
2011.11.08 12:45:50.553,0.8971,0.89724,3.00,1.32
2011.11.08 12:45:51.241,0.8971,0.89724,3.00,1.13
2011.11.08 12:45:53.552,0.89711,0.89725,4.04,1.13
2011.11.08 12:45:54.908,0.89713,0.89725,1.50,1.13
2011.11.08 12:45:55.279,0.89713,0.89729,1.79,3.19
2011.11.08 12:45:55.403,0.89714,0.8973,3.00,2.63
2011.11.08 12:45:55.991,0.89715,0.89728,3.00,1.32
2011.11.08 12:45:56.593,0.89714,0.8973,2.25,2.25
2011.11.08 12:45:57.160,0.89714,0.8973,2.25,2.25
2011.11.08 12:45:57.964,0.89714,0.89729,3.00,1.69
2011.11.08 12:46:00.022,0.89712,0.8973,1.79,2.25
2011.11.08 12:46:00.586,0.89712,0.89728,1.04,1.50
2011.11.08 12:46:01.407,0.8971,0.89728,4.79,1.50
2011.11.08 12:46:02.123,0.8971,0.89727,1.79,1.13
2011.11.08 12:46:02.822,0.89709,0.89726,2.54,1.69
2011.11.08 12:46:03.631,0.89709,0.89724,2.25,1.50
2011.11.08 12:46:04.011,0.89707,0.89722,2.25,1.50
2011.11.08 12:46:04.136,0.89703,0.8972,1.41,1.50
2011.11.08 12:46:04.265,0.89702,0.8972,2.91,2.44
2011.11.08 12:46:04.985,0.89703,0.8972,1.04,1.69
2011.11.08 12:46:05.574,0.89701,0.8972,5.16,1.69
2011.11.08 12:46:05.697,0.89701,0.89718,3.66,1.28
2011.11.08 12:46:06.249,0.89701,0.89718,2.91,2.03
2011.11.08 12:46:06.857,0.89699,0.89716,4.79,1.84
2011.11.08 12:46:07.586,0.89699,0.89717,4.04,1.69
2011.11.08 12:46:08.279,0.89703,0.89721,1.50,1.05
2011.11.08 12:46:08.408,0.8971,0.89722,2.25,1.05
2011.11.08 12:46:10.750,0.8971,0.89724,3.00,1.99
2011.11.08 12:46:11.435,0.8971,0.89725,3.00,1.88
2011.11.08 12:46:11.569,0.8971,0.89727,2.54,3.75
2011.11.08 12:46:13.173,0.8971,0.89727,3.75,3.19
2011.11.08 12:46:14.038,0.89716,0.89729,2.25,1.80
2011.11.08 12:46:14.635,0.89716,0.89731,2.25,4.20
2011.11.08 12:46:15.229,0.89715,0.8973,2.25,4.20
2011.11.08 12:46:15.593,0.89718,0.89732,2.25,1.20
2011.11.08 12:46:19.158,0.89717,0.89729,2.25,1.05
2011.11.08 12:46:19.741,0.89718,0.89732,2.25,2.70
2011.11.08 12:46:23.053,0.89718,0.89732,2.25,1.65
2011.11.08 12:46:23.185,0.89718,0.89733,3.38,1.69
2011.11.08 12:46:23.651,0.8972,0.89735,1.50,3.19
2011.11.08 12:46:23.790,0.8972,0.89735,2.25,2.25
2011.11.08 12:46:24.275,0.89718,0.89732,2.25,1.50
2011.11.08 12:46:25.754,0.89718,0.89732,2.25,1.50
2011.11.08 12:46:26.613,0.89716,0.8973,3.00,1.50
2011.11.08 12:46:26.977,0.89712,0.89727,1.13,2.10
2011.11.08 12:46:27.226,0.8971,0.89727,3.00,2.07
2011.11.08 12:46:27.712,0.89712,0.89728,1.50,4.35
2011.11.08 12:46:28.201,0.89711,0.89728,1.50,3.75
2011.11.08 12:46:28.567,0.89708,0.89726,4.04,3.75
2011.11.08 12:46:29.665,0.89707,0.89725,1.79,2.25
2011.11.08 12:46:30.903,0.89709,0.89725,1.50,3.00
2011.11.08 12:46:31.141,0.89711,0.89726,2.25,3.00
2011.11.08 12:46:31.621,0.89712,0.89727,3.75,3.75
2011.11.08 12:46:32.191,0.89712,0.89727,3.75,3.75
2011.11.08 12:46:32.432,0.89712,0.89727,3.75,1.50
2011.11.08 12:46:32.552,0.89712,0.89728,1.50,1.50
2011.11.08 12:46:33.316,0.89712,0.89728,1.50,1.50
2011.11.08 12:46:37.377,0.89715,0.8973,1.50,3.75
2011.11.08 12:46:37.894,0.89717,0.89731,2.25,1.88
2011.11.08 12:46:38.013,0.89717,0.89731,3.75,1.88
2011.11.08 12:46:38.461,0.89717,0.89731,3.00,1.50
2011.11.08 12:46:39.047,0.89718,0.89733,1.50,1.13
2011.11.08 12:46:39.416,0.8972,0.89735,3.75,1.88
2011.11.08 12:46:39.531,0.8972,0.89735,3.75,1.88
2011.11.08 12:46:40.134,0.8972,0.89736,3.75,2.10
2011.11.08 12:46:40.682,0.89718,0.89734,3.75,2.44
2011.11.08 12:46:41.254,0.89718,0.89734,3.75,2.25
2011.11.08 12:46:42.043,0.89715,0.89734,3.38,3.75
2011.11.08 12:46:42.165,0.89715,0.89731,1.88,1.50
2011.11.08 12:46:42.405,0.89713,0.89731,1.50,2.25
2011.11.08 12:46:43.221,0.89713,0.89731,1.50,3.00
2011.11.08 12:46:44.332,0.89714,0.89731,1.50,1.50
2011.11.08 12:46:44.845,0.89715,0.8973,1.50,1.50
2011.11.08 12:46:45.086,0.89715,0.89731,2.25,1.50
2011.11.08 12:46:45.672,0.89715,0.89732,1.50,1.50
2011.11.08 12:46:46.842,0.89715,0.89732,2.25,1.50
2011.11.08 12:46:48.122,0.89716,0.89733,1.50,1.50
2011.11.08 12:46:48.261,0.89719,0.89734,3.00,3.00
2011.11.08 12:46:48.747,0.89717,0.89733,1.50,1.50
2011.11.08 12:46:49.311,0.89717,0.89735,1.50,3.19
2011.11.08 12:46:50.144,0.89719,0.89736,3.00,4.50
2011.11.08 12:46:50.681,0.89721,0.89738,2.25,2.74
2011.11.08 12:46:52.437,0.89721,0.89737,2.25,1.80
2011.11.08 12:46:55.045,0.89721,0.89735,2.25,1.50
2011.11.08 12:46:55.647,0.89721,0.89734,2.25,1.50
2011.11.08 12:46:56.605,0.89719,0.89734,2.25,3.75
2011.11.08 12:46:57.200,0.89719,0.89733,2.25,1.50
2011.11.08 12:46:57.677,0.89715,0.89731,1.50,1.50
2011.11.08 12:46:57.931,0.89718,0.89733,2.25,4.50
2011.11.08 12:46:58.173,0.8972,0.89734,2.25,1.50
2011.11.08 12:46:59.002,0.8972,0.89734,2.25,1.50
2011.11.08 12:47:00.373,0.8972,0.89735,2.25,3.75
2011.11.08 12:47:00.963,0.8972,0.89735,2.25,3.75
2011.11.08 12:47:02.263,0.8972,0.89735,3.00,3.00
2011.11.08 12:47:02.626,0.89727,0.89737,2.25,1.05
2011.11.08 12:47:03.196,0.89727,0.89739,2.25,2.18
2011.11.08 12:47:07.913,0.89726,0.89737,2.25,1.05
2011.11.08 12:47:08.149,0.8972,0.89737,4.65,1.80
2011.11.08 12:47:08.273,0.8972,0.89737,2.85,2.55
2011.11.08 12:47:08.854,0.89722,0.89736,2.25,1.05
2011.11.08 12:47:09.942,0.89722,0.89737,2.25,4.80
2011.11.08 12:47:10.309,0.89721,0.89736,2.25,6.00
2011.11.08 12:47:10.553,0.89718,0.89734,3.00,2.25
2011.11.08 12:47:11.136,0.89718,0.89733,3.00,1.50
2011.11.08 12:47:11.844,0.89719,0.89734,2.25,2.25
2011.11.08 12:47:12.434,0.89719,0.89734,2.25,2.25
2011.11.08 12:47:13.591,0.89719,0.89733,2.25,1.50
2011.11.08 12:47:13.717,0.89717,0.89732,2.25,3.75
2011.11.08 12:47:15.656,0.89718,0.89732,1.50,3.75
2011.11.08 12:47:15.900,0.89719,0.89735,2.25,1.50
2011.11.08 12:47:16.027,0.8972,0.89736,1.50,3.00
2011.11.08 12:47:16.439,0.89722,0.89737,2.25,3.68
2011.11.08 12:47:17.025,0.89721,0.89736,2.25,4.80
2011.11.08 12:47:18.643,0.89721,0.89736,2.25,4.80
2011.11.08 12:47:18.764,0.89719,0.89736,2.25,4.80
2011.11.08 12:47:19.004,0.89719,0.89734,2.25,1.50
2011.11.08 12:47:20.032,0.89719,0.89735,2.25,1.50
2011.11.08 12:47:20.277,0.89721,0.89736,2.25,3.75
2011.11.08 12:47:20.759,0.89721,0.89737,3.00,1.05
2011.11.08 12:47:21.353,0.89721,0.89736,1.35,1.05
2011.11.08 12:47:22.042,0.8972,0.89736,2.85,1.69
2011.11.08 12:47:22.168,0.8972,0.89735,2.25,1.50
2011.11.08 12:47:27.454,0.89719,0.89736,2.25,5.55
2011.11.08 12:47:27.575,0.89719,0.89726,2.25,1.05
2011.11.08 12:47:27.699,0.89712,0.89729,3.59,4.05
2011.11.08 12:47:27.826,0.8971,0.89728,4.50,1.88
2011.11.08 12:47:28.074,0.8971,0.89726,2.25,1.50
2011.11.08 12:47:28.651,0.8971,0.89726,2.25,2.25
2011.11.08 12:47:38.080,0.8971,0.89728,3.75,3.75
2011.11.08 12:47:38.657,0.89708,0.89725,4.04,3.75
2011.11.08 12:47:39.051,0.89707,0.8972,1.04,1.05
2011.11.08 12:47:39.180,0.89702,0.89719,2.54,2.25
2011.11.08 12:47:39.550,0.89701,0.89716,3.00,1.50
2011.11.08 12:47:40.134,0.89701,0.89715,2.25,3.38
2011.11.08 12:47:40.943,0.89701,0.89714,2.25,1.50
2011.11.08 12:47:41.561,0.89699,0.89714,2.25,3.75
2011.11.08 12:47:43.191,0.89699,0.89714,2.25,3.00
2011.11.08 12:47:44.301,0.89699,0.89714,2.25,3.00
2011.11.08 12:47:45.665,0.89699,0.89714,3.00,3.75
2011.11.08 12:47:46.241,0.89699,0.89714,2.25,4.50
2011.11.08 12:47:46.935,0.89699,0.89714,2.25,4.50
2011.11.08 12:47:47.055,0.89697,0.89709,1.50,2.25
2011.11.08 12:47:47.174,0.89699,0.89714,2.25,4.50
2011.11.08 12:47:49.224,0.89699,0.89714,3.00,3.75
2011.11.08 12:47:49.793,0.89699,0.89714,2.25,4.50
2011.11.08 12:47:51.473,0.89699,0.89713,2.25,1.50
2011.11.08 12:47:51.594,0.89699,0.89713,2.25,1.50
2011.11.08 12:47:52.862,0.89699,0.89714,2.25,3.75
2011.11.08 12:47:53.205,0.89701,0.89716,2.25,4.50
2011.11.08 12:47:53.749,0.89698,0.89714,1.50,3.00
2011.11.08 12:47:54.225,0.89697,0.89714,5.10,2.25
2011.11.08 12:47:54.802,0.89697,0.89714,4.35,3.00
2011.11.08 12:47:55.494,0.89697,0.89714,3.60,3.00
2011.11.08 12:47:55.739,0.89699,0.89709,1.50,2.25
2011.11.08 12:47:56.572,0.89701,0.89715,1.79,1.13
2011.11.08 12:47:57.164,0.89701,0.89716,1.50,1.13
2011.11.08 12:47:57.512,0.89701,0.89717,1.50,1.69
2011.11.08 12:47:58.092,0.89701,0.89717,1.50,1.69
2011.11.08 12:47:58.554,0.89701,0.89717,1.50,1.69
2011.11.08 12:47:58.944,0.897,0.89714,1.50,2.25
2011.11.08 12:47:59.542,0.89701,0.89714,1.04,3.00
2011.11.08 12:48:00.144,0.89701,0.89714,1.04,3.00
2011.11.08 12:48:01.754,0.897,0.89714,1.50,3.00
2011.11.08 12:48:02.104,0.89702,0.89716,3.00,1.50
2011.11.08 12:48:02.226,0.89706,0.8972,1.04,3.30
2011.11.08 12:48:02.344,0.89708,0.89722,1.04,1.50
2011.11.08 12:48:02.823,0.89711,0.89727,1.50,1.50
2011.11.08 12:48:03.393,0.89709,0.89726,1.04,1.84
2011.11.08 12:48:04.050,0.8971,0.89726,1.50,1.84
2011.11.08 12:48:04.312,0.89709,0.89726,1.50,1.65
2011.11.08 12:48:04.439,0.89709,0.89727,3.00,3.15
2011.11.08 12:48:04.811,0.89713,0.89728,3.00,1.50
2011.11.08 12:48:04.938,0.89716,0.8973,1.50,3.00
2011.11.08 12:48:05.549,0.89715,0.8973,1.79,3.00
2011.11.08 12:48:06.093,0.89713,0.89728,1.04,3.00
2011.11.08 12:48:08.545,0.89713,0.89727,1.04,2.25
2011.11.08 12:48:09.063,0.89715,0.89728,1.04,3.00
2011.11.08 12:48:09.651,0.89715,0.8973,1.04,3.00
2011.11.08 12:48:10.355,0.89715,0.8973,1.04,3.00
2011.11.08 12:48:11.501,0.89715,0.89729,1.04,3.00
2011.11.08 12:48:12.044,0.89715,0.89729,1.04,3.00
2011.11.08 12:48:12.628,0.89715,0.89729,1.04,3.00
2011.11.08 12:48:13.232,0.89716,0.89729,1.04,3.00
2011.11.08 12:48:15.912,0.89715,0.89729,1.79,3.00
2011.11.08 12:48:18.221,0.89715,0.8973,1.04,3.00
2011.11.08 12:48:18.781,0.89715,0.8973,1.79,3.00
2011.11.08 12:48:19.450,0.89715,0.8973,1.79,3.00
2011.11.08 12:48:21.943,0.89715,0.8973,1.04,3.00
2011.11.08 12:48:23.387,0.89714,0.89727,1.79,2.25
2011.11.08 12:48:23.993,0.89713,0.89727,1.79,3.00
2011.11.08 12:48:29.083,0.89713,0.89725,1.04,2.25
2011.11.08 12:48:29.458,0.89711,0.89727,1.79,3.75
2011.11.08 12:48:36.182,0.89711,0.89726,1.50,3.15
2011.11.08 12:48:36.461,0.89708,0.89724,1.04,1.50
2011.11.08 12:48:37.715,0.89708,0.89724,1.04,1.50
2011.11.08 12:48:38.545,0.89708,0.89723,1.04,1.80
2011.11.08 12:48:39.169,0.89707,0.89721,2.25,1.05
2011.11.08 12:48:39.658,0.89707,0.89723,1.50,1.50
2011.11.08 12:48:39.797,0.89708,0.89726,1.50,3.90
2011.11.08 12:48:40.163,0.89707,0.89723,1.50,1.50
2011.11.08 12:48:41.141,0.89706,0.89723,1.04,1.50
2011.11.08 12:48:41.702,0.89706,0.89723,1.79,1.50
2011.11.08 12:48:42.724,0.89706,0.89722,1.79,1.50
2011.11.08 12:48:44.654,0.89706,0.89723,1.79,1.50
2011.11.08 12:48:45.232,0.89706,0.89723,1.04,1.50
2011.11.08 12:48:47.057,0.89709,0.89725,1.50,3.75
2011.11.08 12:48:47.414,0.89706,0.89724,1.79,1.50
2011.11.08 12:48:47.998,0.89706,0.89722,1.50,1.13
2011.11.08 12:48:48.604,0.89705,0.89722,1.50,2.25
2011.11.08 12:48:49.087,0.89704,0.89719,3.29,1.50
2011.11.08 12:48:49.219,0.89704,0.89721,4.04,1.50
2011.11.08 12:48:56.500,0.89706,0.89723,1.04,1.88
2011.11.08 12:48:56.737,0.89707,0.89724,2.54,1.09
2011.11.08 12:48:57.332,0.89707,0.89723,1.79,1.69
2011.11.08 12:48:58.147,0.89708,0.89725,1.50,2.44
2011.11.08 12:48:58.276,0.89707,0.89725,1.50,3.19
2011.11.08 12:48:59.720,0.89708,0.89725,1.50,3.75
2011.11.08 12:49:00.851,0.89707,0.89724,1.50,1.50
2011.11.08 12:49:01.419,0.89708,0.89725,2.25,3.00
2011.11.08 12:49:02.815,0.89709,0.89725,1.79,2.25
2011.11.08 12:49:03.884,0.89711,0.89726,1.04,3.38
2011.11.08 12:49:04.127,0.8971,0.89725,1.04,2.25
2011.11.08 12:49:04.765,0.89708,0.89725,1.79,3.00
2011.11.08 12:49:05.123,0.8971,0.89725,1.04,2.25
2011.11.08 12:49:06.642,0.89709,0.89725,3.75,2.55
2011.11.08 12:49:07.232,0.89709,0.89724,2.25,2.63
2011.11.08 12:49:07.757,0.89708,0.89726,4.50,3.19
2011.11.08 12:49:09.770,0.89709,0.89726,1.50,2.25
2011.11.08 12:49:11.251,0.89708,0.89726,3.00,3.75
2011.11.08 12:49:11.663,0.89707,0.89724,2.54,3.00
2011.11.08 12:49:12.855,0.89708,0.89724,1.04,3.00
2011.11.08 12:49:14.651,0.89707,0.89721,1.04,1.05
2011.11.08 12:49:14.894,0.897,0.89718,4.41,3.00
2011.11.08 12:49:16.085,0.897,0.89718,4.04,3.00
2011.11.08 12:49:16.883,0.897,0.89718,4.04,2.25
2011.11.08 12:49:17.562,0.89699,0.89716,3.75,1.88
2011.11.08 12:49:17.815,0.89699,0.89713,3.00,1.13
2011.11.08 12:49:18.415,0.89699,0.89712,2.25,1.13
2011.11.08 12:49:19.124,0.89699,0.89713,2.25,1.88
2011.11.08 12:49:19.666,0.89699,0.89712,2.25,1.88
2011.11.08 12:49:20.265,0.89698,0.89712,2.25,1.13
2011.11.08 12:49:20.832,0.89698,0.89712,2.25,1.88
2011.11.08 12:49:21.305,0.89698,0.89712,2.25,1.13
2011.11.08 12:49:21.423,0.89698,0.89712,2.25,1.88
2011.11.08 12:49:21.848,0.89698,0.89712,2.25,1.13
2011.11.08 12:49:21.977,0.89698,0.89712,2.25,1.13
2011.11.08 12:49:22.105,0.89698,0.89712,2.25,1.13
2011.11.08 12:49:22.346,0.897,0.89712,2.25,1.13
2011.11.08 12:49:22.969,0.89699,0.89712,2.25,1.13
2011.11.08 12:49:24.675,0.89699,0.89715,3.29,1.13
2011.11.08 12:49:24.799,0.89702,0.89717,2.25,3.00
2011.11.08 12:49:26.001,0.89701,0.89717,3.00,1.50
2011.11.08 12:49:26.595,0.89701,0.89718,3.00,3.19
2011.11.08 12:49:26.713,0.89701,0.89718,3.75,3.19
2011.11.08 12:49:27.282,0.89703,0.89718,2.25,3.19
2011.11.08 12:49:27.852,0.89702,0.89717,2.25,3.00
2011.11.08 12:49:29.820,0.89702,0.89717,3.00,2.25
2011.11.08 12:49:29.955,0.89704,0.89719,2.25,4.50
2011.11.08 12:49:30.078,0.89704,0.89719,2.25,3.75
2011.11.08 12:49:30.685,0.89703,0.89719,3.75,1.50
2011.11.08 12:49:30.806,0.89703,0.8972,3.75,3.00
2011.11.08 12:49:31.159,0.89701,0.89718,3.00,1.50
2011.11.08 12:49:31.410,0.897,0.89717,3.29,1.50
2011.11.08 12:49:32.255,0.897,0.89716,3.29,1.50
2011.11.08 12:49:33.875,0.897,0.89716,1.04,1.50
2011.11.08 12:49:33.999,0.89699,0.89714,4.04,1.50
2011.11.08 12:49:34.836,0.89699,0.89714,3.00,1.50
2011.11.08 12:49:35.546,0.89697,0.89714,1.79,1.50
2011.11.08 12:49:36.030,0.89696,0.89712,3.29,1.50
2011.11.08 12:49:36.636,0.89696,0.89711,3.29,1.50
2011.11.08 12:49:38.038,0.89697,0.89709,3.00,1.50
2011.11.08 12:49:39.486,0.89695,0.89711,3.00,1.50
2011.11.08 12:49:39.724,0.89696,0.89711,3.00,1.50
2011.11.08 12:49:41.719,0.89698,0.89711,3.00,1.50
2011.11.08 12:49:44.873,0.89697,0.89712,1.04,1.88
2011.11.08 12:49:45.652,0.89697,0.89711,1.04,1.50
2011.11.08 12:49:46.243,0.89697,0.89712,1.04,1.88
2011.11.08 12:49:46.849,0.89695,0.89709,3.00,1.50
2011.11.08 12:49:46.982,0.89695,0.89709,3.00,1.69
2011.11.08 12:49:47.824,0.89695,0.89709,3.00,2.44
2011.11.08 12:49:48.441,0.89691,0.89708,4.41,1.69
2011.11.08 12:49:48.572,0.89692,0.89707,3.00,1.50
2011.11.08 12:49:49.824,0.89692,0.89706,3.00,1.50
2011.11.08 12:49:50.653,0.89688,0.89703,2.91,1.50
2011.11.08 12:49:50.779,0.89684,0.89698,2.25,1.50
2011.11.08 12:49:51.391,0.89689,0.897,2.25,1.50
2011.11.08 12:49:53.265,0.89689,0.89698,2.25,1.50
2011.11.08 12:49:53.503,0.89678,0.8969,1.04,1.50
2011.11.08 12:49:54.110,0.89674,0.89691,1.41,1.50
2011.11.08 12:49:54.596,0.89677,0.89695,1.41,2.25
2011.11.08 12:49:55.425,0.89678,0.89695,1.04,1.50
2011.11.08 12:49:55.913,0.8968,0.89699,2.25,2.44
2011.11.08 12:49:56.279,0.89683,0.89699,1.50,1.50
2011.11.08 12:49:56.792,0.89683,0.89701,1.50,1.50
2011.11.08 12:49:57.395,0.89684,0.89702,1.50,2.63
2011.11.08 12:49:57.996,0.89685,0.89702,1.04,2.63
2011.11.08 12:49:58.587,0.89684,0.89702,3.29,1.88
2011.11.08 12:49:58.834,0.89684,0.89702,4.04,1.13
2011.11.08 12:49:59.266,0.89681,0.89701,1.79,1.50
2011.11.08 12:49:59.625,0.89679,0.89697,1.41,1.50
2011.11.08 12:49:59.982,0.89679,0.89695,1.41,1.50
2011.11.08 12:50:00.668,0.89679,0.89697,1.04,1.50
2011.11.08 12:50:01.143,0.89679,0.89697,1.04,1.50
2011.11.08 12:50:01.756,0.8968,0.89696,1.50,1.69
2011.11.08 12:50:02.011,0.89679,0.89696,1.04,2.44
2011.11.08 12:50:02.609,0.89679,0.89696,1.04,1.69
2011.11.08 12:50:04.333,0.89679,0.89696,1.04,1.88
2011.11.08 12:50:04.874,0.89679,0.89696,1.04,1.88
2011.11.08 12:50:05.486,0.89679,0.89694,1.04,1.13
2011.11.08 12:50:05.967,0.89678,0.89693,1.04,1.50
2011.11.08 12:50:06.097,0.89677,0.89694,1.04,1.13
2011.11.08 12:50:06.226,0.89677,0.89694,1.04,1.13
2011.11.08 12:50:06.349,0.89678,0.89694,1.04,1.13
2011.11.08 12:50:07.244,0.89677,0.89694,1.04,1.13
2011.11.08 12:50:07.374,0.89678,0.89694,1.50,1.88
2011.11.08 12:50:07.853,0.89677,0.89694,1.04,1.88
2011.11.08 12:50:08.456,0.89675,0.89694,4.41,1.88
2011.11.08 12:50:09.042,0.89675,0.89693,1.41,1.50
2011.11.08 12:50:09.963,0.89675,0.8969,1.41,1.50
2011.11.08 12:50:10.594,0.89674,0.8969,1.13,1.50
2011.11.08 12:50:11.183,0.89674,0.8969,1.88,1.13
2011.11.08 12:50:12.905,0.89674,0.8969,1.13,1.13
2011.11.08 12:50:13.628,0.89675,0.89691,3.75,1.13
2011.11.08 12:50:15.054,0.89674,0.89691,1.13,1.88
2011.11.08 12:50:15.611,0.89672,0.8969,1.04,1.88
2011.11.08 12:50:18.113,0.89673,0.8969,1.50,1.13
2011.11.08 12:50:18.477,0.89675,0.89692,3.75,1.13
2011.11.08 12:50:18.728,0.89677,0.89695,1.50,1.50
2011.11.08 12:50:19.243,0.89679,0.89696,1.04,3.19
2011.11.08 12:50:19.836,0.8968,0.89696,1.50,3.19
2011.11.08 12:50:20.281,0.89676,0.89695,3.75,2.25
2011.11.08 12:50:20.644,0.89673,0.8969,3.66,1.50
2011.11.08 12:50:21.502,0.89673,0.89691,4.04,1.50
2011.11.08 12:50:22.109,0.89673,0.89692,3.29,1.13
2011.11.08 12:50:22.233,0.89674,0.89692,1.50,1.13
2011.11.08 12:50:23.043,0.89673,0.89691,3.29,1.50
2011.11.08 12:50:24.456,0.89673,0.89692,3.29,1.88
2011.11.08 12:50:24.573,0.89673,0.89692,3.29,1.88
2011.11.08 12:50:25.174,0.89673,0.8969,3.29,1.50
2011.11.08 12:50:26.634,0.89673,0.8969,3.29,1.50
2011.11.08 12:50:26.872,0.89673,0.8969,3.29,1.50
2011.11.08 12:50:27.497,0.89673,0.89691,4.04,1.50
2011.11.08 12:50:28.923,0.89673,0.89691,3.75,1.50
2011.11.08 12:50:29.504,0.89673,0.89692,3.75,3.19
2011.11.08 12:50:30.054,0.89674,0.89692,1.50,1.69
2011.11.08 12:50:30.632,0.89675,0.89692,1.50,1.69
2011.11.08 12:50:32.732,0.89676,0.89693,1.50,1.69
2011.11.08 12:50:36.627,0.89677,0.89693,1.50,1.88
2011.11.08 12:50:38.137,0.89679,0.89696,1.50,4.13
2011.11.08 12:50:38.623,0.89681,0.89698,1.50,1.69
2011.11.08 12:50:38.867,0.89681,0.89698,1.50,1.69
2011.11.08 12:50:39.472,0.89682,0.89699,1.50,1.88
2011.11.08 12:50:39.599,0.89685,0.89699,1.50,2.63
2011.11.08 12:50:40.222,0.89687,0.89699,1.79,2.25
2011.11.08 12:50:40.349,0.89687,0.89699,1.04,2.25
2011.11.08 12:50:40.961,0.89683,0.897,1.79,3.38
2011.11.08 12:50:42.854,0.89681,0.89699,1.79,1.69
2011.11.08 12:50:43.452,0.89682,0.89699,1.04,1.69
2011.11.08 12:50:44.046,0.89683,0.89699,1.04,3.19
2011.11.08 12:50:44.622,0.89677,0.89695,1.79,1.88
2011.11.08 12:50:45.103,0.89677,0.89695,1.79,1.88
2011.11.08 12:50:45.347,0.89677,0.89695,1.50,1.88
2011.11.08 12:50:45.939,0.89677,0.89694,1.50,1.50
2011.11.08 12:50:46.689,0.89677,0.89693,1.50,1.69
2011.11.08 12:50:47.065,0.89674,0.8969,2.63,1.13
2011.11.08 12:50:47.773,0.89674,0.89691,1.50,1.50
2011.11.08 12:50:48.635,0.89674,0.89693,1.50,3.34
2011.11.08 12:50:49.122,0.89676,0.89694,1.04,1.84
2011.11.08 12:50:49.363,0.89678,0.89696,1.50,2.55
2011.11.08 12:50:50.158,0.89678,0.89696,1.50,2.25
2011.11.08 12:50:50.771,0.89678,0.89698,1.50,3.00
2011.11.08 12:50:51.364,0.89682,0.89699,1.04,1.88
2011.11.08 12:50:51.714,0.89683,0.89699,1.79,1.88
2011.11.08 12:50:52.315,0.89682,0.89699,1.79,1.88
2011.11.08 12:50:52.555,0.89683,0.89699,1.50,1.13
2011.11.08 12:50:53.075,0.89686,0.89702,1.50,2.63
2011.11.08 12:50:53.677,0.89685,0.89702,1.04,3.38
2011.11.08 12:50:54.906,0.89685,0.89702,1.04,1.50
2011.11.08 12:50:56.021,0.89684,0.89702,1.79,2.25
2011.11.08 12:50:56.065,0.89681,0.89699,1.04,1.50
2011.11.08 12:50:56.546,0.89681,0.89699,1.04,2.25
2011.11.08 12:50:57.135,0.8968,0.89698,1.50,1.50
2011.11.08 12:50:58.714,0.89679,0.89697,1.79,1.50
2011.11.08 12:50:59.293,0.89679,0.89698,1.79,2.25
2011.11.08 12:51:00.114,0.8968,0.89698,1.50,1.50
2011.11.08 12:51:00.702,0.8968,0.89698,1.50,1.50
2011.11.08 12:51:01.262,0.89679,0.89697,1.79,1.50
2011.11.08 12:51:01.833,0.89679,0.89698,1.79,1.50
2011.11.08 12:51:02.431,0.89679,0.89697,1.79,1.50
2011.11.08 12:51:03.013,0.89679,0.89698,1.79,1.50
2011.11.08 12:51:03.594,0.89679,0.89697,1.79,1.50
2011.11.08 12:51:04.743,0.89679,0.89698,1.79,1.50
2011.11.08 12:51:06.931,0.89679,0.89698,1.79,1.50
2011.11.08 12:51:09.457,0.89682,0.89699,1.04,1.32
2011.11.08 12:51:16.248,0.89685,0.89702,1.50,2.25
2011.11.08 12:51:16.723,0.89685,0.89703,1.79,4.50
2011.11.08 12:51:17.297,0.89685,0.89703,1.79,5.25
2011.11.08 12:51:17.712,0.89686,0.89703,1.04,3.75
2011.11.08 12:51:18.069,0.89685,0.89703,1.79,5.25
2011.11.08 12:51:18.672,0.89683,0.89702,1.79,1.50
2011.11.08 12:51:19.234,0.89684,0.89703,1.50,4.13
2011.11.08 12:51:19.802,0.89683,0.89702,1.79,1.69
2011.11.08 12:51:21.100,0.89684,0.89702,1.50,1.69
2011.11.08 12:51:23.142,0.89684,0.89702,1.50,1.69
2011.11.08 12:51:24.387,0.89684,0.89702,1.79,1.69
2011.11.08 12:51:24.973,0.89686,0.89703,1.04,4.13
2011.11.08 12:51:25.529,0.89688,0.89703,1.04,1.13
2011.11.08 12:51:28.052,0.89687,0.89703,1.04,1.88
2011.11.08 12:51:29.205,0.89686,0.89704,1.50,4.88
2011.11.08 12:51:34.716,0.89685,0.89702,1.79,1.50
2011.11.08 12:51:36.021,0.89686,0.89702,1.04,1.50
2011.11.08 12:51:38.613,0.89688,0.89705,1.04,3.19
2011.11.08 12:51:38.980,0.89691,0.89708,1.50,1.88
2011.11.08 12:51:39.226,0.89693,0.89709,1.50,1.50
2011.11.08 12:51:41.455,0.89693,0.89709,1.50,1.50
2011.11.08 12:51:41.989,0.89693,0.89711,1.50,2.25
2011.11.08 12:51:42.126,0.89693,0.89711,1.50,2.25
2011.11.08 12:51:42.368,0.89693,0.89711,2.25,2.25
2011.11.08 12:51:45.278,0.89689,0.89705,2.44,3.00
2011.11.08 12:51:45.537,0.89689,0.89705,1.50,3.00
2011.11.08 12:51:46.134,0.8969,0.89708,1.50,1.50
2011.11.08 12:51:46.258,0.8969,0.89708,1.50,1.50
2011.11.08 12:51:47.055,0.89691,0.89709,1.50,1.50
2011.11.08 12:51:47.647,0.89692,0.89709,1.50,1.50
2011.11.08 12:51:48.234,0.89692,0.8971,1.50,2.25
2011.11.08 12:51:49.023,0.89692,0.89709,1.50,1.50
2011.11.08 12:51:49.742,0.89693,0.89709,1.50,1.50
2011.11.08 12:51:50.556,0.8969,0.89707,1.04,1.50
2011.11.08 12:51:51.155,0.8969,0.89707,1.04,1.50
2011.11.08 12:51:51.506,0.89691,0.89709,1.50,2.25
2011.11.08 12:51:52.325,0.89691,0.89709,1.50,2.25
2011.11.08 12:51:54.654,0.89693,0.89712,1.50,2.25
2011.11.08 12:51:54.896,0.89694,0.89712,1.50,1.50
2011.11.08 12:51:55.462,0.89694,0.89712,1.50,2.25
2011.11.08 12:51:57.564,0.89693,0.89711,1.50,1.50
2011.11.08 12:51:59.061,0.89693,0.89711,1.50,1.50
2011.11.08 12:51:59.402,0.89693,0.89711,1.50,1.50
2011.11.08 12:51:59.644,0.89693,0.89712,1.50,2.25
2011.11.08 12:52:00.009,0.89694,0.89713,1.50,1.50
2011.11.08 12:52:00.904,0.89694,0.89712,1.50,1.50
2011.11.08 12:52:01.377,0.89694,0.89712,1.50,1.50
2011.11.08 12:52:01.505,0.89693,0.89712,2.25,2.25
2011.11.08 12:52:02.315,0.89693,0.8971,1.50,1.50
2011.11.08 12:52:03.127,0.89693,0.89711,1.50,1.50
2011.11.08 12:52:03.247,0.89693,0.89709,1.50,1.50
2011.11.08 12:52:03.656,0.89691,0.89708,1.50,1.50
2011.11.08 12:52:03.783,0.89689,0.89706,2.25,1.50
2011.11.08 12:52:04.268,0.89689,0.89708,1.79,2.25
2011.11.08 12:52:04.744,0.89699,0.89708,2.25,2.25
2011.11.08 12:52:04.864,0.8969,0.89708,1.13,1.50
2011.11.08 12:52:04.987,0.89695,0.8971,1.50,1.50
2011.11.08 12:52:05.235,0.89691,0.89708,1.50,1.50
2011.11.08 12:52:05.717,0.89691,0.89709,1.79,1.50
2011.11.08 12:52:05.965,0.89691,0.8971,2.25,2.25
2011.11.08 12:52:06.492,0.8969,0.89709,1.79,2.25
2011.11.08 12:52:07.343,0.89691,0.8971,2.25,2.25
2011.11.08 12:52:07.912,0.89691,0.8971,1.50,2.25
2011.11.08 12:52:08.154,0.89689,0.89706,1.22,1.50
2011.11.08 12:52:08.768,0.89689,0.89705,1.22,1.50
2011.11.08 12:52:09.377,0.89687,0.89704,1.50,1.50
2011.11.08 12:52:09.833,0.89686,0.89702,3.00,1.50
2011.11.08 12:52:10.458,0.89686,0.89702,3.00,1.50
2011.11.08 12:52:11.046,0.89685,0.89702,3.00,1.50
2011.11.08 12:52:11.405,0.89685,0.89703,3.75,2.25
2011.11.08 12:52:11.886,0.89685,0.89702,3.00,1.50
2011.11.08 12:52:12.594,0.89683,0.897,1.04,1.50
2011.11.08 12:52:15.384,0.89682,0.897,2.25,1.50
2011.11.08 12:52:15.984,0.89682,0.897,2.25,1.50
2011.11.08 12:52:18.391,0.89682,0.89699,2.25,1.50
2011.11.08 12:52:18.638,0.8968,0.89697,1.04,3.00
2011.11.08 12:52:18.767,0.89678,0.89697,1.69,4.50
2011.11.08 12:52:19.131,0.89677,0.89695,3.75,1.50
2011.11.08 12:52:19.496,0.89675,0.89693,1.79,3.00
2011.11.08 12:52:20.118,0.89674,0.89691,1.50,1.50
2011.11.08 12:52:23.555,0.89674,0.89693,1.79,3.19
2011.11.08 12:52:23.795,0.89673,0.89691,2.25,1.50
2011.11.08 12:52:25.084,0.89673,0.89691,1.50,2.25
2011.11.08 12:52:25.784,0.89673,0.89691,1.50,3.00
2011.11.08 12:52:26.191,0.89673,0.89691,1.50,3.00
2011.11.08 12:52:26.322,0.89673,0.89691,2.25,2.25
2011.11.08 12:52:27.046,0.89672,0.89691,3.75,2.25
2011.11.08 12:52:27.815,0.89673,0.89691,2.25,1.50
2011.11.08 12:52:29.950,0.89675,0.89692,3.29,1.24
2011.11.08 12:52:30.325,0.8968,0.89698,1.50,4.50
2011.11.08 12:52:30.568,0.8968,0.89698,2.25,2.25
2011.11.08 12:52:31.415,0.89677,0.89696,1.50,1.50
2011.11.08 12:52:32.254,0.89678,0.89696,1.50,1.50
2011.11.08 12:52:32.498,0.89677,0.89696,2.25,1.50
2011.11.08 12:52:33.107,0.89677,0.89694,2.25,1.50
2011.11.08 12:52:33.714,0.89677,0.89693,2.25,1.50
2011.11.08 12:52:34.859,0.89675,0.89691,1.04,2.25
2011.11.08 12:52:35.227,0.89674,0.8969,1.50,1.50
2011.11.08 12:52:35.348,0.89673,0.89689,3.00,1.50
2011.11.08 12:52:35.957,0.89673,0.89688,2.25,1.50
2011.11.08 12:52:37.339,0.89672,0.89687,3.00,2.25
2011.11.08 12:52:37.708,0.8967,0.89686,3.75,1.50
2011.11.08 12:52:38.080,0.89667,0.89683,1.32,3.00
2011.11.08 12:52:38.206,0.89666,0.89683,1.50,3.00
2011.11.08 12:52:38.805,0.89665,0.89681,1.50,1.50
2011.11.08 12:52:39.818,0.89663,0.89681,1.79,4.50
2011.11.08 12:52:40.185,0.89661,0.89679,1.79,2.25
2011.11.08 12:52:40.667,0.89661,0.89679,1.79,2.25
2011.11.08 12:52:41.031,0.89665,0.89681,1.04,2.25
2011.11.08 12:52:41.401,0.89668,0.89685,1.04,1.50
2011.11.08 12:52:41.767,0.89669,0.89687,1.50,1.69
2011.11.08 12:52:42.353,0.8967,0.89686,1.04,1.50
2011.11.08 12:52:42.941,0.8967,0.89687,1.04,1.50
2011.11.08 12:52:44.112,0.89669,0.89684,1.04,3.00
2011.11.08 12:52:44.363,0.89666,0.89684,1.04,1.50
2011.11.08 12:52:45.446,0.89665,0.89682,1.04,3.75
2011.11.08 12:52:47.403,0.89665,0.89682,1.79,1.50
2011.11.08 12:52:50.113,0.89665,0.89682,1.04,3.75
2011.11.08 12:52:50.705,0.89665,0.89684,1.50,2.25
2011.11.08 12:52:51.292,0.89666,0.89683,1.04,1.50
2011.11.08 12:52:53.083,0.89666,0.89684,1.04,4.50
2011.11.08 12:52:53.447,0.89668,0.89686,1.79,1.50
2011.11.08 12:52:53.821,0.89668,0.89687,2.54,1.50
2011.11.08 12:52:54.186,0.89668,0.89687,1.79,1.50
2011.11.08 12:52:54.636,0.89668,0.89685,1.04,1.50
2011.11.08 12:52:54.999,0.89668,0.89686,1.79,1.50
2011.11.08 12:52:55.366,0.89671,0.89688,2.25,1.50
2011.11.08 12:52:55.943,0.89671,0.8969,1.50,1.50
2011.11.08 12:52:56.063,0.89669,0.89689,1.50,1.50
2011.11.08 12:53:03.194,0.89669,0.89688,1.50,2.25
2011.11.08 12:53:04.097,0.89669,0.89688,1.50,2.25
2011.11.08 12:53:04.222,0.89668,0.89684,1.04,1.50
2011.11.08 12:53:04.724,0.89666,0.89683,1.50,1.50
2011.11.08 12:53:05.881,0.89668,0.89684,1.50,1.50
2011.11.08 12:53:06.465,0.89665,0.89685,2.54,2.25
2011.11.08 12:53:06.948,0.89666,0.89685,1.50,1.50
2011.11.08 12:53:07.076,0.89667,0.89685,1.79,1.50
2011.11.08 12:53:07.437,0.8967,0.89686,1.50,1.50
2011.11.08 12:53:07.685,0.89675,0.89688,2.25,1.50
2011.11.08 12:53:10.625,0.89676,0.89688,2.25,1.50
2011.11.08 12:53:11.161,0.89676,0.89689,2.25,1.50
2011.11.08 12:53:12.887,0.89676,0.89688,2.25,1.50
2011.11.08 12:53:13.259,0.89673,0.89685,2.25,2.25
2011.11.08 12:53:13.605,0.89671,0.89685,2.25,2.25
2011.11.08 12:53:14.198,0.89672,0.89685,2.25,1.50
2011.11.08 12:53:14.446,0.89674,0.89688,2.25,2.25
2011.11.08 12:53:15.024,0.89674,0.89688,2.25,2.25
2011.11.08 12:53:15.567,0.89673,0.89688,2.25,2.25
2011.11.08 12:53:17.455,0.89673,0.89687,2.25,2.25
2011.11.08 12:53:17.577,0.89669,0.89685,1.13,3.00
2011.11.08 12:53:17.827,0.89666,0.89684,1.79,3.75
2011.11.08 12:53:18.247,0.89665,0.89678,1.79,3.00
2011.11.08 12:53:18.727,0.89662,0.8968,3.75,1.50
2011.11.08 12:53:18.973,0.89662,0.8968,3.75,1.50
2011.11.08 12:53:19.459,0.89663,0.89679,1.50,3.00
2011.11.08 12:53:19.832,0.89665,0.89682,1.50,1.50
2011.11.08 12:53:19.960,0.89665,0.89682,1.50,1.50
2011.11.08 12:53:20.546,0.89664,0.89681,1.50,3.75
2011.11.08 12:53:21.132,0.89665,0.89681,1.50,3.75
2011.11.08 12:53:21.846,0.89666,0.89683,1.50,1.50
2011.11.08 12:53:21.978,0.89667,0.89684,1.50,1.50
2011.11.08 12:53:22.362,0.89668,0.89684,1.50,1.50
2011.11.08 12:53:22.738,0.89664,0.89682,1.50,2.25
2011.11.08 12:53:23.468,0.89664,0.89682,1.50,2.25
2011.11.08 12:53:24.195,0.89664,0.8968,1.50,1.50
2011.11.08 12:53:25.528,0.89664,0.89682,1.50,2.25
2011.11.08 12:53:26.122,0.89664,0.89682,2.25,2.25
2011.11.08 12:53:26.819,0.89663,0.89681,1.50,1.05
2011.11.08 12:53:26.953,0.89661,0.89679,1.50,1.50
2011.11.08 12:53:27.080,0.89658,0.89677,1.79,1.50
2011.11.08 12:53:27.210,0.89658,0.89675,1.50,1.50
2011.11.08 12:53:27.805,0.89657,0.89675,1.50,1.50
2011.11.08 12:53:29.130,0.89656,0.89675,1.50,1.50
2011.11.08 12:53:29.381,0.89655,0.89673,1.50,3.00
2011.11.08 12:53:29.989,0.89655,0.89671,1.50,1.50
2011.11.08 12:53:31.344,0.89651,0.8967,1.50,2.25
2011.11.08 12:53:31.947,0.89651,0.8967,1.50,2.25
2011.11.08 12:53:34.884,0.89652,0.8967,1.50,3.00
2011.11.08 12:53:35.016,0.89653,0.8967,1.50,2.25
2011.11.08 12:53:35.393,0.89653,0.89672,2.25,1.50
2011.11.08 12:53:35.998,0.89653,0.89671,1.50,1.50
2011.11.08 12:53:36.368,0.89652,0.89671,1.50,1.50
2011.11.08 12:53:36.510,0.8965,0.89668,1.79,2.25
2011.11.08 12:53:36.860,0.8965,0.89668,1.79,1.50
2011.11.08 12:53:36.988,0.89649,0.89668,1.79,1.50
2011.11.08 12:53:37.596,0.8965,0.89668,1.04,1.50
2011.11.08 12:53:38.438,0.89651,0.8967,1.50,2.25
2011.11.08 12:53:38.685,0.8965,0.89668,1.04,2.25
2011.11.08 12:53:40.149,0.89648,0.89668,1.50,1.50
2011.11.08 12:53:40.641,0.89647,0.89667,1.50,3.00
2011.11.08 12:53:40.769,0.89647,0.89667,1.50,3.00
2011.11.08 12:53:41.248,0.89646,0.89666,2.54,1.50
2011.11.08 12:53:41.484,0.89646,0.89667,2.54,2.25
2011.11.08 12:53:42.171,0.89648,0.89666,1.50,1.50
2011.11.08 12:53:42.309,0.89646,0.89665,2.25,2.25
2011.11.08 12:53:43.497,0.89646,0.89664,2.25,1.50
2011.11.08 12:53:44.092,0.89646,0.89663,1.50,1.50
2011.11.08 12:53:44.445,0.89646,0.89664,1.50,1.50
2011.11.08 12:53:45.078,0.89644,0.89653,1.04,2.25
2011.11.08 12:53:45.234,0.89638,0.89654,1.50,2.07
2011.11.08 12:53:45.477,0.8964,0.89657,1.41,1.13
2011.11.08 12:53:45.610,0.89643,0.89658,1.50,1.88
2011.11.08 12:53:46.207,0.89643,0.8966,1.50,1.88
2011.11.08 12:53:46.808,0.89644,0.89661,1.50,1.88
2011.11.08 12:53:47.054,0.89644,0.89661,2.25,1.88
2011.11.08 12:53:47.402,0.89646,0.89663,1.50,2.25
2011.11.08 12:53:48.016,0.89646,0.89664,1.50,3.75
2011.11.08 12:53:48.474,0.89646,0.89664,1.50,1.88
2011.11.08 12:53:49.076,0.89647,0.89665,1.50,1.13
2011.11.08 12:53:49.872,0.8965,0.89666,1.50,1.88
2011.11.08 12:53:50.234,0.89653,0.89669,2.25,2.63
2011.11.08 12:53:50.355,0.89654,0.8967,1.50,1.88
2011.11.08 12:53:50.945,0.89652,0.8967,2.25,1.88
2011.11.08 12:53:51.523,0.89652,0.89671,1.50,1.50
2011.11.08 12:53:52.111,0.89652,0.89671,1.50,2.25
2011.11.08 12:53:52.709,0.89652,0.89671,1.50,1.50
2011.11.08 12:53:54.009,0.89652,0.89669,1.50,1.50
2011.11.08 12:53:54.399,0.8965,0.89669,1.79,2.25
2011.11.08 12:53:54.884,0.8965,0.89668,1.50,1.50
2011.11.08 12:53:55.484,0.8965,0.89668,1.50,2.25
2011.11.08 12:53:56.084,0.8965,0.89668,1.50,2.25
2011.11.08 12:53:57.335,0.8965,0.89668,1.50,2.25
2011.11.08 12:53:58.447,0.89652,0.89668,1.50,2.25
2011.11.08 12:53:58.820,0.89669,0.89674,3.75,2.25
2011.11.08 12:53:58.950,0.89662,0.89674,2.25,2.25
2011.11.08 12:53:59.079,0.89661,0.89679,1.50,4.13
2011.11.08 12:53:59.328,0.89658,0.89677,1.04,2.44
2011.11.08 12:53:59.455,0.89656,0.89674,1.04,1.50
2011.11.08 12:54:00.044,0.89656,0.89674,1.50,1.50
2011.11.08 12:54:00.800,0.89655,0.89674,2.25,1.50
2011.11.08 12:54:00.928,0.89655,0.89673,2.25,1.50
2011.11.08 12:54:03.764,0.89655,0.89673,1.50,2.25
2011.11.08 12:54:04.134,0.89658,0.89676,1.04,3.00
2011.11.08 12:54:04.377,0.89658,0.89676,1.04,3.00
2011.11.08 12:54:04.494,0.89658,0.89675,1.04,1.50
2011.11.08 12:54:04.853,0.89658,0.89675,1.04,1.50
2011.11.08 12:54:05.435,0.89658,0.89676,1.79,2.25
2011.11.08 12:54:05.784,0.89666,0.89676,1.50,2.25
2011.11.08 12:54:06.038,0.89672,0.89689,1.50,1.62
2011.11.08 12:54:06.175,0.89674,0.89687,1.50,1.50
2011.11.08 12:54:06.302,0.89673,0.89691,3.00,1.88
2011.11.08 12:54:06.427,0.89676,0.89694,2.25,1.69
2011.11.08 12:54:07.026,0.89676,0.89694,3.00,1.50
2011.11.08 12:54:07.519,0.89676,0.89694,1.50,2.25
2011.11.08 12:54:07.886,0.89674,0.89692,1.50,1.50
2011.11.08 12:54:08.008,0.89676,0.89692,1.50,1.50
2011.11.08 12:54:08.379,0.89677,0.89695,1.50,1.50
2011.11.08 12:54:08.924,0.89676,0.89696,2.25,3.00
2011.11.08 12:54:09.528,0.89678,0.89696,1.04,2.25
2011.11.08 12:54:09.996,0.89678,0.89696,1.79,2.25
2011.11.08 12:54:11.844,0.8968,0.89699,1.50,4.13
2011.11.08 12:54:12.317,0.8968,0.89699,1.50,4.13
2011.11.08 12:54:12.687,0.89678,0.89697,1.97,2.25
2011.11.08 12:54:14.237,0.89678,0.89696,1.79,1.50
2011.11.08 12:54:14.834,0.89678,0.89697,2.54,2.25
2011.11.08 12:54:15.786,0.8968,0.89697,1.50,1.50
2011.11.08 12:54:16.342,0.8968,0.89697,1.50,1.50
2011.11.08 12:54:16.792,0.8968,0.89696,1.50,1.50
2011.11.08 12:54:17.905,0.8968,0.89696,1.79,1.50
2011.11.08 12:54:18.506,0.8968,0.89696,1.50,1.50
2011.11.08 12:54:18.867,0.89678,0.89696,2.25,1.50
2011.11.08 12:54:19.462,0.89679,0.89697,1.04,2.25
2011.11.08 12:54:20.634,0.8968,0.89697,1.50,1.50
2011.11.08 12:54:22.114,0.8968,0.89697,1.50,1.50
2011.11.08 12:54:22.827,0.89681,0.89697,1.50,1.50
2011.11.08 12:54:23.413,0.89681,0.89697,1.50,1.50
2011.11.08 12:54:23.932,0.8968,0.89697,1.50,1.50
2011.11.08 12:54:24.954,0.89682,0.89698,1.50,1.50
2011.11.08 12:54:25.315,0.89683,0.89701,3.75,2.25
2011.11.08 12:54:25.915,0.89684,0.89702,1.50,1.50
2011.11.08 12:54:26.503,0.89685,0.89703,1.50,2.25
2011.11.08 12:54:26.853,0.89685,0.89703,2.25,2.25
2011.11.08 12:54:27.541,0.89685,0.89703,1.50,3.00
2011.11.08 12:54:28.829,0.89683,0.89701,2.63,1.50
2011.11.08 12:54:29.194,0.8968,0.89695,4.41,2.25
2011.11.08 12:54:29.787,0.89681,0.89696,2.25,3.00
2011.11.08 12:54:34.912,0.89681,0.89696,3.75,2.25
2011.11.08 12:54:36.511,0.89682,0.89696,1.50,2.25
2011.11.08 12:54:37.162,0.89686,0.89696,1.04,2.25
2011.11.08 12:54:37.296,0.89685,0.897,1.97,3.00
2011.11.08 12:54:37.661,0.89686,0.89701,1.50,3.00
2011.11.08 12:54:37.793,0.89685,0.89701,2.72,3.00
2011.11.08 12:54:39.203,0.89686,0.89701,1.50,3.00
2011.11.08 12:54:40.159,0.89685,0.897,1.79,2.25
2011.11.08 12:54:40.536,0.89685,0.89697,1.04,2.25
2011.11.08 12:54:40.911,0.89684,0.89699,1.04,3.00
2011.11.08 12:54:41.283,0.89686,0.89699,1.50,3.00
2011.11.08 12:54:41.528,0.89688,0.89705,1.50,2.25
2011.11.08 12:54:41.662,0.89688,0.89705,1.50,2.25
2011.11.08 12:54:42.124,0.89689,0.89707,1.04,3.75
2011.11.08 12:54:42.369,0.89689,0.89699,1.04,2.25
2011.11.08 12:54:42.860,0.89688,0.89706,2.25,3.75
2011.11.08 12:54:43.465,0.89686,0.89706,1.97,3.75
2011.11.08 12:54:44.046,0.89687,0.89705,1.97,1.50
2011.11.08 12:54:44.550,0.89687,0.89705,1.79,2.25
2011.11.08 12:54:45.340,0.89687,0.89701,1.79,3.00
2011.11.08 12:54:45.813,0.89689,0.89701,1.50,2.25
2011.11.08 12:54:46.179,0.89689,0.89705,1.69,1.50
2011.11.08 12:54:46.426,0.89688,0.89706,1.50,3.75
2011.11.08 12:54:47.022,0.89687,0.897,1.04,2.25
2011.11.08 12:54:47.897,0.89685,0.897,1.04,2.25
2011.11.08 12:54:48.750,0.89684,0.897,1.79,3.00
2011.11.08 12:54:49.455,0.89683,0.897,1.04,3.00
2011.11.08 12:54:49.580,0.89682,0.89698,2.54,2.25
2011.11.08 12:54:50.264,0.89683,0.89698,1.50,3.00
2011.11.08 12:54:50.635,0.89684,0.89702,1.50,3.00
2011.11.08 12:54:51.233,0.89685,0.89702,1.50,3.00
2011.11.08 12:54:51.834,0.89686,0.89702,1.50,3.00
2011.11.08 12:54:51.953,0.89686,0.89702,1.50,3.00
2011.11.08 12:54:52.537,0.89686,0.89702,1.50,3.00
2011.11.08 12:54:53.384,0.89685,0.89701,1.79,3.00
2011.11.08 12:54:54.652,0.89686,0.897,1.04,3.00
2011.11.08 12:54:55.335,0.89686,0.897,1.79,3.00
2011.11.08 12:54:56.896,0.8969,0.897,1.50,2.25
2011.11.08 12:54:57.133,0.8969,0.89706,1.50,3.00
2011.11.08 12:54:57.794,0.8969,0.89706,1.50,3.00
2011.11.08 12:54:57.918,0.8969,0.89705,1.50,3.00
2011.11.08 12:54:58.171,0.89687,0.89705,2.25,3.00
2011.11.08 12:55:00.695,0.89687,0.89706,1.50,3.75
2011.11.08 12:55:01.259,0.89689,0.89706,1.50,3.00
2011.11.08 12:55:01.504,0.89689,0.89706,1.50,3.00
2011.11.08 12:55:03.204,0.89688,0.89706,1.50,1.50
2011.11.08 12:55:03.797,0.89688,0.89705,1.04,1.50
2011.11.08 12:55:04.162,0.89688,0.89699,1.04,2.25
2011.11.08 12:55:04.528,0.89689,0.89705,1.79,3.75
2011.11.08 12:55:06.952,0.89689,0.89704,1.79,3.00
2011.11.08 12:55:07.303,0.89689,0.89702,1.04,3.00
2011.11.08 12:55:08.824,0.89691,0.89705,1.04,3.00
2011.11.08 12:55:08.944,0.89691,0.89704,1.04,3.00
2011.11.08 12:55:09.186,0.89689,0.89706,1.79,3.00
2011.11.08 12:55:09.424,0.8969,0.89706,1.50,3.00
2011.11.08 12:55:10.012,0.89691,0.89705,1.50,3.00
2011.11.08 12:55:10.603,0.8969,0.89705,1.50,3.00
2011.11.08 12:55:12.257,0.8969,0.89705,1.50,2.25
2011.11.08 12:55:12.798,0.89689,0.89705,1.50,3.00
2011.11.08 12:55:13.274,0.89691,0.89707,1.50,3.75
2011.11.08 12:55:13.865,0.8969,0.89707,1.50,3.75
2011.11.08 12:55:13.984,0.8969,0.89707,1.50,3.75
2011.11.08 12:55:14.565,0.89688,0.89707,1.50,4.50
2011.11.08 12:55:14.925,0.89688,0.89706,1.50,3.00
2011.11.08 12:55:15.636,0.89687,0.89706,1.97,3.75
2011.11.08 12:55:16.132,0.89691,0.89707,1.50,1.50
2011.11.08 12:55:16.605,0.8969,0.89707,1.50,3.75
2011.11.08 12:55:16.846,0.89688,0.89707,1.50,4.50
2011.11.08 12:55:17.204,0.8969,0.89707,1.50,3.75
2011.11.08 12:55:17.762,0.89689,0.89706,1.50,3.00
2011.11.08 12:55:18.572,0.89689,0.89707,1.50,2.25
2011.11.08 12:55:19.025,0.8969,0.89707,1.50,1.50
2011.11.08 12:55:19.383,0.89688,0.89707,2.54,4.50
2011.11.08 12:55:20.205,0.89691,0.89707,1.50,3.75
2011.11.08 12:55:21.515,0.89691,0.89707,1.50,3.00
2011.11.08 12:55:22.116,0.89692,0.8971,1.79,1.50
2011.11.08 12:55:22.706,0.89692,0.89708,1.79,1.50
2011.11.08 12:55:23.261,0.8969,0.89707,1.79,3.00
2011.11.08 12:55:23.865,0.8969,0.89704,1.50,2.25
2011.11.08 12:55:24.108,0.89692,0.89709,1.50,1.50
2011.11.08 12:55:24.595,0.89693,0.89708,1.50,1.50
2011.11.08 12:55:24.717,0.89692,0.89708,1.50,1.50
2011.11.08 12:55:24.834,0.89692,0.89708,1.50,1.50
2011.11.08 12:55:25.545,0.89691,0.8971,1.50,1.50
2011.11.08 12:55:25.921,0.89692,0.8971,2.25,1.50
2011.11.08 12:55:26.517,0.89692,0.8971,1.50,1.50
2011.11.08 12:55:26.757,0.89693,0.8971,3.00,1.50
2011.11.08 12:55:27.113,0.89693,0.8971,3.75,1.50
2011.11.08 12:55:27.912,0.89693,0.8971,3.75,1.50
2011.11.08 12:55:28.151,0.89693,0.8971,3.75,1.50
2011.11.08 12:55:28.964,0.89693,0.8971,3.75,1.50
2011.11.08 12:55:29.393,0.89693,0.89709,3.00,2.25
2011.11.08 12:55:29.635,0.89693,0.89708,2.25,3.00
2011.11.08 12:55:29.756,0.89693,0.89707,2.25,1.50
2011.11.08 12:55:30.461,0.89693,0.89707,2.25,2.25
2011.11.08 12:55:31.285,0.89689,0.89705,1.50,2.25
2011.11.08 12:55:31.863,0.89687,0.89705,2.25,2.25
2011.11.08 12:55:31.983,0.89687,0.89705,1.50,2.25
2011.11.08 12:55:32.224,0.89687,0.89705,1.50,2.25
2011.11.08 12:55:32.582,0.89687,0.89705,1.50,2.25
2011.11.08 12:55:32.962,0.89687,0.89705,1.50,2.25
2011.11.08 12:55:33.532,0.89687,0.89705,1.50,2.25
2011.11.08 12:55:34.006,0.89685,0.89703,3.00,2.25
2011.11.08 12:55:34.245,0.89687,0.89703,1.50,1.50
2011.11.08 12:55:34.933,0.89687,0.89703,1.50,1.50
2011.11.08 12:55:35.515,0.89688,0.89705,3.00,1.50
2011.11.08 12:55:36.114,0.89687,0.89705,1.50,1.50
2011.11.08 12:55:37.762,0.89688,0.89704,1.50,1.50
2011.11.08 12:55:40.303,0.89688,0.89706,2.25,2.25
2011.11.08 12:55:40.874,0.89688,0.89706,1.50,2.25
2011.11.08 12:55:41.119,0.89691,0.89706,2.25,2.25
2011.11.08 12:55:41.694,0.8969,0.89707,1.50,3.00
2011.11.08 12:55:42.751,0.89688,0.89706,1.79,2.25
2011.11.08 12:55:42.879,0.89688,0.89706,1.04,3.00
2011.11.08 12:55:43.007,0.89688,0.89706,1.04,4.50
2011.11.08 12:55:43.126,0.89687,0.89704,1.50,1.50
2011.11.08 12:55:43.994,0.89689,0.89704,2.25,1.50
2011.11.08 12:55:44.129,0.89687,0.89704,1.50,1.50
2011.11.08 12:55:44.259,0.89688,0.89706,1.50,2.25
2011.11.08 12:55:45.406,0.89689,0.89707,1.50,5.25
2011.11.08 12:55:45.961,0.89691,0.89707,2.25,2.25
2011.11.08 12:55:46.193,0.89691,0.89707,3.00,1.50
2011.11.08 12:55:46.730,0.89691,0.89707,3.00,1.50
2011.11.08 12:55:46.869,0.89688,0.89704,1.50,1.50
2011.11.08 12:55:47.474,0.89687,0.89704,1.50,1.50
2011.11.08 12:55:48.287,0.89686,0.89703,1.04,1.50
2011.11.08 12:55:48.884,0.89685,0.89703,1.50,2.25
2011.11.08 12:55:49.002,0.89687,0.89703,1.50,2.25
2011.11.08 12:55:49.236,0.89685,0.89702,1.50,1.50
2011.11.08 12:55:49.804,0.89684,0.89701,3.00,1.50
2011.11.08 12:55:50.408,0.89687,0.89701,3.00,1.50
2011.11.08 12:55:50.537,0.89687,0.89703,2.25,1.50
2011.11.08 12:55:57.497,0.89687,0.89701,3.00,1.35
2011.11.08 12:55:57.625,0.89679,0.89691,1.04,1.50
2011.11.08 12:55:57.980,0.89677,0.89691,1.41,1.50
2011.11.08 12:55:58.569,0.89677,0.89691,3.38,1.50
2011.11.08 12:55:59.174,0.89676,0.89692,2.25,2.25
2011.11.08 12:55:59.536,0.89676,0.89692,2.25,1.50
2011.11.08 12:55:59.898,0.89681,0.89695,3.00,1.50
2011.11.08 12:56:00.389,0.89677,0.89693,4.04,1.50
2011.11.08 12:56:00.516,0.89677,0.89692,3.75,1.50
2011.11.08 12:56:00.975,0.89676,0.89692,1.19,2.25
2011.11.08 12:56:01.314,0.89675,0.89691,1.19,1.50
2011.11.08 12:56:01.435,0.89675,0.89691,1.04,1.50
2011.11.08 12:56:02.263,0.89677,0.89693,2.25,1.50
2011.11.08 12:56:02.846,0.89677,0.89693,3.15,1.50
2011.11.08 12:56:02.966,0.89677,0.89693,3.15,1.50
2011.11.08 12:56:04.415,0.89678,0.89693,1.05,1.50
2011.11.08 12:56:04.994,0.89678,0.89693,1.20,1.50
2011.11.08 12:56:05.467,0.89672,0.8969,3.29,1.50
2011.11.08 12:56:05.824,0.89672,0.89687,3.29,1.50
2011.11.08 12:56:06.070,0.89673,0.89688,2.25,1.50
2011.11.08 12:56:06.542,0.89673,0.89688,3.00,2.25
2011.11.08 12:56:06.892,0.89673,0.89688,3.15,2.25
2011.11.08 12:56:07.233,0.89675,0.89688,1.05,2.25
2011.11.08 12:56:07.814,0.89675,0.89688,1.05,2.25
2011.11.08 12:56:08.043,0.89673,0.89688,3.15,2.25
2011.11.08 12:56:08.954,0.89673,0.89688,3.23,2.25
2011.11.08 12:56:09.414,0.89675,0.89688,1.05,1.50
2011.11.08 12:56:09.774,0.89675,0.89688,1.05,2.25
2011.11.08 12:56:10.843,0.89675,0.89688,1.05,1.50
2011.11.08 12:56:11.694,0.89675,0.89689,1.05,1.50
2011.11.08 12:56:12.308,0.89676,0.89691,3.30,4.50
2011.11.08 12:56:13.107,0.89676,0.8969,3.30,1.50
2011.11.08 12:56:13.714,0.89676,0.8969,3.30,2.25
2011.11.08 12:56:14.819,0.89676,0.8969,2.55,1.50
2011.11.08 12:56:15.186,0.89672,0.89687,1.34,3.00
2011.11.08 12:56:15.551,0.89674,0.89685,1.05,2.25
2011.11.08 12:56:15.798,0.8967,0.89685,3.19,3.75
2011.11.08 12:56:16.047,0.8967,0.89685,3.19,3.75
2011.11.08 12:56:16.287,0.8967,0.89683,2.44,1.50
2011.11.08 12:56:17.029,0.89669,0.89682,3.00,1.35
2011.11.08 12:56:17.170,0.89665,0.89677,1.13,3.00
2011.11.08 12:56:17.537,0.89658,0.89672,1.04,1.50
2011.11.08 12:56:18.138,0.89653,0.89671,3.94,1.50
2011.11.08 12:56:18.735,0.89654,0.89671,3.00,1.50
2011.11.08 12:56:19.094,0.89654,0.89669,3.00,1.50
2011.11.08 12:56:19.792,0.89654,0.89669,3.00,1.50
2011.11.08 12:56:20.556,0.89654,0.8967,3.00,1.50
2011.11.08 12:56:21.059,0.89654,0.89672,3.75,2.25
2011.11.08 12:56:26.525,0.89654,0.8967,3.00,1.50
2011.11.08 12:56:27.235,0.89654,0.89669,3.00,1.50
2011.11.08 12:56:27.353,0.89654,0.89669,3.00,1.50
2011.11.08 12:56:28.186,0.89651,0.89666,3.00,1.50
2011.11.08 12:56:28.547,0.89651,0.89668,3.00,1.50
2011.11.08 12:56:29.055,0.89652,0.8967,1.50,1.50
2011.11.08 12:56:36.972,0.89655,0.89672,1.50,3.75
2011.11.08 12:56:37.332,0.89658,0.89675,1.50,2.44
2011.11.08 12:56:37.902,0.89658,0.89675,4.04,1.50
2011.11.08 12:56:39.717,0.89658,0.89676,4.50,3.00
2011.11.08 12:56:40.074,0.89661,0.89679,1.50,5.25
2011.11.08 12:56:41.020,0.89663,0.8968,2.25,1.13
2011.11.08 12:56:41.634,0.89664,0.89681,1.50,3.38
2011.11.08 12:56:43.097,0.89663,0.8968,1.50,1.13
2011.11.08 12:56:44.894,0.89665,0.89681,1.50,4.13
2011.11.08 12:56:45.836,0.89665,0.89681,1.50,1.50
2011.11.08 12:56:47.602,0.89664,0.89682,2.25,1.50
2011.11.08 12:56:49.483,0.89664,0.89681,2.25,1.50
2011.11.08 12:56:51.082,0.89664,0.89682,1.50,1.50
2011.11.08 12:56:53.407,0.89664,0.89682,1.50,1.50
2011.11.08 12:56:53.955,0.89664,0.89683,1.50,3.00
2011.11.08 12:56:54.560,0.89666,0.89683,1.13,2.25
2011.11.08 12:56:54.956,0.89673,0.89689,2.44,2.63
2011.11.08 12:56:55.559,0.89672,0.89689,1.04,1.50
2011.11.08 12:56:56.057,0.89675,0.89691,1.50,3.00
2011.11.08 12:56:56.643,0.89675,0.89692,1.50,1.50
2011.11.08 12:56:57.124,0.89675,0.89691,1.50,1.50
2011.11.08 12:56:57.713,0.89674,0.89691,1.50,1.50
2011.11.08 12:56:58.282,0.89674,0.89692,1.50,2.25
2011.11.08 12:56:58.405,0.89676,0.89693,1.50,1.13
2011.11.08 12:56:58.526,0.8968,0.89694,2.25,2.25
2011.11.08 12:56:59.115,0.89683,0.89701,1.50,1.88
2011.11.08 12:56:59.583,0.89682,0.89698,1.50,1.50
2011.11.08 12:57:00.183,0.89682,0.89698,1.50,2.25
2011.11.08 12:57:00.549,0.8968,0.89697,1.50,1.50
2011.11.08 12:57:01.585,0.89679,0.89697,2.25,3.00
2011.11.08 12:57:01.949,0.89677,0.89695,1.50,1.50
2011.11.08 12:57:02.577,0.89676,0.89693,1.88,1.50
2011.11.08 12:57:02.706,0.89675,0.89693,1.50,2.25
2011.11.08 12:57:03.422,0.89675,0.89693,1.50,1.50
2011.11.08 12:57:04.115,0.89675,0.89694,2.25,2.25
2011.11.08 12:57:08.415,0.89678,0.89694,3.00,2.25
2011.11.08 12:57:08.886,0.89678,0.89696,3.75,2.44
2011.11.08 12:57:16.798,0.89678,0.89696,1.50,1.50
2011.11.08 12:57:16.941,0.8968,0.89698,4.50,1.50
2011.11.08 12:57:17.775,0.89681,0.89699,1.50,3.75
2011.11.08 12:57:20.383,0.89681,0.89699,1.50,1.50
2011.11.08 12:57:20.749,0.89677,0.89696,4.60,1.50
2011.11.08 12:57:21.115,0.89678,0.89695,1.13,1.50
2011.11.08 12:57:22.627,0.89677,0.89686,1.41,1.50
2011.11.08 12:57:22.758,0.89676,0.89692,1.13,2.25
2011.11.08 12:57:22.886,0.89676,0.89687,1.88,2.25
2011.11.08 12:57:23.014,0.89676,0.89692,1.13,1.50
2011.11.08 12:57:23.626,0.89676,0.89693,1.88,1.50
2011.11.08 12:57:34.841,0.89678,0.89694,1.50,1.50
2011.11.08 12:57:35.445,0.89678,0.89695,1.50,1.50
2011.11.08 12:57:36.002,0.89679,0.89696,1.50,1.50
2011.11.08 12:57:36.597,0.89679,0.89697,1.50,2.63
2011.11.08 12:57:40.311,0.8968,0.89697,1.50,1.88
2011.11.08 12:57:41.374,0.89681,0.89697,1.50,1.50
2011.11.08 12:57:41.973,0.89682,0.89698,1.50,2.25
2011.11.08 12:57:45.881,0.89682,0.89698,1.50,2.25
2011.11.08 12:57:48.387,0.89683,0.897,1.50,1.50
2011.11.08 12:57:48.996,0.89684,0.897,1.50,1.50
2011.11.08 12:57:49.120,0.89685,0.89703,1.50,3.00
2011.11.08 12:57:49.371,0.89687,0.89703,1.50,1.50
2011.11.08 12:57:49.712,0.89687,0.89703,1.50,1.50
2011.11.08 12:57:50.073,0.89687,0.89703,1.50,1.88
2011.11.08 12:57:50.796,0.89687,0.89703,1.50,1.13
2011.11.08 12:57:51.374,0.89687,0.89703,1.50,1.88
2011.11.08 12:57:53.636,0.89687,0.89703,1.50,1.13
2011.11.08 12:57:54.175,0.89686,0.89703,1.50,1.13
2011.11.08 12:57:54.775,0.89687,0.89704,1.50,1.50
2011.11.08 12:57:54.895,0.89687,0.89705,1.50,3.75
2011.11.08 12:58:03.714,0.89684,0.89703,1.79,1.13
2011.11.08 12:58:04.082,0.89683,0.89701,1.41,2.25
2011.11.08 12:58:04.325,0.8968,0.89701,2.16,1.50
2011.11.08 12:58:05.392,0.89682,0.897,1.50,2.25
2011.11.08 12:58:07.865,0.89682,0.897,1.50,1.50
2011.11.08 12:58:09.525,0.89683,0.897,1.04,1.50
2011.11.08 12:58:14.589,0.89683,0.897,1.79,1.50
2011.11.08 12:58:14.834,0.89685,0.89701,1.50,1.13
2011.11.08 12:58:15.394,0.89685,0.89701,1.50,1.13
2011.11.08 12:58:15.952,0.89685,0.89701,1.50,1.13
2011.11.08 12:58:17.002,0.89685,0.89701,1.50,1.13
2011.11.08 12:58:17.233,0.89685,0.89701,1.50,1.13
2011.11.08 12:58:18.755,0.89685,0.89701,1.50,1.13
2011.11.08 12:58:19.956,0.89686,0.89704,1.50,1.88
2011.11.08 12:58:20.544,0.89685,0.89702,1.79,1.13
2011.11.08 12:58:24.633,0.89685,0.89702,1.50,1.13
2011.11.08 12:58:25.325,0.89684,0.89702,1.79,1.88
2011.11.08 12:58:25.445,0.89684,0.89702,1.79,1.13
2011.11.08 12:58:26.246,0.89685,0.89702,1.50,1.13
2011.11.08 12:58:26.815,0.89685,0.89702,1.50,1.13
2011.11.08 12:58:27.377,0.89685,0.89702,1.50,1.13
2011.11.08 12:58:27.976,0.89685,0.89701,1.79,1.13
2011.11.08 12:58:31.759,0.89687,0.89703,1.50,3.38
2011.11.08 12:58:32.007,0.89688,0.89704,1.50,1.88
2011.11.08 12:58:35.562,0.89687,0.89702,1.04,1.13
2011.11.08 12:58:36.141,0.89687,0.89703,1.79,1.13
2011.11.08 12:58:39.517,0.89689,0.89705,1.50,1.50
2011.11.08 12:58:39.637,0.89689,0.89706,2.25,1.80
2011.11.08 12:58:39.994,0.8969,0.89708,1.50,2.25
2011.11.08 12:58:40.835,0.89689,0.89707,1.50,1.88
2011.11.08 12:58:42.367,0.89689,0.89707,1.50,1.88
2011.11.08 12:58:42.502,0.89689,0.89707,1.50,1.88
2011.11.08 12:58:42.745,0.89689,0.89707,1.50,1.88
2011.11.08 12:58:42.973,0.89689,0.89707,1.50,1.88
2011.11.08 12:58:45.069,0.89687,0.89706,1.79,2.63
2011.11.08 12:58:45.722,0.8969,0.89706,1.50,1.88
2011.11.08 12:58:46.316,0.89689,0.89706,1.50,1.88
2011.11.08 12:58:53.803,0.89689,0.89706,1.50,1.13
2011.11.08 12:58:54.383,0.89689,0.89706,1.50,1.13
2011.11.08 12:58:55.895,0.89689,0.89706,1.50,1.88
2011.11.08 12:58:56.484,0.89689,0.89706,1.50,1.13
2011.11.08 12:58:56.824,0.8969,0.89707,3.00,1.13
2011.11.08 12:58:58.572,0.89694,0.89709,1.50,1.13
2011.11.08 12:58:58.930,0.89695,0.8971,1.50,1.50
2011.11.08 12:58:59.183,0.89699,0.89712,1.50,1.13
2011.11.08 12:58:59.309,0.897,0.89716,1.50,1.88
2011.11.08 12:58:59.436,0.897,0.89716,1.50,1.13
2011.11.08 12:58:59.556,0.89698,0.89717,1.79,2.25
2011.11.08 12:59:03.505,0.89699,0.89717,1.50,1.88
2011.11.08 12:59:03.965,0.89702,0.89718,1.50,1.88
2011.11.08 12:59:04.089,0.89702,0.89718,1.50,1.13
2011.11.08 12:59:04.225,0.89694,0.89713,1.22,1.13
2011.11.08 12:59:04.468,0.89699,0.89713,2.25,1.13
2011.11.08 12:59:04.837,0.89691,0.89705,1.79,3.00
2011.11.08 12:59:05.333,0.89689,0.89701,1.50,3.00
2011.11.08 12:59:05.587,0.89681,0.89696,3.38,1.50
2011.11.08 12:59:05.951,0.89677,0.89693,1.13,2.25
2011.11.08 12:59:06.084,0.89684,0.89693,2.25,2.25
2011.11.08 12:59:06.328,0.89684,0.89695,2.25,1.50
2011.11.08 12:59:06.456,0.89684,0.89697,2.25,1.50
2011.11.08 12:59:07.054,0.89684,0.89696,2.25,1.50
2011.11.08 12:59:08.557,0.8968,0.89696,3.75,1.50
2011.11.08 12:59:10.703,0.89681,0.89697,1.50,1.50
2011.11.08 12:59:11.043,0.89684,0.89697,2.25,1.50
2011.11.08 12:59:12.666,0.89685,0.89698,2.25,1.50
2011.11.08 12:59:12.787,0.89685,0.89698,2.25,1.50
2011.11.08 12:59:16.204,0.89685,0.89699,3.75,1.13
2011.11.08 12:59:16.445,0.89686,0.89702,1.50,1.50
2011.11.08 12:59:16.924,0.89685,0.89702,3.38,2.25
2011.11.08 12:59:21.159,0.89685,0.89702,3.75,1.50
2011.11.08 12:59:21.413,0.89691,0.89704,2.25,1.50
2011.11.08 12:59:21.658,0.89692,0.89705,2.25,1.13
2011.11.08 12:59:22.147,0.89689,0.89705,1.50,1.88
2011.11.08 12:59:22.668,0.89688,0.89705,1.50,2.63
2011.11.08 12:59:23.277,0.89687,0.89703,1.50,1.50
2011.11.08 12:59:23.397,0.89691,0.89704,2.25,2.25
2011.11.08 12:59:23.995,0.89691,0.89705,2.25,1.13
2011.11.08 12:59:24.583,0.89691,0.89705,2.25,1.88
2011.11.08 12:59:25.165,0.89691,0.89705,2.25,1.13
2011.11.08 12:59:26.549,0.89689,0.89705,1.50,1.88
2011.11.08 12:59:26.798,0.89686,0.89704,2.54,1.50
2011.11.08 12:59:27.154,0.8969,0.89702,2.25,1.50
2011.11.08 12:59:27.276,0.89688,0.89704,1.50,1.50
2011.11.08 12:59:28.742,0.89688,0.89706,1.50,2.63
2011.11.08 12:59:29.302,0.89688,0.89705,1.50,1.13
2011.11.08 12:59:29.546,0.89693,0.89705,2.25,1.13
2011.11.08 12:59:30.028,0.89693,0.89711,4.04,3.75
2011.11.08 12:59:30.156,0.89694,0.89711,1.50,3.00
2011.11.08 12:59:30.516,0.89697,0.89714,1.50,1.13
2011.11.08 12:59:32.549,0.89699,0.89715,3.00,1.13
2011.11.08 12:59:33.041,0.89697,0.89714,3.75,2.63
2011.11.08 12:59:33.645,0.89697,0.89713,1.50,1.13
2011.11.08 12:59:34.471,0.89697,0.89713,2.25,1.13
2011.11.08 12:59:35.062,0.89697,0.89713,2.25,1.13
2011.11.08 12:59:35.423,0.89697,0.89713,2.25,1.13
2011.11.08 12:59:35.983,0.89697,0.89713,2.25,1.13
2011.11.08 12:59:38.565,0.89697,0.89713,1.50,1.13
2011.11.08 12:59:39.168,0.89697,0.89714,3.00,2.63
2011.11.08 12:59:40.799,0.89698,0.89714,1.50,1.88
2011.11.08 12:59:42.301,0.89699,0.89715,1.50,1.13
2011.11.08 12:59:42.889,0.89699,0.89715,1.50,1.13
2011.11.08 12:59:43.015,0.89698,0.89715,3.75,1.13
2011.11.08 12:59:45.124,0.89698,0.89715,3.75,1.13
2011.11.08 12:59:45.717,0.897,0.89716,3.00,1.88
2011.11.08 12:59:47.399,0.897,0.89716,3.75,1.88
2011.11.08 12:59:48.007,0.89703,0.89716,2.25,1.13
2011.11.08 12:59:48.836,0.89699,0.89714,2.54,1.13
2011.11.08 12:59:49.080,0.89695,0.89711,1.50,3.00
2011.11.08 12:59:49.609,0.89697,0.89711,2.25,1.50
2011.11.08 12:59:49.748,0.89698,0.89714,1.50,1.13
2011.11.08 12:59:50.334,0.89695,0.89714,2.25,1.88
2011.11.08 12:59:50.934,0.89696,0.89713,1.50,1.50
2011.11.08 12:59:51.874,0.89697,0.89713,1.50,1.50
2011.11.08 12:59:53.613,0.89697,0.89715,3.75,2.63
2011.11.08 12:59:55.254,0.89698,0.89714,2.25,1.88
2011.11.08 12:59:55.954,0.89697,0.89713,1.50,1.50
2011.11.08 12:59:56.547,0.89697,0.89714,2.25,1.13
2011.11.08 12:59:57.082,0.89698,0.89714,3.75,1.13
2011.11.08 12:59:57.679,0.89698,0.89715,3.75,1.13
2011.11.08 12:59:58.184,0.89698,0.89714,3.00,1.13
2011.11.08 12:59:58.774,0.89696,0.89714,1.79,1.88
